ncode,proba_0,proba_1,proba_2,proba_3,proba_4
N4541HD,0.2771059228755938,0.6846608422412648,0.03502964873743945,0.0029486688883472415,0.0002549172573546289
N4397HD,0.01703038048360596,0.10166553911595816,0.16039558308701055,0.703276884427714,0.01763161288571145
N4544HD,0.8716022616741225,0.12133571609871349,0.0064127798660480444,0.0005658534987625988,8.338886235350922e-05
N4545HD,0.09467301545277863,0.41273494421932455,0.4072322902639048,0.07785852578205396,0.007501224281938024
N4546HD,0.67638756862457,0.31047301461768223,0.012079111237768633,0.0009097434973376193,0.00015056202264158967
N4550HD,0.8284012849463874,0.16405593671222687,0.006751368634774467,0.0007007674259677054,9.064228064336753e-05
N4551HD,0.8087110918129972,0.16147811126308895,0.029171926161169526,0.0005056951175696306,0.00013317564517482367
N4554HD,0.1421241340082098,0.09131848645204897,0.7622663905788628,0.003936654963143757,0.00035433399773449227
N4555HD,0.7685490804802485,0.10711095894624553,0.12287486740556039,0.0012606130372426769,0.0002044801307028738
N4556HD,0.19761126132906826,0.6257059078525103,0.08280529297194637,0.0926512559214784,0.001226281924996608
N4563HD,0.5327026420602085,0.42932724965843716,0.03296212253373065,0.004802175794516029,0.0002058099531076329
N4567HD,0.8276172798332174,0.13650204213215245,0.031483132880994844,0.00422056068426041,0.0001769844693750146
N4561HD,0.8466531592179839,0.150705904162524,0.0018361073421936736,0.000741894373794244,6.29349035041262e-05
N4571HD,0.17365661006254518,0.5873524764447413,0.2258965146304735,0.012180879120680237,0.0009135197415598489
N4574HD,0.9875179335844846,0.010973575309897553,0.0013544931601295448,0.00013728000404470482,1.6717941443578036e-05
N4575HD,0.6416650298469353,0.3357268742365567,0.020672336225588613,0.001767721451437868,0.00016803823948160118
N4579HD,0.1505678354016046,0.47074583084771937,0.35666531193661893,0.019426004406351866,0.002595017407705434
N4581HD,0.8197064207739739,0.16684814286261068,0.011257856327509,0.0020765803671287616,0.00011099966877761639
N4584HD,0.7059780116300238,0.2891017924901261,0.004370377473538113,0.0004667265816300598,8.309182468190063e-05
N4578HD,0.7099019909734385,0.2789726283146712,0.010068494411426984,0.0009411636034373755,0.000115722697025894
N4590HD,0.13897643792549835,0.8540933182647396,0.006200065402400049,0.0006846399404837463,4.553846687846868e-05
N4593HD,0.003483262861995252,0.016535666668964992,0.1069502289756303,0.8725180302778182,0.0005128112155913451
N4151HD,0.21132510737441998,0.5380371612471669,0.16613486705088268,0.08233708541181434,0.002165778915716037
N4594HD,0.7221036421156753,0.2730811187802189,0.004029784899046269,0.000707631650774746,7.782255428471086e-05
N4600HD,0.7500129343306468,0.20892251986636548,0.040267063080284694,0.0006588470592964759,0.00013863566340655852
N4605HD,0.09498679561945668,0.11030784668016005,0.6493758408305371,0.1451862424373134,0.00014327443253264242
N4612HD,0.31448587267621414,0.6437829277801992,0.03622098806081889,0.004940331090239628,0.0005698803925281742
N1701HC,0.20531735806621357,0.6325491457551239,0.1333694789465108,0.022425420382843956,0.006338596849307563
N3705HD,0.006435061300795089,0.017505077247982226,0.12547928104348222,0.24830498687059907,0.6022755935371414
N4589HD,0.6964177240156502,0.2821002973723447,0.017657588116053655,0.0034754853396541654,0.00034890515629731954
N4339HD,0.8985019200422806,0.0987507180280095,0.0023908697746066678,0.0003083504137099423,4.814174139337572e-05
N4615HD,0.049190839759731805,0.21799822350077977,0.32323258187243487,0.3511517382416542,0.05842661662539933
N4618HD,0.873820633442191,0.1179884263693807,0.006724415249686775,0.0013992281030234715,6.729683571805101e-05
N4624HD,0.5109110840971467,0.48609151090226255,0.0023748269653050312,0.0005395666935718113,8.301134171388849e-05
N4626HD,0.5873070215394715,0.3841468394725499,0.020973422791539114,0.007250002962371194,0.0003227132340684281
N4628HD,0.1022984607113556,0.8128659177028551,0.07556152565947237,0.007179505923588228,0.002094590002728736
N4638HD,0.027800819563310788,0.13360763943980472,0.239509636302459,0.5960717344177986,0.0030101702766267787
N4639HD,0.6273654668713852,0.31261692694291926,0.04929171524012906,0.010380350346932545,0.0003455405986340409
N4642HD,0.8840760061677878,0.11018757074678112,0.004356467038315766,0.0011291382762174725,0.00025081777089765053
N4646HD,0.9828687938419652,0.01495201692171734,0.0018390767217325633,0.0003141059728995356,2.600654168538015e-05
N4631HD,0.7375501825049199,0.25528851257688845,0.005966909047805493,0.0010271536472956206,0.00016724222309043174
N4656HD,0.026976006863063923,0.1506711515905605,0.513094743764579,0.29839379622770046,0.010864301554096257
N4658HD,0.8698434847010167,0.12238097330952954,0.006384344605865249,0.0012155309176947098,0.0001756664658936123
N4661HD,0.8188962772887625,0.16927346751229394,0.008520743755642608,0.0031080244631719587,0.00020148698012901133
N4665HD,0.8367198722020224,0.15787160179763907,0.004745084794082953,0.0005817552909652667,8.168591529042567e-05
N4667HD,0.833362748072287,0.15955804145446892,0.006402601570477631,0.0005937891439125496,8.281975885389016e-05
N4669HD,0.6504231667487363,0.33678826410731927,0.010885834008334956,0.001721592767046622,0.0001811423685628494
N4673HD,0.3024902659803196,0.6037770746386802,0.07107972566120467,0.02110155050479431,0.001551383215001324
N0760HD,0.3252476058685651,0.5659901056833471,0.0973260809687714,0.010853725875912384,0.0005824816034039915
N4672HD,0.567022415306003,0.3820155232563044,0.03430837841495959,0.016358874479997232,0.00029480854273593505
N2593HD,0.7373688385276493,0.25459958742833017,0.006612950232306022,0.001304117637137899,0.0001145061745763889
N4677HD,0.6610950516976941,0.29814878953839136,0.012987524962022457,0.02758892468536659,0.00017970911652555143
N4680HD,0.43294859788564866,0.5081300762802634,0.049304863206601934,0.0089156177778566,0.000700844849629441
N4688HD,0.07118984472495499,0.261888774990051,0.23747519457755759,0.399384634057399,0.03006155165003741
N4689HD,0.8431811705081169,0.14857172274138525,0.007300628899291113,0.0007963112545257119,0.00015016659668108052
N4691HD,0.11430557664594505,0.7077906393511277,0.15800468315172414,0.018003693013692753,0.0018954078375102632
N4692HD,0.7343767303039955,0.21312167409550653,0.0478186237901963,0.0042641701216032234,0.0004188016886984107
N4694HD,0.09059712797184982,0.3112546479486378,0.5560425843065412,0.0408267899041174,0.001278849868853853
N4695HD,0.4632657115373556,0.49986520386218836,0.032639032402397704,0.003961888401166054,0.00026816379689233806
N4699HD,0.3954290276430238,0.5567809692203313,0.04323285861287122,0.003936703912073913,0.0006204406116998124
N4703HD,0.4512963150003418,0.29985646065793503,0.22393393293084518,0.022032587269181662,0.002880704141696323
N4704HD,0.005438442344685857,0.024055909371916626,0.5731225693532523,0.3930320598060131,0.004351019124132092
N4708HD,0.9278146297384308,0.06670032648800521,0.004565386588207374,0.0008586096747074702,6.104751064914035e-05
N4714HD,0.711651855009709,0.24937832901831045,0.03245015880106749,0.0059307727110685104,0.0005888844598446872
N4721HD,0.17784563243311863,0.7012822532753198,0.10521266214859798,0.013034451686785062,0.0026250004561785144
N4722HD,0.8157295575707342,0.16989186498560638,0.011399402203337254,0.0028535339610311957,0.00012564127929087294
N4724HD,0.6310930293647796,0.34119506841917624,0.02605671929109996,0.0014579126461163672,0.00019727027882779835
N4726HD,0.03486198908205221,0.9138777069917394,0.0504075009604918,0.0008034291891929467,4.93737765237307e-05
N4735HD,0.6852154625135037,0.2925636681975599,0.019511475584825685,0.002446169609997796,0.00026322409411303946
N4063HD,0.6476562335554413,0.27353300420912713,0.0341531774852073,0.04091735598761157,0.0037402287626128114
N4712HD,0.8217936312453983,0.1684846091473864,0.007714004442589468,0.0017583220107093632,0.0002494331539167586
N4738HD,0.12088578687854583,0.7584052927458794,0.1079469742253519,0.01251550341850289,0.0002464427317200368
N4740HD,0.09767755495672426,0.46944713114214043,0.3546595919428225,0.07631111105729911,0.0019046109010136894
N4742HD,0.03936265259062073,0.07860701970246259,0.3053251290484927,0.3415307219115743,0.2351744767468497
N4745HD,0.7877606168076552,0.20452464341310891,0.005773311456205482,0.0018084188816974186,0.00013300944133303336
N4747HD,0.866881394126504,0.1150854340653447,0.015387769055130365,0.0020643446711009245,0.0005810580819201228
N4750HD,0.6336386221699074,0.33450127176876815,0.026293896412088943,0.004978030799309109,0.0005881788499265781
N4752HD,0.00804056846778877,0.034757644471712354,0.06527137732489734,0.884135351905892,0.007795057829709506
N4754HD,0.8573559171342044,0.13712712365719212,0.004569885164050214,0.0008785252629465568,6.854878160661142e-05
N4755HD,0.41501247549925646,0.5080163052966745,0.06705959049160945,0.009180236548678354,0.0007313921637811615
N4756HD,0.5926881547814129,0.37733503858353934,0.028116318276681894,0.0016049064010500423,0.0002555819573158004
N4757HD,0.887645960652821,0.10431287240794022,0.007439218199896464,0.0005293446797046232,7.26040596377278e-05
N4759HD,0.29624457158990347,0.6385908883333633,0.062484492432295057,0.0022623205106203316,0.00041772713381780895
N4762HD,0.7621780388122781,0.2211918697590297,0.015268274540684709,0.0010933330220803555,0.00026848386592691776
N4763HD,0.7775920972565276,0.17031711033182598,0.04321740500731954,0.008156544520857848,0.0007168428834689639
N4767HD,0.806795824888098,0.17190696112646942,0.015757489583209158,0.005323320611985481,0.00021640379023800735
N4769HD,0.1049094292048502,0.18640747545840328,0.6825737520250765,0.025569262857947337,0.0005400804537226214
N4770HD,0.7982856034906249,0.19445348389546296,0.005897181951909221,0.0012458748702239204,0.00011785579177897809
N4676HD,0.33454342261081843,0.5751331790681602,0.07960307732275221,0.010091816178407667,0.0006285048198613655
N4614HD,0.5166744924302568,0.4497985037053371,0.030697134268857812,0.0024805406152231375,0.0003493289803251656
N4774HD,0.2271778727496272,0.5133219020158827,0.2179560194906945,0.040988313258057026,0.0005558924857386
N4778HD,0.09616585955124467,0.35132113779331947,0.24162259261170607,0.25866524233876376,0.05222516770496602
N4780HD,0.011599063279814179,0.07056883172184042,0.5189416025684132,0.3558511006299563,0.04303940179997587
N4783HD,0.6301408946315299,0.338301985982123,0.02804046073289769,0.003165373965407037,0.0003512846880423315
N4789HD,0.8756572167578845,0.115952480844451,0.006510274940439146,0.0017663795714324448,0.0001136478857926906
N4792HD,0.48874533707654233,0.5064346360213468,0.003917415010288694,0.0007530922820216195,0.00014951960980047441
N4793HD,0.04688562206358587,0.7984888081737833,0.15254722366943232,0.0019405568743386776,0.00013778921885986142
N4794HD,0.0025309483897420705,0.011421533460905017,0.020179782159843243,0.9657395362835903,0.00012819970591938941
N4799HD,0.5956933161618743,0.3832501696867349,0.020044227126566817,0.0008169560620041672,0.00019533096281983557
N4800HD,0.9818469195204355,0.016044013032850562,0.0018058362826462611,0.00026007067420417236,4.3160489863610356e-05
N4808HD,0.05354895573730302,0.9442857743113445,0.0019191315366212242,0.0002058540846485444,4.028433008246643e-05
N4809HD,0.7828098712406131,0.17988445627560748,0.029644129773006563,0.007105238557572669,0.0005563041532003701
N4634HD,0.6944435072387917,0.2391691909607993,0.05902092663060231,0.007087461565450082,0.00027891360435656576
N4784HD,0.9276023870431339,0.06680300660733553,0.004417739221578433,0.000999558089749172,0.0001773090382029954
N4815HD,0.8538524934567009,0.13911891714679456,0.006155746989415026,0.0007719061622082706,0.00010093624488138577
N4816HD,0.8476643556142617,0.13827273965092318,0.011232007789224677,0.0026895900436217997,0.000141306901968712
N4817HD,0.4041762494363113,0.5726069027942899,0.021034838769082253,0.001934574362304255,0.00024743463801220946
N4818HD,0.8627482237775239,0.12728104390118294,0.008443656664301132,0.0012305071671039475,0.0002965684898882059
N4821HD,0.016323589587355775,0.9800620052686091,0.0032329205478589594,0.000320673256517168,6.081133965882781e-05
N4830HD,0.8343385554621604,0.15983269115046328,0.004959547956537856,0.0007603995548823039,0.00010880587595616661
N4748HD,0.8248168516027451,0.16355357454269343,0.010030415211833978,0.0014803373529451754,0.00011882128978254873
N4684HD,0.730502839452907,0.25711003092165147,0.011402644618689655,0.0008182829415617688,0.0001662020651901382
N0389HD,0.009528297205079644,0.902038495056678,0.08809603267335742,0.00029182131603528713,4.5353748849504966e-05
N4796HD,0.47833255080330106,0.47708902543128096,0.04047628403870634,0.0037869212234869255,0.00031521850322463934
N4834HD,0.00374295446961849,0.013269337066980441,0.8211263404074093,0.15115938981805987,0.010701978237931878
N4835HD,0.1964604825419057,0.7980919050369916,0.0046641022700587,0.0006822022680530841,0.00010130788299083427
N4837HD,0.5753548573172893,0.4201455493896612,0.0034508718443718527,0.0009221131253864661,0.00012660832329111697
N4838HD,0.07213002426859859,0.9246232108674268,0.0028066874548434437,0.00038935787026939697,5.071953886193831e-05
N4839HD,0.020927040712142558,0.45926663111818355,0.5111823597629368,0.008345345921469759,0.0002786224852673667
N4842HD,0.8207460189855288,0.16191715221682101,0.016241086662136976,0.000976910324123804,0.0001188318113893378
N4844HD,0.903463869076196,0.08712624658680704,0.00878577266799033,0.0005039647117081183,0.00012014695729835743
N4846HD,0.1450298609239763,0.6324514483647597,0.1919465788219848,0.0301544238950256,0.0004176879942535434
N4847HD,0.7818793924605261,0.20526554402767666,0.011990261549441432,0.0007522806814310839,0.00011252128092472565
N4849HD,0.443777016438124,0.5082495610174567,0.039751371983287445,0.006348056847077934,0.0018739937140539451
N4852HD,0.0264913797568982,0.3918121142522051,0.5461785555883747,0.03531543826401976,0.00020251213850224303
N4853HD,0.49939194076509397,0.4853772087402633,0.013020062642006528,0.0020740432737441344,0.00013674457889216232
N4856HD,0.6404372271470408,0.3527900697809175,0.005779761010378446,0.0008314218445236288,0.00016152021713965677
N4858HD,0.6483504820356442,0.3212747825970278,0.028846027017931306,0.0013846065087657691,0.00014410184063093465
N4860HD,0.40990372434144434,0.5620973011324515,0.023882568016990107,0.0037029320965367204,0.00041347441257736506
N4861HD,0.8609259974578434,0.13304803236901094,0.005374735946284537,0.0005603453257771811,9.088890108400209e-05
N4863HD,0.5672605789677645,0.42914482908275636,0.0024923010028729668,0.0009392622010132752,0.00016302874559298266
N4864HD,0.6746030693001694,0.30854122748146884,0.01557220338795461,0.0011777977810332701,0.00010570204937394287
N4866HD,0.8440197828048588,0.14812872274884845,0.006836486596913754,0.0008986682342212736,0.00011633961515782561
N4012HD,0.6546886684676053,0.32975942086311666,0.014438842892028809,0.0006498497789803633,0.0004632179982687289
N4825HD,0.4162944020605566,0.5040915682756475,0.07257696637757247,0.005762958857248852,0.001274104428974507
N4875HD,0.12418512131407539,0.34432023381751614,0.3872560324630268,0.138237429508446,0.006001182896935574
N4878HD,0.05328810966441617,0.30117708225509165,0.546024112587452,0.09259485868101511,0.0069158368120251735
N4883HD,0.015790100610312673,0.2774403549759181,0.6563896766211461,0.05019190082760346,0.00018796696501954723
N4884HD,0.6360026083034005,0.35127643948694454,0.01138742318224502,0.001181174212879328,0.0001523548145305825
N4887HD,0.3681888783349392,0.6240586217390789,0.007059626419614855,0.0006168051829208769,7.606832344630716e-05
N4891HD,0.6519392919439005,0.3182264971998941,0.027523059030097857,0.002093636279554805,0.0002175155465526592
N4892HD,0.36433364856135075,0.6271406353790392,0.007634084798865546,0.0008117426205301114,7.988864021436711e-05
N4895HD,0.8802338804154964,0.11137991017921756,0.00735516909645427,0.0009628021117827688,6.823819704898212e-05
N4899HD,0.6711070915774402,0.3252834529684676,0.0029567457205707057,0.0005590389011404008,9.367083238131172e-05
N4898HD,0.3177999249946956,0.6514488743539488,0.02821091926942213,0.0021129154516991364,0.00042736593023433365
N4902HD,0.5380292607253238,0.4111270928811371,0.04659069341817704,0.003945962605773594,0.0003069903695884797
N4904HD,0.32149797974744065,0.5835470680166107,0.08316239809941876,0.009741560410900383,0.00205099372562949
N4906HD,0.8217094843847931,0.16932327148861112,0.0081794850763875,0.0007146806104127556,7.307843979557895e-05
N4909HD,0.7497362274223441,0.2051754635781658,0.041956544049616185,0.002943918233447547,0.00018784671642624648
N4912HD,0.5462779341725661,0.4174798004857861,0.03420845730548749,0.0018877564045679828,0.00014605163159237144
N4913HD,0.8209839484072488,0.17479555660151277,0.0033830274948496554,0.0007286077818235509,0.00010885971456528967
N4914HD,0.03362731086257109,0.5029598438202741,0.46277823392495293,0.0005469532006721251,8.765819152958003e-05
N4908HD,0.8202742004224618,0.17531436852262614,0.0037010872202841304,0.0006476904223385289,6.26534122894762e-05
N4937HD,0.8238737026674849,0.17041861270867,0.00492226849965981,0.0006561376101341857,0.00012927851405110827
N4938HD,0.7039159237292892,0.28779226606056313,0.007495575243151044,0.0006629151383745942,0.00013331982862196254
N4949HD,0.9463371297285097,0.04183028471783364,0.010930326398413692,0.0008470014033632558,5.525775187963607e-05
N4952HD,0.7267605372045223,0.2635678265469504,0.008388776533095063,0.0010687678528826874,0.00021409186254957345
N4954HD,0.6210109154790583,0.36854831909148,0.009218883666160372,0.0010878503460705396,0.00013403141723084775
N7917HB,0.8278933121867142,0.16771998534573138,0.003683632988753123,0.0006429115844004647,6.0157894400669677e-05
N4951HD,0.7934907122137763,0.20125118326097882,0.004145263129073809,0.0009982209446540466,0.00011462045151679894
N0385HC,0.1557557161836279,0.559344626774409,0.23074838709172482,0.03404451211698485,0.02010675783325335
N3920HD,0.41907750189580534,0.5328797543229723,0.044501782767222095,0.0032851598600056875,0.0002558011539944911
N9498GW,0.6134494889338751,0.35901797075687714,0.025639065964634764,0.0017152585692439396,0.00017821577536925384
N4961HD,0.9043060028479948,0.09363711176599192,0.0015378297690083274,0.00046841238131169194,5.064323569332261e-05
N4965HD,0.6935360872853054,0.28539277148211534,0.018756740173175218,0.0021240841875418,0.00019031687186213305
N4967HD,0.5588465702946993,0.3926141017475185,0.035811508502672465,0.01151246982429487,0.0012153496308149206
N4968HD,0.27598765745228415,0.48447589808474983,0.20783808591273592,0.030008926601015017,0.0016894319492150936
N4973HD,0.7887584079261254,0.19984938260881843,0.009779275750633271,0.0014070867357612322,0.00020584697866159443
N4976HD,0.0049410955962832185,0.18876669036492033,0.7959209243613246,0.010207101504530386,0.00016418817294140478
N4977HD,0.8757432223080036,0.11904921554285491,0.0046061037869491025,0.0005390836874741715,6.237467471819021e-05
N4978HD,0.6837054281499767,0.2848723241205549,0.024728270641001207,0.00648055958070956,0.0002134175077575916
N4982HD,0.15891642500644587,0.6198788403825585,0.16357988924073522,0.05677258956885434,0.0008522558014060751
N4983HD,0.28864534813977677,0.4327365615570184,0.13096625272493465,0.14374357965651283,0.003908257921757085
N4984HD,0.890310346324958,0.09841590385954778,0.010711686997026928,0.0004780324222998302,8.403039616759795e-05
N4992HD,0.02418769186005975,0.3081723214994529,0.08842855049441042,0.5214273489893584,0.05778408715671857
N5000HD,0.5739784177487857,0.3761537803677543,0.04526359517346705,0.004314455721741484,0.0002897509882515138
N5006HD,0.34440310156040643,0.60860160779659,0.04230385738009225,0.004291765453988524,0.000399667808922714
N5007HD,0.8302921301435736,0.15866859945101633,0.009607463386295756,0.001261208713672065,0.00017059830544226325
N5008HD,0.6511661180029868,0.29524312636309613,0.0505925440011269,0.0026958785406338945,0.00030233309215623057
N5011HD,0.6251398354733569,0.36075741437145115,0.01269953420281101,0.001215194424797848,0.00018802152758299793
N5020HD,0.5082406308866408,0.4282194145440394,0.056746983740457134,0.004570291942731108,0.0022226788861315983
N5024HD,0.7987621553751914,0.19418330261736133,0.005809738134915531,0.0010837930647106537,0.0001610108078210454
N4826HD,0.8200627577523252,0.17758981347072963,0.0019190891282220427,0.00036709940042843235,6.124024829476194e-05
N5032HD,0.8695263033873935,0.12440907620433693,0.004945205888755242,0.0010090479465602875,0.0001103665729541087
N5041HD,0.774973818001939,0.20953191199402593,0.013580905935499382,0.001788560306539108,0.0001248037619965462
N5043HD,0.9650012362528495,0.03330287207639778,0.001272739684312978,0.0003691930111546359,5.395897528505998e-05
N5044HD,0.25835594330174244,0.5761932111701911,0.13921509318888106,0.01858347200936868,0.007652280329816849
N5045HD,0.7186615874372249,0.2735566700657512,0.007138836193301877,0.0005380665564634173,0.00010483974725878812
N5004HD,0.8623941282005835,0.11478903635168027,0.018882261258066694,0.0036061627029237505,0.00032841148674569575
N5055HD,0.6068093487666457,0.33414310313260615,0.053605799503810274,0.005159334880867014,0.00028241371607099647
N5056HD,0.20180102902690755,0.5148780220705819,0.2449282670918245,0.02462350355597659,0.01376917825470951
N5057HD,0.747860061237795,0.24600030405100043,0.005551788916425308,0.0005169069406421594,7.093885413706757e-05
N5059HD,0.6596974979444745,0.2847304737538671,0.05266570226314628,0.002556093479436877,0.00035023255907513186
N5061HD,0.5402461374552379,0.4335001902724895,0.020054421645014385,0.005840394639835524,0.00035885598742273894
N5018HD,0.9003859249053645,0.09499948046442735,0.004133156631949977,0.00041496904032195563,6.646895793608506e-05
N4896HD,0.5778080834228357,0.38917108446767745,0.027000179953316546,0.005774921322375732,0.00024573083379442613
N5064HD,0.74667329138861,0.24213620878501507,0.009264994683878454,0.001727539927740887,0.0001979652147554603
N5065HD,0.6274416487638708,0.3392722706142426,0.03033976294439167,0.0027355918445499915,0.0002107258329450203
N5067HD,0.15065230201113866,0.46854521239458635,0.35563988484193837,0.020729334489544334,0.004433266262792344
N5070HD,0.025639036027645216,0.5225478502349428,0.4462066257374574,0.005353733686823471,0.0002527543131310456
N5071HD,0.8084186916556155,0.18286761844391872,0.007902448793300829,0.0007007295517369272,0.00011051155542802474
N5072HD,0.7956009896551134,0.19441812333047417,0.00918241715986048,0.0006922620167661886,0.00010620783778581751
N5074HD,0.550827820708354,0.4051662794646779,0.04038322348555772,0.0033705105251801977,0.00025216581622998816
N5075HD,0.9831220529470448,0.014559876945759132,0.0017331011049498768,0.0005332461266326295,5.1722875613576997e-05
N4923HD,0.7956351904340283,0.18996363678340053,0.011380819321438845,0.0027819137067654483,0.00023843975436695964
N5076HD,0.8355998808298977,0.15870698569047556,0.005094750379941011,0.0005107391970710173,8.764390261484552e-05
N5079HD,0.16517683768040273,0.48647948824445436,0.29263337848071186,0.05141839820935534,0.004291897385075722
N5080HD,0.4529117646493797,0.48938126350059824,0.05149380941386756,0.004504250289641149,0.0017089121465134372
N5082HD,0.4344643578041414,0.4691314769133186,0.08647970824129793,0.009434460743108355,0.0004899962981339618
N5083HD,0.6919476604196179,0.28827154026316165,0.017563676396960045,0.0017542467777827183,0.0004628761424778406
N5085HD,0.6512771789805583,0.3232034676727123,0.02049457842452795,0.004827935540429556,0.00019683938177189562
N5051HD,0.3717348501107189,0.6231062374650064,0.004688024773394919,0.0004150639924591228,5.582365842080688e-05
N5039HD,0.09823474169007759,0.3162946398201834,0.5248942024706648,0.05864144257932347,0.0019349734397507495
N5088HD,0.9746012111707765,0.02008462610610389,0.005085341283855438,0.000191341218989413,3.748022027485137e-05
N5091HD,0.12317651375399931,0.8707568917763518,0.005288344799091924,0.0007157930260644039,6.245664449254897e-05
N5093HD,0.03887755667242019,0.13382223190373863,0.23562238312470488,0.5765462751691198,0.015131553130016594
N5100HD,0.02200073950678991,0.055373795181910115,0.0791600521982465,0.8399257223290214,0.003539690784031888
N5103HD,0.06365103270260145,0.2821247631548053,0.5374367592155572,0.11421665777295639,0.0025707871540796177
N5104HD,0.9855279224452558,0.011688295551642169,0.00250037985051445,0.00024958842170708437,3.381373088069855e-05
N5105HD,0.667902326034171,0.24471423665566505,0.0758356346956251,0.010676432711034849,0.0008713699035039826
N5106HD,0.6104179842281252,0.3767832776755598,0.01134679738834084,0.0012533905897975667,0.00019855011817672554
N5109HD,0.7462872533054036,0.24567656441526878,0.007368789240225748,0.000573070190735559,9.432284836642211e-05
N5112HD,0.24074722401593193,0.6591148270923146,0.08832657586203205,0.009939014354309161,0.0018723586754122883
N5115HD,0.8193400702381193,0.17419819957685245,0.005673208712855172,0.000687108971054318,0.00010141250111871309
N5120HD,0.05441441807850278,0.2753035761525224,0.23697586780025393,0.2942259295050188,0.1390802084637021
N5121HD,0.6859380990490906,0.28817188090443857,0.02379631154103739,0.0015491297679590301,0.0005445787374744365
N5122HD,0.5206683879780367,0.43015208700901403,0.0401093320160428,0.00872532664910458,0.0003448663478019851
N8305HB,0.7996317578752825,0.19474086766277235,0.004683211721477412,0.0008206600089045487,0.00012350273156318533
N5126HD,0.07043677136670387,0.37514267651679173,0.4285325754193104,0.1250810453833874,0.0008069313138066806
N5128HD,0.8623671670175516,0.1297497708638129,0.006401291344489098,0.0013920771645467046,8.969360959961486e-05
N5133HD,0.1049679939880732,0.40689928970161476,0.13146188382587026,0.3513835486097224,0.005287283874719494
N5135HD,0.7757544393704686,0.219336307274108,0.003757852338054336,0.0009556435633332876,0.0001957574540360113
N5143HD,0.8051260285470936,0.186762007334715,0.007370712093066706,0.0006332712242970327,0.00010798080082763559
N5144HD,0.3318348061799503,0.5655376953893135,0.09451997207232049,0.007145624576815712,0.0009619017815999402
N5149HD,0.3600916192318055,0.5393012673275905,0.0669902667867086,0.031296986153240836,0.002319860500654563
N5152HD,0.5754211617087225,0.4034315019475492,0.01739850798653019,0.003264250535298244,0.0004845778218999364
N4394HD,0.3020385645739278,0.6188209354735328,0.0641399866226307,0.014580227022079808,0.00042028630782897896
N5029HD,0.41038272742453935,0.49798886614374716,0.07583355740289625,0.014822980832168412,0.0009718681966489539
N4368HD,0.9293374502999978,0.06698510689405911,0.003120567259591248,0.0004905796499767841,6.629589637487308e-05
N5013HD,0.23289728048098213,0.6706292013069821,0.06182895953903304,0.03294711863486702,0.0016974400381356129
N5153HD,0.5019603147990003,0.42727546276837475,0.06638220226009882,0.004182324363210105,0.00019969580931594142
N5157HD,0.8271237303260258,0.16138483434722012,0.010722159726282371,0.0006478778892475899,0.00012139771122404266
N5170HD,0.7150883874076943,0.2589211016146426,0.023530987906897862,0.0021843510118473046,0.00027517205891783417
N5172HD,0.6802104537341286,0.3000604941249036,0.015915502980973564,0.0035528041388853495,0.0002607450211088632
N5173HD,0.6777805740230906,0.29518745963244647,0.02416251900305405,0.002646094433749464,0.00022335290765936722
N5147HD,0.2843212906661502,0.6605253427421304,0.04573158539331079,0.008496128922616543,0.0009256522757921029
N5178HD,0.8232286174732466,0.17093862261795167,0.004873776411516998,0.0008982844055793937,6.0699091705296456e-05
N5180HD,0.6451475603256278,0.3217354433264111,0.0289198903275596,0.003754560394988435,0.0004425456254130101
N5181HD,0.2723159283020371,0.6259316461758652,0.08354950018126762,0.01594301239568835,0.0022599129451418474
N5182HD,0.82279282834434,0.1673188112259867,0.009206872095335323,0.0005514733281315182,0.00013001500620642866
N5183HD,0.05944832010473079,0.9355425655469938,0.004657789723145654,0.0002941033808580625,5.7221244271458075e-05
N5185HD,0.36271200109093593,0.47169351336910265,0.14182667115910688,0.022873495995531467,0.0008943183853232577
N5187HD,0.2149244215454194,0.5018694017191584,0.2583229925783744,0.023397794455816735,0.001485389701231117
N5188HD,0.1439588142023144,0.6042662963560262,0.16153908342996245,0.0886928804027609,0.0015429256089358875
N5190HD,0.005806723047685829,0.028336314439559585,0.3235423306590249,0.6417586906080126,0.0005559412457171627
N5192HD,0.4035524510116358,0.5911525478072507,0.0042368171929076,0.0009060154116771154,0.00015216857652904529
N5193HD,0.5629393381332631,0.4035311644252927,0.029767728705576934,0.0033521102877092828,0.0004096584481578092
N5197HD,0.8705559983563348,0.12468584989205381,0.004266821901395801,0.00041325125503485446,7.807859518080267e-05
N5198HD,0.2793532994932301,0.6519358231969252,0.05757140023679372,0.009942265241024928,0.0011972118320261146
N5199HD,0.7586955299413385,0.22627967465199184,0.014029811243243668,0.0008262800427727048,0.000168704120653261
N5200HD,0.7801114903973367,0.2062354251107658,0.012157167486228275,0.0013002554716497338,0.0001956615340195322
N5203HD,0.0378254480382847,0.180477629267367,0.2760427784659444,0.49999027139085006,0.005663872837553901
N5209HD,0.05756609649618781,0.11310856139161898,0.055605858885562416,0.7734275333145649,0.00029194991206570124
N5212HD,0.5686896899630512,0.419468974722966,0.010638911654551712,0.0009963893161608933,0.0002060343432700694
N5215HD,0.5816602496948919,0.3817133730851294,0.033806552958122495,0.0024211446936963023,0.0003986795681598489
N3574HD,0.6629816105382613,0.3298042615339968,0.005765155624788348,0.0013149474390993714,0.0001340248638542505
N4760HD,0.12791025553596444,0.627919610724009,0.1681971102270778,0.07493332055435292,0.001039702958595811
N5225HD,0.8555958512580031,0.13953299778395842,0.0041430398227772225,0.0006632048449214714,6.490629033981769e-05
N5226HD,0.5626454652260527,0.4209192729607573,0.014498178085481896,0.0017974794932376255,0.0001396042344704
N5227HD,0.7496932172852748,0.2232646567208455,0.02390039344543085,0.0026408864993160298,0.0005008460491327794
N5233HD,0.01834017881817343,0.10740042306398022,0.23979456091826537,0.5850882396111721,0.049376597588408906
N5238HD,0.9078942069232032,0.08249538069166248,0.007772710217922146,0.0016746515174788272,0.000163050649733027
N5241HD,0.8493056755962016,0.14331626532922892,0.006162252747783241,0.001120229290863536,9.557703592270009e-05
N5243HD,0.05740114543068483,0.30702499872104805,0.30268513032980143,0.3252443670574836,0.007644358460982125
N5246HD,0.6658960778655846,0.29728731409841097,0.033886096967419566,0.002554118042682004,0.00037639302590280734
N5247HD,0.0028041347869643667,0.012196935063413766,0.18495612426909055,0.797828720639052,0.0022140852414791476
N5248HD,0.6992159595579496,0.2816907669383216,0.017206937199629672,0.0017422243817854757,0.00014411192231378922
N5253HD,0.7831673520713346,0.16486376790533783,0.04556468640073799,0.0058734637285494384,0.000530729894040277
N5257HD,0.0378254480382847,0.180477629267367,0.2760427784659444,0.49999027139085006,0.005663872837553901
N5259HD,0.05709925783277611,0.34127098342089635,0.3314197842273254,0.2678773806741857,0.0023325938448166008
N5262HD,0.12196689834442663,0.6502513041893746,0.22364024909556393,0.004011968199701294,0.0001295801709334903
N5266HD,0.5584065101380206,0.3929912494844532,0.04548398100057521,0.0028055431939898404,0.0003127161829611937
N5270HD,0.5916168278659584,0.400701638465809,0.006419120500098404,0.0011430709493460093,0.00011934221878811356
N5271HD,0.3997021931959161,0.5169478596297202,0.0791447339037898,0.0035340830394926005,0.0006711302310813308
N5273HD,0.6139616302848467,0.35340232934721416,0.028278461330331482,0.00420045607765276,0.00015712295995486724
N5274HD,0.7759466809924648,0.20767985927784352,0.013687093996955014,0.0024491164114144063,0.0002372493213222614
N5211HD,0.43645309498674406,0.4408566705176618,0.10358771626299218,0.018812579097005563,0.000289939135596536
N4843HD,0.7273854804256484,0.2177385642462003,0.03435381885570685,0.019379021744849,0.001143114727595413
N5287HD,0.5674858491394704,0.39841355273955653,0.030787837256956423,0.0026605357803276383,0.0006522250836889247
N5286HD,0.16027764689766286,0.478039373948019,0.3395065423389917,0.020581471070416614,0.0015949657449096368
N5292HD,0.0378254480382847,0.180477629267367,0.2760427784659444,0.49999027139085006,0.005663872837553901
N5294HD,0.9089688433465742,0.08159149312479097,0.008634690255973318,0.0007285067891522537,7.646648350926554e-05
N5296HD,0.24535040335881675,0.5591007802698449,0.15846261402399917,0.03587408873391374,0.0012121136134255197
N5298HD,0.7384555188090038,0.23953553690835358,0.017751228146060796,0.0039366897044817535,0.00032102643210012323
N5303HD,0.8031613049299341,0.1815683679650498,0.014411173953909916,0.0007499367493693534,0.00010921640173691746
N5305HD,0.27153368981889753,0.652058909833795,0.05885669831021677,0.015445798045850086,0.002104903991240625
N5306HD,0.8240870683957493,0.16847059820024815,0.0062859428624230775,0.0010463456384379153,0.00011004490314145914
N5307HD,0.026737878871208664,0.17070296117721093,0.09857810786904928,0.013727788589446451,0.6902532634930846
N5311HD,0.6939965062100611,0.2498531387101572,0.0485657049755764,0.007194450459971022,0.0003901996442341822
N5314HD,0.6325808515926316,0.337151654373097,0.023649581231191937,0.0063275716118576675,0.00029034119122172645
N5073HD,0.13142229560779664,0.4335724724085947,0.3025376777704937,0.1284801838650168,0.003987370348098043
N5277HD,0.05804302862776865,0.2676894616174124,0.46746029902345293,0.1872229532608132,0.01958425747055281
N4885HD,0.9763159215437289,0.018002257059186726,0.0053597898839930274,0.0002892384353597021,3.279307773168925e-05
N5318HD,0.06472452283199093,0.42112944592463775,0.4858781012969998,0.02717083391011039,0.0010970960362610782
N5321HD,0.7731608937617435,0.2139007546353332,0.01166958519810297,0.0011628756747823678,0.0001058907300379261
N5323HD,0.8921829375904972,0.10463912376402214,0.0026808770391999553,0.00043821827846867264,5.8843327812127126e-05
N5324HD,0.6907398044259381,0.27195769047175494,0.03349489279696113,0.0035802378373336946,0.00022737446801221662
N5326HD,0.707795368864568,0.27245831571080803,0.014796489726139632,0.004483729400264131,0.00046609629822023436
N5327HD,0.46332887723400534,0.5124712773880996,0.021165897636768315,0.0027807478281697616,0.0002531999129568619
N5329HD,0.21333900643429063,0.7066853528932389,0.06995535658798428,0.007039398529716948,0.002980885554769318
N5331HD,0.7972365700821787,0.19798264714207392,0.004171929988021413,0.000519625291256694,8.92274964692173e-05
N5332HD,0.8342786570793471,0.15483157776082884,0.008955765446638236,0.001736378082291154,0.00019762163089454736
N5333HD,0.7706296817862207,0.2237475588530181,0.004681181170546304,0.0008033918892484803,0.00013818630096637953
N5334HD,0.026119914111759696,0.9708786107771977,0.00266674002439172,0.00029321754891743545,4.151753773353254e-05
N5338HD,0.032910990223710114,0.2485318587646886,0.29421338806749875,0.2802804855114604,0.14406327743264222
N5339HD,0.014425822315770243,0.07345050898215323,0.7835266316500741,0.12809402912812065,0.0005030079238819054
N3820HD,0.03917746782251425,0.3004753071435017,0.5160630081325935,0.13068391711672098,0.013600299784669454
N5342HD,0.753838540174984,0.2349264051045833,0.008492421402567518,0.0025840958523213153,0.0001585374655440634
N5345HD,0.8324243194683097,0.1553896766215533,0.01008999516307782,0.001959747476922267,0.00013626127013692492
N5346HD,0.6623856343553775,0.3292805105598717,0.007160862217040204,0.00103318645611496,0.0001398064115957187
N5348HD,0.12447057813322,0.4393171013720053,0.23876613017735274,0.14020089166243127,0.05724529865499064
N5351HD,0.6728273125934688,0.3005536770894028,0.02483671347199009,0.0015121192492645816,0.0002701775958738617
N5354HD,0.01113271880825597,0.029276310842161306,0.4863058539714903,0.4600032286894703,0.013281887688622072
N5355HD,0.2702151641166248,0.652773729332589,0.07052841251953182,0.005969853127490114,0.0005128409037643735
N5362HD,0.9339614859260292,0.062091377713146205,0.00338531443107599,0.0004817375775699202,8.008435217855826e-05
N5364HD,0.8784956728616518,0.11361714703180202,0.006885230021994951,0.0008800967927714208,0.00012185329177981205
N1264HD,0.007554357471153415,0.9546446408378114,0.037036634575474014,0.0007292162265543712,3.515088900678271e-05
N4985HD,0.28301875629570744,0.6688075504135241,0.0410654604701486,0.006306143352676222,0.0008020894679435086
N5368HD,0.05821086276614191,0.23745371269253282,0.49252463734353297,0.20948359499192992,0.0023271922058624313
N5371HD,0.6146074981086781,0.3752746418533082,0.00888818278997318,0.0010663002180681506,0.00016337702997255463
N5372HD,0.7500808195091586,0.23807805068979768,0.01103799116470176,0.0006938251413260179,0.00010931349501573514
N5373HD,0.46770224700111646,0.5278760305083563,0.003715157564206161,0.0006106784382543605,9.588648806663491e-05
N5374HD,0.8670436218038718,0.1264545288083853,0.005670813826521515,0.0007365301250530998,9.450543616828755e-05
N5377HD,0.7803273216868117,0.21395381528086788,0.005030430053561025,0.0005990883248620995,8.934465389707156e-05
N5379HD,0.8068220701055738,0.18546810896212415,0.006564884590965411,0.0009569450115656011,0.00018799132977096868
N5381HD,0.11597592259566696,0.5415674507191012,0.2356383954495592,0.10416673911217122,0.002651492123501451
N5383HD,0.22904175538022523,0.39382727995477584,0.2923749113382816,0.08298357080676648,0.0017724825199508989
N5385HD,0.8164842431155649,0.1788325041361143,0.004011828156734648,0.000576778250699158,9.46463408870776e-05
N5387HD,0.060782485682468336,0.45967490768000235,0.34946179992803605,0.1188376016721195,0.011243205037373773
N5388HD,0.11758472913947765,0.3458307633519966,0.3755296214561764,0.15662597456738747,0.0044289114849618534
N5389HD,0.016117651541711978,0.6280395755942482,0.3054181630730744,0.05022580359257671,0.00019880619838870154
N5391HD,0.6072755440020879,0.3727950685864612,0.016813489752851237,0.0029299410772121366,0.00018595658138750146
N5393HD,0.6989289220581307,0.29309409161995303,0.00679920631251499,0.0010562861396735072,0.00012149386972791635
N5395HD,0.7474509304209516,0.2321135339315226,0.015939286216528525,0.004320238154244043,0.0001760112767533009
N5397HD,0.7976363377387543,0.18610090807748703,0.013625046606365465,0.002477598596396721,0.00016010898099663547
N5398HD,0.40029833663123343,0.5518922747082718,0.04111274085827021,0.006454146316949563,0.00024250148527491343
N5386HD,0.09000468122990193,0.35849358972692746,0.5504406059044458,0.0009480480534637042,0.00011307508526106677
N2483HD,0.7157838721770388,0.269122972453843,0.01315055759452305,0.0018173950237299942,0.00012520275086520477
N5402HD,0.7811428767590959,0.2055220525315563,0.012072974420442561,0.001063688603255973,0.0001984076856494889
N5404HD,0.5768248865857277,0.37080742443722847,0.04290045252579562,0.008592205762007046,0.0008750306892410446
N5405HD,0.8580326648666294,0.13614842345458392,0.004290430241219766,0.0013768820999863086,0.00015159933758044462
N5407HD,0.38917985471605404,0.4288366347736222,0.14837308151287457,0.03268809108592873,0.0009223379115204331
N5414HD,0.5902853764603954,0.4056092298893006,0.0033483457804924766,0.0006314031186958363,0.00012564475111572168
N5415HD,0.8288482124024962,0.16861288583856548,0.0017429671679700482,0.000693808764690614,0.00010212582627778566
N5416HD,0.6494990194143176,0.3430684554006946,0.006431450549371991,0.0008971210934794042,0.00010395354213629714
N5421HD,0.7658448490446523,0.20054517851846385,0.025076220525635632,0.008236678595697803,0.0002970733155504191
N5430HD,0.8840604656676586,0.11109668851453244,0.0038788360953467137,0.0008692006019305039,9.480912053179253e-05
N5431HD,0.03678919254407986,0.12902977817237712,0.8036292123630487,0.030485960721395484,6.585619909876864e-05
N5432HD,0.769759440172065,0.2228247154724685,0.006604196140321696,0.0006650213815124271,0.0001466268336324039
N5437HD,0.8003302013729318,0.19174206879909472,0.007258861376204483,0.0005809548151778343,8.791363659128713e-05
N4225HD,0.5879783185539037,0.3380710989754929,0.06868887482393296,0.004756875042854286,0.0005048326038160954
