ncode,proba_0,proba_1,proba_2,proba_3,proba_4
N4541HD,0.7882170254676837,0.19542738706762508,0.01281678960477151,0.0025851161047149027,0.00095368175520477
N4397HD,0.0030575077221709946,0.0236505039174489,0.2905414025591923,0.6649944567537757,0.017756129047412184
N4544HD,0.8987576457556018,0.09797244354542575,0.002416302319702171,0.000709877482918454,0.00014373089635187628
N4545HD,0.04514981328437316,0.20888724041557205,0.4758070460944575,0.21353632341068854,0.05661957679490873
N4546HD,0.1512806892673407,0.7471989160537797,0.09592879486898243,0.004694805607271008,0.0008967942026261145
N4550HD,0.8962955328231504,0.0984378335810252,0.0037699003190732093,0.001228495530514926,0.000268237746236224
N4551HD,0.7787764173298245,0.21615478869011928,0.004152120546486593,0.0007334387925847926,0.0001832346409847791
N4554HD,0.07693267662874692,0.5469769092344366,0.33786963523457636,0.02977644936362386,0.00844432953861637
N4555HD,0.4491215416776709,0.5098168556852467,0.03520777150140044,0.004857318166258231,0.0009965129694237296
N4556HD,0.29993148882603443,0.518008110893117,0.14147386119918667,0.03610897255013617,0.00447756653152555
N4563HD,0.29340497278809174,0.5784478313599482,0.09978985365309768,0.024329955651621493,0.004027386547240852
N4567HD,0.9359618490692709,0.060270063547649064,0.0027502192407814967,0.0008210282849493041,0.00019683985734903948
N4561HD,0.7837955920485656,0.2114263356603197,0.003933200007719269,0.0006641708540681719,0.0001807014293271497
N4571HD,0.37956167650127975,0.47057545415116225,0.13052929356373172,0.014422731955470166,0.0049108438283559964
N4574HD,0.9596941160356819,0.039212423084060186,0.000748658814295776,0.0002623654052560178,8.243666070609084e-05
N4575HD,0.5779482857323223,0.38792123527100036,0.027187650489051182,0.0060664677843562794,0.00087636072326989
N4579HD,0.13878350159282482,0.589284590862391,0.21106154268904287,0.047751668003694625,0.013118696852046694
N4581HD,0.19933701408197818,0.6973332698529464,0.09786625180193945,0.004458620460918856,0.001004843802216965
N4584HD,0.1108494639514767,0.8371530469842348,0.048488160899068364,0.002952863411122846,0.0005564647540975028
N4578HD,0.8348961537834925,0.16026958703917382,0.0036122659706943985,0.0009372018626032063,0.0002847913440360678
N4590HD,0.2271127663973257,0.66088529662546,0.10333299945657516,0.007795262628042193,0.0008736748925968298
N4593HD,0.014545900193030144,0.27111566612593113,0.34479025967907184,0.35644768688430717,0.013100487117659536
N4151HD,0.04635429469774146,0.40721337741877195,0.26967529111492156,0.22019672560014367,0.05656031116842146
N4594HD,0.8222664572298637,0.16644381243809636,0.00810480912456874,0.002623866780853342,0.0005610544266180411
N4600HD,0.1568115910910635,0.7475968228865679,0.08639298164700147,0.008166675678302208,0.001031928697065014
N4605HD,0.05315753244651178,0.30051655617222156,0.5561482557866421,0.08281390679155232,0.007363748803072267
N4612HD,0.5419900344718223,0.41684508259767356,0.03376348697073007,0.006564724758492431,0.0008366712012816798
N1701HC,0.09336540820717935,0.11604313465602603,0.5818282513649417,0.1632659793766959,0.045497226395157124
N3705HD,0.0009300950855700073,0.005757672404207407,0.07497706523952596,0.4155437039141483,0.5027914633565483
N4589HD,0.6062406020718077,0.3521261685527222,0.03154906618173552,0.008814255998533778,0.0012699071952007896
N4339HD,0.9340057032477719,0.06405779470468234,0.0013648416901570692,0.00046426644005237807,0.0001073939173362888
N4615HD,0.013837606078908072,0.07798113196871662,0.2561305800939857,0.5861043278553673,0.0659463540030224
N4618HD,0.9103383011947533,0.08589995285630869,0.002780191160940507,0.00076184765890483,0.0002197071290925808
N4624HD,0.5357966460181565,0.45672412686361646,0.006463512536563795,0.0007845283414478424,0.00023118624021536998
N4626HD,0.8476057048568235,0.13122724831039118,0.016175329350293317,0.004007471956837891,0.0009842455256540462
N4628HD,0.057898623910042794,0.4501493576799317,0.35967160034443685,0.10802173122706762,0.024258686838520945
N4638HD,0.03879629656821993,0.26524530035520405,0.30872645782729596,0.3355425837142283,0.05168936153505182
N4639HD,0.7801135357562714,0.20110299463887366,0.014486466368019925,0.003020469439658678,0.0012765337971762595
N4642HD,0.9261052465178438,0.0714572972549079,0.0019038811758939152,0.0004049075760158252,0.00012866747533869043
N4646HD,0.9393776689528957,0.05797797540245049,0.0020661325862472487,0.0004603357510433032,0.00011788730736334406
N4631HD,0.8757549700069238,0.11586225689562044,0.0063379162101863265,0.0017729959817274544,0.0002718609055417547
N4656HD,0.009422162606654317,0.06798236388038618,0.5042857197456876,0.34528032371598183,0.07302943005128996
N4658HD,0.8530269767056362,0.12621052948676073,0.01593173870178395,0.004050028947676598,0.0007807261581422714
N4661HD,0.8989630325621751,0.09380319265850211,0.005097098411574284,0.0016531951745242764,0.00048348119322412357
N4665HD,0.8484673760311778,0.14445978393731482,0.005798692627290622,0.000985013515085384,0.00028913388913144844
N4667HD,0.8216695583131167,0.1724885422620365,0.004328021047011611,0.0010570389580373584,0.0004568394197980495
N4669HD,0.6486946702718484,0.34355397331754944,0.005773134542121436,0.0014976426941768432,0.0004805791743039175
N4673HD,0.1482286026458776,0.5427416668809192,0.26188545167555716,0.03407398285482204,0.013070295942823959
N0760HD,0.0702179097546455,0.5905726311404301,0.2975097920738324,0.03668741374204018,0.005012253289051634
N4672HD,0.7299640630787085,0.22387690691522769,0.03652089542413178,0.00835441129348781,0.0012837232884442007
N2593HD,0.89697258590074,0.09791380611600481,0.0036041027771330477,0.0011182464235421636,0.0003912587825798322
N4677HD,0.10969655077139831,0.701407790570689,0.17623225309208992,0.010620349168094251,0.0020430563977285048
N4680HD,0.09703321233364672,0.6071653478551924,0.26018070076694305,0.03018582986210976,0.0054349091821080785
N4688HD,0.00944165411702866,0.07457095915697796,0.454145127930794,0.3981831450589105,0.0636591137362889
N4689HD,0.8531537164865713,0.1412119360549198,0.004334002910964877,0.001051780878012961,0.0002485636695311293
N4691HD,0.10670362304604142,0.34662820284444584,0.2940178339434221,0.2075295679435491,0.045120772222541454
N4692HD,0.6771154946334955,0.2659852079192117,0.03589169020988921,0.013234628168508384,0.007772979068895123
N4694HD,0.019501794280310798,0.1727501646429131,0.6166575346059326,0.15735280827687267,0.03373769819397069
N4695HD,0.05005273880699345,0.6886893126460167,0.24315773638081192,0.016097582207797934,0.002002629958379934
N4699HD,0.28815201349392955,0.14129958150588218,0.5085087928443452,0.047006884392292635,0.01503272776355044
N4703HD,0.5460656199206338,0.33206160922502376,0.07631200326684798,0.03889184948893123,0.006668918098563287
N4704HD,0.0014589211924670952,0.011190230153470346,0.3944411217932551,0.5805052486152553,0.012404478245552145
N4708HD,0.945082120255275,0.05340212413642154,0.0011842788476719634,0.0002450465448727995,8.64302157584782e-05
N4714HD,0.6537730073897184,0.2730327807760443,0.05201687942456294,0.013266473075951538,0.007910859333722634
N4721HD,0.24106532091444055,0.49730553291456286,0.17731550060368145,0.06747046468450586,0.016843180882809304
N4722HD,0.853432410728696,0.14274033691839216,0.0025311481356969736,0.001062713578631442,0.0002333906385832555
N4724HD,0.09570185648492792,0.7960227099043329,0.09712828468515158,0.009809634598501852,0.0013375143270857618
N4726HD,0.039954515150742255,0.8140946912758831,0.13918348627324023,0.00574482959754322,0.001022477702591239
N4735HD,0.7495077832456329,0.24301813809580164,0.006124173385690891,0.0009159386898642954,0.00043396658301023377
N4063HD,0.5024292227001808,0.3949295506215736,0.07593205677328521,0.01946537421388635,0.007243795691074266
N4712HD,0.7799817275760007,0.21142316919163529,0.007053634273135264,0.00121721027317691,0.00032425868605193825
N4738HD,0.10629305228012062,0.21100513101807228,0.587603524353101,0.07911152988730978,0.0159867624613964
N4740HD,0.031720415654310975,0.28190102422285235,0.3301291120936598,0.31099723085284847,0.0452522171763284
N4742HD,0.012036706590935935,0.13658305371683604,0.5824922340551127,0.21160101849647434,0.05728698714064092
N4745HD,0.8406068635610038,0.14543077351388942,0.011438746766176473,0.002037655936802171,0.0004859602221280833
N4747HD,0.8864902834285624,0.09733128599199198,0.012433908651828805,0.0027684554005646344,0.0009760665270521473
N4750HD,0.8261527508230738,0.1641511478813393,0.0067649925158611455,0.0024723025098187393,0.0004588062699071596
N4752HD,0.002071326197754234,0.024282162168523778,0.46896125897083996,0.47438140775438664,0.03030384490849525
N4754HD,0.47518173773247474,0.5181779824281131,0.0056934166551259255,0.0007351982861504932,0.00021166489813584846
N4755HD,0.22225005901306027,0.5025866991948358,0.23290922166715458,0.03109864947606807,0.011155370648881275
N4756HD,0.45006840283339206,0.4045009214834797,0.12619332444470607,0.014957638898635307,0.004279712339786898
N4757HD,0.8712125569901021,0.12140386577386772,0.005757967378101351,0.0013586879767366069,0.00026692188119225847
N4759HD,0.1598028651811233,0.7863759667388474,0.044248813092521856,0.00873161803162453,0.0008407369558830776
N4762HD,0.3659322642544752,0.521936424798102,0.10176279701280184,0.009167277321246925,0.0012012366133739626
N4763HD,0.5851272708608248,0.3519660638615852,0.04641600185072009,0.010074755710676833,0.006415907716193039
N4767HD,0.8551442332423964,0.13081406674820958,0.010979629709567276,0.0026572448009754635,0.0004048254988510664
N4769HD,0.035534903689480785,0.34636466586417136,0.5382848744781543,0.07422915531269063,0.005586400655502947
N4770HD,0.8359544963268374,0.1539631746672694,0.0077390413641012,0.0018817040102536884,0.00046158363153828066
N4676HD,0.30831284487093513,0.5217081268920803,0.12150969444541562,0.038790860743144785,0.009678473048424157
N4614HD,0.1988720931956363,0.1531028864029815,0.5623357124560787,0.07732270337381322,0.00836660457149034
N4774HD,0.23412430619930868,0.33748062878847906,0.378401810579622,0.0424829873587388,0.007510267073851299
N4778HD,0.030913934753806355,0.2310352334080629,0.5439591053011549,0.17194787314316945,0.02214385339380642
N4780HD,0.0021600213112213957,0.01965613288179301,0.18316178497902663,0.4496462231494744,0.3453758376784845
N4783HD,0.6358742928321495,0.317604809846028,0.038561408736517644,0.005959417336506042,0.002000071248798763
N4789HD,0.857648072387498,0.12539033813238018,0.012585753904512843,0.0032304743042601705,0.0011453612713486678
N4792HD,0.49025674574442224,0.5003191127064014,0.00807798089554201,0.0011182358308050417,0.00022792482282924146
N4793HD,0.027496021893129382,0.3157284989932003,0.5772810431696328,0.06573015174916626,0.013764284194871208
N4794HD,0.004643868421923148,0.04826762919059822,0.5118820774007914,0.41724967679998265,0.017956748186704737
N4799HD,0.8721503848978791,0.09994647161303817,0.024912084459954697,0.002484117919697753,0.0005069411094302042
N4800HD,0.9395495295716441,0.05806673563961734,0.0018046741851514214,0.000381023956219738,0.000198036647367246
N4808HD,0.08401599264762868,0.8456945198755269,0.06263432338275801,0.006506554411861521,0.0011486096822249162
N4809HD,0.6618963066392859,0.2904848395369773,0.03911659416433751,0.005959404379758505,0.0025428552796407963
N4634HD,0.6728955085623827,0.2656801955793935,0.04559323537871908,0.014100376533909517,0.0017306839455952158
N4784HD,0.8916923977665447,0.10052649108337422,0.006296074206177566,0.0011853972306398964,0.00029963971326357335
N4815HD,0.8807921029429452,0.11541867576652562,0.002790013833647207,0.0007782151979364174,0.00022099225894544475
N4816HD,0.8022259501333542,0.18199407614469598,0.013326438295399194,0.0021032297954509315,0.0003503056310997898
N4817HD,0.28414874479001206,0.666743802403133,0.0430302736193352,0.0046530779470341675,0.0014241012404854335
N4818HD,0.9414259097199045,0.055491348191572504,0.0022101377693992505,0.0006279651582987309,0.00024463916082514064
N4821HD,0.013473954394729553,0.9638267789813395,0.020123051619456538,0.002359761652264369,0.00021645335221012708
N4830HD,0.9080123864643902,0.08763443829988794,0.0035713376491550196,0.0006687076332789863,0.00011312995328776061
N4748HD,0.8874343369227988,0.10888653082196811,0.0029296609227897146,0.0005643413487004054,0.0001851299837430552
N4684HD,0.7455636792094554,0.24149192110656978,0.010226348491567503,0.002255838695590059,0.00046221249681717126
N0389HD,0.022429789332812235,0.901997636237972,0.07262861813203615,0.00240662072216747,0.0005373355750122394
N4796HD,0.706972648461258,0.23842551007342014,0.04329967102344366,0.008428134725243248,0.0028740357166349467
N4834HD,0.0020770714079850843,0.023944089498965825,0.4921953970545039,0.47029198107592285,0.011491460962622461
N4835HD,0.059718907283962556,0.9173400277470737,0.020961008659083208,0.0016384085895505653,0.0003416477203301825
N4837HD,0.5578054915740919,0.4302766381076962,0.010460998026771777,0.0011297202655550375,0.0003271520258851251
N4838HD,0.06848797682000586,0.8859972120955137,0.04158359539176581,0.003344323909218348,0.0005868917834963679
N4839HD,0.02720808543511329,0.7231784330855338,0.22351492864450384,0.023429187454870333,0.002669365379978811
N4842HD,0.8369236150309197,0.1354237715803949,0.02185963178640205,0.005005290357081209,0.0007876912452021401
N4844HD,0.9351330745119338,0.06262452005499464,0.0016691344432846983,0.00047885356515791976,9.441742462904708e-05
N4846HD,0.10425909555654977,0.30672592894170436,0.32694938537001095,0.1906229088107529,0.07144268132098217
N4847HD,0.8056307075060515,0.1874657905271276,0.0049041086468166436,0.0015964015334708457,0.00040299178653328366
N4849HD,0.33653303280741537,0.47897643412271806,0.13484755401964085,0.040700286429305316,0.00894269262092024
N4852HD,0.046925121793779494,0.7676637531187748,0.17344269214837696,0.010593429469108954,0.0013750034699598927
N4853HD,0.7046691929701712,0.2768863962055789,0.015073231807552519,0.0027603053135852327,0.0006108737031121236
N4856HD,0.8556243926384052,0.14050794997708765,0.002858482469501964,0.0008766187836693179,0.0001325561313360968
N4858HD,0.9342054173904288,0.06266369049280926,0.00220629794599799,0.0006007235807243047,0.0003238705900394875
N4860HD,0.10745652224610153,0.27146118077187753,0.5244871284747117,0.08373269989040241,0.012862468616906786
N4861HD,0.9008604643015213,0.0961953466538972,0.0020816324245878596,0.0006979354191044134,0.0001646212008893012
N4863HD,0.48309187875537185,0.5048419825575349,0.009729665563508376,0.001845215253044459,0.0004912578705404017
N4864HD,0.7909975102082354,0.20311068828741452,0.0048194812295914175,0.0008321825093119766,0.0002401377654464704
N4866HD,0.7920080352306308,0.1948644273858631,0.01011002346588855,0.0024134543657511193,0.0006040595518664716
N4012HD,0.6248941620178025,0.3549587147094055,0.014026022955329691,0.005327053229656338,0.0007940470878060786
N4825HD,0.16144541083043412,0.4913050280358189,0.28343488209663326,0.05135530520601922,0.012459373831094384
N4875HD,0.021090193201862315,0.30936939955209175,0.5560875945504018,0.09957521122213538,0.013877601473508801
N4878HD,0.022097181412357,0.09717284073591866,0.32457479552518614,0.3389263698448256,0.21722881248171266
N4883HD,0.03501633205262096,0.6979987139933019,0.24889862411374825,0.01626741657589891,0.0018189132644299197
N4884HD,0.6794734690932455,0.2809426921412116,0.033253519775232235,0.005775223663183975,0.0005550953271264832
N4887HD,0.26059260596758055,0.5357885873646209,0.19088302248996591,0.011121753851250995,0.0016140303265817515
N4891HD,0.6520761217840838,0.3167576960061669,0.02576656890744953,0.004279977792827167,0.0011196355094725372
N4892HD,0.07104769408450311,0.7745128643524256,0.13955736379642153,0.013219493724335521,0.0016625840423141764
N4895HD,0.8728706073686547,0.07509106224775434,0.04807022104319769,0.0033717046220671353,0.0005964047183261123
N4899HD,0.7449486808956808,0.24848317349880514,0.0051823616097889744,0.0011285786357977496,0.0002572053599274042
N4898HD,0.5863630510536594,0.2922076044938765,0.11047063729951567,0.008615887548905132,0.0023428196040431973
N4902HD,0.6996429518790691,0.26163195686283175,0.029726498327561208,0.007338790590510757,0.0016598023400271789
N4904HD,0.09379448193860061,0.35158433703077313,0.4558206843016743,0.074825303043737,0.023975193685214825
N4906HD,0.7729472054826446,0.20930286396213263,0.011748563659734503,0.005195948006941143,0.0008054188885470969
N4909HD,0.8884667106835716,0.06380325755196231,0.03692210963915846,0.008614781187393913,0.002193140937913865
N4912HD,0.6104526668644347,0.3655381549276882,0.019331347186498836,0.003945579041373113,0.0007322519800054062
N4913HD,0.5897741916488627,0.3925414183309447,0.01590579091214703,0.001411803902038302,0.0003667952060074294
N4914HD,0.09196719158155271,0.7316039605511697,0.15966167885004023,0.015060242826414692,0.001706926190822527
N4908HD,0.8735326570210895,0.12355631960679028,0.0022134466876935306,0.0005593223830742399,0.00013825430135242948
N4937HD,0.8590628477107433,0.1380132040744512,0.002181579872811553,0.0005582445685892386,0.0001841237734049595
N4938HD,0.891292192789579,0.10546447146458705,0.0023547873680307553,0.0007279504937516336,0.00016059788405144756
N4949HD,0.9160247843727162,0.07960503878927251,0.0033904720461987057,0.0006750640666834923,0.0003046407251290019
N4952HD,0.8192915108083609,0.1637311151047656,0.01344177607321837,0.0029277775066238938,0.0006078205070311403
N4954HD,0.32432340526600634,0.6188061726423704,0.0505191537187802,0.005466771436267059,0.0008844969365759695
N7917HB,0.9101352856933548,0.08724726103173543,0.0020949821520802226,0.0003790689101134485,0.00014340221271604562
N4951HD,0.8399137174057619,0.15349935885505864,0.005871645774457833,0.0005509026056498925,0.0001643753590716141
N0385HC,0.09813395247502814,0.4169451972118068,0.3687000659099287,0.08246218078189796,0.033758603621338576
N3920HD,0.3587125036296249,0.5447401680610212,0.08576059730332129,0.008972132081024108,0.0018145989250083563
N9498GW,0.776651036720739,0.20807081522414417,0.012223534989106256,0.0025966207953069804,0.00045799227070369514
N4961HD,0.9372409561963464,0.06109056749458233,0.0013149235378579298,0.0002575879800890781,9.596479112443028e-05
N4965HD,0.3494401029139728,0.5181115617010779,0.11002273327087032,0.01884070762674141,0.0035848944873375396
N4967HD,0.6202926007610076,0.3383042826220958,0.02748930436397722,0.011965042286722365,0.0019487699661972736
N4968HD,0.3337577828145158,0.5068877920095554,0.08882011140939879,0.06225349666845426,0.00828081709807578
N4973HD,0.844479194860662,0.14197800965165625,0.009688214367474364,0.0034972056965840563,0.0003573754236234127
N4976HD,0.011117062819544443,0.25973705696131943,0.6591434084574336,0.06383143420095153,0.006171037560750942
N4977HD,0.165925857431711,0.7780456794137013,0.05198065325535624,0.003555127896136153,0.000492682003095182
N4978HD,0.690838359320971,0.2773195565372198,0.02376722377786304,0.007125512858301667,0.000949347505644391
N4982HD,0.41168091884423436,0.42976284513445834,0.13876673264497202,0.01633619032479763,0.003453313051537739
N4983HD,0.1325605045052974,0.5568740680383407,0.2176056906705193,0.08581223735945485,0.007147499426387753
N4984HD,0.8285911655586189,0.16616291730061977,0.003801266589973342,0.0011141636550759681,0.0003304868957119826
N4992HD,0.006206023905474506,0.08661950036638519,0.2209638352788319,0.5488366658503098,0.1373739745989987
N5000HD,0.6111429227028594,0.31029306602755874,0.05636218495877244,0.017042271520763166,0.005159554790046076
N5006HD,0.5909573716681268,0.36932864940521437,0.03349463693321444,0.005370007671239605,0.0008493343222046712
N5007HD,0.7979518592498358,0.18149716630816934,0.017409388070079124,0.002505807509916826,0.0006357788619990695
N5008HD,0.19219908072247976,0.6533727436654606,0.14039064484816877,0.012617930152319034,0.0014196006115718596
N5011HD,0.21549890635798047,0.6733836342729076,0.09977991881879551,0.008026080521759123,0.003311460028557359
N5020HD,0.6520275330072566,0.29759414766964054,0.04212799537428094,0.0065890132011425205,0.001661310747679433
N5024HD,0.8719539961496152,0.11606241783419403,0.009622661226079167,0.002011797144659883,0.0003491276454516878
N4826HD,0.9063674278776916,0.08701586186386163,0.00458517837699146,0.001626035515224357,0.00040549636623118875
N5032HD,0.8788039529396603,0.11271930186483312,0.0066327697579970125,0.0015604388788817303,0.0002835365586276524
N5041HD,0.9494777778999272,0.04867087783426495,0.001421585101464119,0.0003181478361195588,0.00011161132822422353
N5043HD,0.9684916113872631,0.029075853815170718,0.0019135724457210025,0.0003749336687992612,0.00014402868304582133
N5044HD,0.1180206560808506,0.1423605804663022,0.4646379874999011,0.18511732235550538,0.08986345359744072
N5045HD,0.8080330540865023,0.183398219179443,0.0058529208831231295,0.0021114793979425104,0.0006043264529890933
N5004HD,0.9280806806103657,0.06777107395344037,0.0029170403072059908,0.000946830745621667,0.0002843743833662843
N5055HD,0.544567453900045,0.389837021768952,0.05435442754052606,0.009786784650482973,0.0014543121399939291
N5056HD,0.09256807164567402,0.20099658503220222,0.44137992418719857,0.1978503060107946,0.06720511312413055
N5057HD,0.7501062414584871,0.24177335305417835,0.006716661531117779,0.0011796122559729605,0.00022413170024389108
N5059HD,0.5373929933908934,0.20960627828971776,0.22308995314551205,0.02460809918025513,0.005302675993621648
N5061HD,0.48832331484785624,0.4762008342389286,0.02707818444555612,0.007079996459919759,0.0013176700077390077
N5018HD,0.9171516318133393,0.0798427505358243,0.0022552743721742465,0.0006168301966300818,0.00013351308203236818
N4896HD,0.7599774204511027,0.22761775459905847,0.010650089568540237,0.0014315963030784135,0.00032313907822013616
N5064HD,0.8130298162937446,0.16705993988233045,0.014466962682807238,0.004546107789845621,0.0008971733512719241
N5065HD,0.3608105488336247,0.6036568291178978,0.029056615972521287,0.005561545546065668,0.0009144605298904618
N5067HD,0.23706742959297847,0.42067078475717556,0.28949042601344144,0.04698188787927796,0.005789471757126608
N5070HD,0.0286518266520368,0.5725228360656834,0.36322035097100175,0.03288509441731532,0.002719891893962745
N5071HD,0.11422089186742085,0.7996563367706667,0.07628076256856825,0.008893519640231738,0.000948489153112387
N5072HD,0.13973634188108,0.7798208242422411,0.07105111431719902,0.008278737410923102,0.001112982148556733
N5074HD,0.8012885232312511,0.1825120134819679,0.013397531196858263,0.002311944504497112,0.000489987585425701
N5075HD,0.9446542408795593,0.05337035871411006,0.0014619302386951105,0.00037028649895568856,0.00014318366867981425
N4923HD,0.7464360383818581,0.2317190659349721,0.01564385356435114,0.004713895173541776,0.001487146945276987
N5076HD,0.823883291198123,0.1689523182439962,0.005946023551481755,0.0009495954596326962,0.00026877154676638743
N5079HD,0.021672790757926427,0.24006899862239695,0.5019023252526598,0.21599941836756567,0.020356466999451293
N5080HD,0.5521476262932116,0.3282403325142887,0.09977149234819888,0.014958549561296107,0.0048819992830047175
N5082HD,0.8716866465094569,0.11057457501090848,0.012779911808116887,0.0041068981584375585,0.0008519685130799699
N5083HD,0.6906747359074665,0.27300644166825955,0.029192789837163915,0.006268048397619884,0.0008579841894900314
N5085HD,0.11129437046660946,0.5273833221099843,0.31693546287655205,0.03659518564626347,0.007791658900590696
N5051HD,0.32438814640896013,0.6556390999689158,0.017777039636567404,0.0018660308016569093,0.00032968318389960507
N5039HD,0.02160543109971996,0.11996185826282221,0.5453107303152923,0.24457163567685708,0.06855034464530843
N5088HD,0.8973897807906014,0.10022255471183322,0.0018352264993474474,0.00043563669862909933,0.00011680129958891628
N5091HD,0.03726142908879906,0.9529895997587161,0.00891086185775797,0.0007325321406971183,0.00010557715402986106
N5093HD,0.0048626592391305,0.03508096754921838,0.21735936009967816,0.6593377460487809,0.08335926706319205
N5100HD,0.00784547915577258,0.11216729386981661,0.43167418986208433,0.4237017630458497,0.024611274066476813
N5103HD,0.03351528345220172,0.184972769314665,0.4224669809303031,0.23335610295152687,0.12568886335130333
N5104HD,0.9548845217576899,0.043753820975514134,0.0009691082525898155,0.00030113101948827504,9.14179947175811e-05
N5105HD,0.8296221378443205,0.15697994112176256,0.009360534528156326,0.003110061031177531,0.0009273254745829067
N5106HD,0.7549504926700116,0.22032832297918148,0.02097286586158551,0.0030409911118568856,0.0007073273773646485
N5109HD,0.4482763962563581,0.53428487443811,0.015332890761807293,0.0015821064327523405,0.0005237321109721406
N5112HD,0.5692459323831704,0.3493645832606251,0.06588452115678885,0.01224899924756695,0.00325596395184859
N5115HD,0.8758465563922715,0.1162129984129493,0.006323791968535659,0.001357897823285048,0.000258755402958503
N5120HD,0.0074897010955300635,0.04885308340592607,0.25454635145807236,0.6361712709550474,0.052939593085424085
N5121HD,0.5585519405457845,0.4165242713194165,0.01870585670125658,0.005181620805687839,0.0010363106278547078
N5122HD,0.6115623081811447,0.31821793519983405,0.05925892573623613,0.010091606362041473,0.0008692245207436999
N8305HB,0.8988374518614795,0.09794554752364401,0.0023271665579155994,0.0007560009202616572,0.0001338331366994363
N5126HD,0.04505140439205865,0.2790474163791313,0.36258449872107495,0.27885190903672885,0.03446477147100616
N5128HD,0.9105902462853974,0.08514047260160211,0.0035770396313992434,0.0005510222009282126,0.0001412192806731872
N5133HD,0.007882343102967336,0.1031089126364397,0.45043779293452174,0.4083274262687938,0.03024352505727742
N5135HD,0.870387833541411,0.12181387261659268,0.006560247160865947,0.0010366841938767354,0.00020136248725367864
N5143HD,0.8436838790264745,0.15203555105688996,0.00361605600221428,0.0005222414767593558,0.00014227243766191746
N5144HD,0.29467945290368497,0.6250383486063474,0.07241890232777776,0.006140762322835373,0.0017225338393544434
N5149HD,0.18120855337921482,0.34935812651541104,0.3860572515070807,0.06683034450695788,0.016545724091335402
N5152HD,0.39576560306466574,0.5647668527330564,0.03359698474971136,0.004995732003056897,0.000874827449509684
N4394HD,0.16117761238069037,0.3439852455041505,0.3968524016087376,0.07848491086184176,0.019499829644579948
N5029HD,0.12848656956461016,0.46394127792501433,0.31881477731985564,0.062060631723522976,0.02669674346699695
N4368HD,0.9365509072779522,0.06167509065703602,0.0013480989530723414,0.0003037008841128996,0.0001222022278264514
N5013HD,0.24939645910901917,0.4016575666137575,0.28711445720842116,0.045450863829138835,0.016380653239663173
N5153HD,0.34436549112399456,0.5387492485560917,0.09988014741986012,0.014914226875549677,0.0020908860245037984
N5157HD,0.8565163544956909,0.13880245056646376,0.003293130419067624,0.0010247453265964847,0.0003633191921810525
N5170HD,0.6056111740890247,0.3485898508024329,0.03908547196540458,0.005133539440178134,0.001579963702959841
N5172HD,0.9015870479872333,0.09072669507792211,0.005695389412107868,0.0013984790774703884,0.0005923884452663442
N5173HD,0.7509976524732398,0.2149229668077336,0.027815809689296634,0.004762096179211993,0.001501474850518031
N5147HD,0.5825689590253353,0.3842124514827245,0.026251384212332925,0.00536489921278937,0.0016023060668178758
N5178HD,0.818097070520746,0.15783697435817537,0.019495032605194553,0.003953138973602416,0.0006177835422817476
N5180HD,0.5475386175647734,0.28456484587090597,0.1354205391111246,0.028093744805350564,0.004382252647845436
N5181HD,0.4543345230660343,0.44793777972107274,0.07871748819218641,0.014972474687645279,0.004037734333061305
N5182HD,0.894782291234948,0.09989019278741006,0.004122964586133364,0.0008441357663773656,0.0003604156251312297
N5183HD,0.07464454090538304,0.9095575787711941,0.01373969193044735,0.0017758346993511545,0.0002823536936243362
N5185HD,0.3733533256309819,0.42192158925886947,0.12626879104820501,0.07153854921897954,0.00691774484296408
N5187HD,0.10970979773292527,0.2362766608680351,0.43132480899176756,0.1674086769737642,0.05528005543350787
N5188HD,0.19205041492140176,0.42123071670626855,0.2505359432055052,0.12410849022379498,0.012074434943029415
N5190HD,0.007128422894483222,0.06139195612106932,0.37415556765860714,0.5311485075734613,0.02617554575237899
N5192HD,0.5844202099572937,0.406874581159565,0.00781831236924724,0.0007051418211004669,0.00018175469279349947
N5193HD,0.7008339159280925,0.26930716113719916,0.024757440798816484,0.0043693730047203285,0.0007321091311714015
N5197HD,0.8800498087712278,0.11470374086398306,0.004405925447386696,0.0007097731341752623,0.0001307517832269781
N5198HD,0.252409851460653,0.41898636480299134,0.2044212614735259,0.09828501487427813,0.02589750738855182
N5199HD,0.6222139219223228,0.30259262849293944,0.056406914473779025,0.015078704503498968,0.003707830607459699
N5200HD,0.6491560796800696,0.32989346090463767,0.017822336380215638,0.0025609017339747707,0.0005672213011022385
N5203HD,0.027197645304024846,0.16707111076941394,0.4212169852731421,0.35244484988929453,0.03206940876412453
N5209HD,0.02143958648551255,0.2306981534380673,0.5152309224001692,0.22015944167698065,0.012471895999270325
N5212HD,0.862961544340651,0.13156365533320044,0.0044601300472744505,0.0008481723744903872,0.0001664979043836989
N5215HD,0.6996314395988481,0.24995844253627955,0.04355715290170968,0.005140120433701968,0.0017128445294605913
N3574HD,0.8089815419993144,0.17811433355558276,0.00890893522363834,0.0030625833483356613,0.0009326058731287733
N4760HD,0.026741743090149733,0.19757790682954743,0.4905072400531838,0.24096018154505056,0.04421292848206862
N5225HD,0.9266840996556043,0.06906074829256187,0.003245834300780199,0.0008519962400292723,0.00015732151102435375
N5226HD,0.5645925926468819,0.3792810038716609,0.042446323679971344,0.01130366750427787,0.0023764122972079527
N5227HD,0.8421499514728144,0.1411178437904785,0.014316941783099372,0.001818007540815758,0.0005972554127919989
N5233HD,0.005221670073317936,0.038486112284023495,0.25235574715904296,0.386215484938408,0.3177209855452077
N5238HD,0.8903330314974486,0.09374433620601498,0.011241800172609659,0.003098619519041797,0.001582212604884864
N5241HD,0.7565630244649034,0.205729703229669,0.03222535743330274,0.004249944965450121,0.0012319699066746027
N5243HD,0.004523926782383741,0.04769657525918304,0.433468184366821,0.5003998521533368,0.01391146143827542
N5246HD,0.7607397249500875,0.21173919430519808,0.01912076487993552,0.006006128836354351,0.002394187028424818
N5247HD,0.0020949240593047505,0.015878208906509136,0.3508642654502565,0.6200297330791598,0.011132868504769796
N5248HD,0.588907530458358,0.1718986842728981,0.20986557485899418,0.024937014220973573,0.004391196188776361
N5253HD,0.6178896870617901,0.3181172471705102,0.04757933353760528,0.01084774334784372,0.005565988882250546
N5257HD,0.023649987762226203,0.16160320672996917,0.3903518338170416,0.38859620446645576,0.03579876722430725
N5259HD,0.011880429199080183,0.07065350298292239,0.29262318811926985,0.39143075859263443,0.23341212110609313
N5262HD,0.06573237083917026,0.28855895613833277,0.620569806196199,0.022696345915987105,0.0024425209103108286
N5266HD,0.10932526343022177,0.7681556038948214,0.1118823931491902,0.009339945583382822,0.001296793942383764
N5270HD,0.7344029450118063,0.25071994703950046,0.011335138562353894,0.002941854726107337,0.0006001146602320047
N5271HD,0.6168825064767735,0.2883742304555136,0.07701471320383312,0.015444969796837245,0.0022835800670426396
N5273HD,0.8603064839877003,0.11301573077832648,0.022144016737571576,0.0035863440420337194,0.0009474244543680514
N5274HD,0.9027530774612537,0.09000740833529988,0.00594768579315052,0.0010745927846136395,0.00021723562568243984
N5211HD,0.23633739132964723,0.557526834394029,0.1545840604517396,0.04594755087057035,0.005604162954013949
N4843HD,0.5476485339533468,0.39086498647231627,0.04913853915657016,0.008896121681521341,0.003451818736245412
N5287HD,0.6187061301028624,0.356278384439993,0.019460141499786997,0.005001223372567638,0.0005541205847898989
N5286HD,0.06242088889871774,0.15358060373157628,0.5426366739837475,0.17550812816325795,0.06585370522270054
N5292HD,0.025595638269181743,0.1542362382021575,0.392198714024884,0.39117762660712757,0.036791782896649076
N5294HD,0.7752767634735753,0.21395185000785097,0.008010987755022986,0.0023089864249146693,0.00045141233863579036
N5296HD,0.28849417992902326,0.5134392305662386,0.14158064490176428,0.051969693714185264,0.004516250888788557
N5298HD,0.8398766034179148,0.14444858378756137,0.012955927125951231,0.002316085614187634,0.0004028000543848316
N5303HD,0.8472789868215651,0.11895052286246742,0.02848344368300803,0.004320756469407319,0.0009662901635522748
N5305HD,0.09601824835444722,0.43635141628681945,0.37265357993684106,0.08694175809800186,0.008034997323890437
N5306HD,0.8476727162332214,0.14361837950663578,0.007432772322865573,0.0008949292276747594,0.0003812027096024074
N5307HD,0.0353588801774988,0.29420562850812176,0.3642487198072789,0.24717149934371757,0.059015272163382926
N5311HD,0.23094316714772056,0.5304429737633782,0.21890413107335235,0.018091283881002566,0.0016184441345462588
N5314HD,0.8292201274016258,0.16307463492466434,0.005230242429038701,0.002074460084486594,0.00040053516018459274
N5073HD,0.05642267602716147,0.26325073636775015,0.4254372097816928,0.20775639156688358,0.04713298625651207
N5277HD,0.030144591815315813,0.190505786153148,0.3398196998134191,0.30555634960869726,0.13397357260941986
N4885HD,0.9389887280704707,0.05720454039295769,0.0027959338080530043,0.0008086031726761515,0.0002021945558424718
N5318HD,0.01676563800697635,0.25644603759766865,0.5393416034330931,0.15099487122847535,0.03645184973378647
N5321HD,0.7845578761957036,0.18206206734503508,0.02616743551823078,0.006542319249152903,0.0006703016918776036
N5323HD,0.9520036794780168,0.04659617343901916,0.0011273199635657173,0.00022781684012946978,4.501027926885054e-05
N5324HD,0.7017449178699684,0.2560021014890514,0.0341363288666497,0.007050846160771551,0.0010658056135590035
N5326HD,0.8738698940785055,0.11176556757528232,0.011425768776370063,0.0021549314235646865,0.0007838381462775052
N5327HD,0.7331536213264913,0.25542558419002154,0.009190608646938606,0.0015793296089370657,0.0006508562276113665
N5329HD,0.02149858151981994,0.08778683983850523,0.7585463943561114,0.11611127173793545,0.016056912547628036
N5331HD,0.7557657884900238,0.229378831461255,0.011549588929673985,0.0025995774471658482,0.0007062136718812998
N5332HD,0.806820355901283,0.17184365468647708,0.016578487697406982,0.004061435134294854,0.0006960665805380924
N5333HD,0.8313780337188803,0.16453078443483188,0.003220267725055557,0.0007263161954888946,0.0001445979257434131
N5334HD,0.01675401383111836,0.9692074845342386,0.012619590132658228,0.00124870684133707,0.00017020466064796109
N5338HD,0.010549438161654092,0.05407411842934923,0.3961794600402188,0.3096814750744433,0.22951550829433448
N5339HD,0.009142399455692887,0.027293742383340477,0.7191766246456194,0.19895800744230738,0.045429226073039945
N3820HD,0.01338507397045948,0.09361884577350968,0.36904429905723174,0.347941930339537,0.176009850859262
N5342HD,0.7707893746566992,0.22096632096483795,0.006948748559562706,0.0010853071390291669,0.0002102486798708801
N5345HD,0.6576098841218502,0.2785824737924826,0.051941195548530474,0.00966475710461657,0.0022016894325203114
N5346HD,0.8062210475323078,0.18682743119267567,0.005450199793587796,0.0012672200000372574,0.0002341014813914179
N5348HD,0.009947996563148057,0.14101643708110415,0.23263634419609122,0.5360863462543813,0.08031287590527522
N5351HD,0.6703091569427087,0.2651890828914822,0.04944546086228231,0.012982822980676737,0.0020734763228501575
N5354HD,0.0040289137497861935,0.023754621936780258,0.38626631966764424,0.5768364491381928,0.0091136955075966
N5355HD,0.7115950586712533,0.2660455421521603,0.017988662378716908,0.003211729028535483,0.0011590077693340445
N5362HD,0.8812647692297308,0.11529124145139802,0.0024481310498668473,0.0007902901213198537,0.0002055681476842062
N5364HD,0.8303118610502834,0.1518556413598865,0.014593821234115898,0.0027318537621049406,0.000506822593609168
N1264HD,0.02080566377413736,0.8520745144553388,0.11886023665314899,0.0073693703625553044,0.0008902147548196399
N4985HD,0.2219110335896485,0.469124031978562,0.24498146423152167,0.051050626977357134,0.012932843222910747
N5368HD,0.005328716004048892,0.06258299158444709,0.4181185756419907,0.483228501504641,0.030741215264872543
N5371HD,0.8871868892199425,0.10340436864439179,0.007164372544961782,0.001766997109543389,0.00047737248116049333
N5372HD,0.7721604657620325,0.21710831710795594,0.009008907594271507,0.0014735791455686802,0.0002487303901714552
N5373HD,0.5007480355170123,0.4923448418366188,0.005562400105956744,0.001120083516405148,0.0002246390240069935
N5374HD,0.7488882740297715,0.23594555992943192,0.012173112285463396,0.002501739179342554,0.0004913145759905051
N5377HD,0.7482784539543135,0.23415900230207667,0.01364609800804446,0.003188846748939598,0.0007275989866258577
N5379HD,0.7878643106073181,0.19314928112031224,0.01491235334618347,0.003456042348356331,0.00061801257783003
N5381HD,0.050291565273934614,0.2917047747370429,0.32599205870367487,0.2895169326872964,0.042494668598051184
N5383HD,0.13990615557960853,0.3661485884412302,0.31028802776070913,0.1595127005123897,0.024144527706062378
N5385HD,0.8806186517427643,0.11796326317560928,0.0011022520419549672,0.00023571698761341622,8.011605205795528e-05
N5387HD,0.015498036104097874,0.10195339387228747,0.34845119837957284,0.3517062150552197,0.18239115658882213
N5388HD,0.042191483580470014,0.2648361582686911,0.3881252173689732,0.26846943801158885,0.03637770277027686
N5389HD,0.023952402655565315,0.46383476596852197,0.4848793080153235,0.023203979693424758,0.004129543667164565
N5391HD,0.5397064272501225,0.4278296073727884,0.028041885269630133,0.003609048175682887,0.0008130319317760522
N5393HD,0.5457840371906681,0.421619176019737,0.028800224475815085,0.0030325672520026274,0.0007639950617771037
N5395HD,0.714173819432682,0.2522020978984879,0.02654697102166105,0.006313307599733236,0.0007638040474359348
N5397HD,0.7749156533740641,0.2037579817166399,0.017060850218363132,0.003590189222132835,0.0006753254688000311
N5398HD,0.7690425040007299,0.20671660493773406,0.0195546133843275,0.003971734839807515,0.000714542837400973
N5386HD,0.09121029150910133,0.8053933963565723,0.0978981341411731,0.004713576388561149,0.0007846016045921688
N2483HD,0.8452028862474052,0.1439821851980396,0.00798591003649666,0.0020896597206334164,0.0007393587974250174
N5402HD,0.8384476462422498,0.1513071301146099,0.007712692197859036,0.0017635741834169238,0.0007689572618644707
N5404HD,0.6231713968275067,0.335448576383588,0.03214858612772858,0.007934620184481902,0.0012968204766950254
N5405HD,0.922470213919831,0.07325052701379191,0.00336755988404273,0.0006976061597044213,0.000214093022629954
N5407HD,0.22044156939711707,0.5757740886401933,0.1585851700842335,0.03992457892844618,0.005274592950009819
N5414HD,0.5662639992132597,0.42470322777802066,0.007672038510034343,0.0009904977296127755,0.00037023676907258814
N5415HD,0.8321853660640328,0.16355098123879885,0.0033090932257930903,0.0007044878883182796,0.00025007158305706306
N5416HD,0.07358153911259403,0.8744225545296636,0.046457667425135914,0.004569554329955872,0.0009686846026507307
N5421HD,0.771319720678014,0.21032686414624002,0.013756406939932776,0.0041699483163549185,0.00042705991945825945
N5430HD,0.8768233456286587,0.11468064764109301,0.006562872101204391,0.0016726288862830222,0.00026050574276079966
N5431HD,0.051458818053212556,0.7781397827498755,0.16179288421037036,0.00763601824236652,0.000972496744175144
N5432HD,0.7336134982417679,0.2494876828295438,0.013071677302974443,0.003394492668772565,0.0004326489569412103
N5437HD,0.7822028860653133,0.20523013046204078,0.00982232371985685,0.0023702589955459795,0.00037440075724317723
N4225HD,0.3153481022748375,0.5039341044097274,0.156706075049686,0.019557694241871964,0.00445402402387721
N5123HD,0.45598652378847937,0.4914595453895164,0.042232774350300366,0.007960740437479966,0.0023604160342239173
N9187HC,0.01320861364933607,0.11129350881764975,0.41073707951617283,0.37102360942299334,0.09373718859384789
N5439HD,0.12076578952879269,0.5171405886407039,0.27688609535357694,0.07250946598772177,0.012698060489204863
