ncode,proba_0,proba_1,proba_2,proba_3,proba_4
N4541HD,0.7661342634268178,0.21563743448610923,0.014299292022999378,0.002507669305916003,0.0014213407581575555
N4397HD,0.005785895402550884,0.034101413994632866,0.2976225671568606,0.622146535483365,0.0403435879625908
N4544HD,0.9364520076095055,0.06006212909636661,0.0025123184051409745,0.0007502525123288694,0.00022329237665789115
N4545HD,0.03381502773259908,0.1464206413952313,0.49004471231397034,0.2447406561479751,0.08497896241022414
N4546HD,0.13305537795031902,0.7755958776477013,0.08558136209474464,0.004723466746298285,0.0010439155609366126
N4550HD,0.885319195348629,0.1091718102370927,0.003487831437448955,0.0014703313329658164,0.0005508316438637238
N4551HD,0.8135808025312199,0.17957273755307754,0.005613620422981469,0.0009651623677761813,0.00026767712494493284
N4554HD,0.05352425591635621,0.5580839112281635,0.34869090650599527,0.028656393713441038,0.011044532636044057
N4555HD,0.5803156106764978,0.39376628413246517,0.020507560402150852,0.004416463132615718,0.0009940816562704132
N4556HD,0.35415808053790154,0.4739856100219671,0.1363141297187181,0.030704540843079407,0.00483763887833399
N4563HD,0.4175660302169836,0.41444075998721214,0.13424170755745424,0.027713481613875112,0.006038020624474889
N4567HD,0.9209653934308133,0.0736065049059903,0.0036744709065290536,0.001209164512746777,0.0005444662439204816
N4561HD,0.8198371795901724,0.1744195462834432,0.004120270066683357,0.0012842168096460006,0.00033878725005489883
N4571HD,0.29674251815547675,0.5150799961250707,0.147098345113218,0.0294872835500127,0.01159185705622176
N4574HD,0.9554023005746323,0.04236296955454174,0.0013726132855534036,0.0005682744812285292,0.00029384210404405635
N4575HD,0.5783236759580509,0.38100389557665576,0.03316631740940758,0.0063368549434071894,0.001169256112478549
N4579HD,0.15190501311998778,0.5937718585273876,0.19788688652619027,0.04269173470507468,0.013744507121359759
N4581HD,0.1984321515209811,0.6935613577192726,0.09973123051707546,0.006516188931071491,0.0017590713115994802
N4584HD,0.1384708967598254,0.8044288729994247,0.05212434909488049,0.004119180265370962,0.0008567008804985413
N4578HD,0.8323542267759914,0.16088531761563735,0.005389193617724401,0.0009361960787658716,0.0004350659118810803
N4590HD,0.204754019772594,0.7042452465054514,0.0852517969125154,0.0048369574811240835,0.0009119793283152016
N4593HD,0.012410872460427897,0.17329499461849956,0.42384407867945767,0.372372733887515,0.018077320354099778
N4151HD,0.0692118686921675,0.4733225238654738,0.2820629282569081,0.13530862962470236,0.04009404956074839
N4594HD,0.7705806684657212,0.21482498087952345,0.012134861641647822,0.0018868693218847272,0.0005726196912227269
N4600HD,0.13517892728641676,0.758203393894149,0.09752864503747381,0.007682611331779269,0.0014064224501811487
N4605HD,0.0637277241226794,0.3207465968071187,0.5253598431007634,0.08272702841171743,0.007438807557721112
N4612HD,0.5775867406954305,0.37309899296520027,0.038183234267326595,0.009752488249594555,0.0013785438224482634
N1701HC,0.09000602233760677,0.13085349066287186,0.5479996126688469,0.16736921638530095,0.06377165794537354
N3705HD,0.001415459304820493,0.00842561917443142,0.083421160154862,0.34161615150313973,0.5651216098627464
N4589HD,0.6710611985869669,0.2732719260647349,0.038776949484453725,0.01395706985582679,0.002932856008017546
N4339HD,0.9305183766527837,0.06714982867658924,0.001642984024211045,0.0005056772940558389,0.000183133352360202
N4615HD,0.01202912004906852,0.09768904859717767,0.30412320371532525,0.513618609914039,0.0725400177243895
N4618HD,0.8671963361081166,0.12748059865392047,0.003598554628123476,0.0013292998235597759,0.0003952107862795595
N4624HD,0.5806685670365439,0.4104978266635107,0.007629095433831152,0.0009368703835622714,0.0002676404825517811
N4626HD,0.8327096604297237,0.14266842158593745,0.01906223374503736,0.004450377372784502,0.0011093068665169407
N4628HD,0.06485888315255021,0.3491834726892465,0.44608803505263894,0.11404285640777648,0.025826752697787884
N4638HD,0.06604521687788019,0.38375436175212585,0.32183968531989915,0.18743253317261363,0.040928202877480974
N4639HD,0.8172089310901931,0.16390627284872097,0.013269104380736417,0.0036965466318056215,0.0019191450485439411
N4642HD,0.9069272317783904,0.08894995154911317,0.0030168629683519376,0.000845162230908932,0.00026079147323541084
N4646HD,0.9316535367548493,0.06561305850129742,0.002013659725423538,0.0005509499257211613,0.00016879509270856471
N4631HD,0.8607855541255426,0.12678401392108007,0.009700778718005653,0.0021991662904565965,0.0005304869449150945
N4656HD,0.015942168165033237,0.06540636122660269,0.43772624626354184,0.34828289909227794,0.1326423252525443
N4658HD,0.8010145411253032,0.1768770123651136,0.01717151346980144,0.00378499242552437,0.0011519406142573563
N4661HD,0.8145174135737705,0.17465345351476969,0.008120709864452673,0.0018548223878348028,0.0008536006591724055
N4665HD,0.8164118279019472,0.17444608926702446,0.007077265764263932,0.0016100709214929186,0.00045474614527146035
N4667HD,0.8583363389120202,0.1361464096630389,0.0038555850980609607,0.0011129764344026162,0.0005486898924771376
N4669HD,0.7480795549885623,0.23968605530069864,0.009533701609793608,0.001947143701968682,0.0007535443989768866
N4673HD,0.24926155831475497,0.510498565129067,0.197867704445719,0.03103385631350604,0.011338315796952941
N0760HD,0.07034977114929376,0.5166440509203485,0.35924330751542627,0.04661167767619953,0.007151192738732025
N4672HD,0.7257235981317962,0.2301593823806272,0.03531974713051205,0.007205561338725078,0.0015917110183395462
N2593HD,0.9175588523334655,0.0773236066496158,0.0033230074103803176,0.001241877596094743,0.0005526560104438443
N4677HD,0.13628118964361213,0.6758308263871629,0.16598036671166744,0.019297872485522737,0.0026097447720347996
N4680HD,0.18127862603814543,0.5505475697541609,0.23596415435170473,0.02581356370773996,0.006396086148248857
N4688HD,0.011541951734370089,0.1032288115614723,0.42986807231345736,0.38389471365476946,0.07146645073593073
N4689HD,0.8357330608549562,0.15916032677506461,0.0037573490562065573,0.0009511758923151417,0.0003980874214574986
N4691HD,0.1690586776742046,0.4050046784337466,0.2385476898346311,0.13518799894469988,0.0522009551127179
N4692HD,0.63004229671264,0.29010043008594544,0.05648960438293489,0.014655943075775321,0.008711725742704325
N4694HD,0.020382777622834004,0.21041590847914407,0.548281032748634,0.1890632482559235,0.031857032893464345
N4695HD,0.07589529477089399,0.6353551460802945,0.27343962870769073,0.01272278271552342,0.002587147725597257
N4699HD,0.2956252215366189,0.11030927791052071,0.5093163322446678,0.06650362786634889,0.01824554044184375
N4703HD,0.43384572145906297,0.4416252256157115,0.06712595063071031,0.0459807191146305,0.011422383179884884
N4704HD,0.0026356507215899512,0.018902755419273002,0.3923729125897972,0.5667037760169031,0.019384905252436767
N4708HD,0.9304013932319394,0.06730347546244964,0.0016355037228271369,0.0004984557771488977,0.000161171805634798
N4714HD,0.6680892211936449,0.2503929150157723,0.05595514145826973,0.013153832932004991,0.012408889400308045
N4721HD,0.17781781428667323,0.622747213629175,0.14681317984500886,0.03624752437164125,0.01637426786750153
N4722HD,0.8262051580478506,0.16812899443888266,0.004113001919964779,0.0010793566442905142,0.00047348894901158925
N4724HD,0.0884150649702852,0.7784299798196841,0.11694720319310675,0.013514264099110085,0.0026934879178137977
N4726HD,0.0332884167434731,0.8180092769442779,0.1415239734783034,0.005646258400596145,0.0015320744333495386
N4735HD,0.7643646068591808,0.22730634139061393,0.006251359461333742,0.0013109729982963727,0.0007667192905749901
N4063HD,0.5214420580363298,0.3771670936264874,0.07169009833011679,0.020561860013576155,0.009138889993489847
N4712HD,0.7997369325009157,0.18928986305267856,0.00878362441753789,0.0016280728369638265,0.0005615071919039507
N4738HD,0.10415924983632914,0.1939417735289321,0.5803031637580034,0.09282966863544902,0.02876614424128653
N4740HD,0.03819555760497807,0.26863339930646896,0.40609706467957457,0.23480095795168124,0.05227302045729711
N4742HD,0.01571082314170088,0.09023407238121399,0.5589326262881763,0.24640648995957248,0.08871598822933631
N4745HD,0.8295311725211036,0.15496442907340327,0.01283537058185315,0.0019502880433177453,0.0007187397803223456
N4747HD,0.8212225451375499,0.16012802615311053,0.012486315384010476,0.004016538956056049,0.0021465743692729604
N4750HD,0.7897911463986381,0.19023688167799374,0.013708694181752124,0.005609685935049742,0.0006535918065663879
N4752HD,0.0025204135214073812,0.03093086568622425,0.4362363861976288,0.4936974383727924,0.03661489622194738
N4754HD,0.5231951280300138,0.4617955586785704,0.012735319866919503,0.0017762542247900884,0.000497739199706345
N4755HD,0.21392086982584857,0.5390148705064738,0.189115898046688,0.04668206765889301,0.011266293962096531
N4756HD,0.450825447222414,0.35018480352303805,0.17010208872307775,0.022731827272880287,0.006155833258589958
N4757HD,0.8620071083674407,0.1270488871260346,0.008982166429735386,0.0015767326371117242,0.0003851054396778487
N4759HD,0.25448745016402674,0.6850226998748417,0.05335670867996905,0.005589673432912227,0.0015434678482503128
N4762HD,0.39599170867982353,0.510632624084285,0.08083351722860978,0.010887066642945208,0.0016550833643364164
N4763HD,0.6468244759160141,0.28735457408078935,0.04666556770533078,0.010034555642710687,0.009120826655155193
N4767HD,0.8303403400087792,0.14781019008591237,0.017146450530512638,0.0038381279873492703,0.0008648913874465438
N4769HD,0.03780712313396748,0.3473121118467493,0.5368166852848704,0.07087818430993251,0.007185895424480397
N4770HD,0.8504757866627304,0.13554134921391195,0.011205081221919553,0.002109636988483383,0.0006681459129547762
N4676HD,0.2371255575498899,0.5610558632904113,0.15994750150355394,0.033980314727042056,0.007890762929102759
N4614HD,0.18938287066666284,0.18276004609420798,0.5484945253972446,0.06431227322136415,0.015050284620520325
N4774HD,0.22547701957911825,0.2973015169581352,0.4067567089802304,0.0584853847267865,0.011979369755729755
N4778HD,0.025987235604955392,0.2102097929304852,0.45148956864321793,0.2690807672685974,0.043232635552744036
N4780HD,0.0032167110332556675,0.024111580640515922,0.1591717639072078,0.49567728141190004,0.31782266300712064
N4783HD,0.6012861945230729,0.3513510723408831,0.03982611834579159,0.00576122222204911,0.001775392568203366
N4789HD,0.8658138695278245,0.11689019354636486,0.011856549784979352,0.003560376327387657,0.0018790108134436473
N4792HD,0.5278436879302696,0.4599020327570542,0.010489883251456857,0.001310648914586997,0.00045374714663235394
N4793HD,0.042923439185293996,0.3755515346952613,0.4835326281909036,0.07334660610639664,0.02464579182214426
N4794HD,0.004909994893578115,0.054713931293167026,0.46783058758158086,0.4450079216732411,0.02753756455843304
N4799HD,0.8293565690460599,0.14110482553990755,0.02592813692586484,0.0029529571767639364,0.0006575113114037665
N4800HD,0.932017798261383,0.06389708987485387,0.0030998307978730303,0.0006071521501230042,0.00037812891576704453
N4808HD,0.08968616047038895,0.8331312353895266,0.0697848874281683,0.006414900343859955,0.0009828163680560052
N4809HD,0.6141996317988526,0.32515287537130455,0.046626524744942284,0.008708016841293856,0.005312951243606798
N4634HD,0.6619671141429796,0.2711518534731317,0.0524195107246979,0.012240108243920987,0.0022214134152697073
N4784HD,0.9152022135566323,0.07705005257343552,0.0058957629908337455,0.001325487203982371,0.0005264836751162037
N4815HD,0.8730578980598316,0.12353195474998538,0.002526393636086748,0.0006371694411145186,0.00024658411298196997
N4816HD,0.7719713484672148,0.20907663498074835,0.013455687785276896,0.0044410951985150975,0.001055233568244971
N4817HD,0.25762151562402946,0.6909878333694581,0.04541496396655284,0.0046084109635934805,0.0013672760763660625
N4818HD,0.916140867153481,0.07741034750026834,0.00483577342627818,0.0011014520833241503,0.0005115598366484797
N4821HD,0.0224605837262041,0.9194486380796555,0.05335797697022393,0.004182348048282435,0.0005504531756337727
N4830HD,0.9052704937982656,0.08927087254933204,0.004082133976967229,0.001157969636418253,0.00021853003901679724
N4748HD,0.8720184534229588,0.12318642607527706,0.003216805523644857,0.0010705840754561423,0.0005077309026632007
N4684HD,0.8245558472417522,0.1676450694399665,0.005323443212560437,0.001695688943210295,0.0007799511625107001
N0389HD,0.025275693927075564,0.888719579724609,0.08186639324109286,0.0032557454932179057,0.0008825876140046672
N4796HD,0.3595963443454063,0.47331055679140543,0.12729798291765004,0.031966268983167394,0.00782884696237095
N4834HD,0.002946958163468513,0.020843361355354525,0.3986190094766558,0.5596099858927129,0.017980685111808246
N4835HD,0.07771797105968611,0.9027325936553671,0.017818516489815785,0.001316042780766848,0.0004148760143641374
N4837HD,0.5236208346517689,0.4627896482777938,0.011966770954525098,0.001233540784331947,0.0003892053315803103
N4838HD,0.04797962180667736,0.9023486789924648,0.044666842110812684,0.003947824135697266,0.001057032954347713
N4839HD,0.043986849651181506,0.6727592287962804,0.2534773317258008,0.025268514909279824,0.004508074917457505
N4842HD,0.8127335696579914,0.15495679638153464,0.026430062459011146,0.00495037859529229,0.0009291929061704434
N4844HD,0.943725957348547,0.05388113541765394,0.0017006905824577566,0.0005081992283439522,0.00018401742299730214
N4846HD,0.09075320211218642,0.30571118668065095,0.32798968380705623,0.17921684476668695,0.09632908263341942
N4847HD,0.7830644357993274,0.20843772982891864,0.006413285535044101,0.0015707588717851914,0.0005137899649247963
N4849HD,0.40551796793133954,0.4749782192619861,0.08698940269979295,0.025552001186407085,0.006962408920474366
N4852HD,0.05254496994718086,0.8063795171291301,0.12612959545930236,0.01275221161752163,0.002193705846864934
N4853HD,0.7266967879816904,0.255749151485856,0.013387097786695622,0.003432755881967016,0.0007342068637910672
N4856HD,0.8784539531973163,0.11707067737556036,0.0031763022276682326,0.0009524788529518685,0.0003465883465030882
N4858HD,0.8973421778662579,0.09654505341228008,0.00409685983714646,0.0013899320697539476,0.0006259768145616595
N4860HD,0.10774550948693509,0.29583345254740007,0.4486404763118442,0.12588635946697352,0.021894202186847088
N4861HD,0.8958067025874057,0.1007279105667871,0.002513696400727232,0.00066575521855157,0.00028593522652831257
N4863HD,0.4266094716942251,0.559620129604884,0.011031869385116301,0.0020508490224489724,0.000687680293325615
N4864HD,0.7511693959207849,0.24076513152518872,0.006041381797060749,0.0016191917840182627,0.00040489897294724816
N4866HD,0.8007272545089081,0.18897602701268496,0.007590942126126231,0.001965772557359925,0.0007400037949206718
N4012HD,0.6399219750548414,0.3287041775971309,0.02452719083354905,0.005711923727283573,0.0011347327871952728
N4825HD,0.16502744537014052,0.4917419744303282,0.2665153133773865,0.06579793680054624,0.010917330021598502
N4875HD,0.025190182084901803,0.4107792812186673,0.41154129084469215,0.12557666865139275,0.026912577200345844
N4878HD,0.023157759773992308,0.11491502963290567,0.36234997037476996,0.33925294967601355,0.16032429054231837
N4883HD,0.05039345223085888,0.5897154138944972,0.33438552106441916,0.022143259817125234,0.003362352993099559
N4884HD,0.7196794516494753,0.2451441273386739,0.02985411868144173,0.004369526087365598,0.0009527762430432877
N4887HD,0.2919123269985909,0.5659898512535334,0.12948556817030213,0.010112414461280158,0.0024998391162934126
N4891HD,0.7185445271151115,0.2548094341338067,0.021233535837157116,0.004483986032330329,0.0009285168815942938
N4892HD,0.09612697875962348,0.765843456798341,0.12092085977791883,0.01538183040725445,0.001726874256862056
N4895HD,0.8518567714725175,0.07866104844589382,0.06111677320753417,0.006867788912872529,0.0014976179611820041
N4899HD,0.75575963646197,0.23586605627651172,0.006586698714191461,0.0012861292620992572,0.0005014792852276881
N4898HD,0.6372186352355874,0.25032749328877746,0.10038353581929194,0.009489547137092278,0.002580788519250815
N4902HD,0.6752243591390215,0.28315486677668184,0.03117057369219935,0.008752854162688208,0.0016973462294092199
N4904HD,0.1091993284969994,0.3644686884648758,0.4155055802695677,0.08553280807472263,0.025293594693834555
N4906HD,0.7585319805783031,0.22545546482940934,0.011230556157043638,0.003916984699110794,0.0008650137361332843
N4909HD,0.8350849150631064,0.08341759639139226,0.06715590830563888,0.009433656985324841,0.004907923254537409
N4912HD,0.6527494324604975,0.3190434432082087,0.0236297445713272,0.00377954008024565,0.0007978396797210392
N4913HD,0.621828543532141,0.35710007128810756,0.01846225573115126,0.0020986325110405627,0.0005104969375597062
N4914HD,0.11479918200634595,0.7082207584707437,0.1549770009501493,0.019514284337909443,0.0024887742348515284
N4908HD,0.8911173020038419,0.10556041890152024,0.002556867939722413,0.000548825739373896,0.00021658541554144347
N4937HD,0.8657984196344122,0.13066778250410757,0.0025701274201086117,0.0006916413493766873,0.00027202909199495806
N4938HD,0.8860479186811684,0.10959005210239002,0.0033836820202786623,0.0007116475802729764,0.00026669961589009046
N4949HD,0.8969066383505514,0.09744747428803414,0.004016588207784797,0.0011048444920242473,0.0005244546616052833
N4952HD,0.7738022966346024,0.20433806702293641,0.016462430235497864,0.00408587746074389,0.0013113286462194114
N4954HD,0.3708635616909924,0.5622307858725144,0.05746899320626573,0.007949266179731783,0.0014873930504956377
N7917HB,0.9030148900384448,0.09400380898687494,0.0021420912916489364,0.0005855211561627583,0.0002536885268685722
N4951HD,0.8021644575700413,0.18881866761071756,0.00754062106414868,0.0010801107621050518,0.0003961429929874236
N0385HC,0.10532147050067588,0.42482127445423334,0.36588682118363286,0.07125272948938642,0.03271770437207159
N3920HD,0.4462963471253587,0.46766267376572196,0.07590786271837235,0.00751498124592357,0.002618135144623509
N9498GW,0.7663189397161787,0.21147291058554232,0.01775525031398221,0.003392949117244863,0.0010599502670519017
N4961HD,0.9208219495066104,0.07694630770249467,0.001734253097798635,0.0003137569816342821,0.00018373271146167528
N4965HD,0.32218697639228605,0.5735078607441532,0.08855046560994817,0.013253083578377305,0.0025016136752353
N4967HD,0.6577577116025856,0.29263333196731817,0.03583996809062563,0.01176477621630718,0.0020042121231635276
N4968HD,0.38249791990571924,0.49554800474997796,0.08646198364568936,0.02946745625080521,0.0060246354478080836
N4973HD,0.7816619107260107,0.1995574300492172,0.014194243384839239,0.0038727788966586105,0.0007136369432745277
N4976HD,0.012754011078534185,0.26483362499582186,0.6395007243142247,0.0740755230747106,0.008836116536708667
N4977HD,0.30188687320149704,0.6552437352293563,0.03851153634097748,0.003611895480266642,0.0007459597479023739
N4978HD,0.7363462087215689,0.22680422281218773,0.02657212712023244,0.0089013032086233,0.0013761381373877458
N4982HD,0.3672905149163185,0.490413901319763,0.11663632118599815,0.019892858276400287,0.005766404301520093
N4983HD,0.15179933195209155,0.5740167508415188,0.21840883666080782,0.05137282191946925,0.004402258626112399
N4984HD,0.8169065822198177,0.1771324062094584,0.004386458590989244,0.0012012255885910496,0.0003733273911436453
N4992HD,0.009812509634260202,0.10276319887646569,0.30325806662450566,0.42661845639210344,0.15754776847266513
N5000HD,0.6214258868259539,0.2878667435241825,0.060046728491267104,0.023151645507992098,0.007508995650604509
N5006HD,0.6490879027138806,0.3086077430036072,0.03468158334716221,0.006320799993871537,0.0013019709414785658
N5007HD,0.7724974061868388,0.19764328951717905,0.024271577391994405,0.00453636272242804,0.0010513641815598626
N5008HD,0.23540598687301015,0.64817879801925,0.09995868819799042,0.014504827841875904,0.0019516990678734032
N5011HD,0.16793454083492768,0.684922216250793,0.12812054693922748,0.014280505632411856,0.004742190342640096
N5020HD,0.6153601282764803,0.32524029446805375,0.04973048145314924,0.007611124919017273,0.0020579708832992533
N5024HD,0.848234851060901,0.13841533090707703,0.010307181611750295,0.002403068159993332,0.0006395682602784061
N4826HD,0.9020449744423817,0.0909982178428214,0.005206592788641596,0.0013569092306159516,0.0003933056955393619
N5032HD,0.8994223893332451,0.09196812357788055,0.006593540542897242,0.0016592911353176534,0.00035665541065955806
N5041HD,0.925982688782873,0.07177931381004572,0.0016775088603602042,0.00038730574841801404,0.0001731827983029359
N5043HD,0.9588885977448042,0.037798963009999346,0.0024709458118571683,0.0005685239685619128,0.0002729694647772182
N5044HD,0.07706449434264497,0.08038728975119755,0.554478828568922,0.20588472515349082,0.08218466218374465
N5045HD,0.8350668063165996,0.15112861195951716,0.010599182805209073,0.0023335656325060186,0.0008718332861680836
N5004HD,0.9029061608217299,0.09187596568676926,0.003590317767416656,0.0011673231968292407,0.0004602325272549608
N5055HD,0.65093127935937,0.29103542945533006,0.045661819548719014,0.010968577654263099,0.0014028939823178097
N5056HD,0.07965214652647927,0.2123734213883849,0.4164140885636908,0.20721794916585587,0.08434239435558924
N5057HD,0.7344700024283438,0.255493569001237,0.007513749787168815,0.0019974046967280727,0.0005252740865221509
N5059HD,0.5273596846526063,0.20974411335549797,0.22780127580022402,0.027032826474231643,0.008062099717440124
N5061HD,0.21622675447815815,0.6398821020329595,0.12513403761077643,0.015943689736193183,0.002813416141912818
N5018HD,0.8968004409705431,0.09894105566586836,0.003034694097109188,0.0009098562065246137,0.0003139530599547399
N4896HD,0.772529758194234,0.21371814750457213,0.010482958394032228,0.002485665757017385,0.0007834701501442705
N5064HD,0.765204927343525,0.21386218050037428,0.014173895840665432,0.005699729497319298,0.0010592668181160201
N5065HD,0.4718567273239119,0.486869151478073,0.03360172574402905,0.006004015968588765,0.0016683794853972424
N5067HD,0.20237230830283554,0.5105203312150413,0.22744444258973187,0.0515279436315656,0.008134974260825689
N5070HD,0.02752805243858617,0.5316660324050535,0.4034843509557614,0.032563971478662114,0.004757592721936782
N5071HD,0.11603319891282499,0.7952895995832343,0.07801738544101454,0.008984095504134908,0.0016757205587912651
N5072HD,0.12084466257751678,0.7945161718128488,0.07336215687107961,0.009592768638846776,0.0016842400997078742
N5074HD,0.8336996307284139,0.15038924083114755,0.01231896546503973,0.0027860655239234536,0.0008060974514754669
N5075HD,0.9398212490198118,0.05726625938252415,0.0020416209608874916,0.0006314387053878287,0.00023943193138876274
N4923HD,0.8244165987808575,0.15712813659292024,0.01416723494606033,0.003095227073217081,0.0011928026069449218
N5076HD,0.7382022254412999,0.24995175481748808,0.009692112561141983,0.0017208562269355047,0.00043305095313449937
N5079HD,0.015949912433584047,0.19577673719135902,0.48633149768894407,0.28073261747260103,0.021209235213511906
N5080HD,0.5960016087549508,0.24372132963193074,0.12745790893925465,0.02437390406639321,0.008445248607470623
N5082HD,0.8456861923815387,0.136340061605896,0.013240303894661144,0.0036105099620532114,0.0011229321558508644
N5083HD,0.6812334284552792,0.2747077764499068,0.0369609834816163,0.005672337568225242,0.0014254740449723795
N5085HD,0.10677444764220767,0.5898515829013078,0.26788722598875,0.028616543456636317,0.00687020001109823
N5051HD,0.3440114616064552,0.6279343274187296,0.025309992015611085,0.002030819894067279,0.0007133990651367885
N5039HD,0.026994143169635793,0.1723780674243889,0.45735407479407997,0.282236214669741,0.061037499942154363
N5088HD,0.8722891255236177,0.12326077324381116,0.0035002602630342518,0.0007094571976160476,0.00024038377192103696
N5091HD,0.06247383044469756,0.925726033792657,0.010603910674512645,0.0009147175133621797,0.00028150757477063225
N5093HD,0.011806856199223316,0.06418120882962713,0.30993436507399114,0.5297611303508377,0.08431643954632075
N5100HD,0.005892590954990773,0.06840572337514474,0.42066835891669624,0.47512995607916747,0.029903370674000652
N5103HD,0.03551974317974402,0.17868768574528976,0.38633846162181684,0.292664045843979,0.10679006360917045
N5104HD,0.936444114121615,0.061393332988908415,0.0015469005923385087,0.00043426305106712535,0.00018138924607077642
N5105HD,0.8394421618353312,0.14670937890934838,0.00876601070612189,0.0035954650080683988,0.0014869835411300597
N5106HD,0.6958750181290885,0.2783904665096602,0.019675592168740097,0.004774495863888506,0.0012844273286228317
N5109HD,0.5165535040949746,0.47074006508739663,0.01072706679780716,0.0015112719026914418,0.0004680921171302562
N5112HD,0.46710589061855434,0.4433735359532099,0.07100019414002622,0.013818553163369383,0.004701826124840108
N5115HD,0.8788376287121047,0.11249610907930489,0.007044187233856873,0.0012591048775323279,0.00036297009720135477
N5120HD,0.007335429950478427,0.07128500892752887,0.252300180958631,0.6071261561531871,0.061953224010174605
N5121HD,0.5829627511618849,0.3874792739092163,0.02062165360921429,0.00714255495637363,0.0017937663633108179
N5122HD,0.586297018108081,0.3366894069574709,0.0616436463096025,0.012902529052478311,0.002467399572367244
N8305HB,0.8667903452216852,0.12919181582416236,0.002902951438273388,0.0008595214061563595,0.00025536610972272606
N5126HD,0.0410980554301525,0.2613186001130868,0.3659027053809676,0.27280598405437734,0.058874655021415666
N5128HD,0.9083713212254372,0.0875122006025314,0.003004181630473139,0.0007393118940454574,0.0003729846475129069
N5133HD,0.006244210030359923,0.09857291693154889,0.4869333236195917,0.37595920302897134,0.03229034638952831
N5135HD,0.8396800055490725,0.14500604340832102,0.012260821695535308,0.002568514464636738,0.00048461488243446796
N5143HD,0.8451480859285642,0.14578079358609347,0.0076019727672799265,0.001125842971205658,0.0003433047468566848
N5144HD,0.31053652415747546,0.6039088839749012,0.07309189479222504,0.009835255006161236,0.0026274420692372455
N5149HD,0.1820847254843288,0.40650918440959494,0.31644434803536653,0.07608459812163411,0.018877143949075786
N5152HD,0.30960222885359423,0.6348774959619103,0.048462476410166946,0.005900656396342013,0.0011571423779862396
N4394HD,0.13934321288534396,0.4140070832229731,0.3343113021420909,0.09202400034577798,0.020314401403814054
N5029HD,0.11222475802289286,0.41657804896620043,0.36462944217163334,0.08495073056483486,0.02161702027443836
N4368HD,0.9469497277787704,0.05039023857182384,0.0018262653704595884,0.0006048662527108113,0.0002289020262353199
N5013HD,0.20612747427148165,0.42277309503137284,0.2799034460459735,0.06658163220324535,0.024614352447926702
N5153HD,0.3449725579314965,0.5370351423208984,0.09851412367724435,0.015290664373610216,0.004187511696750403
N5157HD,0.8752483512606781,0.11732475127506692,0.00518104862453058,0.0012834717032322747,0.0009623771364922888
N5170HD,0.6548218526332359,0.3168551080784797,0.023395982919939263,0.003695597494101,0.0012314588742440636
N5172HD,0.8812349333315006,0.10665279725975957,0.008397008552371833,0.0024784994609410283,0.0012367613954269259
N5173HD,0.7428142320856713,0.21477315124383464,0.03191905851397329,0.008221578685347812,0.0022719794711728854
N5147HD,0.46428086246770295,0.4340763875729089,0.08291427172348063,0.014876010591247216,0.003852467644660272
N5178HD,0.7747012140141827,0.19749024092953443,0.022153750886584896,0.004679615222875501,0.0009751789468225042
N5180HD,0.5583465809443269,0.28465035500212615,0.11879660125514295,0.03151747774875237,0.00668898504965161
N5181HD,0.45585871280757495,0.4666886967535369,0.058202329836309144,0.013197136621876585,0.0060531239807024
N5182HD,0.8825554515837541,0.1129871613254896,0.003268720845259337,0.0008149830669318014,0.0003736831785648371
N5183HD,0.11218183357207162,0.8562345572601193,0.028041262058397316,0.003031586412908633,0.0005107606965029199
N5185HD,0.18316158892595022,0.4321224556335434,0.2620943901801056,0.11173040039257325,0.010891164867827607
N5187HD,0.07725771317194688,0.3223211897191019,0.35479548282085227,0.18641285810585628,0.0592127561822425
N5188HD,0.20804325667296378,0.5414732670233452,0.13945016913032102,0.10163752835025763,0.009395778823112272
N5190HD,0.0067678145998349,0.0680028433241314,0.36700173117141266,0.5226686402003312,0.03555897070428986
N5192HD,0.5670321161016697,0.4223624287160793,0.009265967200672852,0.0010016119217424301,0.0003378760598355877
N5193HD,0.7096987872041698,0.25459789101782043,0.029286623126063574,0.005009754612227588,0.0014069440397187544
N5197HD,0.8708229544652567,0.11977297172395011,0.00820000377820939,0.0008868315642693927,0.00031723846831457556
N5198HD,0.20596877004447892,0.49544235710212825,0.20096309798158368,0.07922434880973608,0.018401426062072946
N5199HD,0.6045611565389687,0.3325143718275494,0.0470983155512336,0.012212522440469524,0.0036136336417787254
N5200HD,0.8296326148630848,0.15987700282556605,0.007960924066540543,0.0017785980016797446,0.0007508602431290951
N5203HD,0.0296294408245979,0.18009557390980688,0.4273450003209985,0.31516794275492965,0.04776204218966708
N5209HD,0.027467496744548597,0.2255623164417589,0.4866646895923999,0.2400610810729839,0.02024441614830865
N5212HD,0.8228271596868173,0.16858102787169071,0.0070057374688623445,0.0011422475414600071,0.0004438274311696535
N5215HD,0.580765381971268,0.36086463093805776,0.0480473453867458,0.008128535379262137,0.0021941063246663597
N3574HD,0.8085809111736503,0.17883675153739853,0.007790107434779915,0.0034615003086095396,0.0013307295455617857
N4760HD,0.028002092711752233,0.194823822811533,0.41262140799865155,0.26056353881421435,0.10398913766384903
N5225HD,0.5197486116389816,0.44372059699764005,0.031740838720618156,0.004024093003640064,0.0007658596391201432
N5226HD,0.5227480916293298,0.4100549789571391,0.0502936733524012,0.012653678567121258,0.004249577494008752
N5227HD,0.7766406341567536,0.1975155723341431,0.02076136779360437,0.003908798071675677,0.0011736276438233408
N5233HD,0.005432078600674595,0.0433033937304463,0.2143211550995324,0.33131865428512647,0.4056247182842203
N5238HD,0.8843523935919473,0.09942226476669351,0.01094628652583822,0.0035504236331282213,0.0017286314823927802
N5241HD,0.7768851567944514,0.1961819744427362,0.022513129648792884,0.003343734009262651,0.0010760051047569122
N5243HD,0.005164893749494576,0.03949563058673885,0.3731958217900786,0.5682116806759507,0.01393197319773735
N5246HD,0.7821675033214911,0.19699047062420183,0.015524564481447973,0.00384433556539814,0.0014731260074612026
N5247HD,0.003758430807413164,0.016227087827300493,0.2810645646422756,0.6843844558736097,0.014565460849401014
N5248HD,0.5960948988484075,0.16822059510377174,0.2006084993300531,0.02938920407412476,0.005686802643642767
N5253HD,0.5956262225436845,0.32920057852121387,0.05277322236535369,0.014319974119523822,0.008080002450224142
N5257HD,0.02735367059834793,0.18421833821932082,0.387165003285042,0.3484745964982795,0.05278839139900978
N5259HD,0.01917349968503255,0.08663309706154416,0.30176111727440585,0.2925481648815078,0.2998841210975096
N5262HD,0.057542288007707956,0.3369745341328718,0.5747498563147476,0.026637193167056566,0.0040961283776161095
N5266HD,0.13760363526158995,0.7590605849493762,0.09296097154284896,0.008246269932003926,0.002128538314180972
N5270HD,0.7011944525256311,0.2719127915462301,0.020672453069288735,0.005002701091368185,0.0012176017674818572
N5271HD,0.40433734971365143,0.3747214155981251,0.19184414850193868,0.023479233198328335,0.005617852987956446
N5273HD,0.8780496822630834,0.09869586021713281,0.018775933931757558,0.0032980468499628156,0.0011804767380634179
N5274HD,0.887265263151996,0.10331478351000076,0.007349359707874675,0.0016426910112356783,0.00042790261889277836
N5211HD,0.22800834727594166,0.5631366110085716,0.15541307280686004,0.04804232029208448,0.005399648616542272
N4843HD,0.569208972418198,0.35416219521699177,0.05848108417244786,0.01425983826190467,0.0038879099304575193
N5287HD,0.5948121869438712,0.36111556858705424,0.03607611596682848,0.006538275212134325,0.0014578532901119415
N5286HD,0.07677691676418345,0.2185639446661654,0.4681029270777115,0.1563965237399698,0.08015968775196985
N5292HD,0.029185816117831213,0.18548291055794536,0.38924175049620413,0.3443705037794418,0.0517190190485775
N5294HD,0.7984590649517941,0.19318491911331656,0.005932658080370896,0.0018090258021521712,0.0006143320523662911
N5296HD,0.31145097026913754,0.4861688680578639,0.13569700720825664,0.05927108377829135,0.007412070686450704
N5298HD,0.8243432737731311,0.1542143652244971,0.01714148302796829,0.0034138941343780558,0.0008869838400252341
N5303HD,0.8637613267977676,0.10120107421999307,0.026775616954827924,0.006465012805431105,0.0017969692219803458
N5305HD,0.06748187357758181,0.3960510733267167,0.4466477631485601,0.07765346551200271,0.01216582443513873
N5306HD,0.8601653496912613,0.12816334320775213,0.009502022156992172,0.0016671372345629485,0.0005021477094315013
N5307HD,0.037169300976697066,0.2573445900424098,0.39601317076670056,0.22459292909053377,0.08488000912365888
N5311HD,0.23267704701728842,0.5511589220870609,0.19191878725733932,0.021351004263495493,0.0028942393748159455
N5314HD,0.8574053324201947,0.1322967850622827,0.006901835282646045,0.0025561420529942027,0.0008399051818823567
N5073HD,0.07661211781188274,0.33163295097254586,0.3685183146983944,0.1845018729951409,0.03873474352203632
N5277HD,0.030114771378075635,0.13741880350069902,0.3584347067256447,0.32145166099769545,0.15258005739788513
N4885HD,0.9328394851289237,0.06181023084774686,0.003813565836878435,0.0010868386935394736,0.00044987949291170243
N5318HD,0.015787423062017733,0.2698949851085249,0.5044040358092526,0.17150496004145505,0.038408595978749606
N5321HD,0.8352200850106576,0.13705212323482419,0.022481470527393528,0.004186269526036605,0.0010600517010880236
N5323HD,0.9400842632047927,0.0581277910116343,0.0013385085996252958,0.0003181834713620496,0.00013125371258578894
N5324HD,0.7034747222527888,0.25666766935744567,0.03159432007795565,0.006755720854395493,0.0015075674574141894
N5326HD,0.8317083882030823,0.15316054352745184,0.00964327856919696,0.0035347831994562793,0.0019530065008126923
N5327HD,0.6955785582714242,0.2883516271589289,0.011927216611302725,0.0028947800027218644,0.0012478179556222092
N5329HD,0.02170859086939151,0.09990389873248795,0.7384155429410203,0.11719452153467083,0.02277744592242944
N5331HD,0.7712635931238602,0.21282246626452558,0.012612685350352117,0.002461920393852704,0.0008393348674095516
N5332HD,0.7849613683152767,0.1913757392147035,0.01773457140319218,0.004651361870387393,0.0012769591964401643
N5333HD,0.8491256508712889,0.14512654157265234,0.004611902825546572,0.0008273761962963486,0.00030852853421588705
N5334HD,0.021532588986912977,0.9554065590218297,0.02109253902349697,0.0015899204400306088,0.0003783925277298258
N5338HD,0.014208308031630904,0.09779460606417908,0.3442227653037573,0.35388889896242914,0.1898854216380035
N5339HD,0.01073029930135288,0.024447273947219877,0.6924439914822291,0.20266798162148494,0.06971045364771325
N3820HD,0.01673869933288903,0.0791794937445812,0.3596623308681809,0.3383030958536153,0.20611638020073358
N5342HD,0.830815229938331,0.15860442326959995,0.008560987074925116,0.0016361380716658732,0.00038322164547802595
N5345HD,0.6594530950621315,0.2873171429281035,0.04072437519280706,0.009432264314215752,0.0030731225027421354
N5346HD,0.7884022519739864,0.2039646116755384,0.0055430989589108515,0.001720725084197099,0.000369312307367429
N5348HD,0.015198587738408912,0.16228906772946913,0.274125749503395,0.44405481803589414,0.10433177699283282
N5351HD,0.6654988241268488,0.2719615846155748,0.04524870356278138,0.014174882159774879,0.003116005535020121
N5354HD,0.005111309468068878,0.026014068416020466,0.34536299100781565,0.6109700675627401,0.012541563545354937
N5355HD,0.696473001667779,0.2679364518208784,0.028495851092820233,0.005123963070848674,0.0019707323476737537
N5362HD,0.9086786581167117,0.08748973599916918,0.0028635894741841274,0.0007037828761189076,0.0002642335338160738
N5364HD,0.7723547711965416,0.20364343849397074,0.018904999153867744,0.004225056197488003,0.0008717349581319943
N1264HD,0.02999613232476284,0.8265119667772619,0.13379044282683816,0.008467633041429348,0.0012338250297076344
N4985HD,0.19613208547327213,0.5096812999938369,0.23181901450778802,0.04979955196878846,0.012568048056314386
N5368HD,0.007448531425191956,0.09128028827812723,0.44640627965143487,0.41726103345186727,0.03760386719337858
N5371HD,0.8750499212981027,0.11401812667219448,0.007712285963878166,0.002417501091758009,0.0008021649740667015
N5372HD,0.7577415594642138,0.2271083672723045,0.012412003875175652,0.002178043587359485,0.0005600258009464991
N5373HD,0.4060825989967149,0.5788007898260967,0.012516944123270483,0.002095485298088079,0.0005041817558298258
N5374HD,0.6260011727961752,0.35927517115083946,0.012290628186351701,0.001649310489584664,0.0007837173770488917
N5377HD,0.6212800298789285,0.35722775880343843,0.018192581152635213,0.002470711288152697,0.0008289188768451603
N5379HD,0.8109528589996209,0.16820692543416066,0.016626912660113093,0.0035679234458610987,0.0006453794602441815
N5381HD,0.05831641594332107,0.3275483344279832,0.2612683600203186,0.29318928360683155,0.05967760600154566
N5383HD,0.1536795535198701,0.3695919850904524,0.29547993853762133,0.16072519266214638,0.020523330189909702
N5385HD,0.8742214147937791,0.12348681913339607,0.0016801672480729292,0.0004365298703324123,0.00017506895441939926
N5387HD,0.014457431255928774,0.10029414221476318,0.3461717153548619,0.3820047547622511,0.1570719564121951
N5388HD,0.03878852050061931,0.23205732575128948,0.3898166947166679,0.3077634552065509,0.03157400382487241
N5389HD,0.03086130348452838,0.40402644888546546,0.5306624505714292,0.026967076949401175,0.007482720109175717
N5391HD,0.5952662948993118,0.3595784163912819,0.03736253714503675,0.00618099750223398,0.0016117540621354886
N5393HD,0.49029948401165724,0.4779584756195653,0.02687863753663797,0.003963170205746239,0.000900232626393424
N5395HD,0.7691638082525947,0.19958552952440714,0.025891718142341612,0.004431733849310419,0.0009272102313462506
N5397HD,0.8082398545992261,0.1642001342797404,0.022617824874018217,0.004049244814728178,0.0008929414322872434
N5398HD,0.7714674907532189,0.19842009642260555,0.023867678295553352,0.0051118601516402015,0.0011328743769820917
N5386HD,0.11401583457707903,0.7005491835174404,0.1755463941364315,0.00866044614125383,0.0012281416277950723
N2483HD,0.8634414472093783,0.12577238811475056,0.007601599337894642,0.0021962373260783806,0.0009883280118982121
N5402HD,0.8520627583971321,0.13979610108008772,0.0058488381912537805,0.0016816286103791707,0.0006106737211474779
N5404HD,0.6635005168443696,0.2855108456060743,0.041516297072229286,0.007926689297083204,0.0015456511802438289
N5405HD,0.9227741766040441,0.0722278575726361,0.0037792661837785175,0.0008523533287595823,0.0003663463107814729
N5407HD,0.18134808028469235,0.5962879545492488,0.17237997690264859,0.04454162109653203,0.005442367166878287
N5414HD,0.5572991821598444,0.4328263870061937,0.00828672692486896,0.001223452616467794,0.0003642512926252129
N5415HD,0.8552941882431975,0.14003644215448566,0.003293412682926302,0.0010358523276194408,0.00034010459177128224
N5416HD,0.08399138570645599,0.8609579430650636,0.04761701792656471,0.0060359331755645545,0.0013977201263511256
N5421HD,0.7672311363492859,0.20545688035667278,0.022896405798719117,0.0035557407382631216,0.0008598367570589642
N5430HD,0.8584864968373809,0.12894301182388956,0.009504057357411687,0.0024675926957596745,0.0005988412855582042
N5431HD,0.05917485048473049,0.8063558442188049,0.12346337756834834,0.009672841685259188,0.0013330860428571276
N5432HD,0.7121301089435533,0.2670969819976378,0.01548775843137435,0.004539549457728854,0.0007456011697056571
N5437HD,0.7884026915338717,0.1960278307942701,0.012768178841827968,0.0022350936656297797,0.0005662051644006598
N4225HD,0.30014483546425275,0.5149413441434588,0.15791848971817823,0.021189772630284254,0.005805558043825808
N5123HD,0.5301061224847557,0.42183399444647357,0.038957640669558244,0.006927284334152593,0.0021749580650599117
N9187HC,0.014030447460351994,0.10736346127055152,0.33413599614730866,0.47472298923260114,0.06974710588918671
N5439HD,0.26139862233917677,0.5220844395716476,0.16305263880793086,0.042125024626950204,0.011339274654294667
