ncode,proba_0,proba_1,proba_2,proba_3,proba_4
N4541HD,0.7517847660998299,0.22905479265918569,0.014830535553190605,0.0029511867585965677,0.0013787189291972638
N4397HD,0.0065744736824861205,0.05090088596156667,0.35977572734312513,0.537905162438681,0.04484375057414108
N4544HD,0.8915424745395968,0.10404502808377838,0.0031211328354518323,0.0009875424755649614,0.00030382206560812823
N4545HD,0.045470260470252814,0.18876564470089724,0.4523424303141773,0.2255143487476562,0.08790731576701634
N4546HD,0.1563891238218987,0.7450343401852717,0.09185868311573206,0.005400774453076089,0.0013170784240215017
N4550HD,0.910563263517647,0.08389012217649396,0.0038231612139559804,0.0012930484921204782,0.00043040459978261963
N4551HD,0.7905357127826607,0.2040810526616498,0.004373463929999907,0.0007531762485674828,0.00025659437712203197
N4554HD,0.05720567907392685,0.48178818329633755,0.4140606307257993,0.03980878037487629,0.007136726529059988
N4555HD,0.3156863902979347,0.6293187821586622,0.047411670782354934,0.005724151383356691,0.0018590053776913085
N4556HD,0.4471214065070159,0.38696963950920443,0.11975455344032533,0.03893697431087976,0.007217426232574566
N4563HD,0.4146957162155401,0.4200149677555679,0.13749335583074712,0.022958166418415162,0.004837793779729642
N4567HD,0.9144877806378847,0.08064281883286678,0.003099628980081522,0.001217934443786299,0.0005518371053806748
N4561HD,0.8400907214510218,0.1556026671864456,0.003028926173614619,0.0009164200170634667,0.0003612651718545669
N4571HD,0.329501458927595,0.4697703615151266,0.15673404437381516,0.030722333933701846,0.013271801249761558
N4574HD,0.9541647466034249,0.04358127973828429,0.0015292830416916274,0.0005199359235789579,0.0002047546930200815
N4575HD,0.7607369931176831,0.22185485375457847,0.012808054818186991,0.003693900401526222,0.0009061979080252987
N4579HD,0.1639095993716684,0.6125944141355816,0.17180232494469233,0.04084912987089761,0.010844531677159958
N4581HD,0.16564137776269147,0.6901339901984352,0.13209887569503242,0.010142927908774075,0.001982828435066752
N4584HD,0.1497137740478214,0.793063276796962,0.05280018068913357,0.0035243615782114945,0.000898406887871521
N4578HD,0.781343321789522,0.21130870750527747,0.006023620268280679,0.0009428027583470464,0.00038154767857268425
N4590HD,0.15035984578497583,0.7376462316307245,0.10463460845088839,0.00618840625792507,0.0011709078754861485
N4593HD,0.015719780742704307,0.17345010586771542,0.482091284792121,0.3107304267504206,0.01800840184703861
N4151HD,0.06553090669351835,0.44231975480334584,0.2905927189643077,0.14768566937246658,0.05387095016636143
N4594HD,0.8539294888833153,0.1389097732675525,0.005564451334150146,0.0011962744595420407,0.0004000120554401054
N4600HD,0.12213960249919885,0.7974353751159631,0.07108660583682991,0.007927529283870938,0.0014108872641372405
N4605HD,0.048850806720547015,0.3414694695638349,0.5082613657773883,0.09521562200542442,0.0062027359328052515
N4612HD,0.594030301720424,0.3612350315482793,0.034724351426167775,0.008544529774402822,0.0014657855307260476
N1701HC,0.08921215335040315,0.16999026902944978,0.50697606562305,0.18339990318960162,0.05042160880749546
N3705HD,0.002036106966332743,0.009861651387649098,0.08442887907552601,0.3986658726876652,0.505007489882827
N4589HD,0.6674159879642345,0.28587848532350374,0.03179320138073353,0.012640913048579741,0.0022714122829484
N4339HD,0.9314751947280419,0.06594909072291812,0.0016641478474822338,0.0006990218016093798,0.00021254489994837353
N4615HD,0.016506830807285676,0.10901552952286071,0.32278184018884576,0.4874441319622188,0.0642516675187891
N4618HD,0.8795944255802487,0.11516154490633475,0.003342813653814761,0.0014397039404061166,0.000461511919195515
N4624HD,0.49504254088370203,0.49546909347430845,0.008216132244860898,0.0009717810723126904,0.0003004523248157634
N4626HD,0.8135881811381769,0.15928736653771616,0.020134377170969914,0.005380543039608194,0.0016095321135288772
N4628HD,0.08484732312242402,0.4153476376566357,0.3685017551641342,0.0981883293873118,0.03311495466949413
N4638HD,0.09491685737310215,0.4473467129787043,0.2388798205311649,0.180447531297987,0.038409077819041695
N4639HD,0.7932177830956376,0.18499127303133553,0.01528046038168477,0.0043938231464377185,0.0021166603449043592
N4642HD,0.9170417958603984,0.07933216230246753,0.002637436645154879,0.000734930332146567,0.000253674859832426
N4646HD,0.928769536995181,0.06843731410951241,0.0018928050792217693,0.0006985176467057771,0.00020182616937928442
N4631HD,0.872527762418378,0.11796016626346655,0.0066208820793038515,0.0023230378354073345,0.0005681514034443192
N4656HD,0.014321861493152472,0.08700509756508897,0.3407690514502427,0.41005376265733995,0.14785022683417584
N4658HD,0.838439780623013,0.14015216846670397,0.016699853993528253,0.0035131844554778286,0.0011950124612770648
N4661HD,0.8483312758283278,0.1423430289279446,0.006278057916064074,0.0021095270661436885,0.0009381102615198555
N4665HD,0.8443035083824367,0.14793608962973023,0.005856201407802965,0.0013642466837948334,0.0005399538962352549
N4667HD,0.8730821041868789,0.12141902978454205,0.003770951444521252,0.0011744922037332747,0.0005534223803244953
N4669HD,0.7366298708377849,0.25230101868174865,0.008174378949055504,0.002133559006536111,0.0007611725248750626
N4673HD,0.2005445669629054,0.5294961880472643,0.2151334681022672,0.03936532319396094,0.015460453693602218
N0760HD,0.0713314862981095,0.509116678415194,0.3593577572940204,0.0521263166613417,0.008067761331334543
N4672HD,0.7296751814751753,0.2238084698895706,0.03585565406211765,0.008960517078891518,0.0017001774942448614
N2593HD,0.8877056262255453,0.1063370835127293,0.0037545120861209925,0.001581359108455396,0.0006214190671489804
N4677HD,0.09016976449373369,0.6835912111496993,0.2070455943560456,0.016004317192732345,0.00318911280778896
N4680HD,0.14932659803444714,0.5669317216526858,0.2381115500289542,0.038209325918909805,0.00742080436500316
N4688HD,0.014256853914597158,0.10724695120769988,0.4164085407609544,0.38478779241764116,0.07729986169910733
N4689HD,0.8632516382905775,0.13207327056804125,0.003333386894710333,0.0009593101720662237,0.0003823940746046608
N4691HD,0.1355556667410388,0.39440289203042755,0.26232055341238014,0.16246520428461736,0.04525568353153611
N4692HD,0.7189093078561265,0.22445983621935708,0.040322850901789574,0.010893260967685978,0.005414744055040899
N4694HD,0.023279157445014447,0.15962718888093363,0.5248628144308268,0.23721364812866305,0.055017191114562096
N4695HD,0.052232660819831925,0.6673763028047877,0.25800589033903815,0.019519090643454893,0.0028660553928875265
N4699HD,0.2028255064873294,0.11469226361756102,0.5618189802884527,0.10159959249217834,0.01906365711447852
N4703HD,0.5095383566084913,0.3525257388362463,0.0827081937528338,0.045298391529075874,0.00992931927335271
N4704HD,0.0033076947031117744,0.016994018631140577,0.3496634178231834,0.6098844627551806,0.020150406087383665
N4708HD,0.9432651063206449,0.054274079499564955,0.001785130556138457,0.00048373715663372214,0.00019194646701782388
N4714HD,0.6718259139561081,0.25916833175427856,0.05234380874082393,0.010648661732767063,0.0060132838160223
N4721HD,0.23227762840498734,0.5643539605871882,0.14429615217517044,0.04493394615145887,0.014138312681195309
N4722HD,0.8251364771273596,0.17022303027487407,0.003381947066585652,0.0008868490667224024,0.0003716964644581574
N4724HD,0.09183049125461637,0.7803076172300687,0.11726157334680831,0.008992328107021462,0.0016079900614851606
N4726HD,0.034813183390545496,0.7856816701442375,0.17091230531191323,0.007155456023299652,0.0014373851300040169
N4735HD,0.7774302654872575,0.2146202986332323,0.006168240495946596,0.0011999407843598141,0.000581254599203806
N4063HD,0.49528846770771917,0.4035002995736569,0.06708009420922076,0.02199377800036317,0.012137360509040136
N4712HD,0.7495145538335419,0.2396810128012214,0.00808318600614593,0.002186296398421132,0.0005349509606696004
N4738HD,0.09170539542130654,0.16838079270247164,0.633035828171293,0.08375322009207452,0.023124763612854274
N4740HD,0.05656524002353098,0.2765192213737086,0.33935249918057986,0.26632729024856683,0.06123574917361375
N4742HD,0.018467259465266325,0.0972506094938647,0.5457858432572431,0.2582155385344776,0.0802807492491483
N4745HD,0.8383037396622826,0.1505046895184347,0.008667141864079148,0.0019173232142840715,0.0006071057409195655
N4747HD,0.8528786877822817,0.13231286855449506,0.01052801048638477,0.002845539545800609,0.001434893631037803
N4750HD,0.7485557836594776,0.22809763693127097,0.015679151639175944,0.0064123553003270954,0.001255072469748364
N4752HD,0.0031811944225846062,0.031110383036691003,0.4017133818169847,0.5281117614096202,0.03588327931411956
N4754HD,0.4853248603816194,0.4980237733572897,0.014503261488292575,0.0017220949226507093,0.00042600985014765744
N4755HD,0.2508345906607445,0.4688930070155577,0.22307617050430886,0.041064901869506974,0.016131329949881996
N4756HD,0.41882639384062076,0.3134080580046362,0.22743788858115335,0.03174406171575467,0.008583597857834913
N4757HD,0.8494747806775972,0.1411883894828715,0.007375504303040482,0.0014149390307976537,0.0005463865056933242
N4759HD,0.11588489743518149,0.7653213597814925,0.10459254254735982,0.012367396140907516,0.0018338040950586854
N4762HD,0.36773671459489904,0.523151802533478,0.09623929462192232,0.010832089809704938,0.002040098439995546
N4763HD,0.6768544147334298,0.26905452296018745,0.04147238381989491,0.007575635274631079,0.005043043211856762
N4767HD,0.8283220036284862,0.1509973586836124,0.01522795844685681,0.004455126643977719,0.0009975525970669407
N4769HD,0.04664033283823283,0.3550225101900252,0.4992101100487207,0.09103218181140042,0.008094865111620874
N4770HD,0.8319469902548422,0.15704636037938197,0.00822435968053924,0.0022175004568204637,0.0005647892284160855
N4676HD,0.17139492054784178,0.6171721388110049,0.16571407418456754,0.03684293205649816,0.008875934400087753
N4614HD,0.19536986064512832,0.200121238046177,0.5219066338459432,0.06727797795566001,0.015324289507091604
N4774HD,0.21035141197111784,0.28478385168063197,0.4255607826876688,0.0637239611266488,0.015579992533932456
N4778HD,0.02880008088753969,0.23639256386683188,0.4056055970960833,0.2760371775813849,0.05316458056816031
N4780HD,0.0035124000623980188,0.02459899441922641,0.18693347315116443,0.44501574153226214,0.339939390834949
N4783HD,0.6188151144568479,0.34113936033269726,0.03184792029497989,0.0057170734117995056,0.002480531503675295
N4789HD,0.8596455648648442,0.12476529713032464,0.010892200088160274,0.003176040888755232,0.0015208970279157004
N4792HD,0.41534410564186114,0.5711251067827678,0.012178084239540216,0.0010383692410104789,0.0003143340948203613
N4793HD,0.0671694472726437,0.24423472656766673,0.5845431875490767,0.08268933134016851,0.02136330727044449
N4794HD,0.006720674272273466,0.08036902410068786,0.4030766924883281,0.4740002147089434,0.035833394429767004
N4799HD,0.8392272917643953,0.1327777794810702,0.023936496255997006,0.003208467340294143,0.0008499651582434562
N4800HD,0.9284526164947713,0.0682477612059471,0.002389794933291193,0.0006074214635662487,0.00030240590242407953
N4808HD,0.11155774319482822,0.7855776328134447,0.0932930627035869,0.008364584891448004,0.00120697639669214
N4809HD,0.722959423826347,0.22865265252623773,0.036663974434904094,0.0075315645634579514,0.00419238464905308
N4634HD,0.6497156566286197,0.28512567816409534,0.04879271949361144,0.014178748713516213,0.0021871970001571465
N4784HD,0.9095255073901177,0.0819405421116,0.006423861296648754,0.0015662430637752294,0.0005438461378584061
N4815HD,0.8848911169455779,0.11066533163019192,0.003279085550769857,0.0008310440142894892,0.00033342185917099046
N4816HD,0.8119754123972326,0.17050854975589866,0.013933761521745195,0.0028518803690255083,0.0007303959560980107
N4817HD,0.26342915558194047,0.6859646782769765,0.043799532480123804,0.005665617722299042,0.0011410159386601908
N4818HD,0.9146024475710884,0.08084297881345369,0.0029167951174415073,0.0011130240791083653,0.0005247544189081002
N4821HD,0.018088081331384443,0.9340329991754567,0.044510097220832275,0.0029927584485161603,0.0003760638238106028
N4830HD,0.8460147268064976,0.14370676608380004,0.007846396819220202,0.0019538494768314573,0.0004782608136505522
N4748HD,0.8809369806537897,0.1134082301575155,0.004038015641936908,0.0011277299187625724,0.0004890436279953162
N4684HD,0.857910521110466,0.13546704843069876,0.004836354510050477,0.0012226851044444462,0.0005633908443404125
N0389HD,0.015127433207894678,0.8958997815071216,0.08475784486992798,0.0034423828777679875,0.0007725575372877888
N4796HD,0.34958925441667676,0.48866609378926534,0.1260253652861532,0.027886714208279345,0.007832572299625397
N4834HD,0.0034087001198007533,0.021621705086360864,0.4047900753695507,0.5508989620887745,0.019280557335513114
N4835HD,0.0669269635319095,0.9113145059045021,0.019828221199302196,0.0014526715142463885,0.0004776378500398077
N4837HD,0.4318445122492347,0.5548958142542638,0.01162715162101773,0.0012714939665369887,0.00036102790894664797
N4838HD,0.06668253159842819,0.8644495097167705,0.06367196268854373,0.0040973419993155045,0.001098653996942123
N4839HD,0.03454416872179272,0.6941634828177631,0.24220730215308509,0.025557626928442576,0.0035274193789167282
N4842HD,0.8091407247525674,0.157812758300292,0.026352382748001803,0.0052270901762096166,0.0014670440229290497
N4844HD,0.9321384301846809,0.06481966195759936,0.002089213150109183,0.0007081356771797824,0.0002445590304308102
N4846HD,0.08174351308585891,0.2839460828679369,0.3675569394265056,0.18955987153432752,0.07719359308537099
N4847HD,0.8349027849371127,0.15925844508314882,0.004173280864035196,0.0013097672674403636,0.0003557218482629077
N4849HD,0.4525001733305715,0.46083768991853574,0.06573197633854497,0.015576117824226044,0.005354042588121754
N4852HD,0.04414097033369079,0.769310736785703,0.1725562148245256,0.011672407470949381,0.0023196705851312167
N4853HD,0.6844954085794827,0.2948290170802536,0.01656237213178074,0.0032243916393248735,0.0008888105691581873
N4856HD,0.8815111716321811,0.1142044543307737,0.0031335962532778477,0.0008355266459557334,0.0003152511378115638
N4858HD,0.909894455229285,0.08561008356079632,0.003128470744647007,0.0008962136607021388,0.0004707768045696953
N4860HD,0.11690373198384132,0.3076740005311895,0.4484285533808261,0.10373391830840718,0.023259795795735876
N4861HD,0.8897079332810122,0.10696883543167154,0.002419497413013716,0.0006609822702428292,0.00024275160405961503
N4863HD,0.6290271649960787,0.3622774442718633,0.006790660567185301,0.0014318443567136081,0.0004728858081591244
N4864HD,0.7058351100642961,0.2838086714092409,0.007856532880907522,0.0020087963833273284,0.0004908892622281355
N4866HD,0.8116568471183541,0.1764744208813856,0.008682588788761285,0.0023830051745168065,0.0008031380369823232
N4012HD,0.6641560100788627,0.3124956826880027,0.017637856636665283,0.004612301078289965,0.0010981495181791644
N4825HD,0.2218816610893917,0.5100910688889815,0.21725717225726274,0.04065604325883886,0.010114054505525232
N4875HD,0.03286797937881612,0.2890923038352629,0.496660507084227,0.15462691515799581,0.026752294543698152
N4878HD,0.021499005029946054,0.12788468274489537,0.369107813582468,0.28953822220623837,0.1919702764364521
N4883HD,0.03143697743756053,0.6573520236125879,0.2870744111429813,0.02119770630918353,0.0029388814976865057
N4884HD,0.6347099761041803,0.32743714554037534,0.0315977549457514,0.005281073975951366,0.0009740494337416034
N4887HD,0.15787575278675992,0.5791853280286903,0.24419698263722045,0.01602189112258615,0.0027200454247432518
N4891HD,0.7008286090965948,0.2673918533169949,0.025283607631673553,0.005066609822176584,0.001429320132560126
N4892HD,0.08226566994549887,0.7798287367307838,0.1240105566961435,0.011951139622859505,0.0019438970047141691
N4895HD,0.8489309096646624,0.0863679689078132,0.05676653203286496,0.006581609960810987,0.0013529794338483993
N4899HD,0.7556194216479784,0.23746941925579265,0.005251438961783943,0.0011300760745493017,0.0005296440598956951
N4898HD,0.6065339502176188,0.24242957523936312,0.13785072068130122,0.009902331602847207,0.003283422258869669
N4902HD,0.6532670511043679,0.3019314799125658,0.030534165022571114,0.011304478864021408,0.0029628250964736933
N4904HD,0.17397739109711624,0.39004797352475995,0.3364864622561796,0.07159558388872245,0.027892589233221653
N4906HD,0.7535804614933076,0.22770155140086007,0.0136424219023806,0.004030468673612387,0.0010450965298393238
N4909HD,0.8546693813086977,0.06981775374420955,0.060298283931456274,0.010756878903984949,0.004457702111651629
N4912HD,0.7057677064867653,0.27260664650845656,0.018069752088933185,0.002834777071755772,0.0007211178440889287
N4913HD,0.6088814324887962,0.37431191711306183,0.013792597939706677,0.0023745911901405657,0.0006394612682945894
N4914HD,0.10434076973821128,0.7300311379746727,0.1479842181052466,0.015712661452708134,0.001931212729161359
N4908HD,0.8887882798781584,0.10833241722525724,0.002183353049285988,0.0004941864519309537,0.00020176339536738435
N4937HD,0.8953576141476217,0.10179751419616433,0.002028341974016799,0.0005818668344934793,0.00023466284770342963
N4938HD,0.9055128651435573,0.09074139143550845,0.0026679008352067605,0.0008151991818433925,0.00026264340388409307
N4949HD,0.9133125227328983,0.08165869063568104,0.003500570434434907,0.0011314492452556026,0.0003967669517302108
N4952HD,0.7613907454074063,0.21850945817401607,0.014126720214353516,0.004852482859307944,0.0011205933449161337
N4954HD,0.4258297332657375,0.5134248260700478,0.051888045271953134,0.007020089152175592,0.0018373062400861072
N7917HB,0.8878730571082616,0.1080020186714359,0.0032119274434619415,0.000643029169032751,0.0002699676078078171
N4951HD,0.6921238901955821,0.2959890458662616,0.009539407253554821,0.0016859805283145992,0.0006616761562867989
N0385HC,0.08430351298802674,0.37208052836640126,0.4206187126786378,0.087612759778531,0.0353844861884032
N3920HD,0.37266308252075186,0.5553325079842716,0.06231145006458821,0.007566391591496471,0.002126567838891774
N9498GW,0.7726771466273268,0.2077160269075518,0.01590822833196412,0.00278707077496731,0.0009115273581898397
N4961HD,0.9445636528846123,0.05348457620046994,0.0014785064033094,0.0003421973944650745,0.00013106711714332397
N4965HD,0.3834911612657903,0.49113921507769204,0.09568676412243983,0.02602663108581742,0.0036562284482605113
N4967HD,0.6276453220591015,0.3277354164944592,0.031522710965149615,0.010920219710347626,0.0021763307709421905
N4968HD,0.3875116009066596,0.4875568242586723,0.07732809699420183,0.03892213163024239,0.008681346210224003
N4973HD,0.7784823809547302,0.20439683987023885,0.012178655573838064,0.004236661444598123,0.0007054621565945388
N4976HD,0.015199703165909672,0.2518772671703907,0.6487781330522859,0.07575470482915858,0.008390191782255163
N4977HD,0.33182183451721736,0.6304455641484661,0.03333099367383516,0.0034909398267943936,0.0009106678336869748
N4978HD,0.6961770982347343,0.27287217299416777,0.021840523509112482,0.007550885237068811,0.0015593200249166411
N4982HD,0.3394956041941104,0.49730546517325575,0.13161400789364625,0.023750936851953355,0.007833985887034227
N4983HD,0.12896574545253467,0.506268561610424,0.255796457639675,0.1021066668609067,0.006862568436459632
N4984HD,0.8527807648164273,0.14290674870549666,0.0031909689659938385,0.0007912036116083084,0.00033031390047380294
N4992HD,0.010115820361675933,0.1156312505856427,0.2557628297072653,0.4302735037595809,0.18821659558583517
N5000HD,0.6213590047049751,0.2830573346311413,0.06030370937790434,0.02631731752557853,0.008962633760400832
N5006HD,0.5532518190299579,0.3867513516526869,0.05190493320569347,0.006575656769996659,0.0015162393416650857
N5007HD,0.7667824414621214,0.2045363482060981,0.02265533112207927,0.00479889600392189,0.001226983205779238
N5008HD,0.2057784527128476,0.6707439623125586,0.10830662440901127,0.013381483211025507,0.0017894773545569789
N5011HD,0.2911313438292246,0.5815337785565049,0.10742367820591503,0.01600603280839316,0.0039051665999623075
N5020HD,0.5532968283575328,0.3783677295456105,0.05113846572819258,0.013292547086668358,0.0039044292819958525
N5024HD,0.8362414354559663,0.15095186622136073,0.009970206728241397,0.0022500829377138146,0.0005864086567175952
N4826HD,0.8912095731310361,0.10081801846759386,0.005609611656586214,0.0016901192840245109,0.0006726774607591451
N5032HD,0.870357101770749,0.12044191672527521,0.006935629192931035,0.0018140389640274475,0.0004513133470172931
N5041HD,0.9004386719900812,0.09525438746533449,0.0031492682489670334,0.0008630008549657756,0.000294671440651638
N5043HD,0.9617135257896124,0.03508091067554177,0.002297365059647487,0.000655215959629379,0.00025298251556870027
N5044HD,0.07145458772865693,0.10297276202906193,0.5613661155159438,0.193166069811313,0.07104046491502419
N5045HD,0.8106255304148522,0.17702055393387042,0.008762896891351095,0.0026597748431849274,0.0009312439167413292
N5004HD,0.9228853011572036,0.0722593444656873,0.0032015849790447207,0.001205567663312077,0.00044820173475256306
N5055HD,0.5724868937686316,0.355271287014224,0.05599620381166371,0.014082800901326166,0.002162814504154428
N5056HD,0.06703449665371644,0.23134281431077666,0.3833460459041518,0.24534881409632672,0.07292782903502838
N5057HD,0.6909517558321995,0.2978317713480637,0.008944611193612548,0.0017840707072396824,0.00048779091888457367
N5059HD,0.4946097978485851,0.1956437435690899,0.27274144836195097,0.03021365737950134,0.006791352840872517
N5061HD,0.49268034618227746,0.45732635330432597,0.040786791094252074,0.007552330362768767,0.0016541790563758233
N5018HD,0.9063188940119801,0.08962539654815557,0.002901624691361731,0.0008604078002725389,0.0002936769482301988
N4896HD,0.7524326794583676,0.22754756096663217,0.017086323155043423,0.0022234712934831925,0.0007099651264736495
N5064HD,0.7824588743779796,0.192783065885009,0.016933875561646328,0.0065941140565461825,0.0012300701188189898
N5065HD,0.2493842550175884,0.7024204821069603,0.04158048455888859,0.005584928746020052,0.001029849570542533
N5067HD,0.21231670196995686,0.5126486766650796,0.2186652790038907,0.04856045718306574,0.007808885178006948
N5070HD,0.03298264294791439,0.5890352325534084,0.33579070861275373,0.036781465474550884,0.005409950411372769
N5071HD,0.12362118796311142,0.7900829527999368,0.07734160733227191,0.007379598928813569,0.001574652975866244
N5072HD,0.14422189561508456,0.7487099005985481,0.09531975744262591,0.00989482851015334,0.0018536178335879395
N5074HD,0.7967360191814102,0.18807307043972266,0.012282378643351752,0.002158020582524898,0.0007505111529903527
N5075HD,0.9455053559616986,0.05143617519980031,0.002045818709440478,0.0007473889081799181,0.0002652612208808047
N4923HD,0.8177777577895449,0.15976540035702994,0.01581942173147931,0.004435584483374715,0.0022018356385713786
N5076HD,0.7735966482732699,0.2142310742921786,0.009644748311705581,0.0020256541764734058,0.0005018749463724322
N5079HD,0.028362189029749886,0.199279648718958,0.49948421001486376,0.24876072214791453,0.02411323008851389
N5080HD,0.5802803867644073,0.29360572883043395,0.10134472922429254,0.01853998606816159,0.006229169112704562
N5082HD,0.7685964741613757,0.20979857597986554,0.01640829923798166,0.003806615199443142,0.0013900354213341518
N5083HD,0.6681575162781231,0.29648700256099075,0.026266154300900037,0.007483615051077761,0.0016057118089082094
N5085HD,0.09820513280144412,0.5756029869358608,0.2887635604368092,0.03172238208915411,0.005705937736731836
N5051HD,0.27962067221071674,0.6916584707020995,0.024798101180460903,0.0032349123087371204,0.0006878435979856179
N5039HD,0.020208330452883526,0.16095404468500682,0.46653908647144066,0.28726485790188494,0.06503368048878398
N5088HD,0.8767155882540599,0.11962641472199893,0.002759005143359878,0.0006554860868702763,0.00024350579371082713
N5091HD,0.03660423347247651,0.9541047039317074,0.00824467161277552,0.0008225666723799581,0.0002238243106606272
N5093HD,0.01461794843440317,0.0790009756670428,0.2981068005781756,0.48120118496840186,0.12707309035197656
N5100HD,0.008318812075966783,0.09368514988462875,0.3843767676395707,0.472721472383478,0.04089779801635579
N5103HD,0.030119436444832382,0.2084848953537433,0.3719794442246264,0.2646909116859901,0.12472531229080791
N5104HD,0.9498809545349871,0.04816069618286354,0.0014245177426946765,0.00038140748906139154,0.00015242405039317172
N5105HD,0.8177859143785301,0.1670703640776388,0.00938679080459847,0.004012112346539316,0.001744818392693203
N5106HD,0.7207085051341318,0.2570512494069377,0.01726751187550898,0.0037792737231013406,0.0011934598603203323
N5109HD,0.14393588599697263,0.7896243206244289,0.05970359063865194,0.00528604474960756,0.0014501579903389331
N5112HD,0.49414923922279735,0.38416824739752226,0.09636603843729169,0.018844281726119207,0.0064721932162694895
N5115HD,0.8668105865525227,0.12418626896459074,0.006786076608244505,0.0016943678887006066,0.0005226999859415072
N5120HD,0.006678943432584632,0.06695346124930855,0.3187149925891119,0.5323677622048743,0.0752848405241207
N5121HD,0.7211450080105515,0.25804556302878384,0.013824026721770303,0.005256247821311464,0.0017291544175828829
N5122HD,0.5701492776126069,0.3567597117477421,0.057379872405845085,0.013036357647585654,0.002674780586220113
N8305HB,0.8716889846758384,0.12429464388037799,0.002929321334189423,0.0008545812725655729,0.00023246883702855354
N5126HD,0.05829158703533489,0.2822980784171131,0.37179393776980074,0.23134835826502959,0.0562680385127218
N5128HD,0.9189003303628697,0.07722757438189032,0.002868866124548204,0.0007154150301292223,0.0002878141005627147
N5133HD,0.010295244214451264,0.09091008913497117,0.4354503619114441,0.4177066845649173,0.0456376201742162
N5135HD,0.8183002935789735,0.16469715046832165,0.012868751034448735,0.0033680931200101415,0.0007657117982460566
N5143HD,0.8271041768481853,0.16534897650953037,0.006316979580093978,0.000964892388546962,0.0002649746736433035
N5144HD,0.3476105567813355,0.5717981788880806,0.06750393267267722,0.010318199957248338,0.0027691317006583883
N5149HD,0.17754205227942563,0.383602176153178,0.33494204972798,0.07512340942193081,0.02879031241748543
N5152HD,0.11309053085268499,0.6747225933607235,0.19387649130635895,0.01621620397387758,0.0020941805063549993
N4394HD,0.1804984844775467,0.44045611557231346,0.2650393705535415,0.09421336735684593,0.019792662039752287
N5029HD,0.14329859381727036,0.39304192490555756,0.3434170788227678,0.090748801800998,0.029493600653406404
N4368HD,0.9365270732377756,0.06075875289004264,0.0018191466864055674,0.000669941679514021,0.00022508550626199197
N5013HD,0.24941780230442256,0.38296584307973874,0.28859523307117374,0.05649100131636676,0.022530120228298277
N5153HD,0.5043475536527217,0.4226357472441516,0.056413412679693846,0.01235810990849133,0.004245176514941682
N5157HD,0.846684412530546,0.14830155724280802,0.0032286271889109563,0.001090899372433961,0.000694503665300965
N5170HD,0.5299600867186481,0.4292648204280349,0.033276012525162206,0.005493812266763235,0.00200526806139163
N5172HD,0.9151924862780522,0.07646564785722368,0.006105701739720824,0.001609523268787388,0.0006266408562156832
N5173HD,0.7017961356024442,0.24179582723340096,0.04541327163701804,0.007799879758514321,0.003194885768622504
N5147HD,0.6424853652415569,0.31595411400847107,0.03357398207730636,0.006002906956631741,0.0019836317160339583
N5178HD,0.8305693310882576,0.14729513761307808,0.017721074071274316,0.0033889633986003325,0.0010254938287896347
N5180HD,0.5036458468423233,0.2889417722672564,0.1640012881385861,0.03327646579457575,0.01013462695725848
N5181HD,0.4448447225229463,0.4742156076526185,0.06510952620652513,0.012624646354382837,0.003205497263527231
N5182HD,0.8987405368961162,0.09691708877374619,0.003074713029964936,0.0008339862548840685,0.0004336750452885105
N5183HD,0.09197640877248144,0.8770515109380358,0.02832756817190661,0.0021722820538970376,0.00047223006367909994
N5185HD,0.22042651542577593,0.5155246347611062,0.1854556187560278,0.07174456236045267,0.006848668696637241
N5187HD,0.09814106779638662,0.34007207768962733,0.395830122079361,0.1198121845896488,0.04614454784497613
N5188HD,0.18966008541613244,0.5290831999646649,0.16636327779352844,0.10401643656723465,0.010877000258439556
N5190HD,0.00803693194891543,0.06403210432186845,0.3729284124926323,0.5116831672800587,0.04331938395652509
N5192HD,0.4700313038495849,0.519809455046619,0.00901212081120816,0.0008478889455369622,0.0002992313470509727
N5193HD,0.7464887972257678,0.21312269139518683,0.03286341536455729,0.005640253808986456,0.0018848422055017405
N5197HD,0.8651687348216036,0.1266811410664904,0.006648278408668272,0.0010251548024955667,0.0004766909007420692
N5198HD,0.23397826063552787,0.4944511568337216,0.17306883037759188,0.07115954959993682,0.027342202553221933
N5199HD,0.6124410875420875,0.31200176585702033,0.054309896621741724,0.01634649810520957,0.0049007518739407775
N5200HD,0.7039639291245968,0.27940795253324324,0.013020715078283361,0.0027272379365891647,0.0008801653272874547
N5203HD,0.026945162560683716,0.16584129924990762,0.4571082506594581,0.3096418765457388,0.04046341098421184
N5209HD,0.029155904347731104,0.18167910597521755,0.5534581641794689,0.21540261988476803,0.02030420561281432
N5212HD,0.7940782568200918,0.198260893402931,0.005877194861560872,0.001359602828137662,0.000424052087278712
N5215HD,0.6002684044948632,0.3265148736260692,0.06157030338388,0.009255282271145398,0.0023911362240422096
N3574HD,0.8087427879664086,0.17797785358565077,0.009016350298277801,0.0032401132391861784,0.0010228949104765304
N4760HD,0.05202514423477378,0.23585528726554755,0.4346884719344531,0.21050217056117326,0.06692892600405231
N5225HD,0.8460683635504038,0.14535255052568147,0.006995222156375252,0.001268219275359117,0.0003156444921804551
N5226HD,0.5712914969989221,0.3587569957025478,0.0547255199771588,0.0120814714010482,0.003144515920323002
N5227HD,0.7463633224603008,0.23162323825458925,0.01667086228795011,0.004059875653909405,0.0012827013432502633
N5233HD,0.005924964354504563,0.03969282715318618,0.22746168676033668,0.424712291663021,0.3022082300689517
N5238HD,0.8898929050963822,0.09626535764155511,0.009621000576580397,0.002655110949390768,0.0015656257360914725
N5241HD,0.8210954598573593,0.1479483037712784,0.024772148689189536,0.004522386609363012,0.0016617010728098992
N5243HD,0.0064667464539443125,0.048002517666773624,0.38906007749918226,0.5327178896717937,0.023752768708306147
N5246HD,0.7452221167197033,0.2274272787338567,0.019450285071221537,0.005799102783498043,0.00210121669172037
N5247HD,0.002782791776423875,0.015853280498719015,0.27417312120628273,0.6930541204327612,0.014136686085813215
N5248HD,0.5365972768403557,0.18187902819856525,0.24088186362617664,0.03217411564390777,0.008467715690994632
N5253HD,0.6643704371806215,0.26425828458286527,0.054820732603149444,0.010897638864199855,0.005652906769163843
N5257HD,0.02454779887792251,0.16716012464006044,0.4556666881084496,0.31517130465194954,0.03745408372161777
N5259HD,0.01209393277522673,0.0723640425105093,0.27580870929922957,0.3786094591756542,0.2611238562393801
N5262HD,0.061026013700402455,0.2988749295666122,0.6137617788318155,0.02271492178594697,0.0036223561152227395
N5266HD,0.1074505235453599,0.7828563895279534,0.09825475513848307,0.009774321980619928,0.0016640098075834183
N5270HD,0.656187200870623,0.3237845884191402,0.015381506478281778,0.003411994016123453,0.0012347102158315228
N5271HD,0.4088545934683382,0.3931968315664205,0.17377253151587793,0.020337140000816108,0.0038389034485471728
N5273HD,0.8590101327292858,0.11623290533309522,0.019412709686854445,0.003999272335349189,0.0013449799154150487
N5274HD,0.9025244599251191,0.08865328274193157,0.00708456500699206,0.0014461911080299022,0.0002915012179272409
N5211HD,0.24891395348174145,0.5064101637487256,0.18393268871559024,0.053476027228230985,0.0072671668257117215
N4843HD,0.5906016866991441,0.3582484535387689,0.035421912469348414,0.01089773221079159,0.004830215081947118
N5287HD,0.635073386209256,0.3280061526335716,0.028344366388880902,0.006800797030370751,0.0017752977379207537
N5286HD,0.07784054233734111,0.20842039761119108,0.44975879548155623,0.1864048897991016,0.07757537477080995
N5292HD,0.02492998131578996,0.1798973001635982,0.42936816584224086,0.3291835212881968,0.0366210313901741
N5294HD,0.8371961934095703,0.156671927210497,0.004451942489096974,0.00127118861818333,0.0004087482726523028
N5296HD,0.31353236039444154,0.5031556464626239,0.12806942530888818,0.04808091862280652,0.007161649211239758
N5298HD,0.8403048139699717,0.1390952231161601,0.015413735591541636,0.004274043718292281,0.0009121836040342561
N5303HD,0.8594574062983077,0.1098204549689412,0.024547170681179793,0.005146401119669296,0.0010285669319019775
N5305HD,0.08617416516380323,0.4507435952317168,0.3792989369932875,0.07501053322092026,0.00877276939027219
N5306HD,0.824922973080392,0.16371456010603688,0.00915312114026777,0.0017797521178570185,0.00042959355544628503
N5307HD,0.027457173845257626,0.2532569282875281,0.46461109104531895,0.19479093216997545,0.05988387465191979
N5311HD,0.22479014725648347,0.5700284756179066,0.18371543703783538,0.01861538378264466,0.002850556305129921
N5314HD,0.8223857617658952,0.1675116444567469,0.0068486772233118725,0.0024007120324420596,0.000853204521604078
N5073HD,0.0949628343494563,0.3386406944826899,0.38580996403366874,0.13655018166459384,0.04403632546959124
N5277HD,0.025511943437076117,0.13627714988803488,0.3439909648681991,0.31916104459906486,0.175058897207625
N4885HD,0.938633690194859,0.05679856837670782,0.0029808191700734653,0.0011918492346273438,0.0003950730237325032
N5318HD,0.02608734020144446,0.25106473741938146,0.4884595413536437,0.18199376626860797,0.05239461475692236
N5321HD,0.810550123115088,0.15267745220316611,0.0293515190823428,0.006021832054428157,0.0013990735449750827
N5323HD,0.9465582773344112,0.05194624028671996,0.0010542954303352026,0.0003467766174039018,9.441033112968017e-05
N5324HD,0.728838924102182,0.23639472438402845,0.027402064073460256,0.005954714405920169,0.0014095730344091586
N5326HD,0.8537157813286576,0.13492397370537054,0.007535023664395111,0.0024633091146907694,0.0013619121868858547
N5327HD,0.7118040428801546,0.27209934871081687,0.01215973042598597,0.0026685165237397683,0.0012683614593028316
N5329HD,0.02609856042451617,0.10761871779440352,0.6847682619258469,0.1509093068391174,0.030605153016116018
N5331HD,0.7393975197757084,0.24464646161532635,0.012437710006465054,0.0024929590455356927,0.0010253495569644533
N5332HD,0.7681151359349965,0.2093172931921459,0.01629040234461448,0.005107839947728231,0.0011693285805150142
N5333HD,0.802101882534183,0.19273560024555816,0.004004770081039662,0.0008915647011301084,0.00026618243808895574
N5334HD,0.019679422228049928,0.9536021878419474,0.02512592702301328,0.0013183098057888958,0.0002741531012003187
N5338HD,0.012555066602476884,0.07852067631777306,0.38190093447905893,0.34642931314524855,0.1805940094554425
N5339HD,0.013181561440255703,0.02716019149882391,0.6759602415419113,0.21054833343799767,0.07314967208101159
N3820HD,0.012770885679135481,0.07215997504224188,0.31302404983795434,0.39271449855914475,0.2093305908815237
N5342HD,0.7916652985862545,0.19912573205294323,0.007317178323460399,0.0014613834202912704,0.00043040761705049967
N5345HD,0.6737518361640118,0.27493866705413444,0.04021074373609236,0.008995367369901353,0.0021033856758599203
N5346HD,0.793230424698849,0.19976529536852491,0.005333747102258629,0.0013120095241859965,0.0003585233061812522
N5348HD,0.016289739078688685,0.11295379992645653,0.29239915025924557,0.4832313264546171,0.09512598428099207
N5351HD,0.6554329300933001,0.2844484126304192,0.04570444993154878,0.011865784898562552,0.0025484224461692568
N5354HD,0.005660078415638832,0.03038685930818488,0.3185912147925052,0.620902665780383,0.024459181703288105
N5355HD,0.6839159938612599,0.2705071430717484,0.03885278031780514,0.004829949450885713,0.0018941332983009372
N5362HD,0.8814316924114595,0.1149539491405991,0.0026369540877044613,0.0006480970580235489,0.000329307302213707
N5364HD,0.8066176211957901,0.17228378029080407,0.01642380056674422,0.0035655826101836127,0.0011092153364782205
N1264HD,0.03431836844520846,0.767404907186013,0.1834166947247494,0.013272494391588029,0.0015875352524411504
N4985HD,0.25427815840204576,0.5169916637534484,0.1758354648555795,0.041286753566316094,0.011607959422610246
N5368HD,0.007696443810599588,0.07195358078084224,0.4844918431381987,0.39538298088332874,0.04047515138703069
N5371HD,0.8637632532440351,0.12429788398998506,0.008174932813150973,0.002779763403456848,0.0009841665493720221
N5372HD,0.7885893692032712,0.1961547127792685,0.012467167634487285,0.0021778769564916914,0.0006108734264813643
N5373HD,0.5660168835625548,0.42635386011875065,0.005858425933357126,0.0013895422850721448,0.0003812881002652767
N5374HD,0.4816555671102213,0.4984665182748059,0.01658182703368504,0.0024823994803494665,0.0008136881009382998
N5377HD,0.6291277522934255,0.35054540903595355,0.01613898790411524,0.0032673110007731517,0.000920539765732378
N5379HD,0.7813998132195594,0.1986977360339013,0.015332645017900905,0.003649586892707935,0.0009202188359303087
N5381HD,0.08959268199785081,0.37848579944023286,0.2236873575501773,0.2674173110149221,0.04081684999681695
N5383HD,0.1336575191741789,0.42168128268318866,0.303350440082273,0.12095053461324227,0.020360223447117246
N5385HD,0.8670656869049314,0.13010606130577898,0.0021967953795201333,0.0004347524181113178,0.0001967039916580888
N5387HD,0.01670905190729452,0.11226064477919107,0.3258853196479344,0.3368993783539452,0.20824560531163483
N5388HD,0.030752073105822394,0.18700901474781054,0.4190000982734192,0.32340711297322666,0.03983170089972114
N5389HD,0.028339456591970666,0.4204464252110783,0.5224485333109504,0.022803146720847937,0.005962438165152653
N5391HD,0.5776079616873332,0.3793703847506099,0.033965607218847296,0.007365321884515752,0.0016907244586939478
N5393HD,0.4714854988596903,0.49548643234692474,0.02756945942983358,0.004334267867906205,0.001124341495645273
N5395HD,0.7576670038599441,0.21271885381287248,0.022152814701623176,0.005923517799088337,0.0015378098264717125
N5397HD,0.7977947918448383,0.17606038136295904,0.020485162699977966,0.004778339324964752,0.0008813247672601138
N5398HD,0.7802112910510788,0.19252335285330288,0.021763162485518586,0.004468751364645086,0.0010334422454547304
N5386HD,0.10311942502765632,0.7360577112217696,0.14971225556459763,0.009656962500022714,0.0014536456859537894
N2483HD,0.800892939209132,0.18548858017455266,0.009508000650268734,0.002872340645330791,0.0012381393207158708
N5402HD,0.8544227036091172,0.13739026884277955,0.0058841864164846085,0.001554062241976836,0.0007487788896417788
N5404HD,0.6301720340396195,0.31905647937074744,0.039343835205517916,0.009511566196590573,0.0019160851875246947
N5405HD,0.9082130174200698,0.08707225543461233,0.0034058206884395687,0.0009833435637683942,0.0003255628931097928
N5407HD,0.39365681977589634,0.495059062501917,0.08095479652893099,0.02609512395703898,0.004234197236216704
N5414HD,0.43217886451342913,0.5549441627341953,0.0112456474207037,0.0012446162632427913,0.0003867090684289671
N5415HD,0.8529251443355683,0.1419363771500541,0.0036400927683832656,0.0011234460764243546,0.00037493966956977367
N5416HD,0.09363932656683742,0.8527305063517729,0.04665255891985234,0.0056805279446860415,0.0012970802168510613
N5421HD,0.756239084098487,0.2153901907577101,0.02230915455886006,0.005054381886817587,0.001007188698125183
N5430HD,0.8760834905863657,0.11374324486582375,0.007486201173488886,0.002255884498703511,0.00043117887561805625
N5431HD,0.054023188817322376,0.7478639377319612,0.18665517354226846,0.009851220384367292,0.0016064795240806138
N5432HD,0.7438545041214848,0.23496570547516238,0.016706463580509187,0.0034740388753296343,0.0009992879475140648
N5437HD,0.7700098214296531,0.21327102471473178,0.012582381695142406,0.0032970168085356866,0.000839755351937001
N4225HD,0.3580073666465763,0.5040948890276937,0.11762247289441334,0.014877402597365964,0.005397868833950716
N5123HD,0.5315162390537796,0.4294897071904823,0.03030211557433885,0.006551539376283187,0.00214039880511618
N9187HC,0.017048132009091586,0.14115760808886466,0.3647203523653578,0.37747376154088785,0.09960014599579808
N5439HD,0.14356445341402901,0.5275188583356912,0.24957153944516364,0.06619840705413432,0.013146741750981818
N5440HD,0.08459046604007442,0.733084035835615,0.16319677310960612,0.016914653471385682,0.002214071543318802
