ncode,proba_0,proba_1,proba_2,proba_3,proba_4
N4541HD,0.7916717387041506,0.19074331102879344,0.013838014702546248,0.0026451855262634946,0.0011017500382462418
N4397HD,0.005156619946374131,0.04042475137274001,0.37652016818523326,0.5477736787434476,0.030124781752205013
N4544HD,0.8503484868473243,0.14311202271467566,0.005183093511935375,0.0010355022086800622,0.0003208947173847155
N4545HD,0.04695232411949444,0.17290991751646562,0.47136014717028263,0.23567438982295894,0.07310322137079839
N4546HD,0.13378253002294427,0.7883650468009474,0.07235430655207996,0.004621122385056381,0.0008769942389718416
N4550HD,0.8724135626922832,0.12057836403097733,0.005075915562871058,0.0013977332363333682,0.0005344244775350329
N4551HD,0.7872416805662446,0.20518054723011445,0.006377987106331702,0.0009012321244012689,0.00029855297290814386
N4554HD,0.06102791662311882,0.5220663067272483,0.36997776268874816,0.03435000212448521,0.012578011836399646
N4555HD,0.3665909690315266,0.589014136116834,0.03850421005064219,0.004939174056372664,0.0009515107446246988
N4556HD,0.30135358402693524,0.5197849949166575,0.1396664198906301,0.03383412223369549,0.00536087893208153
N4563HD,0.44454640558908853,0.41749452746102755,0.10906737006657166,0.02438952541526305,0.0045021714680492965
N4567HD,0.9340974388614924,0.061333281870171986,0.003190324950356232,0.0010435108421547239,0.00033544347582467165
N4561HD,0.8126905919087225,0.18277499954522955,0.0034069647051900567,0.0008431403435262939,0.000284303497331794
N4571HD,0.2578246087746863,0.5293325390535919,0.16352551502958632,0.03564196355153494,0.013675373590600585
N4574HD,0.9566362275127425,0.0413899749203581,0.0013170329204670833,0.0004921557907132381,0.00016460885571922636
N4575HD,0.48152526928473793,0.4772550006204049,0.03283180058047671,0.007182065736190177,0.001205863778190199
N4579HD,0.22036893119208661,0.5745936672597057,0.15885806056957796,0.03690291307349709,0.009276427905132556
N4581HD,0.16182520964543046,0.7143537620001877,0.11381913801347823,0.008361989114407612,0.0016399012264957935
N4584HD,0.14127443275595128,0.8201693143823563,0.03537764634158945,0.0025516840914470537,0.0006269224286560347
N4578HD,0.7933511121266603,0.2008196739346599,0.004563617944881604,0.0009439639933773219,0.00032163200042076154
N4590HD,0.168008383356483,0.7337934837871515,0.08901127509717013,0.008128898086486517,0.0010579596727088812
N4593HD,0.01211890762518107,0.17031698752365684,0.4199773792208743,0.3787793595993998,0.018807366030888048
N4151HD,0.06451103249771659,0.457468298126561,0.2556852300370546,0.17754580666340844,0.044789632675259254
N4594HD,0.8586346752264965,0.1341985711260637,0.005221733234167195,0.0014866747073341425,0.00045834570593834004
N4600HD,0.12079997861718876,0.7791348949861003,0.08921170916783196,0.009545585865252008,0.0013078313636268647
N4605HD,0.04475338671510623,0.2852222672676047,0.5508320050596647,0.1126963755393073,0.006495965418317008
N4612HD,0.588399579294699,0.3691835668525277,0.033544630225402515,0.007536851531617053,0.0013353720957538788
N1701HC,0.07171812459402405,0.12225339428381012,0.5587376334800642,0.18619321392564656,0.06109763371645518
N3705HD,0.001849395778396555,0.011696908512807757,0.11242507975443773,0.3972400402460678,0.47678857570829025
N4589HD,0.6633057301149401,0.28819432375104964,0.034722220346349295,0.011457604356257454,0.002320121431403498
N4339HD,0.9469387441583816,0.050642173402197566,0.0016779950117431436,0.0005432015219582702,0.00019788590571946917
N4615HD,0.013108382549909744,0.1160866894238355,0.3486678294007413,0.4072472534846104,0.11488984514090307
N4618HD,0.8724372392420526,0.12149098418776065,0.004146412511112299,0.0014819304403970097,0.0004434336186773523
N4624HD,0.5200217674951402,0.47128117399867586,0.007629979025824923,0.0008071427534175468,0.0002599367269414712
N4626HD,0.8379163118385305,0.14047957978002776,0.016693172344464154,0.0041480924588227905,0.0007628435781547103
N4628HD,0.07370434004243365,0.4025813116828734,0.3985641773177211,0.09391410745911616,0.03123606349785574
N4638HD,0.06416658549959926,0.39445687045353894,0.3144445690723655,0.1741112313348128,0.052820743639683455
N4639HD,0.7576725408040242,0.22166880193590618,0.013839907921854999,0.00452837074792691,0.0022903785902877167
N4642HD,0.9177684306650341,0.07877617589297933,0.0025261313211396297,0.000667180865316542,0.0002620812555303893
N4646HD,0.9267223619395571,0.070969602296829,0.0016851429379023393,0.00048149364123732864,0.0001413991844744077
N4631HD,0.8832378305265868,0.10931262080859408,0.005529799611424539,0.0015835587275585432,0.00033619032583604303
N4656HD,0.010448171345929695,0.0693161631160432,0.3746216535827054,0.439400756651336,0.10621325530398568
N4658HD,0.8032358178475716,0.17599456223332516,0.016397211481092595,0.0032412585590455697,0.001131149878965241
N4661HD,0.8752289618753069,0.11690673436040752,0.0054197317940668215,0.0018321542654559486,0.0006124177047627245
N4665HD,0.8396890004302364,0.1504934277772386,0.007775790644645109,0.0015866698249683993,0.0004551113229115833
N4667HD,0.8150431799569545,0.17814637032855765,0.004554863228395877,0.001513177463910814,0.0007424090221812768
N4669HD,0.7491303346429372,0.24237053258439567,0.006479962534583804,0.0015750442135116151,0.00044412602457166527
N4673HD,0.1510205116236154,0.5513583083258984,0.24328263885824908,0.04078447125431287,0.013554069937924268
N0760HD,0.06912900028479146,0.587923082102027,0.2958074201948038,0.04112451582467442,0.006015981593703213
N4672HD,0.7337050421498373,0.21728003129095186,0.039480484256032206,0.007945049994317296,0.0015893923088614104
N2593HD,0.8869238460337407,0.10644025773207995,0.004074261640590332,0.0018544064482139667,0.0007072281453748607
N4677HD,0.10033147154575943,0.6376261273865929,0.2342613247144297,0.024273022099713683,0.003508054253504302
N4680HD,0.1540517593782623,0.5401871611991679,0.25444314655069095,0.043450952244506715,0.007866980627372152
N4688HD,0.01116997716723498,0.091222351420954,0.45493615727901743,0.3906010256442462,0.052070488488547347
N4689HD,0.8821128335634713,0.11224335583035247,0.0041348708396276995,0.0010800164292111313,0.00042892333733768074
N4691HD,0.13623390527734894,0.3998470358641413,0.23318847558614914,0.17536023897092948,0.05537034430143122
N4692HD,0.635680942437578,0.308877550892265,0.03885322033071087,0.00980858764051766,0.006779698698928524
N4694HD,0.02259715662792263,0.18094285867953258,0.5436420210899346,0.21840372494614257,0.03441423865646761
N4695HD,0.07011258257408332,0.6898931207309144,0.21912070463446764,0.018318755825165702,0.002554836235368887
N4699HD,0.24791032621013245,0.13607832548382903,0.49971138162115564,0.09359912371615778,0.02270084296872521
N4703HD,0.449606030819142,0.3993560092153991,0.0986069526141445,0.04324413102459175,0.009186876326722795
N4704HD,0.002214495511755056,0.01403413882102887,0.4085673661558558,0.5573359008967188,0.01784809861464138
N4708HD,0.9294403867078288,0.06803158823867317,0.001883901738516395,0.00046480547557100564,0.00017931783941053193
N4714HD,0.5452692785137998,0.3872805814865378,0.047447551557025194,0.011700660906906586,0.008301927535730674
N4721HD,0.20487961576247837,0.5283058487903313,0.19795419540547374,0.05084911904293787,0.01801122099877887
N4722HD,0.8458838158496487,0.1493988343275886,0.003474662179718037,0.0008600947663173056,0.00038259287672721113
N4724HD,0.10492024496721028,0.7603380493874157,0.11951355431202941,0.013221946533826785,0.002006204799517885
N4726HD,0.021189429022651782,0.81867016809823,0.15173479224190786,0.007369468908258137,0.0010361417289522046
N4735HD,0.7611722316437812,0.23074605402074738,0.006135108483404722,0.0013150510655518368,0.0006315547865146567
N4063HD,0.4766792396917481,0.42900099821625054,0.0658958220182566,0.018331918063221344,0.010092022010523193
N4712HD,0.8837959166758982,0.11128906593752792,0.00370652664051686,0.0008161635106685073,0.0003923272353886931
N4738HD,0.113496641152271,0.2021465979418285,0.5673415325277187,0.09559256240115076,0.021422665977031092
N4740HD,0.056176516885562224,0.2890697351627895,0.32875418135226475,0.27060154674691755,0.05539801985246597
N4742HD,0.014521607334233298,0.11454953525973176,0.497130710846773,0.291436883002827,0.08236126355643474
N4745HD,0.8610817246631963,0.12737584488048867,0.009098481536453738,0.0019353429532733275,0.0005086059665879173
N4747HD,0.8730007817741247,0.1129031530928958,0.009645839464604442,0.002891000572488473,0.0015592250958866227
N4750HD,0.7939878908155898,0.1871950408738044,0.012436661283902835,0.005363846453714043,0.0010165605729888553
N4752HD,0.0022361105099122256,0.027779236275344055,0.450371726102467,0.4901394034319508,0.029473523680325894
N4754HD,0.4860598299240311,0.5008485134436567,0.011081474770894995,0.0015244293592153284,0.00048575250220183176
N4755HD,0.21783577038945304,0.44475378730141363,0.2665497962245778,0.05384856473840855,0.01701208134614711
N4756HD,0.44276638024088544,0.37323996107370927,0.15711223635386456,0.02037792426861895,0.006503498062921758
N4757HD,0.8479742913185605,0.14358218618456772,0.006400327906349242,0.0016082231709336375,0.0004349714195889905
N4759HD,0.22525818822696017,0.7314119018274675,0.0356259105406592,0.006289018219217231,0.0014149811856958951
N4762HD,0.41497687236636216,0.49417566271002344,0.07815325470030016,0.011059266188663174,0.0016349440346510487
N4763HD,0.5670692046082891,0.3780519507855626,0.038710770819246,0.009475125990676842,0.006692947796225442
N4767HD,0.8470924566483677,0.13399016691637583,0.014539994137596603,0.0036517760420480636,0.0007256062556119104
N4769HD,0.04624215715576924,0.38579356721386415,0.47132188810430137,0.0902564347722785,0.00638595275378673
N4770HD,0.8167262013230463,0.17289590448779685,0.007361164318378198,0.0024506325357989155,0.0005660973349796435
N4676HD,0.21927601689475465,0.5492659412028739,0.17677204271580757,0.04537404303916167,0.009311956147402317
N4614HD,0.16253124102006283,0.1617237135106313,0.6098825046183503,0.05105118218579766,0.01481135866515785
N4774HD,0.23122243486015964,0.3056428690077318,0.39938481654322333,0.05216964191883039,0.011580237670054777
N4778HD,0.02890330568943745,0.2156253803998119,0.40801323089088026,0.31428615513363856,0.03317192788623184
N4780HD,0.003697145818611218,0.022875278837967975,0.1975102853721747,0.4680663889527635,0.30785090101848267
N4783HD,0.6148765017541721,0.33338443316087124,0.04414901918509697,0.005078629596584918,0.0025114163032750147
N4789HD,0.8347884187292348,0.1513483627567491,0.00904413065739216,0.0030851962749208366,0.0017338915817031206
N4792HD,0.45279866703819993,0.5350931759676957,0.0106140655187354,0.001180579706388605,0.0003135117689803694
N4793HD,0.05017954968453489,0.4169219394517341,0.44265268449005535,0.06663916697828079,0.0236066593953948
N4794HD,0.004569516933476668,0.050788085893606116,0.46515711765834433,0.4628230509749125,0.016662228539660314
N4799HD,0.8412063439577854,0.13209888585392437,0.02357860022449703,0.0024756245008561105,0.0006405454629371668
N4800HD,0.9171968945903545,0.07935366473951692,0.0024673993807513028,0.0006409238346954426,0.00034111745468193776
N4808HD,0.0710841760901456,0.8567423517282232,0.0650138580774314,0.006169917997911898,0.0009896961062880142
N4809HD,0.6007776608790785,0.3469097753464933,0.038765771058891244,0.008165042093070948,0.005381750622466181
N4634HD,0.6450420722313964,0.30008799023069155,0.04263612423028474,0.010645046884981515,0.0015887664226457464
N4784HD,0.9066514494299401,0.08699100479877224,0.004935837868929761,0.0009257784155345939,0.0004959294868233508
N4815HD,0.9077421579517252,0.08837259548355329,0.002833937070389845,0.0007042728593544649,0.00034703663497720043
N4816HD,0.8139052865014236,0.1707605733016808,0.011906756791294906,0.0028407159077620905,0.0005866674978385678
N4817HD,0.38892634975881835,0.572190285463743,0.03333933663209788,0.00430887324000125,0.0012351549053394991
N4818HD,0.909271884967129,0.0849444717274815,0.004046549509094301,0.0011658528590234492,0.0005712409372715843
N4821HD,0.021383343377611462,0.9379403769347339,0.036466151497135495,0.003720920669207909,0.0004892075213110638
N4830HD,0.9053583878965944,0.08742759394043859,0.005965209364531598,0.0010126999485511397,0.00023610884988415473
N4748HD,0.9194339403979529,0.07689950693275217,0.002696709724564108,0.0007453528308305174,0.00022449011390052333
N4684HD,0.8470735140327483,0.14585257181856506,0.004886376646778057,0.0012872145358595755,0.0009003229660491186
N0389HD,0.02404089799018984,0.9016033602218697,0.07041441597962723,0.00334783762073339,0.0005934881875798929
N4796HD,0.30935750754602104,0.5028082797455393,0.1416276348296494,0.03671811725158355,0.009488460627206699
N4834HD,0.003048706994315168,0.02391625211195794,0.4653679636017692,0.4899470659351502,0.017720011356807494
N4835HD,0.041712439758020164,0.9373549984732912,0.018993898321046473,0.0014575572093627866,0.0004811062382793946
N4837HD,0.422276264970261,0.5672986542540012,0.008948465246978564,0.0011948013030065438,0.0002818142257527217
N4838HD,0.04951205680826748,0.893233625999998,0.05268314323894693,0.0038214359230072867,0.0007497380297801684
N4839HD,0.040056734429768204,0.6670010982275866,0.26111129977714087,0.028064331401451238,0.0037665361640530732
N4842HD,0.8081773539524573,0.15405863314016363,0.03251342038169078,0.004410638640581886,0.0008399538851064352
N4844HD,0.95140618874783,0.04638877124354136,0.0014493185655393478,0.000531748945043148,0.000223972498046227
N4846HD,0.082741634089794,0.2794631668172424,0.34347104664368083,0.19626928498743457,0.09805486746184826
N4847HD,0.8424608918902564,0.15158219658699215,0.00432925199251985,0.001236464057886436,0.00039119547234531667
N4849HD,0.47733989534344945,0.42554869800659156,0.07364180728823316,0.01718703888268168,0.006282560479044094
N4852HD,0.05113098844869659,0.7584508402559366,0.1712082586897216,0.016562687272466545,0.0026472253331784796
N4853HD,0.6869994004441097,0.29467747664511046,0.014505652273805425,0.003049415990458672,0.0007680546465157328
N4856HD,0.8811011767229402,0.11542952099823622,0.00232740526336921,0.0008751870951170855,0.0002667099203371187
N4858HD,0.9082438050947746,0.08578947392671751,0.004199764220455496,0.001157801780772924,0.0006091549772794775
N4860HD,0.11277944589260079,0.37071251671064254,0.3778185204124889,0.11861283716817365,0.020076679816094137
N4861HD,0.8678349187119874,0.1280109440722578,0.003107398002181867,0.0007394916481083203,0.0003072475654644737
N4863HD,0.4282842785223518,0.5607179592868483,0.008854645241228825,0.0015345745091522903,0.0006085424404186493
N4864HD,0.5424800762323095,0.4435870038754321,0.01139796570777164,0.0020717832696997107,0.0004631709147871413
N4866HD,0.7765498654219812,0.21018488935781895,0.00957527229436263,0.002772085759822372,0.0009178871660148251
N4012HD,0.6222276550593819,0.351772586666983,0.019504506311699386,0.004873012350660845,0.0016222396112746547
N4825HD,0.15841446262036643,0.4417459151758765,0.33789003994055117,0.049997495189229385,0.011952087073976544
N4875HD,0.030695046618389593,0.22531373220335366,0.5714336669411545,0.15254178789696538,0.020015766340136968
N4878HD,0.019019161576341915,0.10302058008569982,0.36865224948322006,0.3252610324138621,0.1840469764408761
N4883HD,0.04830423098754264,0.630358613370225,0.2852803368345834,0.03247877658182118,0.0035780422258276548
N4884HD,0.654279824470481,0.30859296150188487,0.03251656215451718,0.003517903571333476,0.001092748301783347
N4887HD,0.25934930025112124,0.583128055291149,0.1458984974314241,0.00993561053855854,0.001688536487747194
N4891HD,0.694893883179609,0.27674368555104567,0.022157456792478342,0.005040186142295613,0.0011647883345714
N4892HD,0.10282796067958584,0.780236666349859,0.10116794110046165,0.014005177976303724,0.0017622538937897849
N4895HD,0.8293936773050206,0.10091003373285505,0.06144882958966504,0.006630344315932939,0.0016171150565264002
N4899HD,0.7836077408739727,0.20981722729982408,0.005227853665711143,0.0009549324074072576,0.00039224575308478377
N4898HD,0.6890205103052173,0.19710285043651807,0.10377740040823026,0.007848000592812708,0.002251238257221558
N4902HD,0.6557019947243276,0.31152778393431635,0.022821526863795835,0.008128480051458107,0.0018202144261020793
N4904HD,0.16534757856476973,0.4096545384053579,0.3068722572454458,0.08608603679618099,0.03203958898824556
N4906HD,0.8432508439125689,0.14371814768467642,0.009345650092990597,0.0029474418103269465,0.000737916499437097
N4909HD,0.8690457047504013,0.05963416293825453,0.05781806155089142,0.008565605626561038,0.0049364651338915455
N4912HD,0.6164152570818753,0.35450133022043157,0.024050213663874005,0.004037634576697317,0.0009955644571217903
N4913HD,0.6711821029549603,0.308696383997998,0.01776780957541995,0.0019424691226859524,0.00041123434893583055
N4914HD,0.09357747704670817,0.6683105976415503,0.21033762966489408,0.024899979944260468,0.0028743157025868907
N4908HD,0.8826521608217257,0.114263438384383,0.0023320266991979765,0.0005434025184119569,0.00020897157628166414
N4937HD,0.8878475409521055,0.10941692747398744,0.001849752219966125,0.0005838081678717636,0.00030197118606929186
N4938HD,0.8766585985801264,0.11938614939254326,0.0028204478389362683,0.0008828556629726296,0.0002519485254215036
N4949HD,0.9093452026326421,0.08468083739879488,0.0043265375352026965,0.0012111520706830027,0.00043627036267758154
N4952HD,0.7872690934369628,0.19296384044689419,0.015464290048556808,0.003376318420737873,0.0009264576468483953
N4954HD,0.35065655108357074,0.5851039935970725,0.054194764701638726,0.008545759843081495,0.0014989307746364337
N7917HB,0.8889282838807286,0.10776606291372677,0.0025459993898177746,0.000502713760561124,0.00025694005516554074
N4951HD,0.7743803353650955,0.21607397440385,0.008222288390733669,0.0010136166021850472,0.00030978523813584007
N0385HC,0.0875808936728383,0.3938293088916823,0.38162143788486397,0.0899649446504443,0.04700341490017121
N3920HD,0.2870962176017048,0.5494061053897985,0.14062614299261986,0.01972134913310404,0.0031501848827727216
N9498GW,0.7736725634175193,0.20653738293729373,0.016725250875399087,0.002460918550115153,0.0006038842196725006
N4961HD,0.9449925079016055,0.05325388853383155,0.0013222458143474383,0.00031772750846740166,0.00011363024174821164
N4965HD,0.332857284774888,0.5159831705392981,0.12452925018946734,0.02215107945011744,0.004479215046229176
N4967HD,0.6368932472291178,0.3142551836194243,0.03732183685053745,0.009610700447373163,0.0019190318535472503
N4968HD,0.34766612904140015,0.531392211583507,0.07617681677022836,0.03765346242837973,0.007111380176484574
N4973HD,0.7961567410675621,0.1848760663651145,0.014932579196097919,0.0032605981933487237,0.0007740151778768559
N4976HD,0.019429718523598424,0.26478902997269416,0.6269708143105092,0.0815799283100427,0.007230508883155556
N4977HD,0.2000930485824514,0.7426529996792606,0.05161385425090553,0.004700661720400108,0.0009394357669825454
N4978HD,0.7169554006316998,0.250674350721056,0.022757354148041205,0.008429119400533456,0.0011837750986696146
N4982HD,0.33633095427069526,0.5014689140396197,0.13710709430585893,0.01876199918033783,0.006331038203488266
N4983HD,0.1263809055632116,0.5503772918090606,0.23653147270653038,0.0797928081414934,0.00691752177970403
N4984HD,0.8750180660351594,0.12102897558529872,0.0029435474058915707,0.0007284468369010697,0.00028096413674920915
N4992HD,0.007676838566612539,0.08534379832126113,0.20163954813110083,0.5149135662916893,0.1904262486893363
N5000HD,0.6523164952657147,0.27617315657709524,0.04973056945237369,0.01650658280214804,0.0052731959026682314
N5006HD,0.3820630062812774,0.4982555525807725,0.10388181664524025,0.012725006144675154,0.003074618348034763
N5007HD,0.743791460310432,0.2276881021089572,0.023924082584415647,0.0036629704788708316,0.0009333845173243541
N5008HD,0.16292184782212737,0.6490973605061753,0.17094421839489116,0.01516797955981496,0.0018685937169912515
N5011HD,0.32945633137239005,0.582570696159438,0.07437359561549292,0.009923767295146085,0.0036756095575328327
N5020HD,0.587040004916528,0.36095341211154847,0.04259419872295945,0.007281254999103363,0.0021311292498607413
N5024HD,0.8604721062513374,0.12638063974147584,0.010180192929971148,0.0024682257370831785,0.0004988353401324518
N4826HD,0.9134067236218426,0.07857851945731366,0.0057743977733095316,0.0014376959854091014,0.0008026631621250039
N5032HD,0.8647751390620102,0.12722388639546078,0.006451371916247101,0.0012248668663428833,0.0003247357599390371
N5041HD,0.926609879766076,0.07079912429184057,0.0018190413416208375,0.0005359438762810844,0.00023601072418138027
N5043HD,0.9531628545317979,0.043621963690549784,0.0023430918972400373,0.0005635684647012127,0.00030852141571114874
N5044HD,0.06426774582276282,0.07445361328027854,0.5893939775915473,0.17441862111914497,0.09746604218626627
N5045HD,0.814942990382785,0.17259627742795983,0.009463522668310383,0.002144873138462172,0.0008523363824828378
N5004HD,0.9107487001835233,0.08494713826715704,0.0030611065050876077,0.0009093647357550587,0.00033369030847678625
N5055HD,0.550492356798902,0.37781078206902124,0.0571069948915106,0.012281764248904715,0.002308101991661513
N5056HD,0.07403268824591275,0.2182047576790025,0.4306824494706859,0.18598622988274258,0.09109387472165621
N5057HD,0.7093967052581048,0.2779022999011698,0.010576296159661025,0.0017276057127391686,0.0003970929683251101
N5059HD,0.5592857178086944,0.19193695591514484,0.21309692535201613,0.0296652016373578,0.0060151992867868865
N5061HD,0.5164554285900015,0.4425865308146876,0.034344115904427194,0.0049526163848032595,0.0016613083060804548
N5018HD,0.9353382687371263,0.0612770470047985,0.0025230804993094528,0.0006331238244773585,0.00022847993428855607
N4896HD,0.6942751442347067,0.28833674196370057,0.014211473473362055,0.0024964553868416003,0.000680184941389028
N5064HD,0.7660878619684963,0.20204032394890623,0.025640311018205693,0.005175648939305577,0.0010558541250862287
N5065HD,0.5673296624278599,0.40665427559242157,0.02063606151142868,0.004238749338050368,0.001141251130239654
N5067HD,0.2334283293271226,0.47418406596193013,0.23883903909912987,0.045823165786443826,0.00772539982537349
N5070HD,0.0330654504444607,0.6097363675437154,0.32857421231543427,0.02481796781181302,0.0038060018845767042
N5071HD,0.12790952370287734,0.7632354388961883,0.09649746154538391,0.011005806313502554,0.00135176954204777
N5072HD,0.11985349301905693,0.7768235032767675,0.0917821435372122,0.010328100324971883,0.0012127598419914313
N5074HD,0.6974892022694394,0.27504478800719806,0.023349201738425154,0.0032866558765688387,0.0008301521083685395
N5075HD,0.919614777133714,0.0779375890103473,0.0017136076061247281,0.0005242043103840225,0.00020982193942990651
N4923HD,0.798382751682831,0.18301806974141638,0.013318939450351223,0.0035020029238940404,0.0017782362015076308
N5076HD,0.7774906518762583,0.21165005969018594,0.009273165450428068,0.0012631881232222503,0.0003229348599053619
N5079HD,0.026693447869245684,0.23032173660540914,0.519032248134853,0.20711279770165952,0.01683976968883266
N5080HD,0.3371323463274681,0.2925298224038536,0.30787903263694844,0.05138286808017881,0.011075930551550914
N5082HD,0.7992304167362656,0.17911016578503627,0.016226750906859204,0.004225555522086309,0.0012071110497524655
N5083HD,0.6962831333933774,0.2657339196152362,0.028623912363939522,0.00782257221071581,0.0015364624167310077
N5085HD,0.11057496924756077,0.5485992655859468,0.3124507006967386,0.023227238966489344,0.005147825503264495
N5051HD,0.34724016758864706,0.6295461711653807,0.02061790202152202,0.0019377786569363563,0.0006579805675138218
N5039HD,0.029892952187679598,0.18656631327582296,0.4442447846370574,0.26252705654698444,0.07676889335245557
N5088HD,0.8647664228333211,0.13178747074294134,0.002618483394538064,0.0005966424650432476,0.00023098056415632215
N5091HD,0.034653161106337906,0.9540531034994544,0.010082537535668314,0.000982263486499259,0.00022893437204012394
N5093HD,0.010985348065085158,0.09421626526244793,0.3008230090842323,0.5059277866443919,0.08804759094384271
N5100HD,0.007348543741059321,0.07491285908100416,0.42710083573026336,0.4694935519698156,0.021144209477857574
N5103HD,0.03165775940554645,0.1671829814251422,0.4288060852601308,0.2528089169385339,0.11954425697064677
N5104HD,0.9439327145341277,0.054099328499982585,0.0014914571637858797,0.00035116542362482843,0.0001253343784790377
N5105HD,0.6980978564623195,0.2808366102571429,0.012414194885483799,0.006821191961777532,0.0018301464332762432
N5106HD,0.726800271643125,0.24772687509701172,0.02120901262818896,0.003387905117142676,0.0008759355145315926
N5109HD,0.38847074657909575,0.5913963182608467,0.017213637302008773,0.002193666541308078,0.0007256313167405405
N5112HD,0.49636294937924125,0.38939505209676245,0.0856564024082259,0.022002211111264495,0.006583385004505915
N5115HD,0.8676237271713365,0.12443068120587455,0.005946565574949503,0.001582372325886156,0.0004166537219532174
N5120HD,0.007429936918380919,0.06148914659740014,0.28929264652424125,0.5787558812909872,0.06303238866899057
N5121HD,0.5358242262762761,0.43509666605874103,0.02254647174932257,0.004806919715276555,0.0017257162003838026
N5122HD,0.5822954410796554,0.3315141944601403,0.07018397679128513,0.013822932734584086,0.002183454934335062
N8305HB,0.8797597635391647,0.11567278133482432,0.0034259061311774142,0.0009053717222047434,0.00023617727262861498
N5126HD,0.03917517014640057,0.283815087332216,0.33133166791939234,0.29224706461171934,0.05343100999027168
N5128HD,0.9264496253736979,0.06940933199628276,0.003243107496305359,0.0006559852764949974,0.00024194985721916708
N5133HD,0.01227469819403221,0.10414425789588291,0.4193421979426981,0.4195369328859935,0.04470191308139317
N5135HD,0.8406229024988271,0.14766791354256975,0.009500795912901119,0.0017669946699612723,0.0004413933757408265
N5143HD,0.8211441670754667,0.17138549905826408,0.006337775587514698,0.0008408030724622758,0.00029175520629233975
N5144HD,0.28288243326726,0.6368966828401065,0.07034502748039317,0.008001158362820856,0.0018746980494194938
N5149HD,0.15218736542142727,0.3286069181646249,0.39287416352675103,0.09291977611447609,0.033411776772720676
N5152HD,0.4493029372916876,0.5151090678751536,0.030474202128209556,0.004261714042626826,0.0008520786623223478
N4394HD,0.16767090082194064,0.3944492702085454,0.3162341763919351,0.09678992546802022,0.024855727109558464
N5029HD,0.1215632701309615,0.3931416054882645,0.34458299637493817,0.11816362231295827,0.022548505692877762
N4368HD,0.9273469224570327,0.07001299184109526,0.0018606213760717142,0.0005754047664473916,0.00020405955935316386
N5013HD,0.20809721656296978,0.3486700418442089,0.32872342499925766,0.08862206479373949,0.025887251799824113
N5153HD,0.2860468626718594,0.5987804192599532,0.09308054780364872,0.017494816625835383,0.004597353638703508
N5157HD,0.8333077908215011,0.15995058558761133,0.004990941833028006,0.0011074688994197955,0.0006432128584398831
N5170HD,0.5755916958941573,0.3900374235999912,0.02975396051970171,0.003379913368596467,0.0012370066175533133
N5172HD,0.8796861450387472,0.10985767254443884,0.007616760953828543,0.0019544439330832757,0.0008849775299020809
N5173HD,0.6626749881851051,0.29099901135838424,0.03585760814557216,0.008095401381938271,0.0023729909290002783
N5147HD,0.6572134867160221,0.30054354358614244,0.03325516698187005,0.0062391894013058,0.0027486133146596434
N5178HD,0.8452540204204917,0.13013798992026376,0.019862755915679462,0.003964891567990261,0.000780342175575084
N5180HD,0.4719049563330098,0.32795244681781166,0.16408743233505202,0.03033775859073986,0.005717405923386661
N5181HD,0.4142435818092367,0.47776671090874906,0.08837490887654094,0.014430506172562928,0.005184292232910235
N5182HD,0.8968017515144695,0.09887252250890365,0.0031355823850206443,0.0008149895500267101,0.00037515404157953327
N5183HD,0.053646339805626074,0.9239595359906575,0.020261240825248193,0.001790250262575867,0.0003426331158922696
N5185HD,0.1731342689287216,0.49359624646318356,0.24836802305909927,0.07708570500149453,0.007815756547501026
N5187HD,0.10796163377482207,0.3221085020191509,0.3608185737889369,0.16374539357239357,0.04536589684469663
N5188HD,0.1927948536706925,0.5032682196669269,0.176754520266406,0.11307722255222837,0.014105183843746353
N5190HD,0.005574456752761747,0.0683216398696023,0.34488551833041226,0.5529524830769781,0.028265901970245668
N5192HD,0.4393223065760148,0.5523038114378113,0.0074418008941647094,0.0007118449777625564,0.00022023611424668293
N5193HD,0.7309388769088664,0.23163078833293288,0.028933781975236966,0.006778802701216437,0.0017177500817473787
N5197HD,0.8610346757624625,0.13190515818163195,0.005872875126547335,0.0008499673625303927,0.00033732356682784274
N5198HD,0.23639312311769017,0.4565466520935554,0.17982158127615291,0.10271310220918246,0.024525541303419246
N5199HD,0.6118366500986911,0.3044699302640636,0.061859729924900235,0.016518766429228535,0.005314923283116451
N5200HD,0.8209341935855177,0.16697486501576045,0.008986400322246853,0.002342402024250578,0.0007621390522243741
N5203HD,0.027321808991343375,0.19181433946978768,0.4130951259938525,0.31751628799612286,0.050252437548893636
N5209HD,0.02850543646750183,0.2211183140576042,0.4824664845818188,0.25484663355371157,0.013063131339363685
N5212HD,0.8184864257661618,0.17433828019269249,0.005777550094861901,0.001079351308984095,0.00031839263729974214
N5215HD,0.5311983169641303,0.3953159721280816,0.06068693220483096,0.008913327774337726,0.0038854509286192643
N3574HD,0.8195368144056835,0.16729480791824874,0.008227426773031345,0.003612089883014553,0.001328861020021663
N4760HD,0.03598050673914353,0.19661869137375254,0.39561838229497687,0.2845601702162964,0.0872222493758307
N5225HD,0.8578932152041839,0.1353247817852009,0.005702524870003925,0.0008503642411185495,0.00022911389949282533
N5226HD,0.5667009170196036,0.36985202259580413,0.046793364138891895,0.013129896506519936,0.0035237997391806067
N5227HD,0.8151649172462787,0.15970171580814455,0.019383293610211773,0.0046553910570286934,0.001094682278336377
N5233HD,0.00608922207168495,0.03797028571079567,0.23052852204685909,0.40827280725500686,0.3171391629156535
N5238HD,0.8911027711133207,0.09728753028317842,0.008008788840221232,0.0021854301292041686,0.0014154796340755701
N5241HD,0.8026413220216102,0.1641660403726357,0.02735035837687563,0.004366632898107415,0.001475646330771048
N5243HD,0.004787054966168935,0.036665965143837395,0.328719471529146,0.6136050667806576,0.016222441580189997
N5246HD,0.7437741446583507,0.23239760457395334,0.01589974194327075,0.005983867959423936,0.0019446408650014154
N5247HD,0.003117498370146094,0.015519353142131282,0.38161815543427846,0.5821904584181029,0.017554534635341245
N5248HD,0.617871543155312,0.14203909920384986,0.2006422353737064,0.03334598983886044,0.006101132428271271
N5253HD,0.6341685379096227,0.3040333545669922,0.048039210531195115,0.00920698627409256,0.004551910718097514
N5257HD,0.024920438418166727,0.17321164680934528,0.39025887759304234,0.3622209277241405,0.04938810945530529
N5259HD,0.009797814624437205,0.06756492731016017,0.27462002131344554,0.3410350727911119,0.3069821639608452
N5262HD,0.06766211583110954,0.36913428377202534,0.5367647084040348,0.022841489403819946,0.003597402589010347
N5266HD,0.09722586450003243,0.7900208103740316,0.10055823671890236,0.010691921389437918,0.0015031670175955755
N5270HD,0.6817745097221316,0.29601739804404903,0.017161097268281977,0.0038612067985338257,0.001185788167003585
N5271HD,0.6575491704037869,0.26122919359217367,0.06926760723952517,0.00941643448225472,0.0025375942822595783
N5273HD,0.8578897174112441,0.11787990651895863,0.019802504131779,0.003076095992752332,0.0013517759452660138
N5274HD,0.907544867485977,0.0793312348629832,0.010782046673617532,0.0018933260571315283,0.000448524920290783
N5211HD,0.3293120550264902,0.5437998239993279,0.08777517919620578,0.03274498691015025,0.006367954867825837
N4843HD,0.5004492920149779,0.4419894109987637,0.03990544293328994,0.012624192229568338,0.005031661823400244
N5287HD,0.6147493032128546,0.345129126484832,0.03140202938255735,0.007294198617344548,0.0014253423024116326
N5286HD,0.06878322132878882,0.19919999564408547,0.4859546963455393,0.16535077949565216,0.08071130718593426
N5292HD,0.023768925246725914,0.1649422691296129,0.40025514825019837,0.36350360473261806,0.04753005264084487
N5294HD,0.8240619237894337,0.16921154721039058,0.005004795421051493,0.0012624854817618455,0.0004592480973624494
N5296HD,0.26131790661756615,0.5060472737174394,0.16907541202192042,0.05544661938336866,0.008112788259705206
N5298HD,0.7738099541142187,0.20055309539196886,0.020085995294681233,0.004149536074869192,0.001401419124262046
N5303HD,0.8799829625282694,0.08832018134193431,0.0274490508162328,0.00328461424160771,0.0009631910719560563
N5305HD,0.14613352931980864,0.42728253800358645,0.3407851483917162,0.07530033000148083,0.010498454283407923
N5306HD,0.8590587029114182,0.13077885706621992,0.008056752641932705,0.0016785274382393781,0.0004271599421894722
N5307HD,0.03293100288348942,0.2721880218889963,0.41103088103704016,0.22768406523806162,0.05616602895241249
N5311HD,0.3621691115876574,0.46757735970567754,0.15555172319476587,0.012710599218587458,0.001991206293311689
N5314HD,0.8211168558297266,0.1675686534404578,0.007927953284961283,0.002683688248865797,0.000702849195988546
N5073HD,0.07806847837710497,0.2964234531756343,0.4311060940846946,0.14671936927982307,0.047682605082742975
N5277HD,0.024651283039309344,0.11400809837965471,0.3741248480846456,0.29922512038062704,0.18799065011576332
N4885HD,0.9330002534550391,0.06328504990156601,0.0024797384195089376,0.0008337709960606622,0.00040118722782513496
N5318HD,0.016209557590958858,0.19602968762093728,0.5136681698669432,0.2241575673378728,0.04993501758328785
N5321HD,0.8124834137620461,0.15316291024054532,0.028305675503229683,0.005212296275825977,0.0008357042183528051
N5323HD,0.9423307738623365,0.05594102580076108,0.001235821557403592,0.0003597071095639225,0.00013267166993484266
N5324HD,0.6752905527395541,0.2856559320957052,0.031129695210456804,0.006513666519322621,0.0014101534349613577
N5326HD,0.8653605672127301,0.12213144556693968,0.007985397863555545,0.0034710923380076985,0.0010514970187668513
N5327HD,0.6918580358618175,0.29483581527323316,0.009552070644149152,0.0025774633344626424,0.0011766148863376032
N5329HD,0.032814078517887625,0.11214235431421776,0.729343989046125,0.09783004554658359,0.02786953257518609
N5331HD,0.7667547540672052,0.21956361326534543,0.010296062707424369,0.0025047904307454387,0.0008807795292795734
N5332HD,0.8121214109464767,0.16300786797091255,0.018810222690385292,0.004916013440737411,0.0011444849514880523
N5333HD,0.8949960176792193,0.10179220337604562,0.0022706706489884435,0.0006929548610195272,0.0002481534347268853
N5334HD,0.02057860384152101,0.9617407201766436,0.015875879797385722,0.0014784066421478293,0.0003263895423019084
N5338HD,0.019039201825396812,0.098959553081044,0.334205764663402,0.33808831091826097,0.20970716951189614
N5339HD,0.009707774453954226,0.021661545436536103,0.6812435089792209,0.2084636576902328,0.07892351344005596
N3820HD,0.01257309488579939,0.07031800739621974,0.3210825344715485,0.2989757380574014,0.2970506251890309
N5342HD,0.8070761274285454,0.1829927499433406,0.007934694951734319,0.001608754321675636,0.0003876733547040558
N5345HD,0.6437466600513367,0.30167437498391086,0.04191898297792541,0.010281619761244956,0.002378362225582089
N5346HD,0.8061012727704485,0.18497588172582166,0.006842506933919597,0.0016175438146586556,0.00046279475515151856
N5348HD,0.01729313685073835,0.14571927696347503,0.23722190579442207,0.47967417914602917,0.12009150124533546
N5351HD,0.6798701781481041,0.25417851221449267,0.052049012155618156,0.010918564769369248,0.002983732712415585
N5354HD,0.004297909317636702,0.02308226632579943,0.37423796505182705,0.5883269552624203,0.01005490404231653
N5355HD,0.6529473892161619,0.3119721185931793,0.028782373431441806,0.004361084720914988,0.0019370340383021056
N5362HD,0.888240499856924,0.10821520513057045,0.0025293939346699872,0.0007593461913422701,0.00025555488649337996
N5364HD,0.8115792177834369,0.16563393599618587,0.017528057372459795,0.00419015557299126,0.001068633274926056
N1264HD,0.032642425440252865,0.7727757887809704,0.1844532713818659,0.008929013283545173,0.0011995011133655463
N4985HD,0.2471936833011569,0.48560288688369635,0.20082273063943273,0.050266547319289846,0.01611415185642407
N5368HD,0.008074849844270317,0.08031872500610565,0.4760252738966959,0.4071262186558689,0.028454932597059234
N5371HD,0.8785015042829134,0.11099488032528598,0.007307125638302513,0.002268946239726061,0.0009275435137720258
N5372HD,0.7834792185533571,0.2023335418885923,0.011491635102956074,0.0022972182476193185,0.00039838620747531414
N5373HD,0.4353892450929788,0.5558532482437291,0.006965093017778964,0.0013691757395379032,0.0004232379059752356
N5374HD,0.5523161743161477,0.43115887900753513,0.013328118914178842,0.0022616290488437674,0.0009351987132946236
N5377HD,0.659185641301309,0.3210003389069332,0.015981049878300645,0.0030580698903218055,0.0007749000231353383
N5379HD,0.7804976145359093,0.19673187220885868,0.018759647731508313,0.0032479409185244075,0.0007629246051991797
N5381HD,0.07090948555432983,0.3090533605954563,0.228334523182902,0.3322248136883279,0.059477816978984
N5383HD,0.15330282068719955,0.3379969516442703,0.30648221649144697,0.1785528939007769,0.023665117276306307
N5385HD,0.8886671015347464,0.10918612614689621,0.0016194512290665529,0.0003760058380440874,0.00015131525124705448
N5387HD,0.023012705291107178,0.11607621353888405,0.2983179462354245,0.38537178932845134,0.17722134560613287
N5388HD,0.036350516136925214,0.24161590419136098,0.36434571978118185,0.32576344233586185,0.031924417554670244
N5389HD,0.03349269148642258,0.3573230847374694,0.5728671475667014,0.03201058809324888,0.0043064881161576024
N5391HD,0.48859995740350376,0.47265611564358945,0.032955090726222304,0.004583177101639418,0.0012056591250450646
N5393HD,0.5872796108141437,0.3741882888694363,0.03414328078682288,0.003283005910156533,0.001105813619440658
N5395HD,0.7138644476613948,0.2507373890318738,0.028491607310389685,0.005876916066966523,0.0010296399293751037
N5397HD,0.7766706682197385,0.19624193977802232,0.023135328307071944,0.0031511861360931787,0.0008008775590741807
N5398HD,0.7781837622765841,0.19461321514751856,0.02187656425813294,0.004536865480868412,0.0007895928368960418
N5386HD,0.11293700253634655,0.7071679254865396,0.1701082724597477,0.008320837637337515,0.0014659618800286264
N2483HD,0.8571803435800052,0.1315302341163004,0.007630722021599592,0.0027017401785241132,0.0009569601035707275
N5402HD,0.8590012510595466,0.13106749588744165,0.007526762641911463,0.0017579405973819186,0.00064654981371856
N5404HD,0.634061434812985,0.32548899754531846,0.031116949971155564,0.0078219036012569,0.001510714069283997
N5405HD,0.9163141445721119,0.07948962776928864,0.0030983304181034835,0.000811808792248519,0.0002860884482475443
N5407HD,0.2241658924050696,0.5659978472418333,0.15749754716996156,0.04724225333493839,0.005096459848197193
N5414HD,0.44173910856173176,0.5500404172403538,0.006800958577126133,0.0010535410060389942,0.00036597461474935237
N5415HD,0.8417059074126801,0.15379795758631898,0.0034152044159914624,0.0007896208691673515,0.0002913097158420639
N5416HD,0.07026557051487967,0.8796636324254089,0.0437270614178786,0.005390083506406505,0.0009536521354263464
N5421HD,0.7574258841248795,0.2196609158064893,0.018155146296408128,0.00401021822190813,0.0007478355503148872
N5430HD,0.8618709282104714,0.1267194776141096,0.008623172878558011,0.002376762355880075,0.000409658940981026
N5431HD,0.05463452303789491,0.7973922791339245,0.13731972884410165,0.009121495842106314,0.0015319731419728415
N5432HD,0.7561362084414504,0.22412400423385515,0.015779740707892863,0.0033224583047273973,0.0006375883120743449
N5437HD,0.7923239917347656,0.18997450184638,0.014565810088256335,0.002501982579355379,0.0006337137512427389
N4225HD,0.287354125785884,0.5404861548596405,0.14268557390690567,0.02408962694648262,0.005384518501087235
N5123HD,0.48240952661347686,0.47880693003307584,0.030361309705887962,0.006312524905536913,0.0021097087420225823
N9187HC,0.013171583523883916,0.11652135296881284,0.4202755158667573,0.3794558073373027,0.07057574030324322
N5439HD,0.11214532207034007,0.48432912458253513,0.30308877479797475,0.08490500601739887,0.015531772531751033
