ncode,proba_0,proba_1,proba_2,proba_3,proba_4
N4541HD,0.7756916284402592,0.204082482109403,0.014551945004789237,0.0036058121674028285,0.0020681322781458357
N4397HD,0.007739231918680635,0.039389384729423126,0.2753809123204181,0.6409573091401798,0.03653316189129835
N4544HD,0.8842684389693753,0.11077730488701804,0.003293324662156347,0.001233666352137122,0.0004272651293132879
N4545HD,0.03772433817702977,0.18110612212931368,0.4911979538299855,0.21262934009279383,0.07734224577087728
N4546HD,0.1630258863151606,0.7534877386985135,0.0762400102418471,0.005792190581157742,0.0014541741633211469
N4550HD,0.8977552811811624,0.09508385503696316,0.00514603551035739,0.0013513109758147349,0.0006635172957022669
N4551HD,0.6818475602337413,0.3073093082845022,0.008940182473403545,0.001505639036524552,0.0003973099718284557
N4554HD,0.06967082910239657,0.5406330780467938,0.3438548370641465,0.03532476446721773,0.010516491319445336
N4555HD,0.4421066561800571,0.5097351768465918,0.04135370210550751,0.005334749630543088,0.0014697152373004886
N4556HD,0.31115936637391267,0.5225190693394159,0.12103223421773258,0.036587641350702145,0.008701688718236589
N4563HD,0.3979766954997687,0.5014701166828293,0.08255371477568457,0.014889814519438426,0.003109658522279071
N4567HD,0.9225799424358668,0.07159234552638791,0.0035426732190989582,0.0016309431223859433,0.0006540956962604154
N4561HD,0.8343154047016667,0.15979571055300815,0.003917294169026809,0.0015299357035355073,0.0004416548727629316
N4571HD,0.24623574711054363,0.5655939163196443,0.14599014525588747,0.033498051642654285,0.008682139671270399
N4574HD,0.9572833255099744,0.04037978612517119,0.0014475265844997947,0.0006461260837544618,0.00024323569659986355
N4575HD,0.53989960971341,0.41607484555690444,0.03554955937031927,0.006430090658835413,0.0020458947005308546
N4579HD,0.20128652437001424,0.6060207168256372,0.13999910346628244,0.039104805918370164,0.013588849419695919
N4581HD,0.1707413472569175,0.712493766315662,0.10734199741249659,0.00805799240390981,0.0013648966110141089
N4584HD,0.14711149574160345,0.8081083257230435,0.04072821980327848,0.003169989932654127,0.0008819687994207261
N4578HD,0.7822251292471922,0.20867447331829472,0.0068677689883009626,0.0017409150543576646,0.0004917133918543107
N4590HD,0.19961669636141774,0.6935889934504382,0.09700641606926118,0.008496013675885396,0.0012918804429974417
N4593HD,0.018575757517992165,0.18700125570044393,0.4365342788595386,0.3393384283479704,0.018550279574054848
N4151HD,0.06215494413305977,0.42297820585350665,0.2840859025447633,0.1845810514396618,0.046199896029008494
N4594HD,0.8415568501890399,0.1471124035623835,0.007898527642376653,0.0024568853851074128,0.0009753332210925025
N4600HD,0.13636270565901287,0.7488167740395852,0.10529028318433736,0.007917644512402833,0.0016125926046617134
N4605HD,0.04829033671443413,0.38973035026734887,0.45627813126212746,0.09927778700911084,0.0064233947469786905
N4612HD,0.5876873868429788,0.36074258014772564,0.03803630542221221,0.011426115149816122,0.0021076124372672246
N1701HC,0.08712792869020472,0.14897877029376944,0.5271922558369337,0.17271400372101178,0.06398704145808023
N3705HD,0.002072408308009514,0.00993106464796209,0.08195009586100811,0.4147690856671746,0.4912773455158457
N4589HD,0.6398920283339156,0.3085390478288875,0.03945445853585123,0.009762288504628212,0.00235217679671737
N4339HD,0.9201378107213497,0.07665576391696843,0.0021648034409309704,0.0007558032341642068,0.0002858186865867388
N4615HD,0.017146622299535945,0.09611443952624019,0.3042032620410194,0.48897954445447706,0.09355613167872738
N4618HD,0.8743866044774204,0.11874136853888966,0.004324494382346211,0.0018667270822822232,0.0006808055190616187
N4624HD,0.5724530469914128,0.41778606353797415,0.008165760134439677,0.001228768639984022,0.0003663606961893045
N4626HD,0.8090244402769619,0.1685359035047338,0.015732367270907308,0.005440189824751264,0.0012670991226458339
N4628HD,0.05383053016823286,0.4284990119932695,0.38967535028019024,0.09787762552665524,0.030117482031652165
N4638HD,0.08688764183385107,0.3265599081113919,0.2671973217450066,0.274134089343066,0.045221038966684286
N4639HD,0.7962813988072235,0.18324573892515486,0.013870596211362234,0.004474771582198081,0.002127494474061306
N4642HD,0.9159328006117512,0.08055599601961536,0.0023873212173543307,0.0008670681404952424,0.0002568140107837861
N4646HD,0.9432380293890423,0.054020437526939705,0.001844189941385978,0.0006590431330367082,0.000238300009595088
N4631HD,0.8776623624724237,0.11309592973454179,0.006694600813424256,0.0020920274369189158,0.00045507954269140163
N4656HD,0.015967782901309784,0.07432698815877774,0.41935117362007734,0.3664193966000478,0.12393465871978739
N4658HD,0.8483883570740958,0.1352440604439408,0.01181755727709983,0.0033062205731323956,0.0012438046317311954
N4661HD,0.8359582538978204,0.15353855990301854,0.0066387180253550115,0.0026718764768680877,0.0011925916969378167
N4665HD,0.8645311743569437,0.1259855240438801,0.007320935170421565,0.0016300376179649155,0.0005323288107897143
N4667HD,0.8477614431087601,0.14564315963074279,0.004509542778271829,0.001377740298839262,0.0007081141833859848
N4669HD,0.6468125489660919,0.33810780303068005,0.010921245922943036,0.0032697984924630035,0.0008886035878220981
N4673HD,0.15828342209182428,0.5055322163126054,0.2792737887384101,0.040084133195526374,0.016826439661634007
N0760HD,0.07723952869660271,0.5465017088178181,0.3190074346862844,0.04867571324828683,0.008575614551007887
N4672HD,0.6904723326240887,0.2607937485534692,0.036903054093973785,0.010034824074644282,0.0017960406538239675
N2593HD,0.8765042187276665,0.11620634148817516,0.004564840838638899,0.001878213038157049,0.0008463859073623697
N4677HD,0.11944731630736953,0.6446215295485541,0.21212428869549005,0.020391597111274813,0.003415268337311385
N4680HD,0.14302984795807427,0.5482306574875199,0.27592135198084455,0.02562987687711515,0.00718826569644612
N4688HD,0.01240026966621397,0.0995291343277227,0.40396576434640225,0.39531088314167245,0.0887939485179885
N4689HD,0.8245162427343614,0.16876835233608875,0.0045232283427313735,0.001694043040015777,0.0004981335468028206
N4691HD,0.10887928234175906,0.43280238840472307,0.2607060926284684,0.1518373385636402,0.04577489806140934
N4692HD,0.5815739812733424,0.3322912587443708,0.06043339988004498,0.01693303913493391,0.008768320967308037
N4694HD,0.02016645121172105,0.18732100180485411,0.5631907146089763,0.1941112820251136,0.03521055034933493
N4695HD,0.05785991079089484,0.6763820120855262,0.2474505607911613,0.015638591108853028,0.002668925223564594
N4699HD,0.2720667130110032,0.1652864872752052,0.4710354066259038,0.07081558006569023,0.020795813022197532
N4703HD,0.4437969083655437,0.39304735262478185,0.09891112209805025,0.05053567974072261,0.013708937170901636
N4704HD,0.002388324861746667,0.014740724931747145,0.30112169184871845,0.6659967178592591,0.01575254049852855
N4708HD,0.9323742376239245,0.06479878706967203,0.0018246981493166175,0.0007435140156634244,0.00025876314142345846
N4714HD,0.5934927804662148,0.3168271922583352,0.06035300287880955,0.018808450445026995,0.010518573951613427
N4721HD,0.19938119695219209,0.5411588817444299,0.18341924665060907,0.058290386593200884,0.017750288059567992
N4722HD,0.8362715506234449,0.158479346673852,0.003499289042035904,0.001241884668937531,0.0005079289917295017
N4724HD,0.09279273106194687,0.7810416943292559,0.11319366682186663,0.010905918178833195,0.002065989608097551
N4726HD,0.03679340885463306,0.8065277905977308,0.1465926169517462,0.008840509590216197,0.0012456740056738605
N4735HD,0.7537841601558376,0.2363059179298708,0.007216084248942025,0.0017252782915806062,0.000968559373768815
N4063HD,0.4547678502945416,0.4296265865789568,0.08038083242039099,0.02434239639997387,0.01088233430613675
N4712HD,0.802209671361276,0.1895714360315033,0.005900768386461187,0.0017086531917469344,0.0006094710290126849
N4738HD,0.1303315277907386,0.1757436784261145,0.5730055269898582,0.09895734202060447,0.021961924772684265
N4740HD,0.07107606986358699,0.32655889742073035,0.33970153730655483,0.19673825989094496,0.06592523551818301
N4742HD,0.02493269789104179,0.13261511185493222,0.4528963546630341,0.30203749745362474,0.087518338137367
N4745HD,0.849218579044771,0.13529632756933593,0.012236418195608166,0.00253996283602918,0.0007087123542557202
N4747HD,0.8291128500102306,0.14377998158977845,0.018823814318730692,0.005948848078987311,0.0023345060022730586
N4750HD,0.7680669201049852,0.21033756389263042,0.015180319801110091,0.005087886752176331,0.0013273094490978752
N4752HD,0.003415370520498947,0.030670039926465283,0.4032360935001818,0.5238358983246033,0.03884259772825065
N4754HD,0.5310404257103594,0.447430756396506,0.01818013730510195,0.0025047316347855154,0.0008439489532471085
N4755HD,0.19716770997341734,0.4742850919446135,0.26393242413312434,0.048205711720815704,0.01640906222802899
N4756HD,0.3947918899660705,0.4198219884544079,0.15677715950407667,0.02242448596795886,0.006184476107486154
N4757HD,0.8559834886047503,0.13350425041581307,0.00804859222661949,0.0019124403962795143,0.0005512283565377789
N4759HD,0.3122239217480204,0.6395959624174765,0.036911973439910234,0.009581492566084985,0.0016866498285080008
N4762HD,0.3745757323075085,0.5311108962409153,0.08145478646464821,0.01050669412028146,0.0023518908666465446
N4763HD,0.6030938025663475,0.33103599537952444,0.04357915532740501,0.01470395976387587,0.0075870869628471395
N4767HD,0.8518197437875012,0.13030596186373747,0.01285523639400962,0.004022989763854755,0.0009960681908968993
N4769HD,0.059996222309469736,0.31556456859481224,0.5156329500476059,0.10062071564941355,0.008185543398698562
N4770HD,0.8665300497292696,0.12133513221140677,0.009330555639697572,0.002179282707920263,0.0006249797117056526
N4676HD,0.2591616928728301,0.5362880918779144,0.14969223684434593,0.044418898040264956,0.010439080364644754
N4614HD,0.1936494188516341,0.15724105560932203,0.5713536322251282,0.0661050727533672,0.011650820560548454
N4774HD,0.20888164322986294,0.35083763506060284,0.37892083844152685,0.05184237743286756,0.009517505835139842
N4778HD,0.02966057454412167,0.18962045639423591,0.41271706551422555,0.3105103490210207,0.057491554526396316
N4780HD,0.0033787180011445143,0.02264307425613744,0.15420659833633887,0.3884951965835318,0.43127641282284745
N4783HD,0.5301008083537935,0.4197345930704388,0.040557755336942426,0.006634533780701967,0.002972309458123338
N4789HD,0.8246700731025604,0.1465154866226172,0.019817678137001374,0.006381374670651855,0.00261538746716924
N4792HD,0.4553569929644407,0.5325107340931101,0.009816157039915034,0.0017988009271304593,0.0005173149754036693
N4793HD,0.033075957323645246,0.2817789298301054,0.5765671298660061,0.08792115219886162,0.020656830781381596
N4794HD,0.006082972416348824,0.059847214051505816,0.3716575634564111,0.5341178038851733,0.028294446190560964
N4799HD,0.834725268703993,0.13846840341780653,0.02306397386423936,0.0029848692208701384,0.0007574847930912356
N4800HD,0.8975700332683948,0.0977875495461008,0.0032732126096494513,0.0010011156697345065,0.0003680889061204208
N4808HD,0.11900410875199802,0.8029219299584106,0.0691284051939605,0.007204629635072421,0.0017409264605585371
N4809HD,0.6155815427182476,0.30691922620288387,0.060041917668901414,0.011231063113981149,0.0062262502959859346
N4634HD,0.6787007595112791,0.26892045957664984,0.03813352419106263,0.011786980004383973,0.0024582767166244374
N4784HD,0.9202872941260767,0.07206690286047324,0.005966130808602536,0.0012076841166314342,0.0004719880882160029
N4815HD,0.8756621259510975,0.11909102260643391,0.004018370189621987,0.0008771414102104853,0.0003513398426360867
N4816HD,0.8291385736257937,0.15151129852390124,0.014807472399006916,0.003685073979433508,0.0008575814718645507
N4817HD,0.42093065186074574,0.5392151091222079,0.0325403999294633,0.005798648718839538,0.0015151903687434843
N4818HD,0.9187255043700702,0.07600624950332723,0.003435153515337422,0.0013130310361112489,0.0005200615751539925
N4821HD,0.02409074548795285,0.9306059082091367,0.03983873928164331,0.004804531101449105,0.0006600759198180855
N4830HD,0.8954116952742159,0.09576735754948686,0.006599923305239466,0.001703226389261064,0.0005177974817967101
N4748HD,0.9048053394309845,0.08981350642186123,0.0037306601181813764,0.0012205000194859198,0.000429994009487077
N4684HD,0.8261881942037439,0.1645004080431295,0.0063277552479162474,0.002046880501790678,0.0009367620034196872
N0389HD,0.021515250277142954,0.9109414758945116,0.06371057624239775,0.0030461090891288484,0.0007865884968189153
N4796HD,0.4081618430838419,0.425928789157937,0.1271114124378633,0.03240493534612817,0.006393019974229568
N4834HD,0.003626056404350964,0.017780046343733088,0.4012195499677901,0.5605993435848233,0.016775003699302533
N4835HD,0.05555849012693499,0.9117463878981926,0.029445367997623102,0.002694359763912097,0.0005553942133371257
N4837HD,0.6080366798572255,0.3781897847883129,0.011539553455308828,0.0017915196990607738,0.00044246220009196054
N4838HD,0.06788905459987427,0.867750563951767,0.056810953837736766,0.006019925147471182,0.001529502463150794
N4839HD,0.03983160114864716,0.6812369088291991,0.2492551197559913,0.025742822320894903,0.003933547945267469
N4842HD,0.7871845595350677,0.1735495208801313,0.030745410251674873,0.006795014243275222,0.0017254950898509165
N4844HD,0.9421660365630845,0.0548735461082341,0.0019777112465039944,0.0006846265881138622,0.0002980794940634052
N4846HD,0.08344229073465112,0.29337275305839405,0.3654241463386611,0.17545104928909597,0.08230976057919762
N4847HD,0.8117924060281907,0.18022359850608816,0.00538798042094919,0.0019716089620444638,0.0006244060827275316
N4849HD,0.3655919855874096,0.45391612409536986,0.1332254746507002,0.03822292872909899,0.009043486937421323
N4852HD,0.04007332034503683,0.8042069365849085,0.141424473208845,0.01207330166472533,0.002221968196484168
N4853HD,0.5804456469058786,0.3902697327526297,0.023715115763481114,0.004393570439372315,0.0011759341386379644
N4856HD,0.877308074803665,0.11794201607966563,0.0033120455891863534,0.0010804448172819121,0.0003574187102010593
N4858HD,0.8917146522662235,0.10060340220556803,0.004900392792489691,0.0019504740100387396,0.0008310787256801252
N4860HD,0.08734891912516127,0.24474303732708638,0.5302631640208215,0.10737870607395406,0.030266173452976705
N4861HD,0.8848781438789703,0.11188564789684813,0.002220182378201746,0.0006907014076692481,0.0003253244383106622
N4863HD,0.36735137964095743,0.6163119954850437,0.012138501167329488,0.0032752205346772987,0.0009229031719922092
N4864HD,0.7701295335740727,0.21948191044692492,0.007929977151310375,0.001906262429918902,0.0005523163977731858
N4866HD,0.7465534130883351,0.23898682072871533,0.010879467870473178,0.0025243714774786058,0.0010559268349977521
N4012HD,0.6098079395284528,0.3687742907132723,0.015494365590060134,0.0047276444332184355,0.0011957597349963123
N4825HD,0.17215579820575144,0.43521885369852054,0.3093440181669435,0.06804631437573407,0.015235015553050388
N4875HD,0.027791535140793668,0.358474522079803,0.4869628248148447,0.10887850670106734,0.017892611263491225
N4878HD,0.023495448871250393,0.10743938460067912,0.34009678752708583,0.33300784985891857,0.1959605291420662
N4883HD,0.04143524815175058,0.6313622705789496,0.29753355374958035,0.026106465848464128,0.0035624616712554027
N4884HD,0.6788841682989086,0.28644083502876433,0.02834071775380268,0.005203360314411232,0.0011309186041132957
N4887HD,0.22726020746285805,0.6094218131041513,0.14965448109338417,0.01107890076799786,0.0025845975716085024
N4891HD,0.6915959902664081,0.2802798069453451,0.022052184312842414,0.00483067568289329,0.0012413427925112221
N4892HD,0.07863142970801808,0.7911803414416327,0.11385678979879481,0.014243108171143397,0.0020883308804109588
N4895HD,0.8417178692943601,0.08936066598181909,0.06044276193313133,0.00679491100570898,0.0016837917849804617
N4899HD,0.8153817531551424,0.1768674255757293,0.005740273511422926,0.0014561571138643405,0.000554390643841014
N4898HD,0.6210758044010379,0.26284522988742737,0.10481767289150011,0.008665289795603775,0.0025960030244308037
N4902HD,0.700019283007964,0.2644477956594749,0.02566173933263736,0.007799069138034708,0.0020721128618890025
N4904HD,0.10674503507932563,0.3565253474435582,0.43198055280217257,0.07861341463600408,0.026135650038939296
N4906HD,0.8621957647375286,0.1263368188792239,0.007309658152935611,0.0031901687849081616,0.000967589445403625
N4909HD,0.8665547105904091,0.0782309145048466,0.043212454915527075,0.00785771765642042,0.004144202332796627
N4912HD,0.5851956519536894,0.38823542912169434,0.020992596895090854,0.004582550621348062,0.0009937714081773546
N4913HD,0.6395050911785566,0.3447229038784052,0.013607099828440359,0.00164101321885405,0.0005238918957439681
N4914HD,0.09664299039392543,0.7060694238736275,0.17774905168203187,0.017049185432843447,0.0024893486175717873
N4908HD,0.8808965061329291,0.11515746100952405,0.0028516032793790944,0.0007577148060448943,0.00033671477212283263
N4937HD,0.8521540634117825,0.14316047460155126,0.00307419216817853,0.0011809394734896164,0.0004303303449982679
N4938HD,0.8975724306003512,0.09815015660757179,0.0029498157099603676,0.0010071455641172992,0.0003204515179993469
N4949HD,0.9198764520766723,0.07442286152258087,0.003864069295800145,0.0013437185123840246,0.0004928985925627241
N4952HD,0.7856470628717318,0.19419925380612812,0.014473627037796498,0.004480195695795448,0.0011998605885479114
N4954HD,0.32387235951348936,0.608519756764329,0.0566531260903446,0.008908095512724422,0.002046662119112473
N7917HB,0.8858787836540001,0.1098727917048342,0.00311220567784173,0.0008107117318068862,0.0003255072315170436
N4951HD,0.7640615494759294,0.2252961500928653,0.008561607952764984,0.0015257932313128004,0.0005548992471274081
N0385HC,0.09243433880862482,0.3720266245638426,0.3789839300074154,0.10808801101588318,0.04846709560423395
N3920HD,0.3806487069835352,0.5363343462731414,0.0675047691510977,0.012352840031470013,0.003159337560755872
N9498GW,0.7398907841551509,0.24117427497919686,0.014526190857593305,0.003538105156022432,0.0008706448520365708
N4961HD,0.9243961292916338,0.0726869597927774,0.001994763318362614,0.0006498916820657218,0.0002722559151605318
N4965HD,0.36659003208157415,0.4945471159436265,0.11302595232978369,0.021676403760806852,0.004160495884208807
N4967HD,0.6642987269081233,0.28881094361944076,0.03188118713136397,0.012110993002560843,0.0028981493385113045
N4968HD,0.3540768970734114,0.49327412248393926,0.08818808227543001,0.054151799243422685,0.01030909892379685
N4973HD,0.818994246984847,0.16497777156622137,0.011589859926430707,0.0036982080189001615,0.0007399135036007491
N4976HD,0.015144752964486013,0.21444638929915827,0.6727296257250577,0.08775490960488092,0.009924322406417212
N4977HD,0.20219462480404946,0.7251295889884422,0.06515675864167189,0.006297273886202515,0.0012217536796338838
N4978HD,0.6980611308750162,0.26186279994796874,0.02982744443036076,0.00839549531380752,0.0018531294328468773
N4982HD,0.37000144796265155,0.4887135185733579,0.11444057793646588,0.02161539453114212,0.005229060996382554
N4983HD,0.2754711403978747,0.5667255911645211,0.10796273466131259,0.04400205536089924,0.005838478415392431
N4984HD,0.8624373720468058,0.1326383764001306,0.0034618600909799638,0.0010756692820121897,0.0003867221800716283
N4992HD,0.009279193550651111,0.10068623960427624,0.2519932502499771,0.5073855537160756,0.13065576287901984
N5000HD,0.6367942556807132,0.2877573722103643,0.05276973272781278,0.016432449325674066,0.006246190055435628
N5006HD,0.4814351430781271,0.4457767231926997,0.06070124323222728,0.010055061324208412,0.002031829172737551
N5007HD,0.7583691661430774,0.2103225364393514,0.025526188926741303,0.004000426281665145,0.0017816822091648577
N5008HD,0.1519076510835401,0.6894572689912898,0.13876693016958547,0.01742845424221311,0.0024396955133714976
N5011HD,0.17312822655609558,0.6714623777324256,0.1303139216051022,0.019312375048396366,0.005783099057980299
N5020HD,0.607006812157526,0.3366705304128358,0.044514139935602964,0.009150011134398228,0.002658506359637044
N5024HD,0.8503086427476754,0.1370086107684023,0.009442212809694761,0.0024712808250899948,0.0007692528491375446
N4826HD,0.8967101248442771,0.09245609129835006,0.007710659346610745,0.002363418013024832,0.0007597064977373698
N5032HD,0.8611920243183845,0.12965431421130075,0.0067122290724324594,0.0018860548163936075,0.0005553775814887644
N5041HD,0.9039109943107747,0.0924173138396191,0.002536871046109785,0.0008193390694014635,0.00031548173409505747
N5043HD,0.9458592361426849,0.04830928703447736,0.004198172782457175,0.0010423267382369229,0.0005909773021436221
N5044HD,0.0854840549714117,0.0912728249851581,0.5239642336487665,0.19442371947122175,0.10485516692344188
N5045HD,0.8185259669944633,0.17080802754846247,0.007329830355103659,0.0023752457686466904,0.0009609293333238587
N5004HD,0.9032348777889877,0.08988124610212622,0.004767063894336687,0.0015679245549119168,0.0005488876596375177
N5055HD,0.6001529532352393,0.3340486209106962,0.049290914217788306,0.014182474186196293,0.002325037450079766
N5056HD,0.07433605508546276,0.19514087037759112,0.3821065846472222,0.25668916830584376,0.09172732158388008
N5057HD,0.7351839189803441,0.25310525186183935,0.009089393696118716,0.0021716938322509705,0.0004497416294470019
N5059HD,0.4722023901623279,0.22171091902144083,0.25611235075625205,0.041339661417968826,0.00863467864201034
N5061HD,0.6718988314708861,0.30428683016632485,0.01758146370607611,0.004822543088033594,0.0014103315686793507
N5018HD,0.9035178850504304,0.09204391187250896,0.002963504883045671,0.001069664881303587,0.00040503331271124764
N4896HD,0.7979443778326692,0.1900583120568523,0.009375197167090354,0.001822008532839741,0.000800104410548311
N5064HD,0.7706640050743782,0.2011868980673481,0.019811810918285076,0.006841386849791514,0.0014958990901971466
N5065HD,0.5359441643610161,0.42997738039739314,0.02784321608739063,0.00488034195019533,0.001354897204004883
N5067HD,0.23772064553109207,0.4707702940388543,0.2359156334103475,0.04673290413134341,0.00886052288836271
N5070HD,0.03348410706670121,0.47846660021132853,0.43858404081880803,0.04362847361269984,0.00583677829046234
N5071HD,0.11935053962455232,0.787856311859924,0.08123541810483317,0.009467711403509098,0.0020900190071814675
N5072HD,0.12227744828908557,0.7944909207199226,0.07259241636580971,0.008529874249960484,0.0021093403752214697
N5074HD,0.8052278533878907,0.17778271669207907,0.01284989283329716,0.0031272966926599575,0.0010122403940731458
N5075HD,0.9286859820420654,0.06782086069849722,0.0023932541995766105,0.0007629439102564532,0.0003369591496043631
N4923HD,0.7758344069461981,0.19468182380164775,0.020841435474437266,0.005725071114416236,0.002917262663300556
N5076HD,0.7739556249726566,0.21433247495704408,0.00960444181302683,0.0015369145027980904,0.0005705437544744763
N5079HD,0.03299775676563583,0.23431261877267898,0.4135015310382544,0.29390442285775,0.02528367056568095
N5080HD,0.6276520983594351,0.2714777320036517,0.07546386955308809,0.019039526633088725,0.0063667734507364656
N5082HD,0.832277559007949,0.14424159268104192,0.016368707642468738,0.005463862114702915,0.001648278553837365
N5083HD,0.7120769775633402,0.2561499758027092,0.023446619578165268,0.006820734951657277,0.0015056921041280496
N5085HD,0.10937591818885216,0.5584051563970163,0.2822170629557328,0.04348060370555839,0.006521258752840412
N5051HD,0.33955742257895516,0.623705829359398,0.032165316580522386,0.00362627318980991,0.0009451582913145228
N5039HD,0.029259861281621384,0.1673927538385826,0.4571443137518284,0.26868392758618664,0.07751914354178088
N5088HD,0.8580118299617525,0.1372313878039467,0.0032883738120981876,0.001088527206640766,0.0003798812155615673
N5091HD,0.03196775555646227,0.9577513507605783,0.009141164075566845,0.0009413628189438822,0.00019836678844877315
N5093HD,0.013838087821803043,0.08803315822535915,0.2512779697539664,0.5246004098954646,0.12225037430340675
N5100HD,0.010764512049110319,0.09935043468162047,0.38499202782744213,0.4737132088154451,0.031179816626381994
N5103HD,0.031292994559543395,0.1746397210481324,0.41430746603490176,0.281597685959143,0.09816213239827952
N5104HD,0.9428351953384465,0.054487425760921734,0.0018024573708849902,0.0006461478351286643,0.0002287736946181285
N5105HD,0.8343160763564724,0.15280779655543905,0.0072428694545495385,0.003722469720738713,0.0019107879128002713
N5106HD,0.7465418548971985,0.2230341266332492,0.024443943118421425,0.004646404736604456,0.001333670614526406
N5109HD,0.4500932344093476,0.5301474069364769,0.016474500774678515,0.0024816910517003123,0.0008031668277967207
N5112HD,0.4883367548429007,0.3887656141297615,0.09567066913515183,0.019965573977242156,0.007261387914943865
N5115HD,0.8882565037799098,0.10365752879065165,0.00603447813303305,0.0014951226934584716,0.0005563666029471145
N5120HD,0.010025279361889326,0.07466113258234144,0.32117224393023436,0.5362518832644574,0.057889460861077456
N5121HD,0.5065924481743643,0.4510825136914696,0.03207340155722614,0.00782460901943186,0.0024270275575081464
N5122HD,0.5206225021141733,0.37286254295295707,0.08822031369432255,0.015738153561962467,0.0025564876765844886
N8305HB,0.8217838137025958,0.17120730996404537,0.0051500397971641,0.0014690297874601255,0.000389806748734547
N5126HD,0.06152198634997705,0.27257029482419326,0.32668967813505906,0.2914906405302448,0.047727400160525874
N5128HD,0.9193290664916925,0.07660053098050726,0.0029603877186436286,0.0007328826138688297,0.0003771321952876912
N5133HD,0.011932847184126431,0.096458986977727,0.44072057037762974,0.4102784827935143,0.040609112667002456
N5135HD,0.804423404300813,0.18031414993309927,0.012295485768112718,0.002364267421915662,0.0006026925760592768
N5143HD,0.8386284348832517,0.15510492059200753,0.004755508804709181,0.0011707824766923986,0.0003403532433393049
N5144HD,0.29506251037774694,0.606396043688482,0.08473998235535786,0.011400000107089529,0.0024014634713235834
N5149HD,0.15725384461233302,0.41744664494025774,0.3309467569938201,0.07301596367592664,0.02133678977766248
N5152HD,0.4189297683189663,0.5296125478012707,0.04334838399967784,0.006741363297060084,0.001367936583025088
N4394HD,0.35466495015397587,0.38431631983223113,0.17911879911020256,0.06273658786589574,0.019163343037694635
N5029HD,0.12850888511116326,0.40718431406363775,0.32836654749017785,0.10247613876163071,0.033464114573390456
N4368HD,0.9283011147120942,0.0688127031012519,0.0017383701166863307,0.0007976587002660852,0.0003501533697014013
N5013HD,0.25705440921683237,0.40156974692965786,0.24478332082636878,0.0695349828304109,0.027057540196730043
N5153HD,0.3182493375853772,0.5385448758431836,0.11544654999552621,0.022630332881841988,0.005128903694071058
N5157HD,0.8423374231605827,0.15088038403757925,0.004173008642056369,0.0016575316828836462,0.0009516524768980414
N5170HD,0.6698137614726422,0.30253426294173835,0.02224798465128084,0.003966421280099162,0.001437569654239648
N5172HD,0.8879293885654092,0.10049027487723677,0.008322552096202248,0.0022726753149648806,0.000985109146186907
N5173HD,0.7214588575516905,0.23535588395068655,0.0330902386476157,0.008063439382618245,0.0020315804673891715
N5147HD,0.6323267432560901,0.3349841534334533,0.0231771093484534,0.007125451758716708,0.002386542203286573
N5178HD,0.783768735047811,0.18935330755587343,0.021479067814822318,0.004279036949769769,0.0011198526317236109
N5180HD,0.507517733763679,0.28252610666581257,0.1634348966816987,0.03629285320194437,0.010228409686865343
N5181HD,0.4255912236316456,0.45987079532449987,0.09020229509241945,0.01746818154372362,0.0068675044077113785
N5182HD,0.8931313663075872,0.10046813740131488,0.004735488464592537,0.0011585576107227397,0.0005064502157825319
N5183HD,0.08312871355852178,0.8909862691987503,0.022744427878799003,0.0024922361952470027,0.0006483531686818897
N5185HD,0.355132865526984,0.4328415915577314,0.14940952799971327,0.05368150596735438,0.008934508948217122
N5187HD,0.08927430320262277,0.3025696037480191,0.4102285142640358,0.15263100422141399,0.04529657456390823
N5188HD,0.2034493844121073,0.5201438700774814,0.1614962963219071,0.10393687004841629,0.01097357914008787
N5190HD,0.009935707550628834,0.09009400874636606,0.3632609035969721,0.49891929909911004,0.0377900810069229
N5192HD,0.5674091139905098,0.4228163394917817,0.00818673959228469,0.0012368756167007193,0.00035093130872315947
N5193HD,0.7252674381486263,0.23845519305368834,0.028692332436542668,0.005853135579126432,0.0017319007820162603
N5197HD,0.8761345064346254,0.11618491671207053,0.006140366693918343,0.0011813255718902402,0.00035888458749544597
N5198HD,0.20055872624552132,0.46441685999393556,0.20726144177812886,0.10435557803054904,0.023407393951865117
N5199HD,0.5554279610721521,0.3638270755410794,0.059593365963700844,0.016516050088711026,0.004635547334356625
N5200HD,0.7981089566166569,0.18715987938083214,0.010820006435903626,0.00298687943433604,0.0009242781322711388
N5203HD,0.042256155347896236,0.24080690159723567,0.3499124518498357,0.30541353059138115,0.06161096061365125
N5209HD,0.033041105753556683,0.2275470077681518,0.48848944988432574,0.23414822591177298,0.016774210682192744
N5212HD,0.8479694019850054,0.1441772525184083,0.006256042029247507,0.001137406144004552,0.00045989732333427414
N5215HD,0.5975106682412303,0.323889795507298,0.068726710371412,0.007189163812095912,0.0026836620679637317
N3574HD,0.7867609669366068,0.1999560187676572,0.008395199240235183,0.0034668473773462154,0.0014209676781545327
N4760HD,0.038578739254547224,0.2138646320251616,0.4185449238913939,0.258439017763939,0.07057268706495827
N5225HD,0.8179531841547061,0.17069677826859533,0.009324071754457076,0.0016845238816285285,0.0003414419406128956
N5226HD,0.6023201334040399,0.3445824890033931,0.04028228026377225,0.010116985232728097,0.0026981120960667127
N5227HD,0.7745037272150582,0.1993682468207529,0.01986746899792999,0.004881832857856323,0.0013787241084025257
N5233HD,0.0072594137330261625,0.046524871695147685,0.20638784725894532,0.37526406843334464,0.3645637988795362
N5238HD,0.8325517490938844,0.14153502792293546,0.018467015513843405,0.005355663084107065,0.0020905443852297693
N5241HD,0.8037316612215154,0.1629788334724169,0.026634017685883943,0.0051186263851222364,0.001536861235061611
N5243HD,0.006254961163470894,0.046850935941300666,0.3908183369009063,0.5385496701312844,0.01752609586303778
N5246HD,0.7770652754508871,0.20103407197736625,0.014676826336511965,0.005118590563778916,0.002105235671455697
N5247HD,0.002880865866624181,0.013616226545659022,0.31232225414544074,0.6564839417347235,0.014696711707552578
N5248HD,0.6139318377986097,0.1482196427032927,0.20557641023998127,0.02647522833858005,0.005796880919536287
N5253HD,0.6199038562250097,0.2989039909896071,0.06054624095231126,0.013991321568767255,0.0066545902643044995
N5257HD,0.03564687604933606,0.1941144883185277,0.37339032468124467,0.340468920294723,0.05637939065616858
N5259HD,0.012476759101119858,0.0602037372099867,0.3545509860407929,0.3163032759026158,0.2564652417454848
N5262HD,0.0741575565490387,0.33289742791119553,0.5639170740396368,0.02432596259287523,0.004701978907253887
N5266HD,0.14602811577705027,0.7501450101422036,0.09119084463040963,0.010618794096316886,0.0020172353540195984
N5270HD,0.6021797351839328,0.3709893747608865,0.020297568832547682,0.005219695951277014,0.001313625271356034
N5271HD,0.5624614478494863,0.3190756690701921,0.09816558323225522,0.016378436687047124,0.003918863161019312
N5273HD,0.8586761617093711,0.11724788710086245,0.01793346593394542,0.004598051067751316,0.0015444341880695364
N5274HD,0.8786998225498004,0.10972217823069502,0.00865745743514352,0.0022952905757077807,0.0006252512086535223
N5211HD,0.2294884922202949,0.5277172160203605,0.1972569594831006,0.03867388378937114,0.006863448486872904
N4843HD,0.5130330960571178,0.41795126574007957,0.049803805456214434,0.014442522376542526,0.004769310370045688
N5287HD,0.6555000010784764,0.3115503278172401,0.024745269344916967,0.006700433811072103,0.0015039679482943132
N5286HD,0.06992367732947379,0.18187578862549517,0.4971770723569973,0.14793868675548857,0.10308477493254505
N5292HD,0.03955220572805892,0.21806118169367214,0.37187740247904766,0.31285118253486516,0.05765802756435621
N5294HD,0.8099780869053879,0.17843944168938697,0.008191075081995128,0.002681132176792857,0.0007102641464370847
N5296HD,0.3377302483780879,0.4865288044261907,0.12631936076230713,0.041812044882171655,0.007609541551242637
N5298HD,0.7769237957341772,0.19951584380571674,0.018065360298503322,0.004185451831481128,0.0013095483301215631
N5303HD,0.8599403247560101,0.10763312438032858,0.025711391223155775,0.004973648170177492,0.0017415114703279474
N5305HD,0.08424204833167352,0.43980826457824307,0.3683158780648369,0.09450052025016531,0.013133288775081223
N5306HD,0.8391364304225672,0.14898047227505856,0.00942340619211761,0.001977093574229748,0.00048259753602690827
N5307HD,0.033910404601320825,0.23216824828566074,0.3835669766400761,0.2604142084661344,0.08994016200680778
N5311HD,0.2286397691249512,0.5716596097170106,0.17865013288047424,0.017310181865843172,0.003740306411720721
N5314HD,0.8504446025511364,0.13797506505484283,0.007147840277369837,0.0033215911690659006,0.0011109009475848686
N5073HD,0.0633992466967601,0.3243404106227156,0.41470620161644206,0.14950825139504803,0.048045889669034225
N5277HD,0.02580084502182986,0.10641636844679603,0.3409671470229437,0.29483661565504954,0.23197902385338087
N4885HD,0.912273533249545,0.08193430706724762,0.0038183715291129935,0.0014519456678769524,0.0005218424862174371
N5318HD,0.02254569237566473,0.2591886894321238,0.47025430048750216,0.20004673406245632,0.047964583642252895
N5321HD,0.8422015588991749,0.1324164549436087,0.020701121747683994,0.0038651038440491777,0.0008157605654833207
N5323HD,0.9397321971155805,0.05833121572587999,0.0012457908039656051,0.0005201208843044139,0.00017067547026939945
N5324HD,0.6656198100852315,0.2946621427969831,0.03150489393621764,0.006460957172479203,0.0017521960090887058
N5326HD,0.874232424417648,0.1138321499192025,0.007927863701873109,0.0028870915509648957,0.0011204704103114317
N5327HD,0.7273575740073992,0.2549318740364652,0.012652675342254765,0.0036332576379805867,0.0014246189759002026
N5329HD,0.027194537695909446,0.1158128013718446,0.7139346685858851,0.1152265826768489,0.027831409669511985
N5331HD,0.8132053940618295,0.17129115140247225,0.011294518763693447,0.0030867448072524617,0.001122190964752468
N5332HD,0.7281566587563049,0.24142852603791554,0.022161065726383124,0.006634652612411085,0.0016190968669854353
N5333HD,0.8363578320573644,0.15776652007339553,0.004263187612952702,0.0011977125940110897,0.00041474766227625877
N5334HD,0.021578774879167872,0.9560134594742854,0.01949452140257559,0.0024222456577311004,0.0004909985862401372
N5338HD,0.01777906320547381,0.09051013572412282,0.36005969909786817,0.3714393691068254,0.1602117328657098
N5339HD,0.012003585813718376,0.041372533102091665,0.661863774073825,0.23403773992719645,0.05072236708316844
N3820HD,0.013547208152061918,0.08016550150380884,0.30992730163585713,0.3530981894367633,0.24326179927150882
N5342HD,0.8151144851067322,0.175245617047076,0.007526949532774092,0.0016423910557843621,0.00047055725763325113
N5345HD,0.6705572543656375,0.2707848378716963,0.04614214368214122,0.009279854500400184,0.003235909580124642
N5346HD,0.7913245980932009,0.19758235754493847,0.008273370305958282,0.0022128058608569183,0.0006068681950453212
N5348HD,0.020697562675818234,0.18061265217322842,0.27795007266520216,0.40263402416468547,0.11810568832106569
N5351HD,0.7108129393388078,0.23262956009507305,0.0413551118970731,0.012442027729729315,0.0027603609393165654
N5354HD,0.0060880890192558405,0.026904439279384303,0.34808967159768406,0.6050919680160486,0.013825832087627088
N5355HD,0.687571601136209,0.2790020961976222,0.02604104156122448,0.004790104923372498,0.0025951561815717645
N5362HD,0.8838210545567652,0.10935535513226681,0.004959530995489332,0.0013275356017384843,0.0005365237137401482
N5364HD,0.7981547306227426,0.1785750757975468,0.017279090606614065,0.005057125083688249,0.0009339778894081882
N1264HD,0.029999391193319708,0.822466222324109,0.13816014323246237,0.007987165728715669,0.0013870775213929286
N4985HD,0.22288825747480015,0.5345562840850533,0.18484607185682234,0.04089909371220942,0.016810292871114813
N5368HD,0.00928622426683966,0.06316384049471638,0.416296295862607,0.4714284253755021,0.0398252140003349
N5371HD,0.8696614849198985,0.12116835120259471,0.0068491979650065855,0.0017280432005207676,0.0005929227119794861
N5372HD,0.7799862016875327,0.20440242155091115,0.012818249262347628,0.002111722992052575,0.0006814045071558388
N5373HD,0.3745929705701105,0.6120721462478369,0.010499198753742263,0.002203603316257624,0.0006320811120526649
N5374HD,0.18203263899951258,0.729288896164412,0.07757178021479501,0.009229089174333155,0.0018775954469475286
N5377HD,0.8358133556893764,0.14916381577406207,0.011506558491688917,0.002770623719458487,0.0007456463254140143
N5379HD,0.770747973872921,0.2095233143836507,0.015338251292709718,0.0034703049150083508,0.0009201555357100692
N5381HD,0.07147613880794655,0.3350839939664456,0.3041921474494483,0.23860743405450816,0.05064028572165127
N5383HD,0.1470320937295601,0.3974133910938735,0.2960616902410425,0.13664579142244543,0.02284703351307848
N5385HD,0.8618397366487672,0.13495822710558666,0.002321191720895095,0.000646757010199965,0.0002340875145511127
N5387HD,0.024297926332062306,0.10149045680266927,0.34286458225291655,0.3534360284998246,0.17791100611252733
N5388HD,0.038708611588928896,0.19897021918571597,0.3465987705339648,0.37216541034243567,0.04355698834895468
N5389HD,0.03468734958746684,0.4437269926333272,0.4837170506830334,0.03287667492927466,0.004991932166897973
N5391HD,0.581650521316999,0.3766699216612834,0.03334358538053005,0.006588100224744694,0.0017478714164429023
N5393HD,0.5521921697865925,0.40930351485297556,0.03345816829961251,0.003966687274972132,0.001079459785847417
N5395HD,0.7606957478140911,0.2051175682496104,0.026090829872353866,0.006739616985775564,0.00135623707816904
N5397HD,0.7939667040620807,0.17705086322226282,0.022528534806080427,0.00523260929755419,0.0012212886120220286
N5398HD,0.7916594325958464,0.17747065218497862,0.023855652003596652,0.005856463204971651,0.0011578000106066933
N5386HD,0.10357563277028586,0.7578651919897933,0.12847814569311983,0.008496492115130004,0.0015845374316711101
N2483HD,0.8271802523728807,0.15818476106126894,0.009988046215691979,0.003191983007622243,0.0014549573425363268
N5402HD,0.8292881864019778,0.15992465450059765,0.007895534893896296,0.002033546007767691,0.0008580781957606215
N5404HD,0.6674260607923348,0.2836822451581525,0.036749297041049366,0.010074686528362593,0.0020677104801007456
N5405HD,0.9035017013630963,0.09016232525212203,0.00457437068207224,0.0012325782635416586,0.0005290244391677538
N5407HD,0.2573588381124662,0.5818202594816905,0.11887845190587867,0.03474337536483446,0.007199075135130185
N5414HD,0.5226209254689378,0.4667600813428446,0.008594118686057197,0.0015233219525470855,0.0005015525496133501
N5415HD,0.8908285166339082,0.10476223187342466,0.0030214351524703014,0.001037249567763028,0.000350566772433801
N5416HD,0.09189881171928112,0.8555595035077271,0.044863022327921984,0.006407650322039902,0.0012710121230300245
N5421HD,0.773873754918411,0.20255297972289438,0.0187206646615285,0.0039898960725435915,0.0008627046246225136
N5430HD,0.8465687666244581,0.1422446602340561,0.008739549889464111,0.001950479358098284,0.0004965438939233052
N5431HD,0.05128949066641639,0.81264561032801,0.1267329111292175,0.007870996138751085,0.0014609917376050693
N5432HD,0.7230541837554625,0.25553992326961084,0.016476515986607015,0.00398114383525846,0.0009482331530610419
N5437HD,0.780874404604217,0.20310972593944604,0.01221197074389993,0.003084516432854271,0.0007193822795828697
N4225HD,0.33963543327779405,0.4565745907294668,0.17475152167841013,0.02242603620597031,0.006612418108358757
N5123HD,0.49674718417676544,0.4536355087811428,0.0384255051541513,0.008284764035875141,0.0029070378520655326
N9187HC,0.024625157245832297,0.13949802620869126,0.36968898655965193,0.40116648001589805,0.0650213499699264
N5439HD,0.2240424116004883,0.5418352554995163,0.1628445784846827,0.057615748038620324,0.013662006376692392
N5440HD,0.091928119130968,0.7156245838255363,0.17251848847773815,0.01761284590914088,0.0023159626566168078
