ncode,proba_0,proba_1,proba_2,proba_3,proba_4
N4541HD,0.1653557977251349,0.8309981345616926,0.003464898246880497,0.0001643409662439218,1.682850004805155e-05
N4397HD,0.05300319116433942,0.5995611964263577,0.2770307576224319,0.07029328518776792,0.00011156959910306437
N4544HD,0.989405175672353,0.010560291378472862,2.8794114189020028e-05,4.693410534801246e-06,1.0454244502002248e-06
N4545HD,0.03677425779249828,0.8206879076543424,0.1393841144644837,0.002235624629983499,0.0009180954586920832
N4546HD,0.8500331992769586,0.14982781648140656,0.00013342038033305268,4.034477559671978e-06,1.5293837421690822e-06
N4550HD,0.9623043200803725,0.03758165899517258,0.00010728860665043825,5.398170929960485e-06,1.3341468746459823e-06
N4551HD,0.714428754927808,0.28539009818516287,0.00016594659006809637,1.2024923495703771e-05,3.1753734653338817e-06
N4554HD,0.0109167035565,0.06541198177006435,0.9236581096192874,1.1162439489669989e-05,2.0426146585164916e-06
N4555HD,0.8382863579738108,0.10546616385823071,0.05620079844908254,4.061671148743182e-05,6.06300738865123e-06
N4556HD,0.564987590104316,0.4277764511391929,0.006799404295268008,0.00041954965980916186,1.7004801413937652e-05
N4563HD,0.3019111327446397,0.6457888021415793,0.05174708375109389,0.0005225590885665665,3.0422274120561168e-05
N4567HD,0.9974272647329157,0.00239613004353139,0.00017336672754439576,2.8373735628803816e-06,4.011224456446102e-07
N4561HD,0.8928604588548086,0.1069508039466269,0.00017668766368668354,9.56890879005659e-06,2.4806260875344264e-06
N4571HD,0.16975690128104984,0.825940679763289,0.004177448243356349,0.00011501324187515445,9.957470429910763e-06
N4574HD,0.9994012154279095,0.000596612565551718,1.83861643032764e-06,2.4334731861246436e-07,9.004278966186187e-08
N4575HD,0.9133717134682087,0.08633079110391091,0.00028658573235756886,8.20342146276807e-06,2.706274060169572e-06
N4579HD,0.021158583520281195,0.9457784169988774,0.03192918211983855,0.001090553269966071,4.3264091036590204e-05
N4581HD,0.7699787172385292,0.22974560083116338,0.000259339115577616,1.3788482153834532e-05,2.554332576122336e-06
N4584HD,0.6846601205306775,0.3150824335560934,0.00024184115224322933,1.2351704717788535e-05,3.253056268146055e-06
N4578HD,0.9408675575934876,0.05895096717594653,0.0001774396611537863,2.9040089963452486e-06,1.1315604159271927e-06
N4590HD,0.4113988165416355,0.588174590376424,0.0003927308689208151,2.8492076557791378e-05,5.370136461748321e-06
N4593HD,0.0819295159779961,0.797450962882956,0.10971739291254762,0.010883771001369615,1.8357225130528695e-05
N4151HD,0.1345141756016369,0.6387879925306749,0.13176374311404376,0.09475429382660687,0.0001797949270376626
N4594HD,0.9365340145439844,0.06328727096984951,0.00016786849173535247,7.786899785402646e-06,3.059094645147053e-06
N4600HD,0.9752355612348277,0.024335704905890026,0.00042408187570993337,3.2360070434143175e-06,1.415976528944542e-06
N4605HD,0.3446214783941771,0.05599311251871062,0.5976350952111381,0.0017472962253606316,3.017650613588888e-06
N4612HD,0.4715633290074926,0.525269260035992,0.003071645083001922,8.673977039246344e-05,9.026103121302585e-06
N1701HC,0.12701030733047722,0.843228967642141,0.028222985379277355,0.0011701657935373124,0.00036757385456718036
N3705HD,0.008144533829536851,0.1858543044320194,0.505671462288109,0.16123888790241372,0.13909081154792113
N4589HD,0.8694206832158464,0.12981259436023276,0.0007510746320889715,1.2110456700093522e-05,3.537335131864471e-06
N4339HD,0.9975498865324804,0.002424470855216314,2.3970609494930447e-05,1.3556720493914378e-06,3.163307590942409e-07
N4615HD,0.03577430707194288,0.2642521551959222,0.5182242220082927,0.18147598781173144,0.0002733279121107766
N4618HD,0.9792079143133676,0.020500496401790337,0.0002696506197691444,1.8438088714937915e-05,3.500576358019447e-06
N4624HD,0.3974556692784626,0.6023554671714549,0.00017667774918000685,9.605641086487922e-06,2.580159815949738e-06
N4626HD,0.9658231611097063,0.03383622073968748,0.0003283708197515284,1.1044946731481869e-05,1.2023841232031859e-06
N4628HD,0.0455877110028642,0.9506730739976264,0.003699442522409811,2.4874783226216308e-05,1.4897693873437531e-05
N4638HD,0.039211981498888895,0.7526992755694563,0.18666286534577903,0.02042173473987239,0.0010041428460032839
N4639HD,0.348230985687977,0.6427788819397148,0.008141382632998033,0.0008193570925608891,2.9392646749265653e-05
N4642HD,0.9906490280575018,0.009316467621471343,3.0873321807553784e-05,2.652258046414346e-06,9.78741172898958e-07
N4646HD,0.998870244185671,0.0011032995706242931,2.5654791733647656e-05,5.776794787877148e-07,2.237724920668834e-07
N4631HD,0.941557579616376,0.05822331338619775,0.0002125890147193538,5.0882946737669635e-06,1.4296880329951037e-06
N4656HD,0.037379065110499425,0.3579801632770518,0.6012336094003712,0.0031470182637240046,0.000260143948353661
N4658HD,0.8998634132247656,0.09958699121535103,0.0005377519543717854,9.583073175654231e-06,2.260532335958313e-06
N4661HD,0.9163673966470429,0.08323350734316129,0.00039195089159731503,5.837165442401086e-06,1.3079527560916527e-06
N4665HD,0.9778786282908869,0.02203392085801225,8.508726904454458e-05,1.6578264343626233e-06,7.057556219543335e-07
N4667HD,0.8889195020880192,0.11077616780502435,0.0002991773144978905,4.170269343220685e-06,9.825231155272187e-07
N4669HD,0.7967976084358009,0.20261527178586541,0.0005457301362110582,3.902799027397562e-05,2.361651848519477e-06
N4673HD,0.13696404767317924,0.7761397639408165,0.08675712176924857,0.00011193902725604197,2.7127589499402207e-05
N0760HD,0.034812360482321135,0.9510996726828405,0.01387429200794884,0.0001972709471033766,1.640387978624586e-05
N4672HD,0.7937612782369303,0.20147573133527788,0.004404680378827572,0.0003534594630063327,4.850585957962568e-06
N2593HD,0.9683415119377279,0.031590637697168265,6.369807181517892e-05,2.8673292989072416e-06,1.2849639898456107e-06
N4677HD,0.6965796553443165,0.30149280964680975,0.0018140041980298082,0.00010257263678222503,1.0958174061756601e-05
N4680HD,0.3188331981434582,0.6762095842352729,0.00450324851744892,0.00044598041611605384,7.988687703851443e-06
N4688HD,0.05104495923291249,0.5269603788166155,0.17447310995321705,0.24507645452920962,0.00244509746804547
N4689HD,0.9335387430738095,0.06631652222665604,0.00013742158867436567,5.434846844812385e-06,1.8782640152076225e-06
N4691HD,0.19660515662487166,0.7586462248220748,0.04065767513131073,0.004050702469419697,4.0240952323179206e-05
N4692HD,0.8344832579233956,0.15306934888181903,0.012109255830412776,0.00032253868557842734,1.5598678794209262e-05
N4694HD,0.02763154385112812,0.8286276136800557,0.13566203162706308,0.0076754136618605185,0.00040339717989247635
N4695HD,0.14998194946563073,0.8436674428502834,0.006226507578615423,0.00010668043592245989,1.7419669547935792e-05
N4699HD,0.3723554868484968,0.6255227232991942,0.002073834095931915,4.100013005333051e-05,6.955626323748409e-06
N4703HD,0.4534360874283565,0.4868530387454431,0.053147860103881235,0.006478072848120983,8.49408741980526e-05
N4704HD,0.004055626579376756,0.01616363457515885,0.6872621369491586,0.2924948937512717,2.3708145034013584e-05
N4708HD,0.995621611577032,0.0043452042074973735,3.166567679899319e-05,1.1467552263825688e-06,3.717834453187918e-07
N4714HD,0.4515444572524145,0.4968695199444484,0.05140018025022215,0.00016474141830449032,2.1101134610426907e-05
N4721HD,0.24739878025434428,0.7302346469681974,0.021424337967167546,0.0009071773643476935,3.505744594323016e-05
N4722HD,0.986204419727387,0.013651016488888864,0.0001424643038411117,1.570040620243381e-06,5.294392627042573e-07
N4724HD,0.8366910473380071,0.16232099578887554,0.0009732078942238287,1.0250106248745252e-05,4.498872644612469e-06
N4726HD,0.013373446156787079,0.9855675962164976,0.0010556556645577296,2.7362072110990962e-06,5.657549464942421e-07
N4735HD,0.5328481318040131,0.46680828418603726,0.00031398826094257524,2.3988379227700828e-05,5.60736977935805e-06
N4063HD,0.9044264717439251,0.09415586677830362,0.0013668000984119965,4.07237835028605e-05,1.0137595856328818e-05
N4712HD,0.9649257789866797,0.0348742766099094,0.00019251036459711905,6.009204908837837e-06,1.4248339047959893e-06
N4738HD,0.05863672634105109,0.9036441814372232,0.0374836572937781,0.00021768337198571814,1.7751555961812327e-05
N4740HD,0.055735135092738614,0.34879712111450395,0.4461773885640387,0.1491985658912842,9.178933743460912e-05
N4742HD,0.22466699862852202,0.3657680953254984,0.38395931691778107,0.02557360562416789,3.1983504030609745e-05
N4745HD,0.9583538019831481,0.04160997466253378,2.9970706560651356e-05,5.376049334962844e-06,8.765984224896619e-07
N4747HD,0.9657030462345599,0.029841165971970986,0.00442790194618361,2.5285221561521116e-05,2.6006257239108695e-06
N4750HD,0.9376655189328288,0.0618175018209203,0.0005092824014500215,5.359086759909622e-06,2.3377580409583963e-06
N4752HD,0.021223981126775135,0.5965409979845013,0.280425623442826,0.1012007378410663,0.0006086596048311928
N4754HD,0.9616949995898063,0.038262084324883275,3.7370435982389605e-05,4.209667580769503e-06,1.3359817472103714e-06
N4755HD,0.2199380513433473,0.7721866863093959,0.0069356838167397745,0.0009217229619300343,1.7855568587006533e-05
N4756HD,0.46718238720682675,0.5311774150892198,0.0015900538769642871,4.042363076376438e-05,9.720196225331816e-06
N4757HD,0.9922748554066931,0.007699995825831861,2.3417312627474557e-05,1.3503323484466655e-06,3.811224990081988e-07
N4759HD,0.1502682179094255,0.8487429166405445,0.0009544903832289128,2.9045510934958104e-05,5.329555866321999e-06
N4762HD,0.6958856049395491,0.3012541968448896,0.002776808800389387,7.559837865330797e-05,7.7910365187396e-06
N4763HD,0.8237364129474333,0.14982733327214767,0.026278313846060383,0.0001353304448355125,2.260948952304864e-05
N4767HD,0.960378950384473,0.039523293925549846,8.904117018898936e-05,6.610537766051558e-06,2.1039820220743287e-06
N4769HD,0.13904996630599223,0.2970715143580144,0.5633120171973377,0.0005622302107434554,4.2719279121923715e-06
N4770HD,0.9731178158239862,0.026502831947542823,0.0003669192450583204,9.91417627368159e-06,2.518807138992103e-06
N4676HD,0.4183450964016354,0.5650337241124727,0.01612532161951458,0.0004889317409401027,6.926125437231424e-06
N4614HD,0.6271731602458281,0.37143913517588345,0.0010451703442685804,0.0003342284137687552,8.305820250973056e-06
N4774HD,0.10559057274834845,0.8414911909846964,0.05270729957796544,0.00010140034622088059,0.00010953634276899896
N4778HD,0.03520186247209964,0.37062030976138083,0.4317754136473793,0.1621986294991689,0.00020378461997124834
N4780HD,0.004516259338480981,0.1305787753956486,0.19003440794114776,0.6160834924786742,0.05878706484604844
N4783HD,0.7187039456775807,0.28020673855571293,0.0010231889930836368,4.975789855787753e-05,1.6368875064864584e-05
N4789HD,0.9892281537184473,0.00946364354056247,0.0012679957708321649,3.9400118987620804e-05,8.068511705931277e-07
N4792HD,0.6146878759959479,0.3848894386386203,0.00040929149605376913,9.790538360447411e-06,3.6033310175647317e-06
N4793HD,0.0020051548111213206,0.9833663541087762,0.014504866641379994,0.00010768727405475114,1.5937164667888866e-05
N4794HD,0.030596535936380086,0.7724948627206961,0.1673746249617362,0.029111062544098874,0.00042291383708870876
N4799HD,0.6246953849535173,0.37474491386593267,0.0005425044987335941,1.4066625814564648e-05,3.1300560017670034e-06
N4800HD,0.9979926713371224,0.0019458989594468544,5.9941003462338144e-05,1.1543170924092652e-06,3.343828760620854e-07
N4808HD,0.001984457650010952,0.9979929103918143,2.031929236762864e-05,1.998636111454588e-06,3.1402969583859837e-07
N4809HD,0.8126583926716029,0.17444634442630144,0.012588796944528757,0.00029537483766056927,1.1091119906238084e-05
N4634HD,0.7964927584239847,0.20325393519591856,0.00023151063808062603,1.9567182332114285e-05,2.228559683782661e-06
N4784HD,0.9668248491525212,0.03289048285027502,0.00027157091652914186,1.1698272770575604e-05,1.3988079040503658e-06
N4815HD,0.966775317549903,0.03313668318756841,8.268124103503219e-05,3.903822173312014e-06,1.4141993201205036e-06
N4816HD,0.9280570674931834,0.0715887725810023,0.00033459859690921094,1.7137273794621586e-05,2.424055110346979e-06
N4817HD,0.18210631677598718,0.8127715685712382,0.004917796384655933,0.00018137035379695382,2.294791432174867e-05
N4818HD,0.9196552229902444,0.0801147179575029,0.0002170369479368952,1.1003841355827579e-05,2.01826296023232e-06
N4821HD,0.0008711189240792059,0.9990755209033358,5.076464192017874e-05,2.3075063918018754e-06,2.880242731362895e-07
N4830HD,0.9876236478641744,0.012344274497222436,3.0032422034295935e-05,1.6049416098725167e-06,4.4027495888540957e-07
N4748HD,0.9241384695905525,0.07570375010072855,0.00015125053072850337,5.047547523136357e-06,1.482230467315636e-06
N4684HD,0.8891969971604026,0.11056331789650968,0.0002227000799828534,1.4214556322801182e-05,2.7703067822397508e-06
N0389HD,0.0006524792303490975,0.9988877802495675,0.0004573590614479666,2.1065181346819653e-06,2.749405006799419e-07
N4796HD,0.8514436086057238,0.1465222988916117,0.001986834246346622,3.7683857951367554e-05,9.574398366690721e-06
N4834HD,0.005136624099549197,0.024143742096984243,0.7273504948218192,0.24335803487412658,1.1104107520719036e-05
N4835HD,0.0295039659598768,0.9704467154301345,4.5302985104121974e-05,3.411744845173145e-06,6.038800393541559e-07
N4837HD,0.7508816487179896,0.2489639590638869,0.00015073448501318938,2.867929829884871e-06,7.898032802808594e-07
N4838HD,0.01011537586178943,0.9897454102403349,0.00012831855568370287,9.71978921264473e-06,1.1755529794815785e-06
N4839HD,0.003346079609726743,0.08094149156808828,0.9156871931876178,2.3105072159400972e-05,2.1305624079265677e-06
N4842HD,0.9316399336002639,0.0682517038154525,0.00010291521649314619,4.543744801090731e-06,9.036229893326299e-07
N4844HD,0.9976530405388392,0.002293840440258382,5.116340841433261e-05,1.527769874287368e-06,4.2784261371144897e-07
N4846HD,0.07514217262474714,0.39882561618678386,0.5219920794649519,0.003980322896668138,5.980882684897711e-05
N4847HD,0.9747330582567891,0.02434762960274779,0.0009094598158685805,7.203060621122317e-06,2.6492639735143123e-06
N4849HD,0.06435896215190377,0.9206472145472714,0.014644330606047798,0.0002717385822066367,7.775411257055334e-05
N4852HD,0.015275014762897754,0.14574434937324507,0.8385755657488548,0.0003989510839203738,6.119031082154413e-06
N4853HD,0.6901627944584915,0.3091676205693078,0.0006433341076090445,2.2604785194695056e-05,3.646079397005193e-06
N4856HD,0.961126111000477,0.03852037934417814,0.00034102060931923416,1.0291379104484028e-05,2.1976669213058813e-06
N4858HD,0.966371643972179,0.03340715778545628,0.0002084108529487297,1.1520020164476749e-05,1.267369251557924e-06
N4860HD,0.562795629638485,0.43457814032099296,0.002571095147225355,4.4113901220364004e-05,1.102099207641104e-05
N4861HD,0.9747048724696489,0.025212406714408445,7.647825451879858e-05,5.235756001697364e-06,1.0068054221570124e-06
N4863HD,0.7867275435497614,0.21313254847673396,0.00012732137976281273,9.881655873503134e-06,2.704937868178357e-06
N4864HD,0.9455162272482243,0.054091522535670865,0.0003692914954779614,2.0800336073063303e-05,2.158384554086937e-06
N4866HD,0.9343701053523157,0.06091370806396049,0.004415897650023097,0.0002869489913341662,1.333994236656721e-05
N4012HD,0.9616808336792588,0.038160606954089446,0.00014948098956577862,6.2736478279596e-06,2.8047292581269483e-06
N4825HD,0.2221516808452176,0.7374994336617136,0.040025125024989755,0.00030941145403750616,1.4349014041657205e-05
N4875HD,0.04261915399498091,0.9220823488839038,0.03234936189870467,0.0028860443435902274,6.309087882053935e-05
N4878HD,0.009718861763895621,0.285077356171815,0.4534386010217525,0.1998789958305901,0.051886185211946705
N4883HD,0.011322324313785326,0.40845681245483195,0.5783696905204684,0.0018323157417125912,1.8856969201616333e-05
N4884HD,0.866742260648169,0.12986437711582768,0.0033306063866421795,5.9287302788351375e-05,3.4685465730956535e-06
N4887HD,0.35398704068729453,0.6457028301564485,0.00029937196137120654,7.892521913669702e-06,2.864672972075345e-06
N4891HD,0.6419760969086081,0.3571654382613837,0.0008248630798938421,2.9289453976823927e-05,4.312296137396293e-06
N4892HD,0.18016832779603179,0.8196540694779325,0.00016231750317135464,1.3422951740335942e-05,1.8622711238275045e-06
N4895HD,0.996307147143622,0.003665298342192208,2.492618211648487e-05,2.0830978894841516e-06,5.452341798235332e-07
N4899HD,0.865794718130178,0.13405508003953373,0.00014138328074508703,7.334411793151084e-06,1.4841377498485169e-06
N4898HD,0.07032390148824234,0.9249406968204709,0.0046858543329008975,4.096485613873645e-05,8.5825022471013e-06
N4902HD,0.7904928213667567,0.20537274402488287,0.00398447222134621,0.0001466495765698011,3.312810444514704e-06
N4904HD,0.06848216501873372,0.9216151382986881,0.009129646216210539,0.0007463170861131028,2.6733380254215895e-05
N4906HD,0.9271739419636121,0.07267863331724561,0.00012911738315883123,1.700252009605034e-05,1.3048158874599841e-06
N4909HD,0.8665818186112972,0.13276691798151255,0.0006306564951960161,1.9119770712883566e-05,1.4871412814963861e-06
N4912HD,0.6985280625346951,0.3007451925556767,0.0006802276540761952,3.937978200626647e-05,7.137473545606312e-06
N4913HD,0.5828395649229493,0.41684205862554896,0.00029482353921027354,2.0052473887939503e-05,3.5004384035613017e-06
N4914HD,0.03640193759577714,0.7971746506307452,0.16639674618327854,2.2453497846321378e-05,4.212092352672228e-06
N4908HD,0.9696950598512515,0.030259184526473158,4.1147950705462506e-05,3.178921979206703e-06,1.428749590722141e-06
N4937HD,0.935072384478254,0.06471653776343715,0.0001942302360015247,1.2784703046647356e-05,4.062819260833478e-06
N4938HD,0.9910917260870252,0.008864643127172936,4.131550010136847e-05,1.8096096502968561e-06,5.056760501284957e-07
N4949HD,0.9908276221629885,0.009051538280918725,0.00011849390140676285,1.9426558613347876e-06,4.029988248201384e-07
N4952HD,0.9440168472686031,0.05589420586892933,7.871854441219352e-05,8.256450088521089e-06,1.9718679668597903e-06
N4954HD,0.8365075235397136,0.16315942546420006,0.00031831247256689795,1.0663979205175504e-05,4.074544314452785e-06
N7917HB,0.9897714926510542,0.010159625799674242,6.452329363719189e-05,3.3376827505814607e-06,1.020572883691847e-06
N4951HD,0.9369087881762546,0.06295467736175389,0.00012525219326233952,8.975511713799502e-06,2.30675701559012e-06
N0385HC,0.043108451689879146,0.8967967616789627,0.05966980267973234,0.00036192428384434,6.305966758131234e-05
N3920HD,0.5316382393205543,0.46117539864862334,0.007104674213918006,7.307280212477842e-05,8.615014779507214e-06
N9498GW,0.8643308385653344,0.13432613861605835,0.001325997953860581,1.4337785783494764e-05,2.687078963203597e-06
N4961HD,0.9935298396883658,0.006442889756386192,2.5157932715157123e-05,1.54247627654257e-06,5.701462560624192e-07
N4965HD,0.7376139747605206,0.25144906329370464,0.01065062298309027,0.00025579802062143144,3.0540942063138126e-05
N4967HD,0.9431440877480065,0.0563990804819232,0.0004332692350386499,2.0538042400129166e-05,3.02449263159603e-06
N4968HD,0.2888331222278324,0.6858489029868986,0.02205504924871891,0.003232219917781139,3.0705618768921767e-05
N4973HD,0.9274021670550221,0.07221418929837235,0.0003475760381616282,3.315675758768165e-05,2.910850856140721e-06
N4976HD,0.000498454633624742,0.2453695312966451,0.7537887042445048,0.0003416327837641518,1.6770414613099854e-06
N4977HD,0.980264339958296,0.01968954265358606,4.3360008543317954e-05,2.090930628494377e-06,6.664489460605988e-07
N4978HD,0.9428170221853753,0.05682019130070244,0.0003460169842007235,1.513457141774277e-05,1.63495830384192e-06
N4982HD,0.047936844714761014,0.9495024428977303,0.002455884263354848,9.600957373806359e-05,8.81855041554713e-06
N4983HD,0.1813188861722717,0.8145710551831586,0.002609770373237343,0.0014830665205045807,1.722175082774758e-05
N4984HD,0.8822926621883482,0.11740569211715884,0.0002920859497513371,7.204097316105799e-06,2.355647425646336e-06
N4992HD,0.006829656148493784,0.45973690512501314,0.36583644956292105,0.16706906343696099,0.0005279257266109844
N5000HD,0.7411006882104936,0.24674265278740484,0.01202999243951285,0.00010708643815264417,1.9580124436129883e-05
N5006HD,0.6516805218311832,0.33953687163909674,0.008685956690211664,8.734214998097021e-05,9.307689527354933e-06
N5007HD,0.833308544450541,0.16488961202786673,0.0017377753304290455,6.137454585537326e-05,2.6936453080853597e-06
N5008HD,0.605776260661925,0.3929074649904357,0.0012222176076664782,8.785287250236228e-05,6.2038674705484114e-06
N5011HD,0.24836623779767522,0.7508202131026976,0.0007881946684877001,2.0261251551572447e-05,5.093179587691868e-06
N5020HD,0.7715335847543484,0.2272438790000318,0.0011886573987733176,2.9063433486416128e-05,4.815413359998922e-06
N5024HD,0.9528908074190522,0.04705275938468639,4.795045263550255e-05,7.323044782843882e-06,1.1596988430264296e-06
N4826HD,0.9776059370719237,0.02228248383858696,0.00010858127637254353,2.387832033783761e-06,6.099810829400889e-07
N5032HD,0.954095975185695,0.04577492330189656,0.00012227799962289998,5.338046159374491e-06,1.4854666261086668e-06
N5041HD,0.9604569671957123,0.03937535863397708,0.00015938628511727497,6.68851552810867e-06,1.5993696652086338e-06
N5043HD,0.9974100177681946,0.0025095111958176918,7.321249544301409e-05,6.9209852024332775e-06,3.3755534224314335e-07
N5044HD,0.2966555598140285,0.653947920758361,0.048085635347851846,0.0012546924712294194,5.61916085291681e-05
N5045HD,0.84005097778625,0.15978950807701733,0.0001524908134890986,4.91258813765305e-06,2.1107351057434545e-06
N5004HD,0.9904776912902766,0.009456567450233743,6.043887753346795e-05,4.461424117042012e-06,8.409578391343121e-07
N5055HD,0.769807541378668,0.22526776296598022,0.004845171943977324,6.847847200558295e-05,1.1045239368675036e-05
N5056HD,0.19621869786026436,0.7433266354973712,0.06018662855063647,0.00020558608525143526,6.245200647654436e-05
N5057HD,0.9199995508674632,0.0795761224793935,0.0004144468967587509,7.828709885370573e-06,2.0510464993804e-06
N5059HD,0.5793129693365059,0.40561297332705665,0.014896828359814583,0.00015663705834615514,2.0591918276596174e-05
N5061HD,0.6720629580616599,0.3229717130503417,0.004778439517168132,0.00015477328447969748,3.211608635036881e-05
N5018HD,0.9912843983862865,0.008657032329417102,5.638835444234729e-05,1.521203331052228e-06,6.597265231722433e-07
N4896HD,0.6129456405178613,0.3852604348189191,0.001650861584315382,0.00013060283354084047,1.2460245363359319e-05
N5064HD,0.9118178784703346,0.08754805427684552,0.0006082900170115643,1.8326733092785794e-05,7.4505027156420364e-06
N5065HD,0.6648939308100794,0.32941946837147323,0.005548352357681874,0.00010966437546300425,2.8584085302465886e-05
N5067HD,0.037213595944344334,0.8530045205186132,0.1058725668577723,0.0032802516070697747,0.0006290650722003292
N5070HD,0.013615052010329644,0.7490038756587576,0.23599761374388756,0.0013677628483317681,1.5695738693350552e-05
N5071HD,0.8461911259214421,0.1532405534184271,0.0005483836176615401,1.2487291998531858e-05,7.449750470789877e-06
N5072HD,0.8986685532683356,0.10112245075586009,0.0001898135259143227,1.686815423274174e-05,2.3142956572948812e-06
N5074HD,0.872557409563698,0.12671196736530005,0.0006855781923803761,4.230410965562678e-05,2.7407689656791574e-06
N5075HD,0.9987772668057199,0.0012131647192369468,8.9559412846906e-06,4.7585666268100437e-07,1.366770958258672e-07
N4923HD,0.9795224875596873,0.01989181338256544,0.0005170620552516257,6.623597711433654e-05,2.401025381188123e-06
N5076HD,0.9791077633090791,0.02085081861425186,3.615857478018534e-05,4.3684221479652884e-06,8.910797410237979e-07
N5079HD,0.030666756136037306,0.576879321814709,0.38736787648507914,0.0049530350983820306,0.00013301046579264293
N5080HD,0.5026938520691141,0.4910493375908041,0.005777627010064971,0.00045918525074039885,1.99980792763188e-05
N5082HD,0.8763640538399411,0.12126010585672957,0.002276751769717215,9.188956420260141e-05,7.198969409441796e-06
N5083HD,0.9564000155891287,0.043316098334857105,0.0002664716794496626,1.5833697960506366e-05,1.5806986039144975e-06
N5085HD,0.6437837854294484,0.3288434207011953,0.027090240679455015,0.0002730845335200907,9.468656381339492e-06
N5051HD,0.5440592613747046,0.4554070247259106,0.000523839032965663,7.591738957063558e-06,2.2831274621137198e-06
N5039HD,0.015936501284891512,0.7085065779418371,0.2533265539973948,0.02180404684484717,0.000426319931029573
N5088HD,0.9950926118481294,0.004870464900641819,3.5651506440182395e-05,9.834538853390062e-07,2.882909032971979e-07
N5091HD,0.012442556219814375,0.9875340814190846,2.016689398269339e-05,2.6351370022036663e-06,5.603301160244224e-07
N5093HD,0.01442406563793046,0.18360979455949286,0.27055176397508973,0.528900164081906,0.0025142117455809387
N5100HD,0.04332979148056034,0.5520498097315347,0.37919449528689136,0.02529600894508622,0.00012989455592736615
N5103HD,0.021123623786643626,0.6917645431368642,0.19133854952477397,0.09226182608878641,0.0035114574629317805
N5104HD,0.9989680623041375,0.0010145295603684983,1.6746010543790052e-05,5.025978806800265e-07,1.5952706940085637e-07
N5105HD,0.8728771301796008,0.12423076920334258,0.0026823290679292306,0.0002073154661753852,2.4560829520453837e-06
N5106HD,0.814188136458421,0.18554309168086186,0.0002568948811082996,1.0078380399975753e-05,1.7985992089839866e-06
N5109HD,0.8429402830799205,0.15694079995431245,0.00011005122994847088,6.473380287540761e-06,2.3923555309251446e-06
N5112HD,0.20473417379704667,0.7880767077166919,0.007110599985279088,7.189331483061359e-05,6.625186151608912e-06
N5115HD,0.9884546768007926,0.011473902747086966,6.677105531946058e-05,3.602402474764379e-06,1.046994326252592e-06
N5120HD,0.09350920747728032,0.5927371611722027,0.23247520903280927,0.08084530940736653,0.0004331129103412549
N5121HD,0.6699216017575002,0.3265391707519837,0.0033303331126211537,0.0002001365071883695,8.75787070675212e-06
N5122HD,0.45697939811379035,0.5347666896465672,0.007328361550038656,0.0008978088976688536,2.7741791935040668e-05
N8305HB,0.8822621920450763,0.11762885297722092,9.842403970564104e-05,8.734544650063668e-06,1.796393347109038e-06
N5126HD,0.07616251658348747,0.8745862681119925,0.042843157664110225,0.006359633587863636,4.842405254622706e-05
N5128HD,0.9880847204663391,0.011842076458542615,6.916351398855628e-05,3.0622255332286268e-06,9.773355965478885e-07
N5133HD,0.03446348227682134,0.36762505272928936,0.337235349761882,0.2606267747436161,4.934048839131594e-05
N5135HD,0.9599707435083467,0.03995084775160003,7.049365515481062e-05,6.019597755944948e-06,1.8954871423644737e-06
N5143HD,0.990029236049005,0.00993170001798396,3.6837385420050116e-05,1.6254724496062397e-06,6.010751415341112e-07
N5144HD,0.6468583507566246,0.34988818595158255,0.0028189523997330986,0.000430446969120894,4.063922938839957e-06
N5149HD,0.0662774212102434,0.9282518189528932,0.005207138197643553,0.00021883191869640574,4.478972052341502e-05
N5152HD,0.6946672822893271,0.3043692609294492,0.0009381348770886494,2.057529471528585e-05,4.746609419887895e-06
N4394HD,0.3785638547547866,0.5600493915300231,0.049845013589082436,0.011496485759622253,4.5254366485532986e-05
N5029HD,0.21426352425086737,0.7414069019253959,0.043908429302560364,0.0003563899100969963,6.475461107952735e-05
N4368HD,0.9966714482940185,0.003287407449141645,3.899859795698243e-05,1.701563153943502e-06,4.440957290147432e-07
N5013HD,0.05183243149587254,0.8954805102302897,0.05218467789347971,0.0004945619602312717,7.818420126671815e-06
N5153HD,0.37185977996375097,0.6209206701684958,0.007055923607217698,0.00015145985302007428,1.2166407515516915e-05
N5157HD,0.9421281241032361,0.05775180099190972,0.00011444434805618286,4.285027296710592e-06,1.3455295014611955e-06
N5170HD,0.4175692459773797,0.5795773088129185,0.002774558791693494,6.90373850816241e-05,9.849032926705018e-06
N5172HD,0.9690432137564504,0.03063739858950544,0.00030578887775702557,1.1775240307181863e-05,1.8235359799728078e-06
N5173HD,0.8184298300359433,0.18001987976715167,0.001509815715894691,3.5436681589425224e-05,5.037799420923889e-06
N5147HD,0.32589747396692353,0.6707688715725785,0.003022172605668298,0.0003003861706106131,1.1095684219023202e-05
N5178HD,0.9547456380305398,0.04423351854178515,0.0010131381348033135,6.319174223598657e-06,1.3861186480932603e-06
N5180HD,0.7376945981754953,0.26169045389877776,0.0005671843910838415,3.9350135565611045e-05,8.413399077537019e-06
N5181HD,0.45515202661740917,0.49816104623848817,0.04573707115044102,0.0009369466419489125,1.2909351712670977e-05
N5182HD,0.9494416528728842,0.050329238808250056,0.00022345223240831242,4.821582686414204e-06,8.345037710016979e-07
N5183HD,0.009093976433724912,0.9907533119099421,0.0001515951573691682,8.449547065864761e-07,2.7154425729033753e-07
N5185HD,0.6287665136567506,0.35023079048443084,0.015644697432212144,0.005304376014382309,5.362241222398161e-05
N5187HD,0.03352321037362969,0.9033410429818324,0.05709825396823329,0.006003629599877122,3.3863076427538415e-05
N5188HD,0.09821719646884648,0.800136469507239,0.07929182831700331,0.022309482070766398,4.502363614464478e-05
N5190HD,0.04125216461872187,0.5597081413224625,0.2834049358092792,0.11534920601984801,0.00028555222968841825
N5192HD,0.4183655362194877,0.5814551971674835,0.00017208405212631303,5.14739339998592e-06,2.035167502390618e-06
N5193HD,0.6009823411150905,0.39685424190489843,0.0021239695097168315,3.4551996116488646e-05,4.895474177625642e-06
N5197HD,0.9936885611784214,0.006293478412673058,1.6454417044306206e-05,1.0991373801388103e-06,4.0685448102594454e-07
N5198HD,0.26951676819817433,0.5931500672552114,0.12424416319431388,0.013053037934547672,3.5963417752804694e-05
N5199HD,0.830237878937277,0.16855706045180338,0.001176345518390122,2.3704021799306127e-05,5.011070730167018e-06
N5200HD,0.9752490168265007,0.024408576463584086,0.00033036039666619395,1.0097072927281295e-05,1.949240321610889e-06
N5203HD,0.01672776872584457,0.31418193446760684,0.1900209547972381,0.478981941023668,8.740098564254597e-05
N5209HD,0.20700656428246852,0.7685743473302344,0.021931917752931674,0.002461135407845841,2.6035226519442825e-05
N5212HD,0.9877323250996785,0.012184405943162212,8.026121243875513e-05,1.9852158641861694e-06,1.0225288567634867e-06
N5215HD,0.4010832496715572,0.594462014529529,0.004419811405624125,2.670554900448049e-05,8.218844285121196e-06
N3574HD,0.8856697859476369,0.11407013777897147,0.00020088161676442298,5.513254871214492e-05,4.062107915052345e-06
N4760HD,0.01800642349883558,0.2961053155866146,0.6782522883652516,0.007600962942622656,3.5009606675521245e-05
N5225HD,0.9869225744157427,0.013004951704329908,6.872820750335056e-05,2.761277448579518e-06,9.843949752830434e-07
N5226HD,0.788769906657064,0.20998580901144717,0.0011742941983692934,5.6782520241998304e-05,1.3207612877279365e-05
N5227HD,0.912580297356346,0.08715561051482033,0.0002555072095221974,6.876742863239681e-06,1.7081764481786754e-06
N5233HD,0.015043665188923526,0.21555538619873463,0.5976914286421084,0.16903337023795342,0.002676149732279843
N5238HD,0.9835566115096861,0.015454374217128664,0.0009711201007950999,1.6380586208325286e-05,1.5135861817368142e-06
N5241HD,0.9536045599154211,0.046298229555600076,9.212103411821038e-05,3.6046084457838123e-06,1.4848864147025717e-06
N5243HD,0.006787300087381212,0.39224196218399443,0.2703525207249152,0.33016375309551904,0.0004544639081901336
N5246HD,0.981931606338119,0.017890931044309725,0.00017073541219700552,5.801995202356689e-06,9.252101716941974e-07
N5247HD,0.020168335977825164,0.09969644720302395,0.7758030992381264,0.10402865855336818,0.0003034590276563003
N5248HD,0.9578938206110647,0.04201515966981805,7.432076654111767e-05,1.4957514779355662e-05,1.7414377967050553e-06
N5253HD,0.819413297458098,0.1596734089619251,0.020844202254137547,6.305657198295965e-05,6.034753856513528e-06
N5257HD,0.028100597467239665,0.3755936898819916,0.34495506093976064,0.251167614270513,0.0001830374404950348
N5259HD,0.08026528795412277,0.4109888171104442,0.4873543608474007,0.020612688148521425,0.0007788459395108128
N5262HD,0.2309266974150705,0.7317446891644017,0.037303646663610183,2.1611843099089648e-05,3.354913818499755e-06
N5266HD,0.764481602431032,0.23435590955616895,0.0011379756935208944,2.125666966123018e-05,3.2556496167809434e-06
N5270HD,0.7882318738715295,0.2098238502241399,0.0018942672351939728,4.401270924959973e-05,5.995959886973028e-06
N5271HD,0.33772997761197593,0.6526304950049624,0.00960224588836771,2.8848383311424836e-05,8.433111382480554e-06
N5273HD,0.5999341134896449,0.3978342562365196,0.0021565760640336338,6.893130830702998e-05,6.1229014950073195e-06
N5274HD,0.9875912038881687,0.012363714652853679,4.2490491535886735e-05,2.0275502030955315e-06,5.634172388810662e-07
N5211HD,0.5946187239430641,0.40118203158612653,0.004049004259858513,0.0001450710360195355,5.169174931318519e-06
N4843HD,0.8410268354081084,0.15692289867582127,0.0019833225528656257,5.4017201273656583e-05,1.2926161930965466e-05
N5287HD,0.8173874615382596,0.18062058578479537,0.001926636885362769,5.223538650297207e-05,1.3080405079427152e-05
N5286HD,0.09652145076899264,0.8082891307574283,0.0946664156615069,0.0004606343899970174,6.236842207539465e-05
N5292HD,0.021343393223945843,0.29685230103143134,0.4089160679285619,0.27276596848531637,0.00012226933074448192
N5294HD,0.9623199401741076,0.03757285274016591,0.00010058019999351427,5.326632038580644e-06,1.300253694492348e-06
N5296HD,0.2561191351561858,0.673498923431063,0.06883667819703208,0.0015002393882215291,4.5023827497536265e-05
N5298HD,0.7386923804489754,0.25987691260817786,0.0013737014406994407,5.0528935621072434e-05,6.476566526253184e-06
N5303HD,0.8908429571550777,0.10847278457169439,0.0006757836132001491,5.096872127930742e-06,3.377787899759768e-06
N5305HD,0.496824553072289,0.48985515596395485,0.011463429776503291,0.001843494956534459,1.3366230718399042e-05
N5306HD,0.9883769807218804,0.011545980543830344,7.402093708456137e-05,2.463026359444447e-06,5.547708451686115e-07
N5307HD,0.023233795483402698,0.8196876309473878,0.15082334143505666,0.005105025154887249,0.0011502069792655248
N5311HD,0.9421122524308984,0.05675617226835261,0.0010264061672500338,9.826696150455432e-05,6.902171994436272e-06
N5314HD,0.9194558562786115,0.08021754481212749,0.00026813416894365166,4.138143102634861e-05,1.7083309291043754e-05
N5073HD,0.021493279536079705,0.24623522360245634,0.7274231552558781,0.004720841571366095,0.00012750003421993375
N5277HD,0.046979247169041,0.8008620147457418,0.14881224432817755,0.002566494816207103,0.0007799989408325342
N4885HD,0.9955862206569279,0.004262689390259334,0.00014702672422386463,3.6664798758027864e-06,3.9674871299797066e-07
N5318HD,0.03462735161106289,0.5515264859061695,0.412059892151562,0.0017372599564567984,4.901037474874621e-05
N5321HD,0.9863238932185424,0.013620672376961209,4.399569198373196e-05,1.0085528427204686e-05,1.3531840855391343e-06
N5323HD,0.9994094194221477,0.0005822418052352536,7.541385968391254e-06,6.641123582647954e-07,1.3327429072035382e-07
N5324HD,0.7502571753381638,0.24841272253534086,0.0013077958090748029,2.0247403925565455e-05,2.058913495159624e-06
N5326HD,0.9365899315989187,0.06317675014630779,0.0002216311715233174,1.0136811032780666e-05,1.5502722175150482e-06
N5327HD,0.8320031116058657,0.1668598228850338,0.0011128487808882645,2.084581955215217e-05,3.370908660202942e-06
N5329HD,0.1729155287802605,0.8219661471981512,0.004948398095988258,0.0001577657899577624,1.2160135642364828e-05
N5331HD,0.9948832005552666,0.005019700752166892,9.405947194938127e-05,2.453351813631948e-06,5.858688034443596e-07
N5332HD,0.9661589900290714,0.033771472255869524,5.9729295465650465e-05,8.577039015141388e-06,1.2313805782597706e-06
N5333HD,0.9549859693081724,0.044934703012922184,7.456647996058392e-05,3.407206961592875e-06,1.353991983379357e-06
N5334HD,0.0014356180154308075,0.9985260627737401,3.6467852053769305e-05,1.4616870485026407e-06,3.8967172677984194e-07
N5338HD,0.0019745065785557714,0.04053575124178458,0.33608130905774236,0.6210277137930991,0.0003807193288181796
N5339HD,0.023576657832871457,0.4089528319160551,0.5672157107532824,0.00022810064513739502,2.6698852653772285e-05
N3820HD,0.0226017370281944,0.5039411978173188,0.3447187425287777,0.1266595853158794,0.002078737309829585
N5342HD,0.8249000816882266,0.17449142097173553,0.0005794750564139876,2.4737993117738383e-05,4.284290506144592e-06
N5345HD,0.874954580034092,0.12367254993776296,0.0013316848236711765,3.756125769003139e-05,3.6239467840670524e-06
N5346HD,0.9372111545688607,0.06255681005922963,0.00021916293765085948,1.0554557498438235e-05,2.3178767604669755e-06
N5348HD,0.023068653110242796,0.5224480966502998,0.15815319960097576,0.29589388708227676,0.00043616355620497443
N5351HD,0.8611147333699966,0.13829625540535948,0.0005716933144884817,1.4061615582584108e-05,3.256294572871369e-06
N5354HD,0.0019482394442123623,0.012653429304454584,0.3229919073212696,0.6624016632167473,4.760713316261828e-06
N5355HD,0.2199222668232113,0.7794082539804407,0.0006474215064024536,1.8337360388716744e-05,3.7203295569240522e-06
N5362HD,0.995213800760758,0.004761572711585986,2.1841187101043595e-05,2.184108729705416e-06,6.012318252631354e-07
N5364HD,0.9790171098660402,0.020893273251138014,8.203008703592788e-05,6.69185489942224e-06,8.949408864153957e-07
N1264HD,0.001121568852728374,0.9982309833787162,0.000645598578471869,1.6010868328277323e-06,2.4810325084841646e-07
N4985HD,0.10376709377285087,0.8542059028920226,0.04155734920659316,0.0003961559602213319,7.349816831211271e-05
N5368HD,0.00789541827296461,0.09029168368445138,0.736781360641401,0.16473917096330767,0.00029236643787534255
N5371HD,0.6256243654321229,0.3730300171415297,0.0013226247010779484,1.8585259563815895e-05,4.407465705718418e-06
N5372HD,0.9107791468834311,0.08853479486749065,0.0006738644265543303,9.752956419888632e-06,2.4408661041505136e-06
N5373HD,0.3357835704002078,0.6638752935377473,0.00031498064513299886,2.034750940976731e-05,5.8079075021539485e-06
N5374HD,0.9510987794243564,0.04827309993870798,0.0006127416689090512,1.1917510225786518e-05,3.4614578008699728e-06
N5377HD,0.9626009645951088,0.03721142318199018,0.00017933911090801946,5.548989174178521e-06,2.724122818765138e-06
N5379HD,0.9696004668651267,0.03026470348521747,0.00011804992452561772,1.5326401251897684e-05,1.4533238783773275e-06
N5381HD,0.17502180854372404,0.7560972616694467,0.06673136630665953,0.0019272325838326308,0.00022233089633708422
N5383HD,0.1593272523932654,0.7586572323262644,0.07018381183942263,0.011767614584597696,6.408885644994583e-05
N5385HD,0.9792005331871827,0.020735129311380343,5.54571977311926e-05,6.037445412984168e-06,2.8428582926488067e-06
N5387HD,0.007924204946195649,0.5124570082683322,0.3963637941341235,0.08163425642447933,0.0016207362268693844
N5388HD,0.06494551527816467,0.30935757308603506,0.47850794295819976,0.14667011557835022,0.000518853099250373
N5389HD,0.009837850739538096,0.2749694554367696,0.7149136015207999,0.00027552509602929887,3.5672068631248767e-06
N5391HD,0.8868102223609364,0.1126572503634543,0.0004962602347240402,3.037915132877461e-05,5.887889556504498e-06
N5393HD,0.7814607454408656,0.21839620023938366,0.00012697183677456752,1.2725548582195343e-05,3.356934394112306e-06
N5395HD,0.972790171103547,0.026450833730279934,0.0007489743203546805,8.542953727868303e-06,1.4778920901924099e-06
N5397HD,0.9591639531504111,0.040701849816771225,0.00012288570725803587,8.754273698093748e-06,2.5570518617411024e-06
N5398HD,0.9768618171004421,0.023015065094082174,0.0001137381300377598,8.109554001993355e-06,1.2701214358952434e-06
N5386HD,0.10043677746408462,0.6584503806558113,0.24104613745084916,6.25431149373675e-05,4.161314317642285e-06
N2483HD,0.9631991247738022,0.036203381042748166,0.0005801298619746949,1.5604041151600687e-05,1.7602803234097469e-06
N5402HD,0.839189963262222,0.1602711807917387,0.0005277040458140773,9.478406197211019e-06,1.6734940279884732e-06
N5404HD,0.7992725491401452,0.1988874079273935,0.0017599373002371035,7.436038052066882e-05,5.745251703427277e-06
N5405HD,0.9854604153911766,0.014471311036984747,6.461617941764682e-05,2.6688956591948083e-06,9.884967616679354e-07
N5407HD,0.33013537110511193,0.6668155692686945,0.002979752641907571,6.460518775058954e-05,4.701796535356099e-06
N5414HD,0.5323709206446715,0.4674294389493271,0.0001902112528263965,6.89148042444878e-06,2.5376727504006973e-06
N5415HD,0.9502595683491456,0.049702165905104664,3.500317522104705e-05,2.3677134077940085e-06,8.948571206703193e-07
