ncode,proba_0,proba_1,proba_2,proba_3,proba_4
N4541HD,0.28217831945295874,0.6167650635899004,0.09258637380350432,0.007138545718698829,0.0013316974349378162
N4397HD,0.06498413962054221,0.28411132412652845,0.4665974826538654,0.1408544173868445,0.04345263621221929
N4544HD,0.8908581201906487,0.10259804273943993,0.005042866313961932,0.001206939136290344,0.00029403161965922106
N4545HD,0.11071798025346882,0.35543838207130524,0.335472225327627,0.13846608975241445,0.05990532259518451
N4546HD,0.7049094402211792,0.2814339306409828,0.011733771110762422,0.0016143053990455266,0.0003085526280298409
N4550HD,0.8019225048696228,0.18173348142283,0.013805563941103181,0.0016903299610306827,0.0008481198054132356
N4551HD,0.7435898051302221,0.24202410465136828,0.011991413245091948,0.0015819213777886502,0.0008127555955289919
N4554HD,0.08651707414548793,0.2935294193016181,0.6134497059272374,0.005036276775202043,0.0014675238504546547
N4555HD,0.70411320888312,0.15808953211231772,0.13331058806454613,0.0035851977487720054,0.0009014731912441342
N4556HD,0.4348151641869523,0.4586839904071286,0.07759747133990351,0.02684155566133696,0.0020618184046787237
N4563HD,0.4521882744850697,0.3923705313978261,0.13705549977960085,0.016025253164817725,0.002360441172685485
N4567HD,0.9052849116107043,0.08119887158507236,0.009724331016723993,0.0034099208246754394,0.00038196496282373013
N4561HD,0.7570972787569699,0.23449706070056742,0.005538716266536603,0.0023313147902687403,0.0005356294856575188
N4571HD,0.22197225269884574,0.6055728300812466,0.14579011580227252,0.022362410539715143,0.004302390877919845
N4574HD,0.9867061970359275,0.010811211624937152,0.002070641695897645,0.00032280591884034264,8.914372439712622e-05
N4575HD,0.7349903386248665,0.24463666247951057,0.01808797907912722,0.0017531710604625267,0.0005318487560331889
N4579HD,0.14104786426070012,0.6331546938127787,0.18496122847683624,0.027388346243222433,0.01344786720646256
N4581HD,0.6416435504812377,0.33879516357585315,0.016122767929964657,0.0029653425086928545,0.0004731755042517061
N4584HD,0.6438434596664239,0.3422328273642916,0.011441536064251369,0.001800522375957468,0.0006816545290756915
N4578HD,0.8214992039190758,0.1660277450554709,0.010626926694616238,0.0012450783684788845,0.0006010459623581884
N4590HD,0.2601141056439141,0.7249987001216255,0.012683774430512261,0.0018605330347643834,0.0003428867691837827
N4593HD,0.08856412354678628,0.33256325416871496,0.12862911354945686,0.4383341844790823,0.011909324255959676
N4151HD,0.16447654087656813,0.364357355270838,0.28116374183285253,0.1855237516642315,0.004478610355509937
N4594HD,0.743141776548148,0.24770440542471514,0.006835870755174633,0.0019336450641670338,0.00038430220779511493
N4600HD,0.5985941060366362,0.1914931164021774,0.20831021193456226,0.001222654140340931,0.0003799114862832107
N4605HD,0.26152771233556266,0.12322810658289256,0.604926472197774,0.009922997083376307,0.0003947118003944943
N4612HD,0.5162843001658116,0.4310799581793373,0.044530954227601116,0.007178015649408168,0.0009267717778416648
N1701HC,0.1698298931929,0.5600050072686678,0.21849121103349753,0.03847604704043242,0.01319784146450234
N3705HD,0.011545623155378324,0.04120673782085702,0.10786080251148585,0.2590887426343623,0.5802980938779165
N4589HD,0.7672178237313949,0.2124280479840096,0.01663083139851912,0.0030422771338104943,0.0006810197522660419
N4339HD,0.9188248812866466,0.07482439306664959,0.004967641152879969,0.0012224825413536958,0.00016060195247034184
N4615HD,0.049276656817035774,0.14900496322625592,0.3762941709157709,0.3991265148862309,0.026297694154706546
N4618HD,0.8570823036146479,0.13058333100045402,0.009946319691200772,0.002127872989089987,0.0002601727046072995
N4624HD,0.46006266022361414,0.5349495979380934,0.0037448187036413665,0.0010146506263552571,0.00022827250829588822
N4626HD,0.7434954962171351,0.23852140958181028,0.013420172875241025,0.0041062980082833146,0.0004566233175304375
N4628HD,0.23278330785965004,0.5757392926855027,0.1683143856360436,0.017706950558541164,0.005456063260262338
N4638HD,0.052893699632818036,0.22146471227168438,0.19130114771652282,0.49830820598119596,0.03603223439777884
N4639HD,0.4636162539474571,0.4333025337330939,0.07761256396428716,0.020388495065413823,0.005080153289747898
N4642HD,0.9217738930481164,0.07220436581972378,0.004448390242759487,0.0013036341439774345,0.0002697167454227158
N4646HD,0.9666864646141047,0.029495554933651878,0.002992616872684202,0.000652489978117391,0.0001728736014420592
N4631HD,0.870723504356569,0.12128626343924988,0.00655988152940615,0.0011560681702478376,0.00027428250452699547
N4656HD,0.0816751200724434,0.24012144636869498,0.3130801665966725,0.3220602465492496,0.04306302041293959
N4658HD,0.7863553225743036,0.1926290339580068,0.017020518658125986,0.0035919258310651856,0.000403198978498215
N4661HD,0.6858551348432076,0.2593085413160114,0.04474742570230483,0.00906084994835415,0.001028048190122116
N4665HD,0.7607729945714012,0.22848126424023174,0.008725585378006667,0.0016830091948222435,0.0003371466155380694
N4667HD,0.774391535244352,0.21113095943562046,0.01268856175803675,0.0014998183770774244,0.0002891251849134408
N4669HD,0.6129732390041882,0.36722210158363644,0.017046785375806287,0.0023377448627398692,0.00042012917362922926
N4673HD,0.12723261501790747,0.5910779967847923,0.25234965341344845,0.024735241757137164,0.004604493026714638
N0760HD,0.21872119538781656,0.6555921182071939,0.1110011901744437,0.010827480996652306,0.00385801523389347
N4672HD,0.5597364214094634,0.34198006360706934,0.08042308420164725,0.01480912581326446,0.0030513049685555113
N2593HD,0.8137728114728126,0.17763317282507848,0.005563373482308493,0.0024498353640218865,0.0005808068557786309
N4677HD,0.2463077378246202,0.7220449330154728,0.02621032940309291,0.004736160533693031,0.0007008392231210723
N4680HD,0.392992476646255,0.5243235163117093,0.06308391017718505,0.015818612332885548,0.0037814845319650535
N4688HD,0.08603318690335997,0.3285739819597836,0.32256278883523415,0.17583574954624034,0.08699429275538192
N4689HD,0.839983880600995,0.150734190585558,0.0074556468879811676,0.0014735515914992728,0.00035273033396653996
N4691HD,0.1624381508521995,0.36228620820028323,0.28263763359042327,0.1661773235902567,0.026460683766837287
N4692HD,0.6864544441685476,0.22473492614159282,0.06515558023227978,0.020258170113757853,0.0033968793438220006
N4694HD,0.05298815067268704,0.16828191886363963,0.7226851878933519,0.05090539523672991,0.005139347333591455
N4695HD,0.3804412885926322,0.456248443790631,0.1537220814152813,0.007761749114751822,0.0018264370867039502
N4699HD,0.38355194497897815,0.5766724230873798,0.030480780804736797,0.006892495209980343,0.0024023559189250083
N4703HD,0.30951997105264345,0.3049342035819743,0.1565838822685614,0.2163132008965781,0.012648742200242691
N4704HD,0.0068802307071874355,0.01938956101161557,0.31815106683295075,0.6502405759336847,0.005338565514561533
N4708HD,0.9408775547491849,0.05384920077812563,0.003751168404017204,0.0012887727107849282,0.00023330335788729258
N4714HD,0.684255635694835,0.2550448903953865,0.042440907512834365,0.014870609607719036,0.003387956789224989
N4721HD,0.2919594244444549,0.576208752315126,0.11193166242517945,0.010843918707552885,0.00905624210768675
N4722HD,0.8543541942625207,0.126575044152653,0.01783094435703548,0.0009923146758892582,0.000247502551901492
N4724HD,0.625451319193823,0.35371589757753513,0.01735143183077592,0.0027316112518808136,0.000749740145985045
N4726HD,0.057633792158882646,0.8828468131510381,0.057474394149449014,0.001646759104957727,0.0003982414356723206
N4735HD,0.6482097213240122,0.33361020251089546,0.014198021693893309,0.0030548686127405225,0.0009271858584585701
N4063HD,0.7908479771489518,0.1573839176320623,0.03397789058574579,0.0145391251001879,0.0032510895330520864
N4712HD,0.8052092610657843,0.18177939547913163,0.009890951418657385,0.002455858917015886,0.0006645331194108825
N4738HD,0.2096300569779211,0.6508264734467636,0.10822100828433845,0.030164747079209978,0.0011577142117669972
N4740HD,0.1598922219579394,0.23511910771071143,0.24437043994615443,0.34963026391161606,0.010987966473578668
N4742HD,0.047641025174598534,0.06589173442223153,0.16381536752790057,0.36230873848311357,0.3603431343921559
N4745HD,0.7970695293564198,0.19018813068645107,0.009445855866125704,0.002501915060776381,0.0007945690302269363
N4747HD,0.8714238860791859,0.10420059455636062,0.01643553407226406,0.007102783564130654,0.0008372017280587698
N4750HD,0.7655967051717906,0.20169843810942933,0.027415240957734666,0.004569883562274171,0.0007197321987713047
N4752HD,0.050462428015854835,0.22555660329516344,0.45841383549763004,0.24270555631467342,0.022861576876678287
N4754HD,0.7860006901278316,0.20612850169474942,0.006419448100324392,0.0011990603551294647,0.00025229972196522555
N4755HD,0.28920666128305533,0.5529875260738755,0.1210913765033581,0.02542842589250115,0.011286010247209773
N4756HD,0.28532557563299166,0.6783727018820043,0.03198674237856985,0.002904668567141693,0.0014103115392926657
N4757HD,0.8669204842393625,0.12706530101288924,0.0050374319629738,0.0007838795044865678,0.00019290328028775358
N4759HD,0.19597005427955574,0.740718154289333,0.05873574718032283,0.0033229581999347675,0.001253086050853683
N4762HD,0.546060797962217,0.40122651860908054,0.04849742904416454,0.0030207270861766227,0.0011945272983614438
N4763HD,0.7481588065902294,0.19988782234539323,0.031179193520340244,0.01747136263772476,0.0033028149063122694
N4767HD,0.8642787763024238,0.12456227139837377,0.008154568202238987,0.0026658486935316563,0.00033853540343176694
N4769HD,0.06458011474664899,0.09256899672643014,0.8196817633376207,0.022289197771871,0.0008799274174291096
N4770HD,0.7711898880313457,0.20848010960071625,0.016601567172789315,0.00287598111162021,0.0008524540835285792
N4676HD,0.5468673296619797,0.4008699478430149,0.038794020322119586,0.012053678613006406,0.001415023559879419
N4614HD,0.4922824975543514,0.4494210811800013,0.03923982271018877,0.017722691908410207,0.0013339066470483547
N4774HD,0.18081056618879043,0.6161837192065658,0.17916519007003676,0.022069098966595792,0.0017714255680112477
N4778HD,0.08730434103447897,0.30717567609573154,0.41165290359355944,0.1668177540662099,0.027049325210020177
N4780HD,0.012087860758254177,0.034019620191418104,0.21847360232638033,0.20053495517992231,0.5348839615440251
N4783HD,0.5143537433891139,0.4492626681555499,0.029805806975852004,0.004346452778033554,0.0022313287014506604
N4789HD,0.8640263158096911,0.11394741730957109,0.01683832565015402,0.004682356765494016,0.0005055844650897659
N4792HD,0.4042347586117465,0.5899671971821479,0.0046160309408502555,0.0009917508891781732,0.00019026237607718251
N4793HD,0.040279852486075185,0.8188381757111162,0.13482724806045432,0.00468298187655114,0.0013717418658033362
N4794HD,0.0034401459393864162,0.01728083517817775,0.026254720805725093,0.9520716395844608,0.0009526584922496888
N4799HD,0.552527943748222,0.4303114999416364,0.014494605389005695,0.002211823694832483,0.0004541272263034022
N4800HD,0.9839618051664953,0.013175111866846011,0.002197498094884744,0.0006042190366808636,6.136583509279067e-05
N4808HD,0.09025415056158777,0.901313761994163,0.007262929759542246,0.000998711676347185,0.00017044600836007502
N4809HD,0.6602339858135291,0.23805547160171217,0.05514038201691911,0.044417624200532795,0.0021525363673067896
N4634HD,0.7214075985291967,0.25364241696851164,0.02047496741404828,0.003839032772194186,0.0006359843160492669
N4784HD,0.9249881785772209,0.06829773659731482,0.004909158770094907,0.0016032884446833195,0.00020163761068606558
N4815HD,0.790953415997067,0.19591234981906125,0.010511498297238462,0.0017282601288072018,0.0008944757578260194
N4816HD,0.6617098022937744,0.3051137035527366,0.026095431524733377,0.006096560416274312,0.0009845022124811585
N4817HD,0.34574180803285104,0.588691522173427,0.05395640069618786,0.010393203379379537,0.0012170657181544177
N4818HD,0.8552647285202113,0.13371150308785423,0.008670968198905128,0.001629971000507033,0.0007228291925224506
N4821HD,0.017980548449036585,0.9755311103696084,0.00565153335603056,0.0007101174707083244,0.0001266903546161573
N4830HD,0.8984906978351282,0.09429041548386638,0.005598213552340628,0.0013629330008785743,0.00025774012778630504
N4748HD,0.8136724683120776,0.16991643832992467,0.012282115513596857,0.0035084197706668945,0.0006205580737339867
N4684HD,0.7193627335937864,0.2676452514220812,0.010868731381371155,0.0017272878750572353,0.0003959957277038968
N0389HD,0.00746312264457837,0.9560274600481907,0.03565087730920469,0.0007127938696115695,0.00014574612841442225
N4796HD,0.6855860622800732,0.2651216327166618,0.04016041472120177,0.008161207813346836,0.000970682468716368
N4834HD,0.010069430627882268,0.03128176716915288,0.5251414636069166,0.4310191403560279,0.0024881982400202637
N4835HD,0.1410498641364827,0.850451371785571,0.006435998868965738,0.0016914964159828862,0.00037126879299743276
N4837HD,0.49633932978779083,0.49729332279648236,0.005380445430334543,0.000780801555877558,0.00020610042951465005
N4838HD,0.0706644825905564,0.9224495745389626,0.005484900813304297,0.0010267372436010198,0.0003743048135757387
N4839HD,0.009683104971238577,0.323912784106041,0.6487395002606486,0.01674436087951095,0.0009202497825608114
N4842HD,0.8454309495596963,0.13519067391988712,0.01654964585054929,0.0023058726677331063,0.000522858002134147
N4844HD,0.9233410859113347,0.0671441640705792,0.007840122391881824,0.0014472666683315815,0.000227360957872625
N4846HD,0.12362605159711383,0.4852245132866563,0.30354737315138597,0.07247179598315467,0.015130265981689093
N4847HD,0.778123124185191,0.20625483314906043,0.01299564753852662,0.002171726109397759,0.000454669017824229
N4849HD,0.20008248625228273,0.5903568144087116,0.17705730049914314,0.02091094960902894,0.011592449230833636
N4852HD,0.02669382994254114,0.49191093226960936,0.4497943299197478,0.03094159580922499,0.0006593120588767131
N4853HD,0.6513347261974057,0.3312264308717452,0.014510295176239488,0.002545082862152032,0.00038346489245746684
N4856HD,0.7501068701037615,0.23727049764782573,0.010346673242831242,0.0016549482026595116,0.0006210108029219021
N4858HD,0.7270990268118472,0.2555078674652006,0.013694537136138833,0.0032667756204074285,0.0004317929664060438
N4860HD,0.38705495478961616,0.5392754340014505,0.04871412628379772,0.021060631008906136,0.0038948539162293808
N4861HD,0.9044730755629119,0.08911004448602806,0.005383105794586237,0.000825905815250733,0.00020786834122317084
N4863HD,0.4348213233609143,0.5557614667791111,0.006396354441030438,0.0023815468276373033,0.0006393085913069338
N4864HD,0.7429201770797181,0.24309820726071918,0.01181505016818791,0.0014038970466951836,0.000762668444679539
N4866HD,0.8095562912574982,0.17196306236779008,0.014068824290957632,0.003496566213668671,0.0009152558700855364
N4012HD,0.7343366619416304,0.2509299530102467,0.012800555581066835,0.0016189119702191064,0.00031391749683689946
N4825HD,0.27797202974223195,0.5804851994030641,0.10673657836852438,0.030607366374997468,0.004198826111182184
N4875HD,0.1139682175381675,0.547754915024075,0.26246337529464925,0.06359757868026131,0.012215913462846784
N4878HD,0.06632949599964769,0.2292087715540567,0.22738535221397002,0.38794078560251116,0.08913559462981455
N4883HD,0.011546429379361916,0.1824777779599197,0.6761869772901462,0.12870258600782813,0.0010862293627441509
N4884HD,0.6286401344157632,0.3426588185697113,0.025491527831093284,0.002544181375102597,0.0006653378083297407
N4887HD,0.22789068824061218,0.7593108851904137,0.01125130872770977,0.0011133024375811493,0.0004338154036832829
N4891HD,0.5604017945007006,0.40268854099759066,0.03207562913257628,0.003940895192639277,0.0008931401764932259
N4892HD,0.22006108821692869,0.772052920666106,0.0062970459193293395,0.0012488817075666518,0.0003400634900692451
N4895HD,0.8231926806802637,0.15895345060669222,0.014815831775320235,0.002724398674829165,0.0003136382628945548
N4899HD,0.653965533034296,0.3382801659618529,0.006042646137865995,0.0013721629170254251,0.0003394919489596319
N4898HD,0.35219178247183097,0.6002188645284824,0.041882538446798845,0.0047757554626817605,0.0009310590902060846
N4902HD,0.6104433491344488,0.34356469654594274,0.02804736944866099,0.016580803620001097,0.0013637812509465054
N4904HD,0.18604806013047354,0.6244663182398946,0.15009991669254635,0.0344164613374859,0.004969243599599551
N4906HD,0.7009027120823823,0.28017351524732564,0.015415006080536248,0.003019670252707985,0.0004890963370478464
N4909HD,0.75456712893849,0.21582346731468516,0.023678599159303232,0.005308229184805473,0.0006225754027163043
N4912HD,0.6076102594348508,0.357680532654229,0.031298953382650485,0.002720648866955767,0.0006896056613139085
N4913HD,0.571125520907666,0.41400519318517826,0.01268942626668891,0.0017046956091446102,0.00047516403132209057
N4914HD,0.10353802073205955,0.5623328669006271,0.3277092161349141,0.005545079929693717,0.0008748163027055063
N4908HD,0.8085214284466838,0.1829328605562661,0.0070318053831383495,0.0011934230880622958,0.00032048252584955365
N4937HD,0.781312786373435,0.21004156478060373,0.007097783618486,0.0011981956093227166,0.00034966961815252465
N4938HD,0.8143627192328924,0.17731226803459949,0.00681407991410042,0.0012545885347835357,0.0002563442836243313
N4949HD,0.9238237048047659,0.053853516685088525,0.01897811253398971,0.003060936229629418,0.00028372974652621913
N4952HD,0.7926060810778581,0.19579600781105083,0.009424419724173894,0.0013295616005948162,0.0008439297863223632
N4954HD,0.7329553409639782,0.25080142648328474,0.01418421580290208,0.0016522999498786526,0.00040671679995632145
N7917HB,0.8848553955140703,0.10906121979881778,0.004712681499290881,0.001030669598424447,0.0003400335893964826
N4951HD,0.6594082375432652,0.3293760017435136,0.009303147490261598,0.0014023548676670929,0.0005102583552924644
N0385HC,0.10945199082952195,0.5429384121772455,0.28431349684013746,0.050131958181120845,0.013164141971974248
N3920HD,0.6503340749116069,0.298439799902563,0.04393774707295402,0.0061326088991671196,0.0011557692137089462
N9498GW,0.6777875621513452,0.29954580457603536,0.01967879663136353,0.0025105938030612457,0.00047724283819467085
N4961HD,0.8236033029151469,0.17178976540271101,0.003706353527668179,0.0006798121412186882,0.00022076601325530712
N4965HD,0.5367771832596481,0.3877821121164014,0.06782533870426706,0.006951671145144743,0.0006636947745386047
N4967HD,0.7041895594703816,0.25879458459331306,0.03062096235729231,0.005151889302927339,0.0012430042760857493
N4968HD,0.38866446380603153,0.4674706441491778,0.06572934425877558,0.07120074777377322,0.006934800012241795
N4973HD,0.7782307324278309,0.20456673822512192,0.010952032348167662,0.005662368735119398,0.000588128263760135
N4976HD,0.007753670801971702,0.27624651064114314,0.6999881848799986,0.015416295787080543,0.0005953378898060366
N4977HD,0.8724200423956942,0.11982885969044514,0.006031513661295193,0.0014033895400383356,0.0003161947125271347
N4978HD,0.7418606411424061,0.2356040837246638,0.01709026652358101,0.0050263177637602735,0.00041869084558879266
N4982HD,0.26539081276511994,0.6638882668753293,0.05177591360363577,0.014470490101133463,0.004474516654781379
N4983HD,0.3048004589268104,0.5757736175087002,0.07185169440305353,0.045835029098819965,0.0017392000626159036
N4984HD,0.7788680599088464,0.2072178032167047,0.012226145311843661,0.0013791623446204088,0.00030882921798495885
N4992HD,0.036957890852881224,0.4433608303749278,0.13198609089091642,0.37661237668099273,0.011082811200281832
N5000HD,0.5147234907367713,0.3739994872628277,0.09972862214382107,0.01011401822325849,0.0014343816333215642
N5006HD,0.5154084604301089,0.41594437607976814,0.06042297943405787,0.006427530113429176,0.0017966539426359609
N5007HD,0.7051874282280012,0.23962448875176712,0.04846271264526271,0.005826602131328211,0.0008987682436408011
N5008HD,0.6403681554392664,0.32855233113623844,0.02543263065924062,0.004832726175075234,0.0008141565901794383
N5011HD,0.5984186637019868,0.3760019493537714,0.020919486971864007,0.003609510706766305,0.0010503892656115912
N5020HD,0.5769762009123973,0.38054151760523663,0.036000449917029664,0.005325539561015347,0.0011562920043211228
N5024HD,0.7620918602913356,0.2216781398178644,0.012957392739994288,0.0027011938760534916,0.0005714132747522589
N4826HD,0.8466864898479426,0.14654700240147828,0.005034333754060965,0.0013470622800297095,0.00038511171648840343
N5032HD,0.8433826589751108,0.14599206812933757,0.008437980911755235,0.001844451067117583,0.00034284091667867114
N5041HD,0.8039392146721063,0.1807538096302936,0.013054043125927636,0.0019328424910319245,0.00032009008064060843
N5043HD,0.9405399975346624,0.05536615939959833,0.002767111856188765,0.001114968625668708,0.00021176258388170953
N5044HD,0.14456997486776677,0.611743697063781,0.19726618657860462,0.027560344663093737,0.01885979682675403
N5045HD,0.6891606724125385,0.3015245265521732,0.007678388259948387,0.0013014889938084552,0.000334923781531534
N5004HD,0.8997324077641659,0.08365575022506047,0.013469064631731047,0.0025333876968599523,0.0006093896821825825
N5055HD,0.44380039867553783,0.5041571781100803,0.04289133506885743,0.007936652112975666,0.0012144360325487052
N5056HD,0.2621340927406013,0.4328915366100678,0.2509621218826981,0.049065674048860995,0.0049465747177717964
N5057HD,0.8233950994031527,0.16836737063581644,0.006888044943631925,0.0011083301541806106,0.00024115486321830005
N5059HD,0.5597517831781827,0.38755139687636153,0.04362571315882827,0.00786427594098149,0.0012068308456459882
N5061HD,0.5596021971734985,0.3676992257227267,0.0630505547827036,0.008510930629574294,0.0011370916914970153
N5018HD,0.9344460479283604,0.057668261505933696,0.006459309565558925,0.0011588554745871368,0.0002675255255597051
N4896HD,0.5601435286084367,0.37733714623894027,0.04961063057505358,0.011513201530888929,0.0013954930466803864
N5064HD,0.7871868621940626,0.19424972528571277,0.014044899111295165,0.0038486385928664696,0.0006698748160629334
N5065HD,0.40677465669153107,0.5363833736277436,0.04976812354822793,0.006127107129604433,0.0009467390028929561
N5067HD,0.11481183866881603,0.4123031717897453,0.3802913365706727,0.07143600039542511,0.021157652575340927
N5070HD,0.011818602671253703,0.4460556345848126,0.5119058017035757,0.0287556215943306,0.0014643394460274908
N5071HD,0.7145814079665924,0.26779382314805894,0.015041784435149197,0.0019033800254487487,0.0006796044247506239
N5072HD,0.751292466956329,0.23570952587904145,0.011430104602864692,0.0013199378010074507,0.0002479647607574129
N5074HD,0.7190060545158301,0.24800069231228844,0.02959355717702614,0.0027575760436316255,0.0006421199512237642
N5075HD,0.9766523508883512,0.020074208742946256,0.002591205671498872,0.00047355614459805535,0.00020867855260566724
N4923HD,0.5419721012967297,0.42129752762460004,0.024751943794511122,0.010478190272828664,0.0015002370113305235
N5076HD,0.8084653149896015,0.1804329787189823,0.009200174223555038,0.0015215969013649751,0.00037993516649621165
N5079HD,0.06751888402483204,0.31736129006463076,0.3043938360181052,0.30386809610763704,0.006857893784795076
N5080HD,0.3668402419256152,0.5750559592207856,0.043377967740131446,0.011551655083947251,0.0031741760295207542
N5082HD,0.6781516770106617,0.2760481354150512,0.03506308875945464,0.01006069290997193,0.0006764059048605195
N5083HD,0.7914903944812649,0.17197052756166217,0.032034771467687316,0.0037914577261479775,0.0007128487632377076
N5085HD,0.6354620238769918,0.27106319232769405,0.0709466174313252,0.021614952023202492,0.000913214340786596
N5051HD,0.366504847849569,0.62229871701021,0.009849375896537765,0.0011338559083715807,0.00021320333531156492
N5039HD,0.07616906564938546,0.34371716161845506,0.41911126170833957,0.13915166967824366,0.021850841345576265
N5088HD,0.9648647563554666,0.030646160484344993,0.0037970270081050667,0.0005577362338013424,0.0001343199182820328
N5091HD,0.14644764971527882,0.8484676415570852,0.0040144358330252965,0.000782898229442762,0.0002873746651679886
N5093HD,0.042838535715695784,0.18332295963689296,0.31488949117146453,0.26027330502217794,0.19867570845376872
N5100HD,0.018223715283894704,0.08784205408185043,0.18553216875579867,0.7011407642521381,0.007261297626318146
N5103HD,0.06638482756326286,0.3535052684915082,0.36363615388660103,0.16797234646164638,0.04850140359698137
N5104HD,0.9875025268390022,0.01055484403877802,0.0015977851027029297,0.0002831461592434796,6.169786027355618e-05
N5105HD,0.8349030539077561,0.1272018057221089,0.016843172959376797,0.020410892297045114,0.0006410751137128762
N5106HD,0.5717087614481868,0.4038579140705774,0.021762759375613408,0.001873291684452892,0.0007972734211695182
N5109HD,0.7871199217596037,0.20477354540921122,0.006787032395561007,0.001016647480353927,0.000302852955270242
N5112HD,0.461923372127422,0.48438887750137777,0.04420398878816517,0.007917697004484891,0.0015660645785500664
N5115HD,0.8859867620326711,0.1038202976324832,0.00854131298265775,0.0013264064289209864,0.00032522092326695267
N5120HD,0.08210286292517321,0.3080470268087391,0.44419406249945514,0.14465642944033355,0.020999618326299062
N5121HD,0.4075627058304972,0.510639188700814,0.06079895303817323,0.018983163307108235,0.0020159891234073396
N5122HD,0.49571460181431765,0.4186542160539378,0.057938668288795514,0.025889659877137143,0.00180285396581177
N8305HB,0.7044074377884614,0.28531918812286994,0.007645652525321388,0.002343537390746086,0.00028418417260128617
N5126HD,0.11354494242051046,0.4611565759158362,0.29734720200931913,0.10867128152624889,0.01927999812808524
N5128HD,0.901840847685517,0.09088541279170007,0.00584494206909867,0.001142285578934887,0.0002865118747492562
N5133HD,0.033231892622563056,0.16002007423707654,0.4759620494403084,0.3187951131618179,0.011990870538234197
N5135HD,0.7756502628584301,0.20972504737871048,0.012333120528022403,0.0017800797838707035,0.0005114894509663674
N5143HD,0.8371940028458214,0.15325497169359178,0.008233847432062682,0.0010178680177068853,0.0002993100108171593
N5144HD,0.30552936584212675,0.5600839829240755,0.08487615421761974,0.046472071892987604,0.0030384251231904886
N5149HD,0.2188457187062218,0.6205194810686845,0.11771955886704778,0.03938628859084187,0.0035289527672039828
N5152HD,0.5701373513997762,0.4067838063600636,0.02004332465567249,0.0024919991682929737,0.000543518416194792
N4394HD,0.29431963653825394,0.5220998762123588,0.13007582592670858,0.05071092470717025,0.002793736615508336
N5029HD,0.27681448160601363,0.552502603716622,0.14168992931289975,0.02106396261936719,0.007929022745097356
N4368HD,0.9513844505494613,0.04254798396584355,0.004665946353245141,0.0012189234908135086,0.0001826956406365546
N5013HD,0.18916568601141803,0.6388589644901795,0.13890277216882696,0.02506584546059505,0.00800673186898046
N5153HD,0.5263117377551738,0.4098481972473413,0.05410301200118424,0.0090823454935515,0.0006547075027491089
N5157HD,0.7857765504987464,0.19951773827380337,0.012699799329897218,0.0015101179579715966,0.0004957939395814497
N5170HD,0.5617233739742568,0.3614641787405696,0.061940451963191166,0.011917459185193203,0.002954536136789309
N5172HD,0.7950448879936177,0.17543261884581066,0.025172475260721083,0.003798673112339834,0.0005513447875106198
N5173HD,0.6810273977993828,0.2686585162765937,0.04139988188863296,0.007803223400336045,0.0011109806350544183
N5147HD,0.4404968398851619,0.50633537429068,0.044021296597611274,0.007011908197818712,0.002134581028728016
N5178HD,0.760444347778304,0.20937818779923972,0.025472538643640165,0.004299749104036091,0.0004051766747799572
N5180HD,0.522316325376022,0.42119517996728734,0.05072867004490465,0.003940733777254496,0.001819090834531482
N5181HD,0.4031816171310233,0.4629883723954173,0.1106669625589734,0.02086898223578862,0.0022940656787972615
N5182HD,0.8980619415222088,0.09257249364087879,0.007985805519076624,0.0012191280288229539,0.00016063128901276207
N5183HD,0.024039371275579473,0.9709426197640005,0.004284846251831054,0.0005797519180171664,0.0001534107905718187
N5185HD,0.39443027925013824,0.44119825342802427,0.10531037376257789,0.05596337564329089,0.003097717915968811
N5187HD,0.15910931292052974,0.4343696514648574,0.3473375601022451,0.0466802473109469,0.012503228201420689
N5188HD,0.22143416732071167,0.4632138956650479,0.16201753879928416,0.1473145293200298,0.006019868894926353
N5190HD,0.045936527838420727,0.1729887084263413,0.26655401335086243,0.5032349615814121,0.011285788802963416
N5192HD,0.4394001345802321,0.5542035788221832,0.005115934284725069,0.001061834560778021,0.00021851775208161988
N5193HD,0.5314232809191949,0.439419252935373,0.025830759637938877,0.0027271178901525106,0.0005995886173407703
N5197HD,0.9090852474756135,0.0859141592052597,0.004131590685341367,0.0006575492046973238,0.0002114534290879767
N5198HD,0.19217180352592336,0.5495487360714815,0.16853463811408861,0.08644525407154921,0.003299568216957386
N5199HD,0.6411380349216462,0.2934848569694769,0.0558832235803778,0.008881800912423035,0.0006120836160759365
N5200HD,0.75053337712766,0.22307416934633298,0.02255862961227392,0.003076289606226339,0.0007575343075068525
N5203HD,0.04487595908209966,0.16649790761662447,0.2909043328289509,0.3791795296353104,0.11854227083701457
N5209HD,0.08787628294579058,0.2349698995417927,0.26378262479917824,0.40046438419438596,0.012906808518852512
N5212HD,0.797205204249775,0.19138694853414967,0.009617432735372503,0.0014072392891068483,0.0003831751915958396
N5215HD,0.43694441818183294,0.5114273891619787,0.04307033683365388,0.00732944113254194,0.0012284146899923802
N3574HD,0.8253446364751506,0.1630475834024735,0.008186394002056613,0.0025594749985041144,0.0008619111218151883
N4760HD,0.06036274863830721,0.4722302226858957,0.3038451960986539,0.13550113850055345,0.02806069407658984
N5225HD,0.7708276550614575,0.21895814129933394,0.008187986956085361,0.0016704587743088762,0.00035575790881432924
N5226HD,0.6492877197922554,0.29922119180521967,0.04583058980969084,0.005148752446239284,0.0005117461465946381
N5227HD,0.6852527434178105,0.2915662899317006,0.018978372148872682,0.0036751020965672876,0.0005274924050490002
N5233HD,0.03185056719681228,0.10871139294059905,0.2882913590359009,0.5429634069897268,0.028183273836960898
N5238HD,0.8834504192970956,0.09785141152426521,0.013282774765346684,0.0049894077053417646,0.0004259867079508287
N5241HD,0.7193923956069914,0.2606860656020297,0.016373932390809812,0.002927688547050657,0.0006199178531182631
N5243HD,0.026117172982097415,0.3376548606946038,0.19003764282089478,0.4323979582825871,0.013792365219816905
N5246HD,0.8021005724829231,0.17734397707221033,0.017050277172630836,0.0028818643625585076,0.0006233089096773518
N5247HD,0.014267385012284405,0.028106955526056195,0.30267173029820493,0.6470421875242197,0.007911741639234708
N5248HD,0.7162780951654777,0.26414131503600113,0.017159456311428383,0.0020801671903687494,0.0003409662967241475
N5253HD,0.6970961267675815,0.23867320402337705,0.04471765294130112,0.016898719922384432,0.0026142963453558484
N5257HD,0.058026688043329555,0.17374085338454323,0.2840841984583162,0.3999905573038662,0.08415770280994488
N5259HD,0.07856380178481974,0.28520311750018124,0.2640550712554369,0.18785092574985124,0.1843270837097109
N5262HD,0.19317081880298495,0.33221198204178537,0.46816052474462594,0.0058994399295836135,0.0005572344810201052
N5266HD,0.8261992937958589,0.14844080994177547,0.021285827199556073,0.003354842218787198,0.0007192268440223874
N5270HD,0.6684647996028594,0.30572425842377704,0.023120540662435542,0.002042055899528529,0.0006483454113994938
N5271HD,0.6303802511636956,0.33796336585724396,0.02711131101268362,0.0037765488220724854,0.0007685231443043671
N5273HD,0.6161382925225326,0.34790711153072235,0.03063665056524011,0.004244095189203395,0.0010738501923016285
N5274HD,0.8670415252163927,0.12211028958145134,0.008318193719842137,0.002142313080157047,0.0003876784021568159
N5211HD,0.5456910994535473,0.38991831290858686,0.04015924643121449,0.02287269583630743,0.0013586453703439123
N4843HD,0.8104904138245045,0.14846104661321097,0.021227296420344228,0.014794126061141449,0.0050271170807989485
N5287HD,0.5822253402982108,0.3910947796470899,0.021702408589781737,0.003809054243168687,0.0011684172217489503
N5286HD,0.07915831384215578,0.3639155116146323,0.4493025407901575,0.08753976298375675,0.020083870769297685
N5292HD,0.05590279637131826,0.1846702836968232,0.31284780493187797,0.36349107655931046,0.08308803844067023
N5294HD,0.8827875105219326,0.10557912469173962,0.010075228241614614,0.001240442264173683,0.00031769428053940316
N5296HD,0.22782549906027172,0.5543536900559266,0.17730234526546154,0.03618189153932913,0.004336574079011091
N5298HD,0.7190921043802582,0.24640996498541498,0.027553303734151796,0.005713422769856564,0.0012312041303183965
N5303HD,0.7664743781555815,0.20012259391074064,0.030799938882275755,0.002216524079312713,0.0003865649720894112
N5305HD,0.43475457269817647,0.4765237080069923,0.047221458813473394,0.04002855669363458,0.0014717037877232514
N5306HD,0.8098068050699635,0.17783592841727847,0.009893581118660193,0.002134105852141359,0.00032957954195663976
N5307HD,0.09362310257764894,0.4470466011551943,0.24655804789304692,0.19869007145310266,0.014082176921007267
N5311HD,0.7243257915164492,0.24437361029731752,0.023919639327899263,0.006223348863914531,0.0011576099944194838
N5314HD,0.7735191581435368,0.20730241790986714,0.013167325599803135,0.004573872589084677,0.001437225757708263
N5073HD,0.1355879912957727,0.43828649614475274,0.291194549733284,0.11899973771611336,0.015931225110077194
N5277HD,0.06930621689738399,0.2997214111465147,0.3175787614701691,0.2985890839332293,0.014804526552702719
N4885HD,0.9799094894591669,0.017354273131033184,0.0021308839450375917,0.000514659990105143,9.069347465732668e-05
N5318HD,0.07728122837260457,0.4086479626945408,0.43949839602685725,0.06796569811836194,0.006606714787635529
N5321HD,0.7981530554370535,0.1890108982647803,0.010135929550020436,0.002344930740268937,0.00035518600787685874
N5323HD,0.9295797698291909,0.06625722813695055,0.0032424351842190737,0.0007114132232905789,0.00020915362634879827
N5324HD,0.4998339414950865,0.455188288054194,0.03631581352509894,0.007762675342362223,0.000899281583258366
N5326HD,0.7368542423594151,0.2401105325042732,0.016694132437602892,0.005701938491007092,0.0006391542077016272
N5327HD,0.6952859207222485,0.27727789820235227,0.022340837257212375,0.0036941253670443705,0.001401218451142435
N5329HD,0.2446132751585521,0.6311297543916838,0.11336032297958418,0.009277517927789948,0.0016191295423898997
N5331HD,0.8757703821584241,0.10567520654190675,0.015525884628949903,0.0021226078466901775,0.0009059188240292114
N5332HD,0.7860392400360106,0.19743531358973332,0.013106852774213328,0.0027932222343085363,0.0006253713657341859
N5333HD,0.805389671395182,0.18286082250780572,0.009514297902081022,0.0019146027723088443,0.00032060542262240936
N5334HD,0.023132949079614745,0.9720635852760637,0.0041243470897948595,0.0005379090174397128,0.0001412095370867115
N5338HD,0.07741869747363145,0.33413147430469403,0.28503720034136554,0.2110146267855647,0.09239800109474423
N5339HD,0.022599450541403384,0.07630901120711803,0.7718613071382759,0.12417634292043503,0.005053888192767667
N3820HD,0.03728422611246154,0.08301022386565043,0.21855641225676076,0.37504363153852244,0.28610550622660497
N5342HD,0.7859870986290535,0.19941649095307293,0.012062164737326663,0.0021360761397686964,0.00039816954077836634
N5345HD,0.7400082893976871,0.23498634848301825,0.01671650432915774,0.00782555020053129,0.00046330758960553723
N5346HD,0.713305364514277,0.2758726954467705,0.008429226096962728,0.0018456062803450727,0.0005471076616445899
N5348HD,0.06370838153603588,0.34683153798275773,0.1661026883949731,0.24807498842761716,0.17528240365861608
N5351HD,0.7524269157919738,0.22568172265323433,0.01882203529647586,0.002618651347592841,0.00045067491072318125
N5354HD,0.007234439499375728,0.021990990007739387,0.36637826554439606,0.6012542159686416,0.0031420889798471924
N5355HD,0.35125372956970896,0.620100659311726,0.02332856398591588,0.003479985300751811,0.001837061831897404
N5362HD,0.8836470016662772,0.10893915116660517,0.006106233347778033,0.001030855280012599,0.00027675853932711985
N5364HD,0.8162131653100695,0.16799836771821178,0.011124290085814741,0.004172946471548432,0.0004912304143556011
N1264HD,0.010175968381645941,0.9280661484949176,0.05931133452674442,0.002019055118565497,0.0004274934781263664
N4985HD,0.16783516325410267,0.6983659515387152,0.10163642986621356,0.02409621185385085,0.008066243487117658
N5368HD,0.05626149206007104,0.15089189237322406,0.22700735985056913,0.2444207021534025,0.3214185535627333
N5371HD,0.7208536411661908,0.2683512581874699,0.008783933862403935,0.0016006037672517592,0.00041056301668374116
N5372HD,0.6338163659029863,0.3509344335507253,0.013360954680204996,0.001482998319849232,0.0004052475462342816
N5373HD,0.45268869362821157,0.538049915548877,0.005799165182327936,0.0028116052607957786,0.0006506203797877241
N5374HD,0.821256078101482,0.16904028160498247,0.007355891103602936,0.002004237613602703,0.00034351157633007466
N5377HD,0.824609042214438,0.16551572201518733,0.008146887672659205,0.0012870900225505511,0.0004412580751647903
N5379HD,0.7758611915565758,0.20536911703210123,0.015392489541726019,0.0029225272036682336,0.00045467466592865685
N5381HD,0.1915625420392357,0.401242376549329,0.11904095572258788,0.27717216110458326,0.010981964584264278
N5383HD,0.3628411156232637,0.4081396395316233,0.13834804013150215,0.08519199590083386,0.005479208812776915
N5385HD,0.8006531001542024,0.19095771836494024,0.0070027408902369505,0.001091049452342723,0.000295391138277453
N5387HD,0.03519215888620978,0.2600507214308458,0.3558310726518227,0.22667809815416334,0.12224794887695842
N5388HD,0.07382560188761031,0.3665525375283743,0.253074416542962,0.2964193897351684,0.010128054305885039
N5389HD,0.01579035852519647,0.28134054889914056,0.6674254130261916,0.034720859861223696,0.0007228196882475392
N5391HD,0.6950157346876008,0.2806398415593944,0.01662524798633715,0.0065577634988191425,0.0011614122678485234
N5393HD,0.6027862861246718,0.38198792152963024,0.01258223960335087,0.0020714816843669043,0.0005720710579801873
N5395HD,0.7056900027469988,0.26466817425776984,0.02263552965558014,0.006316289167987031,0.0006900041716641791
N5397HD,0.8381802641336302,0.1452735526894271,0.012701397311510498,0.003249533223324577,0.0005952526421075273
N5398HD,0.865319430108198,0.1251213666442974,0.007485261927357825,0.0016150121315199545,0.00045892918862682896
N5386HD,0.09200075327702067,0.35909279915486403,0.5461280311335412,0.0016973822803177429,0.0010810341542563564
N2483HD,0.6950065356850476,0.2666388001056273,0.027495384629729985,0.009877687829365414,0.0009815917502295549
N5402HD,0.683538003220717,0.2891451818931936,0.025263066518726337,0.0017316246090712459,0.000322123758291742
N5404HD,0.7304341834284342,0.202229782632911,0.056608094169233285,0.009476432020639804,0.0012515077487816099
N5405HD,0.891627877922275,0.10078334654492088,0.005824877924424729,0.0015059869514119145,0.0002579106569673816
N5407HD,0.5478876235725689,0.378058853703987,0.05270816645990141,0.019470042208386214,0.0018753140551563503
N5414HD,0.4115345845754229,0.5833024333617818,0.003996351892060929,0.0009645078468972739,0.00020212232383719328
N5415HD,0.8027600140639276,0.1888240164082219,0.005724678223615446,0.0022437942144672945,0.00044749708976764345
N5416HD,0.6712001313824892,0.31210186053691574,0.0133881205237361,0.0023568477878833146,0.0009530397689755312
N5421HD,0.7518141091470851,0.22036990280003466,0.022939382785853654,0.0034278785534887645,0.001448726713537958
N5430HD,0.8387368758088282,0.14780763449115333,0.011158955328891064,0.0018979916705791871,0.000398542700548322
N5431HD,0.0765059549527987,0.2464071169594159,0.6334445544930862,0.04319063657702109,0.00045173701767801445
N5432HD,0.6246564138988295,0.35617493221169044,0.01697065356040874,0.0017912717716766057,0.0004067285573947189
N5437HD,0.6399252559707262,0.34042015811149917,0.017137581113480196,0.0018515766283325958,0.0006654281759618975
N4225HD,0.26775210022576174,0.547436849822315,0.16310034699523365,0.01858243064739049,0.0031282723092992547
N5123HD,0.34288381482749825,0.5253873057617409,0.11198137026859935,0.016040885632274328,0.00370662350988718
N9187HC,0.06092191184633812,0.18559473332073434,0.5096349872772519,0.23384787068379462,0.010000496871881122
