ncode,proba_0,proba_1,proba_2,proba_3,proba_4
N4541HD,0.19877625755285788,0.6793661404428089,0.11891957720408625,0.0028022701879232806,0.0001357546123237235
N4397HD,0.0274550975199336,0.19040035592002147,0.47460868665278594,0.2741778603624317,0.03335799954482726
N4544HD,0.8941336942120055,0.09776781393220649,0.0070253007912200564,0.0010427732363960072,3.0417828171903858e-05
N4545HD,0.06084722994531791,0.486723767036893,0.2901184770580518,0.13215983436314893,0.030150691596588366
N4546HD,0.7244647820624107,0.2485873156720738,0.0260432436204364,0.0007986587562281397,0.0001059998888508907
N4550HD,0.7875549191669362,0.20466938798423734,0.0071057233989483244,0.0006255192559535878,4.445019392466039e-05
N4551HD,0.7716018454569405,0.2206635351421193,0.007156233849554722,0.0005335934871755281,4.4792064209748074e-05
N4554HD,0.02245384084763192,0.04788290115370992,0.9267916228773505,0.0026492672789087865,0.00022236784239870288
N4555HD,0.6269870367491043,0.23990421002562018,0.1306935648599817,0.002363957585110271,5.123078018344194e-05
N4556HD,0.5450596896381473,0.36386038664667064,0.07265531870236118,0.01815278207890077,0.0002718229339201659
N4563HD,0.3645736323239014,0.5587359415147831,0.0740253807083605,0.0024730741103454754,0.0001919713426094767
N4567HD,0.8872343724741365,0.0999925978004626,0.011359229687796393,0.0013399444350984681,7.385560250592943e-05
N4561HD,0.7884882966867296,0.20308905960449494,0.005725111900348182,0.0026514421811887597,4.6089627238460666e-05
N4571HD,0.31937636704802774,0.4976095651694078,0.17359857872041584,0.009087355239898497,0.00032813382225020557
N4574HD,0.9872196318058096,0.01154818423866909,0.0011191104459992015,0.0001050013102703529,8.072199251648502e-06
N4575HD,0.7431741128529901,0.2386282050283484,0.01715835919212562,0.0009526279340297578,8.669499250632717e-05
N4579HD,0.24009503804405732,0.49273950364080094,0.20039319502337485,0.06381175162897028,0.002960511662796457
N4581HD,0.5819288865118939,0.39557258605615475,0.021681435622002636,0.0007243821053606184,9.270970458815323e-05
N4584HD,0.5941134129912178,0.3914348180910202,0.01399081804371396,0.0004146456865789263,4.630518746915717e-05
N4578HD,0.8874219052461647,0.10546385869345917,0.006624514199665371,0.00045295509196756546,3.676676874323449e-05
N4590HD,0.32807631659515024,0.6572780076988055,0.013843238666684358,0.0007438832496372891,5.855378972255275e-05
N4593HD,0.025760326215170323,0.20589775148145925,0.25377470879603253,0.5135827452283174,0.000984468279020617
N4151HD,0.07021851869280553,0.4622731311287798,0.27869002730548265,0.18499495270254943,0.0038233701703824863
N4594HD,0.8108419888212376,0.18487468879699773,0.0037348932967843753,0.00048639598712837197,6.203309785193144e-05
N4600HD,0.8252856272879091,0.14719765630045833,0.027068697653999847,0.00040633793662309337,4.168082100952565e-05
N4605HD,0.28025116977607417,0.1262823155669703,0.5799586229023005,0.013417612756921056,9.027899773393238e-05
N4612HD,0.5820014751314627,0.38598424481064364,0.023152991881883557,0.008564594572857099,0.0002966936031531405
N1701HC,0.2005648655954935,0.603433335256809,0.11306892815378836,0.05876605241738055,0.024166818576528668
N3705HD,0.010070290938134522,0.21430887785530525,0.2851451040064234,0.26383097880402107,0.22664474839611587
N4589HD,0.6145888036607259,0.3653810141002815,0.0181763449826735,0.0017435696154567478,0.00011026764086236542
N4339HD,0.9049910030238225,0.08987608538309093,0.004465612511998512,0.0006078623870771603,5.943669401083495e-05
N4615HD,0.06879068934790754,0.21739664188050625,0.2119542624346107,0.41086198128044843,0.09099642505652708
N4618HD,0.805393877765539,0.18353969609455786,0.00943641239508458,0.0015615765703678305,6.843717445082867e-05
N4624HD,0.3384596812750013,0.6566192832876677,0.004358709009249338,0.0005119575096451018,5.036891843655283e-05
N4626HD,0.6955184252051376,0.27807882585704125,0.02159435121492917,0.004645054051445133,0.0001633436714468541
N4628HD,0.21457401151372948,0.6886643563968072,0.08521556182052395,0.009907233336668342,0.0016388369322710697
N4638HD,0.06815748832557358,0.2575225804594671,0.22593138409877875,0.41784432416267353,0.03054422295350704
N4639HD,0.5073681500468511,0.41179916700915314,0.06785348480596615,0.01242670438338755,0.0005524937546419257
N4642HD,0.9188039957911043,0.07830611079946179,0.0022479695828759765,0.0006191011358847439,2.282269067337806e-05
N4646HD,0.9823995954507047,0.016505457691003124,0.0009337809949945912,0.00015105143299455978,1.011443030328798e-05
N4631HD,0.8183055222745695,0.17306589057765812,0.007975839685372382,0.0005972759406809787,5.5471521718985645e-05
N4656HD,0.027070283083688973,0.15968302213264501,0.47961395155474956,0.3257558557302931,0.007876887498623392
N4658HD,0.799757742063891,0.19136864868187314,0.007623926901176367,0.0011689313263458254,8.075102671375764e-05
N4661HD,0.7966146625357478,0.17357810355151215,0.025261236276962622,0.004478760908398865,6.723672737862132e-05
N4665HD,0.8135405092813417,0.18101833670030879,0.004652313795402706,0.0007211993864237512,6.764083652318126e-05
N4667HD,0.8362595275222824,0.1549101155550285,0.008183906550868798,0.0006069484923106378,3.950187950979436e-05
N4669HD,0.7413822255555532,0.24664678436236376,0.010287696988123866,0.0015312303046934234,0.00015206278926568347
N4673HD,0.17023650172687324,0.6394230757775485,0.17559223481425085,0.013218184057403095,0.0015300036239243892
N0760HD,0.25896457344350027,0.6111065531135909,0.12050664803580206,0.008958280196330841,0.0004639452107759593
N4672HD,0.7567462780269212,0.22088632291116378,0.01837962949699845,0.003785181729182907,0.00020258783573359537
N2593HD,0.8691117077519301,0.12578885127265033,0.004184745077655985,0.000879109210906174,3.55866868577232e-05
N4677HD,0.2729230160398688,0.6539253890905569,0.06651751652103668,0.0062454503313434115,0.0003886280171942937
N4680HD,0.326110942109101,0.5865763754653566,0.07835208045167297,0.00788217176066243,0.0010784302132068955
N4688HD,0.04466952157954322,0.2697683676319355,0.49602802101741905,0.17023051628746405,0.019303573483638283
N4689HD,0.8357652555357231,0.15923888402523068,0.004395337850933602,0.0005540400121958111,4.6482575916738574e-05
N4691HD,0.1683978526646949,0.4427304206234623,0.32569585983283644,0.05574538178413363,0.007430485094872831
N4692HD,0.6686825665537506,0.27937197970237837,0.03500982817459144,0.015957055650352808,0.0009785699189268223
N4694HD,0.02775542493762453,0.1399586433997872,0.7846015182665315,0.04477999876296488,0.0029044146330918855
N4695HD,0.41905547712830854,0.37434488928844234,0.20054923881599504,0.005704101009770246,0.00034629375748385154
N4699HD,0.3935606334985505,0.537399906275868,0.052244977640191405,0.016505323862288594,0.0002891587231015753
N4703HD,0.3139913633492815,0.3668494662690285,0.13844009835905358,0.17448349185419687,0.006235580168439504
N4704HD,0.012371093386516513,0.044885242305690826,0.5881940047635315,0.3338057895497897,0.02074386999447166
N4708HD,0.8832734964183334,0.11400919977572345,0.002088796386649667,0.0006085131814860971,1.9994237807439226e-05
N4714HD,0.7822012866184523,0.1591097038310032,0.041679442850005216,0.016495700207897857,0.0005138664926413127
N4721HD,0.298894170609783,0.5509385312853903,0.13420640233633005,0.014567971209588144,0.001392924558908533
N4722HD,0.8554432517254961,0.1372047209151271,0.006896511186179925,0.00042926402851117774,2.625214468574677e-05
N4724HD,0.40797239579774763,0.5253863232719841,0.0657877739874825,0.000801836989080693,5.166995370500356e-05
N4726HD,0.055737208061144516,0.9243889827907813,0.01898010553488482,0.0008593483866166924,3.4355226572552006e-05
N4735HD,0.7007847864442673,0.2865880650836857,0.011935057597859604,0.0005761656943137002,0.00011592517987368855
N4063HD,0.7795536834430302,0.18524091838419432,0.029494064281821372,0.0054312949124511265,0.00028003897850305357
N4712HD,0.8104840229413971,0.18191317769723517,0.0062746155282798095,0.0012574213958864327,7.076243720131627e-05
N4738HD,0.26801792581438616,0.6192979876725864,0.09017488890557264,0.02186399160246716,0.0006452060049875222
N4740HD,0.11367994687292061,0.2629250722941522,0.37564986217615143,0.24562728222686853,0.0021178364299071707
N4742HD,0.04456986611395151,0.13107933955017423,0.3899932548621928,0.38130170058794416,0.05305583888573745
N4745HD,0.7903678989781895,0.20001267677086404,0.008051438808455227,0.0014503652177642185,0.0001176202247270154
N4747HD,0.8680314208129074,0.11137574957753403,0.01768062568234579,0.0028608141248600704,5.1389802352736624e-05
N4750HD,0.8234857770729521,0.16308464353560612,0.012191367845176564,0.0011732969103320575,6.491463593302257e-05
N4752HD,0.03357638350643885,0.35873864144346257,0.2914793151286151,0.2684070882749483,0.04779857164653536
N4754HD,0.8164770794142437,0.18060653510606955,0.0026607432159412685,0.00022556569832737572,3.0076565418201037e-05
N4755HD,0.1953709313912864,0.6891969481096036,0.0949527371811241,0.017576323443689347,0.0029030598742963614
N4756HD,0.517275020749616,0.4280945110961124,0.050604755823832163,0.003614440818810667,0.0004112715116288817
N4757HD,0.9046511377560287,0.0925677654336005,0.002519071483444122,0.00024216238915967001,1.986293776699088e-05
N4759HD,0.29353772033300607,0.674063714258916,0.029000430289019254,0.0031205102310046242,0.00027762488805402243
N4762HD,0.5951374872369022,0.3721301917338891,0.02934932342452361,0.003279143531178773,0.00010385407350630547
N4763HD,0.7084835295171275,0.231753850063814,0.043499197342950824,0.015172417368238357,0.0010910057078695658
N4767HD,0.8944702383768612,0.09743002313511184,0.007162608892673732,0.0008910519059566436,4.607768939670171e-05
N4769HD,0.09878030394318635,0.1283000252595867,0.7594151542836246,0.013330832391903701,0.00017368412169853923
N4770HD,0.7563084965930965,0.230951489420572,0.01098911511260149,0.0016415958061730127,0.00010930306755704045
N4676HD,0.5384090257088305,0.42317734108679833,0.03163667398450593,0.006312801995361751,0.0004641572245034233
N4614HD,0.6358169369137789,0.30990482744336906,0.04770688761282261,0.006232381533005189,0.00033896649702423644
N4774HD,0.2786687929285672,0.5766907547802711,0.1322249951487671,0.011359247398187495,0.0010562097442069823
N4778HD,0.05854260622671936,0.3927819995183061,0.312932813580019,0.22479038364112908,0.010952197033826404
N4780HD,0.008533883886018877,0.07617063311385745,0.2701956896295719,0.20627741361556012,0.4388223797549915
N4783HD,0.6005614767032339,0.3822006427499298,0.016002501348686533,0.0009769632487066982,0.00025841594944317096
N4789HD,0.8658015503742739,0.11458310604832841,0.01496114053300801,0.004581299566168454,7.290347822116303e-05
N4792HD,0.42150124178094167,0.5722170196909914,0.005649599148845054,0.0005952584702122621,3.688090900962804e-05
N4793HD,0.01216187433704738,0.8665393635459894,0.11700827926743763,0.003534385225195981,0.0007560976243295919
N4794HD,0.011563772928227013,0.07932090901026861,0.05213728793597287,0.8541320858052249,0.002845944320306658
N4799HD,0.5665046839667589,0.4223487180083892,0.010320516933412797,0.0007440919489191795,8.19891425198026e-05
N4800HD,0.986534602368474,0.011803168582259865,0.001549075023940937,9.307535475645395e-05,2.007867056874476e-05
N4808HD,0.08330492774444194,0.9121368366199089,0.0036994878096592394,0.0007947795406622096,6.396828532777692e-05
N4809HD,0.7223490756904108,0.22348452784230255,0.04301494438599408,0.01074838189147843,0.00040307018981426
N4634HD,0.7972881724589805,0.1715725405945502,0.027465300346656004,0.003515045263780654,0.00015894133603261868
N4784HD,0.8126556869603141,0.17899694052915108,0.007221023251512296,0.0009795076948898853,0.00014684156413271248
N4815HD,0.8476737595276151,0.1470808225359577,0.004394331985201899,0.0007871141785793349,6.397177264596299e-05
N4816HD,0.640936403471781,0.33007834278790227,0.02676106979646161,0.0020656796182490856,0.0001585043256061241
N4817HD,0.3340944007995029,0.6250293250620159,0.03736225781139257,0.003387462504316226,0.00012655382277244816
N4818HD,0.7844807497455359,0.20372736130472413,0.007848561264683836,0.0038576312910057874,8.569639405040583e-05
N4821HD,0.01674323594784958,0.9786881432709518,0.003943977549754858,0.0005394696635037896,8.51735679398743e-05
N4830HD,0.8846503395874785,0.11087913527918321,0.00392417273081327,0.0004715509870812522,7.48014154439367e-05
N4748HD,0.8000774017992376,0.18752640558709283,0.010060832796267292,0.002228292236882953,0.00010706758051942231
N4684HD,0.7977799398947363,0.19611338870737938,0.005348061711312684,0.00069214399314134,6.646569343024405e-05
N0389HD,0.006568637724993871,0.9666693511886018,0.026336941988659546,0.0004022121124046684,2.2856985340066548e-05
N4796HD,0.7003732382561104,0.2433753558446557,0.04976785972537201,0.006340404693650312,0.00014314148021135666
N4834HD,0.00861532279250204,0.018480495039278892,0.46213846310941653,0.510482895088832,0.00028282396997045435
N4835HD,0.12975888087994217,0.8645017596132867,0.005220620879198019,0.0004867254568895098,3.2013170683713575e-05
N4837HD,0.5917208472207567,0.40285921582843986,0.005017270496875566,0.0003267838353092824,7.588261861855622e-05
N4838HD,0.10546818203772326,0.8884905718432285,0.005229850715761999,0.0006798423988664799,0.0001315530044198965
N4839HD,0.0091199930416195,0.3575764681268356,0.6195176043739722,0.01370415618027798,8.177827729471977e-05
N4842HD,0.8078713574943246,0.18256608894355822,0.008917175590931036,0.0005454945569418422,9.988341424435821e-05
N4844HD,0.9442961451055246,0.053278603369693436,0.002200319611844578,0.0001862237070010311,3.870820593640136e-05
N4846HD,0.13790610355259775,0.4918202245322484,0.24496493411165365,0.12373684868598737,0.0015718891175127917
N4847HD,0.6256429333796867,0.3591991653544199,0.014008033693309756,0.0010501310121520048,9.97365604315763e-05
N4849HD,0.17079322463965824,0.6980132527173866,0.1146277118706455,0.012750257571988733,0.003815553200320873
N4852HD,0.0651446382966328,0.35283016168410264,0.5787551632751439,0.0031904263033859584,7.961044073470026e-05
N4853HD,0.678430035498802,0.2991715279243035,0.021072015126540476,0.0012545558844166034,7.186556593729948e-05
N4856HD,0.8003078216601306,0.1891942274315569,0.00975521544326284,0.0005931806775099881,0.000149554787539739
N4858HD,0.7750137149318065,0.21221603058698077,0.011820615540073333,0.0008829536470818465,6.66852940578061e-05
N4860HD,0.4161570534564101,0.5481427088186185,0.031148910036918408,0.004082628512452578,0.0004686991756003518
N4861HD,0.8609545228218112,0.13471605411793366,0.003885746726608114,0.00040977238775638406,3.3903945890610315e-05
N4863HD,0.2888743096235452,0.7067867968124478,0.0035066280047261946,0.0007205282587898516,0.00011173730049088295
N4864HD,0.6382391650482852,0.3429010472721137,0.017519187122088813,0.0012831613728432288,5.743918466924592e-05
N4866HD,0.8347145912580649,0.15068435906027136,0.007182004439259216,0.007372089368037628,4.6955874367006004e-05
N4012HD,0.6122364763392187,0.36765971988938384,0.018799469803847346,0.0012179417257009149,8.639224184925343e-05
N4825HD,0.3869843257755882,0.5015212498831388,0.09433186434654903,0.01321516121618317,0.003947398778540886
N4875HD,0.08745554086659779,0.5435253153713501,0.2356844050032021,0.13037325348833123,0.0029614852705186876
N4878HD,0.05893116670978843,0.16621511518529483,0.29406357691354457,0.2641470395024766,0.21664310168889564
N4883HD,0.009055762170963448,0.2030124801364038,0.7689935258855226,0.01882479779484057,0.0001134340122696948
N4884HD,0.7721500824059464,0.21755438826094017,0.009409888821473254,0.0008224082478058148,6.323226383433225e-05
N4887HD,0.15597128066180954,0.8323457637612146,0.011032647004960263,0.0006037582283613416,4.6550343654273115e-05
N4891HD,0.540498593482078,0.4100909230633923,0.0461159587014411,0.0030552293670695232,0.00023929538601905862
N4892HD,0.19777619820188025,0.790053625739371,0.01150942403601028,0.000537796575808458,0.00012295544693008534
N4895HD,0.8776986065544939,0.11738911738474994,0.004264262207993186,0.0006243977087137179,2.3616144049144194e-05
N4899HD,0.6592425306806988,0.33677968365906275,0.0035622523713372623,0.0003771686311261284,3.8364657775131943e-05
N4898HD,0.397482210471885,0.5691861994142179,0.03155521716926385,0.001634298240711518,0.00014207470392180033
N4902HD,0.5153874407343424,0.42555255179426443,0.04815951722170717,0.010667553066456576,0.0002329371832294077
N4904HD,0.23686088350529608,0.6282034946843804,0.10514577714809416,0.028160563125374308,0.0016292815368551049
N4906HD,0.8871126684237709,0.10119781371133242,0.010077354841661177,0.0015745604448797327,3.760257835588294e-05
N4909HD,0.6285769037684602,0.3430920835879759,0.02477237695871934,0.0034509344722197287,0.00010770121262469925
N4912HD,0.5779538526865429,0.39733039272490195,0.023232967029388995,0.0013508201241080433,0.00013196743505813747
N4913HD,0.674212324179356,0.3174672871588238,0.007371326854261245,0.0008987544246706268,5.030738288854698e-05
N4914HD,0.03639400705452775,0.34113028928220374,0.6200834148592139,0.0023306113424674865,6.167746158700031e-05
N4908HD,0.7893615577170708,0.20709841622029515,0.00319142159969721,0.0003221267298130306,2.647773312363604e-05
N4937HD,0.7748076149394109,0.22077448270538438,0.004042203917070753,0.0003348450511257722,4.085338700828893e-05
N4938HD,0.8655627733089005,0.12772052234213124,0.006088906141117446,0.0005957293255930424,3.206888225774581e-05
N4949HD,0.9398142263168909,0.055521180254253434,0.003681814278391923,0.0009322401951174318,5.053895534618219e-05
N4952HD,0.8151367894313274,0.17681075583818232,0.007391853631656206,0.0006155547472499954,4.5046351584165083e-05
N4954HD,0.6144914455984147,0.37478616042458784,0.009764324364474166,0.0008949250280707213,6.314458445245276e-05
N7917HB,0.8923880015344381,0.1042341633916122,0.0028957093399674793,0.000448299250435877,3.382648354651692e-05
N4951HD,0.7664391674040408,0.22443763293604493,0.008030808375024729,0.0010278265918952244,6.456469299420083e-05
N0385HC,0.13121775374337002,0.4428338897308807,0.37746826219761365,0.047482034081392864,0.0009980602467426353
N3920HD,0.506385037923811,0.41860939640094036,0.06787171414463569,0.007002902236979263,0.00013094929363382312
N9498GW,0.5994819711968518,0.3755825917604025,0.023363285497766555,0.0014654787146645815,0.0001066728303146385
N4961HD,0.8439889764973555,0.1539245278119275,0.0018246641049037623,0.00023397530986293794,2.785627595029287e-05
N4965HD,0.5670193469756417,0.34938877042291844,0.0784276959295902,0.004958758828483599,0.00020542784336598336
N4967HD,0.6353415422700915,0.33217777255277225,0.02834172099095297,0.0040508774383508596,8.808674783228992e-05
N4968HD,0.24799890281937143,0.6254728768559609,0.07991739209142383,0.04235418436324621,0.004256643869997719
N4973HD,0.7538020463951265,0.23193405406695505,0.012419302195901967,0.0017782383010491983,6.635904096712651e-05
N4976HD,0.006044168745175783,0.35548703638155177,0.6210191050477731,0.017354638101490787,9.505172400846929e-05
N4977HD,0.8670494697864152,0.12967289508303168,0.002877920767836673,0.0003660375103685248,3.3676852348066e-05
N4978HD,0.7072600748985105,0.2790033800803645,0.011469772176932264,0.0022174852985446876,4.9287545647941724e-05
N4982HD,0.24738559909779947,0.6363172052985414,0.1016929504157799,0.013514218121188621,0.0010900270666906727
N4983HD,0.32155511520670066,0.605642324817714,0.057335698548302394,0.015199535273182987,0.00026732615409996886
N4984HD,0.8522140560898918,0.13938331020800399,0.00799580180039901,0.00038641420443111545,2.0417697273964632e-05
N4992HD,0.014564892308982268,0.2626281675309931,0.03829872108139445,0.6792456913193871,0.005262527759243233
N5000HD,0.4392426299576256,0.505572487563037,0.051796219085010864,0.0031339026643061314,0.000254760730020543
N5006HD,0.5155955873637289,0.43681861600791955,0.042919278784396726,0.0041457149361717295,0.0005208029077829839
N5007HD,0.7448042375989706,0.21734340038124947,0.03196583400823827,0.00572023859174756,0.00016628941979416725
N5008HD,0.7086415384936813,0.27457748032521384,0.014857001309466523,0.0016702031813548121,0.00025377669028354093
N5011HD,0.4906108099907566,0.4868737579805726,0.020994540214210756,0.001416495211117072,0.00010439660334295557
N5020HD,0.5711931542919955,0.39726558631026604,0.019459031731745863,0.011468661877151478,0.000613565788841076
N5024HD,0.8063240759376525,0.18101093106694427,0.011103525993937338,0.0014828774062108315,7.858959525485854e-05
N4826HD,0.9012038196652484,0.09658692711336522,0.0016361997630032475,0.000533495111988445,3.955834639478924e-05
N5032HD,0.8662179667120066,0.12656440030766944,0.005919310865835235,0.0012649285361788394,3.3393578309677785e-05
N5041HD,0.8530217250099347,0.13697937819040884,0.009018609218036875,0.0009179381682966008,6.234941332295444e-05
N5043HD,0.9533379705728013,0.043823667698465935,0.0021208963340033065,0.000658659639453384,5.8805755276198026e-05
N5044HD,0.11435218307176759,0.502288800559061,0.3644968638692142,0.017703009890579442,0.0011591426093776496
N5045HD,0.7926405218301865,0.20259058330891713,0.004174872031378474,0.0005369135805586895,5.710924895890587e-05
N5004HD,0.8793682974866828,0.10654633661680735,0.012331776661954478,0.0016928624395378988,6.0726795017499954e-05
N5055HD,0.4243588005285309,0.5547148491056729,0.01778968435333944,0.0030059916024112623,0.00013067441004538543
N5056HD,0.09178563969945991,0.5701797214310013,0.31500249625105725,0.020507098204906475,0.002525044413575234
N5057HD,0.8366840715307066,0.15296251426775226,0.009453106795424857,0.0008686019212283794,3.1705484887967494e-05
N5059HD,0.5280452399662798,0.42024324044943656,0.04537503236358755,0.006079115220707105,0.0002573719999888358
N5061HD,0.47173962643503037,0.4667018131667909,0.056952706460281305,0.004189908982803937,0.00041594495509360003
N5018HD,0.8970620900370321,0.09939598473796472,0.0029961247160245814,0.0004979348391332716,4.786566984517341e-05
N4896HD,0.5569172526646077,0.3448617906260211,0.08943047284157929,0.008480832872223511,0.0003096509955684421
N5064HD,0.8017335257367256,0.18939299143542748,0.006996596840872953,0.0018209209410546502,5.596504591908858e-05
N5065HD,0.4388432407524685,0.5192158710917809,0.039497280429829,0.002343220901825832,0.00010038682409579789
N5067HD,0.10585173383556874,0.6312923508992592,0.20475912778027666,0.03992041396632386,0.018176373518571626
N5070HD,0.012374261816259608,0.5094004012346388,0.4713095006576348,0.006612977189315699,0.00030285910215104565
N5071HD,0.7231031578058549,0.25828098531252314,0.01637010665095066,0.0021803604888895613,6.538974178168459e-05
N5072HD,0.8015064307308588,0.18041471528420355,0.01733751713389541,0.0007004300255253333,4.090682551694913e-05
N5074HD,0.7553056889008843,0.21840946013100143,0.02260271527302243,0.0035980451625258585,8.409053256591399e-05
N5075HD,0.9828976039489605,0.015427229853556646,0.0013840887693246132,0.0002785437876574486,1.2533640500781986e-05
N4923HD,0.7032655132128406,0.2723408476181203,0.01807864158151752,0.006138947158572356,0.00017605042894933877
N5076HD,0.8024088821793913,0.1924683987872709,0.004540224846639443,0.0005176753056650092,6.481888103341342e-05
N5079HD,0.07449629664960582,0.2838469678722057,0.39131933096898674,0.2475610369879528,0.002776367521248753
N5080HD,0.4771178874034154,0.4556963326362632,0.05437485131875524,0.009868641980565921,0.0029422866610001983
N5082HD,0.7777162979558919,0.19178034740654146,0.02641307742427511,0.003735968250371458,0.00035430896292002194
N5083HD,0.7484198936855306,0.239413073348644,0.009909124283289593,0.0021546576186002617,0.00010325106393550955
N5085HD,0.48690627371104733,0.3977079945429459,0.09860766359652348,0.01650773076577595,0.0002703373837073812
N5051HD,0.38225918569266537,0.6080019253535898,0.009211105071266852,0.0004597318779326281,6.805200454557058e-05
N5039HD,0.028262532170943763,0.2778931593288252,0.3364817727212084,0.35434980365486923,0.0030127321241533813
N5088HD,0.9376705339934812,0.05878835704661334,0.0032845656317278564,0.00023600284862906803,2.0540479548772884e-05
N5091HD,0.21269604472269593,0.7806749622301334,0.006111224845196837,0.00044965035310481747,6.811784886897431e-05
N5093HD,0.01500583433873287,0.1000144771362826,0.2287428053718859,0.5949431526807828,0.06129373047231578
N5100HD,0.0425671731335012,0.10415195326442397,0.13744482812346234,0.711346864306355,0.004489181172257423
N5103HD,0.055730625464755004,0.435519178664121,0.3220641730606749,0.1595091817935818,0.027176841016867386
N5104HD,0.9880474889421859,0.011027292667601826,0.0008167798044581841,0.00010049502751401759,7.94355824022055e-06
N5105HD,0.6001532495194545,0.37453358921199265,0.01336912738043401,0.011691133061478433,0.00025290082664037233
N5106HD,0.7105688433315682,0.27390795192581774,0.014579998206557969,0.0007642559562673076,0.0001789505797886317
N5109HD,0.8412632157404258,0.15503974835235246,0.0033832815061760253,0.00028615363474062956,2.7600766305020287e-05
N5112HD,0.4806147494362995,0.48040486149482814,0.035786953667332026,0.002734125514362541,0.00045930988717767163
N5115HD,0.8876659646210816,0.1079172209040123,0.003981259345389092,0.00040549863991847754,3.0056489598426906e-05
N5120HD,0.026100191995809586,0.1944027148814909,0.20297370317462965,0.5676172202364974,0.0089061697115724
N5121HD,0.6505798265327455,0.300587173398619,0.04149481260109469,0.0069623495073538435,0.00037583796018690705
N5122HD,0.5618094444303878,0.36897329706691934,0.06444990345389061,0.004613253937455434,0.0001541011113468149
N8305HB,0.823314932777887,0.16591589959327696,0.010169131938364545,0.0005648971475581829,3.513854291308977e-05
N5126HD,0.1433270557139072,0.4696796019157643,0.3177993614311012,0.06743788734650841,0.0017560935927187287
N5128HD,0.8418334725796924,0.15101828913781962,0.0061451154590668805,0.0009577310223487042,4.5391801072583e-05
N5133HD,0.019293056155543796,0.07912816551701964,0.2903264547922105,0.6103569900372801,0.0008953334979460707
N5135HD,0.8167185833020958,0.17630657173668213,0.006254127837275803,0.0006447646251527492,7.595249879365655e-05
N5143HD,0.7802242206591995,0.2141705034548138,0.005279343206751228,0.00029841260698228595,2.752007225339817e-05
N5144HD,0.23928766917369013,0.7053391910062063,0.039243994211262304,0.015905072839856975,0.0002240727689841873
N5149HD,0.1641568452209418,0.5860621761043007,0.1413879638182046,0.10632306752644788,0.002069947330105006
N5152HD,0.7480173155250048,0.23598465563461837,0.014476683238444876,0.0014072019792184438,0.00011414362271342443
N4394HD,0.275752069892101,0.5354689165221606,0.14650831950951793,0.041292923707031665,0.0009777703691887817
N5029HD,0.25582287195617537,0.5566059200186341,0.14119837966392806,0.0455264669120269,0.0008463614492355621
N4368HD,0.9154163260672615,0.08224570069835713,0.0019908212796683417,0.00032658378331855756,2.0568171394239378e-05
N5013HD,0.1708295475536989,0.6551239777305083,0.15934710954473147,0.013060390033110113,0.0016389751379511453
N5153HD,0.5216332519963827,0.43535434956201813,0.03714396258908348,0.005143308600212467,0.0007251272523032565
N5157HD,0.8285875624766283,0.16082311323689893,0.009823984085474321,0.0006824542847436423,8.288591625450058e-05
N5170HD,0.4052474755112899,0.49639839240158956,0.0772815090816901,0.020082819232196434,0.0009898037732339715
N5172HD,0.8130723014455332,0.15909890948857255,0.02490938921739319,0.0027927335382948565,0.0001266663102060567
N5173HD,0.6828768637592856,0.24757640490685356,0.0665990017540256,0.0026168060524615192,0.0003309235273737573
N5147HD,0.43349418466755774,0.51804458639832,0.04038149310668984,0.007808150720368017,0.0002715851070643656
N5178HD,0.7790341902431577,0.19009106961599143,0.02935709941711601,0.0014362492629759313,8.139146075873605e-05
N5180HD,0.5699684498975985,0.40205100019206985,0.02500934699066502,0.0025888455594083714,0.000382357360258321
N5181HD,0.37366607943098634,0.4285487129198507,0.18615041646050437,0.011213125747193348,0.00042166544146539283
N5182HD,0.833815588370951,0.154472751031612,0.010831732013864137,0.0008428013063315159,3.7127277241131025e-05
N5183HD,0.03241032397136589,0.9624611925156122,0.0047381068383650716,0.00033993357294526046,5.0443101711726747e-05
N5185HD,0.39057294474035936,0.4809852120273672,0.07509777761912219,0.052698040072652094,0.000646025540498991
N5187HD,0.12918376924484593,0.5373102573926066,0.23312442845079012,0.04729541096962581,0.05308613394213152
N5188HD,0.2000718144192985,0.48061241703458296,0.16645391112850946,0.15107784480998956,0.0017840126076195846
N5190HD,0.012142058544175103,0.07549413479651336,0.3056513674468153,0.6050715935540072,0.0016408456584890614
N5192HD,0.3931176579193859,0.6018591285148371,0.004357741261626995,0.0006216426582467952,4.3829645903037805e-05
N5193HD,0.5135922715121342,0.4594069928386113,0.025645145125385446,0.0010383895257777527,0.00031720099809128086
N5197HD,0.9096339231562518,0.08652943318976694,0.003556511597238148,0.00025065692153163646,2.947513521158397e-05
N5198HD,0.2769620605817033,0.5445577855210569,0.15060993237124776,0.027385010562101915,0.0004852109638900027
N5199HD,0.7675571142194659,0.20473091867317822,0.024141265938750708,0.0034560679999697894,0.00011463316863526733
N5200HD,0.7821980103697496,0.19914934995757516,0.015407464927672494,0.0031209014047615838,0.00012427334024117456
N5203HD,0.039625678459855145,0.1960383839836357,0.42987915306219904,0.3132412027868054,0.021215581707504635
N5209HD,0.12044674565340048,0.5278276294237394,0.21763703384352462,0.13330280172555645,0.000785789353778928
N5212HD,0.8138988519467226,0.17944721321794402,0.006170571334807229,0.0004480709951154904,3.529250541065521e-05
N5215HD,0.3917601806959974,0.5607566972899949,0.04211729913533393,0.004584390963104387,0.0007814319155693718
N3574HD,0.8144294263894204,0.17469622683391986,0.006302474210821397,0.00450345858500093,6.84139808376028e-05
N4760HD,0.07728828823807071,0.4415445642055913,0.3929464223121295,0.08297925174475053,0.005241473499457796
N5225HD,0.764466768518096,0.22853300244386626,0.005951882461090043,0.0009881170236501632,6.0229553297605746e-05
N5226HD,0.577981995337492,0.3838505630106164,0.026150650087962395,0.011911653508055425,0.0001051380558738545
N5227HD,0.7430275203002447,0.23254726026122408,0.022961267371131265,0.0013684485627735445,9.550350462638649e-05
N5233HD,0.029847671673734713,0.23601071902437962,0.3110928164050583,0.3789589952364651,0.044089797660362195
N5238HD,0.8594551901409955,0.12468669030667301,0.012967048474228311,0.0028015679320735907,8.950314602960537e-05
N5241HD,0.8301914595281659,0.16126730658973346,0.007331524347813621,0.001155738636094474,5.3970898192442975e-05
N5243HD,0.016564274088253037,0.455529234154944,0.11530409167260404,0.4077688845130431,0.004833515571155743
N5246HD,0.7715428932479527,0.2181200310668744,0.008653319969752028,0.001594684394193489,8.907132122739627e-05
N5247HD,0.007278197871651552,0.014581354040653615,0.38384405868274174,0.5929300504306069,0.0013663389743461556
N5248HD,0.7720283946394562,0.21308648732989433,0.012715871232416806,0.0020989517481582037,7.029505007468503e-05
N5253HD,0.6825564729321424,0.2633423281516103,0.047577212151858055,0.005629815539849993,0.0008941712245392335
N5257HD,0.042124228674280804,0.1788533788536894,0.30690424897518337,0.44641436685752056,0.025703776639325836
N5259HD,0.04916762560870089,0.3314468332988133,0.4745514253149822,0.13166533457960483,0.013168781197898749
N5262HD,0.20018590038787906,0.3461672376179757,0.45092022803821546,0.0026643634334261547,6.227052250362735e-05
N5266HD,0.7117838460886062,0.27020940586422687,0.01647843563364965,0.0014333057597421877,9.500665377503634e-05
N5270HD,0.6250135448015073,0.35554257000751993,0.018509496362253776,0.0008651663817196628,6.92224469993859e-05
N5271HD,0.6354697804327294,0.3358474823094827,0.023795933349051286,0.004707334850417502,0.00017946905831921412
N5273HD,0.6188787091592776,0.3354200648768728,0.042723239963444,0.0026261653904706053,0.00035182060993498997
N5274HD,0.9394848943605826,0.05634560270534684,0.0031808518358352905,0.0009607895512723128,2.7861546963003996e-05
N5211HD,0.46557971316686314,0.4566326706630914,0.07122518587734325,0.006454222875908077,0.0001082074167942889
N4843HD,0.7540489166743629,0.20450053784255257,0.030400287890234898,0.010382896179512536,0.0006673614133370609
N5287HD,0.6495787370189168,0.33273790563276134,0.014576462337000905,0.002906804297640916,0.00020009071368004498
N5286HD,0.07027522824826934,0.4195745099740351,0.38998568680961804,0.06959763442894738,0.050566940539130356
N5292HD,0.05258836240007992,0.2266424052179126,0.4496195062247536,0.25694377052895145,0.014205955628302566
N5294HD,0.886294057221969,0.10606754861826181,0.007108453535182965,0.0004883989015745684,4.1541723011723795e-05
N5296HD,0.23626259620024906,0.5648439659290926,0.16683452257406695,0.031549268375544934,0.0005096469210464652
N5298HD,0.6882195832938874,0.2798318826801649,0.029283196913042375,0.0023921605325870204,0.0002731765803183963
N5303HD,0.8140251513759335,0.17179043336091582,0.013112340784054556,0.0010130755048304778,5.8998974265746204e-05
N5305HD,0.38480005864182604,0.5469419207742778,0.04629261519459841,0.020755725998646352,0.0012096793906513912
N5306HD,0.8319898337767749,0.16060205334827507,0.006789834415618183,0.0005462608224636356,7.201763686829165e-05
N5307HD,0.08350629967710163,0.5103792026389511,0.24137494380987562,0.15106725199394824,0.013672301880123383
N5311HD,0.7155497134136354,0.24870343632386693,0.03229236459718591,0.003247260461023372,0.00020722520428830457
N5314HD,0.8139071739143721,0.1595340812700785,0.02240146350835532,0.004006296557526855,0.00015098474966720681
N5073HD,0.14781585269209052,0.3931764663544094,0.3605727885504736,0.09665939436854798,0.0017754980344783953
N5277HD,0.02112969836732985,0.27273431608070986,0.5451339489913407,0.12973345317073176,0.031268583389887625
N4885HD,0.971979735530897,0.025093466293163155,0.002665583135755714,0.00023506579503750237,2.614924514652929e-05
N5318HD,0.06584235179320685,0.36518285384988924,0.5211233327862407,0.04572950783323593,0.002121953737427342
N5321HD,0.8563414671956796,0.13063317790193354,0.012015343285693552,0.0009173995356890727,9.261208100435564e-05
N5323HD,0.9643307820533841,0.03443787578506417,0.0010211672764827678,0.00019881919769847481,1.135568737053458e-05
N5324HD,0.5718509444614325,0.3849559035679081,0.03911792567590288,0.0039757221641619515,9.950413059466003e-05
N5326HD,0.6919558022221994,0.290787174706188,0.012938626109110903,0.004235791874824181,8.260508767751743e-05
N5327HD,0.5831586711094323,0.39193345191214873,0.02189274368993503,0.002862704753405392,0.00015242853507841023
N5329HD,0.21682971644916577,0.6650964169173565,0.10796211793084146,0.009275401242873125,0.0008363474597631984
N5331HD,0.905859066080087,0.08916862803232728,0.004590989471465948,0.0003325091410203485,4.8807275099467866e-05
N5332HD,0.721852264673413,0.2620858186061905,0.01426711583280113,0.0016881263112970629,0.00010667457629832996
N5333HD,0.8235221724079502,0.1665794177211052,0.009479477187605079,0.00035688405714659954,6.204862619306142e-05
N5334HD,0.022806642252734367,0.9737335057568325,0.003166508775148791,0.00024860595401959417,4.473726126481306e-05
N5338HD,0.046308615055709844,0.26317956258402586,0.48053457621501133,0.20142876652715913,0.008548479618093862
N5339HD,0.055084444896030184,0.21807913970141837,0.6555849801910817,0.07061976828426333,0.0006316669272063172
N3820HD,0.03444461442565399,0.20437137167932506,0.41560411362475735,0.2659689925799465,0.07961090769031698
N5342HD,0.8256025106072624,0.1635598659828461,0.00958759253342635,0.001179676349349754,7.035452711554041e-05
N5345HD,0.7375669565859155,0.23556102285912603,0.020746277047557396,0.006017189727050903,0.00010855378035012763
N5346HD,0.789910324819529,0.20174610689276004,0.007587264246963136,0.0006986791632107312,5.7624877537057806e-05
N5348HD,0.06449035949530997,0.2618537934450716,0.1550810841089961,0.4904365422602734,0.02813822069034911
N5351HD,0.7181600491177272,0.27016914625124744,0.009815226248057925,0.0017375616950315615,0.00011801668793592156
N5354HD,0.004220848498320431,0.016254883273432125,0.1655190838321068,0.8137898247771358,0.00021535961900497077
N5355HD,0.4391594034860427,0.5366285268409718,0.021336414945529705,0.002476403927869697,0.00039925079958607994
N5362HD,0.9444239192652921,0.05372504058913067,0.0016002688631123125,0.0002238800414338435,2.689124103094218e-05
N5364HD,0.8325216925799608,0.1556063383113148,0.007796569002385717,0.004023989672827899,5.141043351089511e-05
N1264HD,0.010795234314314714,0.9482025790020943,0.04017446370888759,0.0007420609411903552,8.566203351298711e-05
N4985HD,0.1993114014210515,0.6631598937429396,0.11395580692616965,0.02200832949021727,0.0015645684196220638
N5368HD,0.03645236005345791,0.2033085468654197,0.42073910530134984,0.2612128654777561,0.07828712230201645
N5371HD,0.7070468439010372,0.28505421638553424,0.007251545087669446,0.0005985180690453269,4.8876556713739335e-05
N5372HD,0.8086814380379176,0.18358479124889981,0.006983185330993196,0.0007021824893526705,4.840289283679292e-05
N5373HD,0.5282657242376615,0.4672602222329855,0.0036796539132270055,0.0007055027194820613,8.889689664389295e-05
N5374HD,0.871531270110452,0.12505156461190453,0.0029406547192781535,0.00044055588704625315,3.5954671318992524e-05
N5377HD,0.8518539390790277,0.14155676441251763,0.0060181960923921035,0.0005092771238289286,6.182329223363679e-05
N5379HD,0.7654152633839074,0.22118480253813158,0.012439086386089426,0.0008937351920745251,6.711249979699535e-05
N5381HD,0.16841200365624207,0.5809032109022655,0.12629534379214577,0.1210117473759547,0.0033776942733920188
N5383HD,0.23999968594950696,0.431496004999069,0.24928157864374617,0.07715093689693726,0.0020717935107406704
N5385HD,0.8183002139378396,0.17721856607298528,0.004070684331138589,0.00037377819089945923,3.6757467136971155e-05
N5387HD,0.028368305371283712,0.3404536947319639,0.49063257179873815,0.1262606087265564,0.014284819371457804
N5388HD,0.053838161984433974,0.23007890021845975,0.16193636246623508,0.5500902288376651,0.004056346493206041
N5389HD,0.021968394266315486,0.3228039887290766,0.6318173771919783,0.023184445464425243,0.0002257943482044194
N5391HD,0.6958380821850697,0.28413491414937064,0.016094389320605626,0.0038389454929671466,9.366885198689966e-05
N5393HD,0.7188310774710822,0.27711646454061517,0.0034806764182336455,0.0004902202530976741,8.156131697127308e-05
N5395HD,0.7811450498629536,0.19633885984213148,0.020231633344837914,0.0021172826936232147,0.0001671742564539434
N5397HD,0.8298746688887586,0.16015074621727887,0.007956294557030365,0.0019743186510504753,4.397168588163005e-05
N5398HD,0.8493270325648045,0.1441196518342768,0.005314723089663091,0.0011696891735879058,6.890333766780286e-05
N5386HD,0.14444380770859344,0.3595333382799588,0.49516618983216354,0.000762822204010936,9.384197527320356e-05
N2483HD,0.7118762980344351,0.2637495102746069,0.021355190990802728,0.0029195947070281294,9.940599312710295e-05
N5402HD,0.8271763326276432,0.1608268374956004,0.011227823857169607,0.0007100741036578352,5.893191592880274e-05
N5404HD,0.6657937082044431,0.2868181171092898,0.04268216710924052,0.0044120458316341,0.0002939617453924827
N5405HD,0.9101359795068578,0.08282850531644982,0.005888849516282204,0.0011089755632668855,3.7690097143271556e-05
N5407HD,0.554792687269257,0.39841785266558816,0.03818474306096713,0.007527283854378269,0.0010774331498095225
N5414HD,0.31492298516243306,0.6799621417266752,0.004561876343250593,0.0005152702288334999,3.7726538807633985e-05
N5415HD,0.8224144380062829,0.17301075500862056,0.0032845434161198053,0.0012529651095012234,3.729845947538488e-05
N5416HD,0.6629986756262487,0.3276159994907863,0.008513854842969258,0.000802666718716219,6.880332127950217e-05
N5421HD,0.8205278609760762,0.1672231709566137,0.010924375915881683,0.001240141149354754,8.44510020734805e-05
N5430HD,0.7406397443237854,0.2529639694688897,0.005549523230093758,0.0008071208250097001,3.9642152221641546e-05
N5431HD,0.07013425761003654,0.20169035172016725,0.7103482021128876,0.017742054061572945,8.513449533569355e-05
N5432HD,0.7375579142008232,0.2497088380355545,0.012127240175767728,0.000517032345740572,8.897524211414153e-05
N5437HD,0.6935467063997343,0.2939866393674639,0.011765233830324039,0.0006265928142615405,7.482758821635137e-05
N4225HD,0.2733854359111214,0.574948697822255,0.12479588029828681,0.02529810584897267,0.0015718801193642248
