ncode,proba_0,proba_1,proba_2,proba_3,proba_4
N0001HE,0.8543129802032672,0.13567816465802043,0.00857693520918746,0.0012796799889781799,0.00015223994054655175
N0002HE,0.1144222881800913,0.8223644727968933,0.05649917680381662,0.006463274491690719,0.00025078772750783
N0004HF,0.41895590422290424,0.5634301323134687,0.01549420354773631,0.00182548900852087,0.00029427090736969003
N0005HE,0.00414159884977733,0.01452571038779803,0.23164588339333153,0.7482290124937954,0.00145779487529749
N0006HF,0.1751945964598438,0.5509042603889029,0.19987091485479758,0.060924281320900074,0.013105946975555411
N0007HE,0.5971688800479972,0.3553943284142004,0.042855812717968074,0.00392240558494982,0.0006585732348845001
N0009HE,0.8696224717592644,0.12530130106022197,0.00395455474428154,0.00096135769426054,0.00016031474197142844
N0009HF,0.7118314028456667,0.26002286752634224,0.02217190254689135,0.00503025810958128,0.00094356897151819
N0012HE,0.6461216037501604,0.30697008377927343,0.04456530916004492,0.00204238444337208,0.0003006188671491
N0013HF,0.7226277707988041,0.24352369813685898,0.02560725609371701,0.00782596071974038,0.00041531425087936005
N0014HF,0.5456768561588639,0.44138374554804416,0.01155421254117359,0.00114030418673048,0.00024488156518774997
N0016HE,0.934503465129285,0.060755560291757216,0.00406095511791567,0.00057102141824523,0.00010899804279677653
N0017HE,0.7374306040204124,0.24893346379568118,0.01231619763702376,0.0011263725923491201,0.00019336195453339614
N0018HF,0.7544370577871241,0.23292156230720057,0.011191056913140431,0.00123128898612804,0.0002190340064068046
N0021HF,0.6358350115793115,0.353565133294194,0.00922747738297853,0.00115058323027088,0.00022179451324492875
N0022HE,0.6646622315424653,0.30971243304674234,0.021821168193752818,0.00330053568859034,0.00050363152844911
N0024HE,0.5180564091748273,0.4497345829401721,0.029332869733150156,0.00244539716156588,0.00043074099028436003
N0025HE,0.41404224223015323,0.4751749086162338,0.09057993830365865,0.019220636412222162,0.00098227443773202
N0025HF,0.4019706369447646,0.24979981811607072,0.3426107223621863,0.00524038347214507,0.00037843910483312
N0026HE,0.5830592193033274,0.2747090761326834,0.1359109283074541,0.00564818203052683,0.00067259422600808
N0026HF,0.6364996362745515,0.33607984997703627,0.02462523082815661,0.00250553148458084,0.00028975143567455
N0027HE,0.657426998291996,0.32684125701154076,0.01372953239288252,0.0017269339817867098,0.00027527832179383
N0027HF,0.03837752568174248,0.37049183702243094,0.24594000466984522,0.3401222929545643,0.00506833967141688
N0029HF,0.21858455266019533,0.4254274415007104,0.2526229182428762,0.09137260095035303,0.01199248664586489
N0032HF,0.2002115836782013,0.4718902040758593,0.17202394416462496,0.15461977365695542,0.00125449442435876
N0034HE,0.6135071510646662,0.337937114158612,0.04280032528159896,0.00522654595444453,0.00052886354067816
N0035HF,0.8531106463564806,0.13755495375891955,0.00682107511959711,0.0023096694012769902,0.00020365536372568774
N0037HE,0.12533002325542092,0.7303537933699561,0.10778546860007772,0.03308029185776558,0.0034504229167796503
N0039HE,0.6458899336665631,0.33863135994892446,0.01378198807122625,0.00142683790464303,0.00026988040864299917
N0040HE,0.2530286369918013,0.6380779138770208,0.09779213368464387,0.00960907933181513,0.00149223611471867
N0042HE,0.1133222714788245,0.42520100868106087,0.33742372800063686,0.09165851019110774,0.03239448164836979
N0044HE,0.5961262573946461,0.27442493923584743,0.11335284419902807,0.015017026912383949,0.0010789322580942499
N0045HF,0.4128084086025157,0.569049070922233,0.01553667920358566,0.00224460636465072,0.00036123490701467
N0046HE,0.06467298863089291,0.43517175612211156,0.49870807262024897,0.00121929630112962,0.00022788632561676105
N0047HE,0.4994606257775329,0.45830489650675654,0.037850859449776716,0.0036655828578862704,0.0007180354080474
N0047HF,0.7316007449443952,0.2531322418719877,0.013277334593269291,0.00174113629283745,0.00024854229751011304
N0048HF,0.7005739302829427,0.27250310324563387,0.02267852477256708,0.0036501482953911904,0.00059429340346504
N0053HF,0.8724129126269622,0.12282647411983683,0.0036997958628683,0.00093956687807168,0.00012125051226076434
N0054HE,0.7109919351116061,0.2735382827595348,0.01369811755358245,0.00154149178034983,0.00023017279492669316
N0058HE,0.31490769707591326,0.6287215027578259,0.05292100722018608,0.00302923684043804,0.00042055610563647005
N0058HF,0.8285747807179711,0.1627668401200182,0.00756489592773212,0.0009235086544747001,0.00016997457980372975
N0059HE,0.13374127872766378,0.40447957455476213,0.3153016059666305,0.13430386923960333,0.012173671511340009
N0059HF,0.3936586501651392,0.43651849940545173,0.10918739824446692,0.05856624563307269,0.00206920655186935
N0060HE,0.06499237054113022,0.3828157277421294,0.302122742169254,0.2366786016329106,0.01339055791457568
N0064HE,0.5776798256739142,0.37158669899744134,0.04327008313978688,0.006873602116766101,0.00058979007209142
N0066HE,0.5556025196780368,0.3662974949964124,0.07096575818491603,0.006643405868607059,0.00049082127202758
N0068HF,0.049297711170933574,0.24415255252947254,0.42954179167046763,0.2644419221261031,0.012566022503022911
N0069HE,0.6122542676345673,0.3637269246974847,0.021797211050671818,0.0019294887105385,0.00029210790673762997
N0069HF,0.15392488505453736,0.3785580783606264,0.4628816286892768,0.00379765202076532,0.00083775587479396
N0070HE,0.14690432928161945,0.4170883752724361,0.2837280167986411,0.144783795768534,0.00749548287876914
N0071HF,0.40165138180834725,0.5250738088880641,0.05753904140916789,0.01447719298754745,0.0012585749068732
N0074HE,0.6271734209582057,0.329917041592216,0.03232493556865236,0.00971097196974327,0.00087362991118247
N0076HE,0.09990448116775053,0.36427857194438285,0.31133083805596423,0.2165574330304345,0.007928675801467649
N0076HF,0.8447722850368793,0.14863618854154323,0.00571270790401383,0.0007312208704443001,0.00014759764711930377
N0077HE,0.01776461780823439,0.08534322259184776,0.2626746837287987,0.5111342788853647,0.12308319698575423
N0077HF,0.8449544989858587,0.14692523963866214,0.00702433647480135,0.00094506247629353,0.0001508624243839819
N0078HF,0.8443372034363079,0.14844258563488025,0.0057980079232007094,0.00124226754318211,0.0001799354624287162
N0079HE,0.2346724207529444,0.7170584435448853,0.04431523302819139,0.00339821243112882,0.00055569024284985
N0079HF,0.7426753132675484,0.24734125262892862,0.00838467890909067,0.00140096510708419,0.00019779008734791925
N0080HE,0.6973375298528276,0.2732591066096554,0.02426978028198662,0.00484662177329676,0.00028696148223339234
N0082HE,0.6810545634898176,0.29124794654668734,0.022327917057582948,0.00503944496694727,0.00033012793896462
N0084HE,0.8218055450416074,0.17131235227105435,0.0058443093908777406,0.00085155576457824,0.00018623753188225022
N0086HF,0.38312490132067245,0.6002052535515401,0.014303138220346581,0.00192500210739436,0.00044170480004636
N0089HF,0.20328975527633636,0.755931763526723,0.03764410947516991,0.0026492716245099398,0.00048510009726065
N0094HE,0.4192970247936317,0.4581332821665618,0.102659008438405,0.018862699862610778,0.00104798473879055
N0095HE,0.3182930005536571,0.6437742301974897,0.03226394606608248,0.00546721500953842,0.00020160817323223047
N0096HF,0.8407187104529118,0.15016311363110205,0.00738457709470555,0.00153505433330586,0.00019854448797462998
N0099HF,0.651566053430261,0.33006045061608513,0.01629101200885629,0.0017606917586449398,0.0003217921861524346
N0101HF,0.6865888048126814,0.2998710425123408,0.011928530020849381,0.00136866377402082,0.0002429588801075147
N0102HE,0.43159520950915614,0.5326962071283143,0.032278744666462945,0.00281708887980999,0.00061274981625646
N0103HF,0.01218074484978862,0.0498652099874052,0.17416471683277535,0.3767293377292883,0.38705999060074237
N0105HF,0.9614244687860024,0.03598116930553638,0.0019134458649347499,0.00060786695707131,7.304908645485547e-05
N0108HE,0.4118736968391337,0.5130741052600948,0.06603416680272992,0.00750965172476793,0.00150837937327359
N0109HE,0.15599040273355907,0.6924191690047043,0.14149700070287574,0.00907097749694627,0.00102245006191446
N0110HE,0.13033262949473096,0.4687415788250674,0.29153102175788365,0.10290443954922643,0.00649033037309132
N0111HF,0.6719595712813576,0.3158612283889468,0.01030047592828796,0.00157436348336381,0.00030436091804362
N0113HF,0.5984394615626745,0.3828181801593285,0.01677361077118145,0.0016935912106324999,0.00027515629618289
N0114HF,0.12629711250218076,0.8525979419909913,0.0175286316204787,0.0033962217400809597,0.0001800921462680566
N0115HE,0.6571352335250029,0.32587092469708323,0.01424854920804832,0.0024484951085271102,0.00029679746133826
N0117HF,0.824360423072681,0.1669341858495979,0.007563856675082289,0.0009436773061821301,0.00019785709645649406
N0119HE,0.6952889302985554,0.2905256629492386,0.01219012712378814,0.0017090260823630899,0.00028625354605461
N0119HF,0.8346918894743253,0.1531428961307032,0.01028602044697836,0.0016497767666216398,0.0002294171813713007
N0123HE,0.5657261110673113,0.3289857284832714,0.0976955202768179,0.0071066274871821695,0.000486012685417
N0124HE,0.04039341121480059,0.8296454718125869,0.10249400307933046,0.01803765832687152,0.00942945556641026
N0125HE,0.7772670591761706,0.21428237459156194,0.0069611547015451,0.00126295639194911,0.00022645513877312044
N0125HF,0.7463970370106374,0.23650103401995742,0.01466227952673603,0.00218517429703421,0.0002544751456346673
N0127HE,0.03723774540366461,0.1825244859622317,0.41185901221828286,0.36159818121141213,0.00678057520440857
N0127HF,0.544335543242443,0.4442388990120699,0.009857676928896669,0.00134017106616475,0.0002277097504253671
N0130HE,0.8528010403372388,0.14181431839772135,0.00433976987516806,0.0009052775439567101,0.00013959384591495536
N0132HF,0.26058648087055214,0.704474332142413,0.03286164977446028,0.00176619956667056,0.0003113376459039587
N0133HE,0.4113844166959864,0.5523744104864198,0.03409703692589249,0.00178147260192462,0.00036266328977667
N0136HE,0.7231518962991084,0.26678028990894836,0.00892966513076195,0.0009573620361636101,0.0001807866250174874
N0136HF,0.8096987658450605,0.17381160734969042,0.01219378505887963,0.0040195835841621095,0.00027625816220723
N0138HE,0.08809280967165793,0.5636150211471941,0.25782704922683913,0.08232163436647194,0.00814348558783674
N0140HE,0.483258420779842,0.4476681103686523,0.05930094311522753,0.00835275202064706,0.001419773715631
N0140HF,0.8608785896247866,0.13303214620920073,0.00460569967904809,0.001349559306136,0.00013400518082832516
N0141HE,0.04024043188183279,0.8948791313461569,0.0639382807369208,0.00083425565596956,0.00010790037911965266
N0142HE,0.49195250245306843,0.43283598976980864,0.0668379993243885,0.007809393962050761,0.0005641144906835601
N0142HF,0.8347657895820205,0.15608173709775883,0.00804216073215583,0.0009417894134716099,0.00016852317459311027
N0145HE,0.9077140133992664,0.08334876646907337,0.007875018548134289,0.0008724538531687,0.0001897477303570511
N0147HE,0.9409744676440704,0.03793220448807949,0.0177816920161468,0.00314750956402205,0.00016412628768102446
N0149HF,0.07686536494562496,0.9193700256214099,0.0032377004866245796,0.00044502975969355996,8.187918664683156e-05
N0150HE,0.19079734929923559,0.48057283484075536,0.21794082931563583,0.10915095107112131,0.00153803547325178
N0151HE,0.2975787186108234,0.5402595527433426,0.11919244736477756,0.04055455069053999,0.0024147305905163298
N0152HE,0.6674308165899148,0.29866609498144425,0.03088327825696851,0.0027375548865758203,0.00028225528509645
N0153HE,0.32265102024308356,0.496303137200092,0.15409277793601145,0.025978396269230698,0.00097466835158217
N0153HF,0.791689584700028,0.19586995980503435,0.00966718643014711,0.0025517048514194897,0.00022156421337084302
N0157HE,0.6041125241100793,0.34122764421670654,0.049693255082652196,0.00446422521387448,0.0005023513766874001
N0158HF,0.7016653975343524,0.2736831539899768,0.02059289091340323,0.00353887228328533,0.0005196852789820601
N0159HE,0.12510877195881948,0.5635264651850171,0.24138389697684678,0.0656564668776659,0.00432439900165059
N0159HF,0.23107774233733305,0.5846468668419769,0.1605933789007911,0.02137531794124908,0.00230669397864984
N0160HE,0.8220577428848811,0.16553329232832945,0.00955294611907969,0.00261367970290248,0.0002423389648071892
N0161HE,0.8390214655796642,0.154773321469462,0.00526263457484534,0.00080482896046737,0.000137749415560944
N0161HF,0.9266422849861213,0.06495024027872567,0.0074630468366350695,0.0008199039719546001,0.00012452392656312806
N0163HF,0.05307680981773842,0.16198822176999925,0.23727304345464492,0.4518477967715605,0.09581412818605674
N0164HF,0.23027507834900535,0.48240182943284876,0.21157824522623284,0.06765749837299463,0.00808734861891826
N0166HE,0.7387104563056404,0.24268653408517665,0.015758020672258198,0.00249124919644346,0.00035373974048114
N0167HE,0.14602822755051087,0.6527612864405746,0.1692297047282062,0.030054428713680893,0.0019263525670271402
N0168HE,0.01683672001532831,0.9712782916239922,0.01116306850392469,0.00063510909290144,8.681076385325257e-05
N0170HF,0.856434775410898,0.1374404697989581,0.00507509644540338,0.00085540960560853,0.00019424873913183083
N0171HC,0.8747651288902519,0.11726825462102848,0.00615953558223245,0.00163768018526337,0.00016940072122372462
N0171HF,0.810388120545151,0.18046453350589858,0.007982001869116689,0.00100408939393472,0.00016125468589900223
N0173HE,0.3110546340643631,0.6254807188910496,0.055288286071964884,0.007453807289614339,0.00072255368300786
N0175HE,0.23279315363766648,0.5459881173711465,0.16902402837725397,0.04639950149276479,0.00579519912116809
N0176HD,0.4971387088822362,0.48865437494929276,0.01194817758716805,0.00197842937741023,0.00028030920389260003
N0176HE,0.9544025402591918,0.03565961784513367,0.00823228814637743,0.00157046173576211,0.00013509201353478913
N0181HE,0.651563909445753,0.33813558050072057,0.0089337112091707,0.00116250626418982,0.0002042925801657355
N0185HF,0.4436613311757858,0.5518897159659365,0.00348923210617013,0.00081218544430179,0.00014753530780572388
N0186HE,0.7574605798038945,0.23397984131495475,0.0070537344735130195,0.0013146514392792601,0.00019119296835824
N0188HF,0.6796604712799115,0.3077559143120263,0.01104227257512067,0.00134649865829001,0.0001948431746513245
N0189HE,0.6843616727309485,0.2885629879056365,0.02341334769049021,0.00301406109169939,0.00064793058122523
N0190HD,0.08278428098135603,0.542020862474668,0.2563649302899216,0.07326805253363845,0.04556187372041573
N0192HF,0.45687226355659866,0.4819086442166455,0.055130700096965,0.0055517695629351905,0.0005366225668555199
N0193HF,0.12910368439835776,0.4847651759473588,0.187843476669387,0.1971685196142952,0.0011191433706011099
N0194HF,0.05377883643527319,0.254591976657341,0.3479928565376092,0.3238627132333135,0.01977361713646294
N0195HF,0.20749895713006672,0.6139528132781065,0.1412925084981415,0.032902444504178216,0.004353276589506979
N0197HE,0.01632242815327959,0.9780467364681952,0.00510970730356886,0.00040893621288073,0.00011219186207538932
N0198HF,0.36339847083055393,0.6308990272040811,0.00464987893793665,0.0008851405896024599,0.0001674824378257113
N0200HF,0.7627427215864692,0.2109331191315087,0.014639767152195421,0.01086391628582886,0.00082047584399779
N0203HE,0.04658091093474523,0.46694456473296125,0.4799041960743834,0.00550620588191642,0.00106412237599351
N0205HE,0.5458766538611,0.4179686559482764,0.03293940580680188,0.00282332553531966,0.00039195884850192
N0205HF,0.8347726246803117,0.1542645111982502,0.00953626559912963,0.00125657646321632,0.00017002205909196454
N0210HF,0.3174227870970847,0.590057308403044,0.0782622835542396,0.01257235907717591,0.0016852618684557001
N0212HE,0.35597407550147114,0.49997712119526366,0.12066285552423442,0.02166672193805144,0.0017192258409791598
N0213HE,0.6699898980231765,0.31214493308684765,0.01520084722367695,0.0023903797496704,0.00027394191662839
N0215HF,0.4216287633873687,0.5263142761830495,0.04757300886681462,0.004046507103555469,0.00043744445921154
N0216HF,0.25960831124257455,0.6997894173242569,0.03665077037721583,0.0036763552024853797,0.00027514585346707996
N0217HE,0.01693619879446447,0.44002870666319593,0.5200358194303905,0.02269722219944918,0.00030205291249978
N0219HF,0.7491467498419541,0.24022295899054874,0.009246999268468779,0.00117697044671967,0.00020632145230865
N0220HE,0.01677934459232838,0.973478029112188,0.00921598417436403,0.0004570493574175,6.959276370204363e-05
N0221HE,0.29634297584118835,0.6700069154126886,0.02960745901654121,0.00342481534131654,0.00061783438826516
N0222HE,0.8564500830549289,0.09323472983645567,0.04762294466120598,0.00246944450066864,0.00022279794674059
N0222HF,0.7151000680834076,0.27339176335865917,0.01000816726650673,0.00131483640467667,0.00018516488674966643
N0223HF,0.6154426109835198,0.3568441468186013,0.02537040299740826,0.0019348391100427898,0.00040800009042756
N0224HF,0.5319330121025276,0.29967417491022663,0.1649941689517433,0.0030052974699884298,0.00039334656551384
N0225HE,0.7527708788569036,0.22505989983827362,0.0177856484851268,0.00410610040638812,0.00027747241330766003
N0226HE,0.056130526551049574,0.17744751701665765,0.3086670648498369,0.4034946381786467,0.05426025340380904
N0227GZ,0.8017429246685994,0.19056788829079557,0.00668156137282475,0.00083923042466056,0.00016839524311951844
N0227HF,0.9103957727191091,0.08369677420599612,0.00512891808228141,0.00065624239997387,0.00012229259263928934
N0228HE,0.23521030962547976,0.45681266171723706,0.23135417533370273,0.07488310556979819,0.00173974775378214
N0229HE,0.6328388645062908,0.35366975560955516,0.011945474710346491,0.00126184486512748,0.00028406030867984003
N0229HF,0.7286458323971898,0.2610735552100686,0.00886304477471074,0.00120740682230868,0.00021016079572212372
N0230HF,0.4549565778107801,0.4126057304718295,0.11083810064421984,0.02060818017268674,0.00099141090048368
N0231HE,0.29778464355885464,0.6938026212001795,0.0072365467361267906,0.00099923465276323,0.0001769538520755903
N0233HF,0.7153388555347933,0.25201110633806795,0.02870724636510143,0.0035649074618366297,0.00037788430020051
N0235HE,0.447153849081986,0.43672091394616697,0.09588017714435763,0.01923209706307097,0.00101296276441828
N0237HE,0.6066758557681569,0.33069908930073816,0.05832759315936349,0.00381271441491529,0.00048474735682606994
N0239HF,0.28550476521310375,0.5976530830783631,0.10306170104884951,0.01245522943125022,0.00132522122843321
N0240HE,0.8749349678690546,0.11719727754282938,0.006453209314321309,0.00122439852371789,0.00019014675007674516
N0240HF,0.8347097448172673,0.1547280184397875,0.0086283416937699,0.00173619022662359,0.00019770482255134547
N0241HE,0.11794038849061199,0.6458220452601491,0.21127396975122367,0.01576232849894914,0.00920126799906586
N0241HF,0.9621005349654922,0.030592081502315828,0.00563728411711946,0.00158832837576252,8.177103930992801e-05
N0242HE,0.6202120776404121,0.3175078581870402,0.05801586217567737,0.00377147930098869,0.00049272269588146
N0242HF,0.7559198074432281,0.228928125393219,0.01280881055913494,0.00200079516189542,0.00034246144252243
N0243HE,0.5924693885438834,0.3149362452052783,0.08266353674222837,0.009454819473508019,0.00047601003510174
N0245HE,0.08366782553836546,0.6867357260724575,0.1970274093257888,0.03031477298129706,0.0022542660820910098
N0245HF,0.023352560165180457,0.053164196025872544,0.06794894911645563,0.8487343004956699,0.00679999419682132
N0251HE,0.41001686202681065,0.5115518334760346,0.06970212789810067,0.00770092215552092,0.001028254443533
N0255HF,0.8429231491756441,0.14862675373880602,0.00612329770003339,0.0021297268791746,0.0001970725063417365
N0258HE,0.7645063768926338,0.2252988059394935,0.00864563872540398,0.00132836221176205,0.00022081623070646143
N0258HF,0.18313593156910202,0.4779974345821453,0.2815584559292051,0.052714134100659574,0.00459404381888796
N0259HF,0.4742633736029984,0.42059405895674573,0.09051984281939775,0.01384042811333934,0.00078229650751859
N0260HF,0.8161435220016742,0.164375482881705,0.01654624347562994,0.002680227902359,0.0002545237386317592
N0263HE,0.7485801970117827,0.22904267953831586,0.01902254692524967,0.00304393821476983,0.00031063830988178003
N0263HF,0.7229119884234305,0.2638882034115059,0.0117961858315632,0.00118071101873714,0.00022291131476311868
N0264HF,0.15223873227737925,0.5704162913673626,0.11693344210430745,0.15727259020060458,0.0031389440503459703
N0267HE,0.11330274238586084,0.7318412728521538,0.1532359758964482,0.00139844318035917,0.00022156568517766868
N0268HF,0.2804168921392611,0.5092139173912202,0.1342489896674856,0.06871708181912628,0.00740311898290659
N0270HE,0.5911559187806179,0.3531818377396598,0.051564853376063924,0.00352409418729325,0.000573295916365
N0272HE,0.5994918433505574,0.36558096926355305,0.028396550643869267,0.00601575608261264,0.0005148806594075
N0274HE,0.1480935599579057,0.4903219987471802,0.2867052170595653,0.06995211890981322,0.00492710532553536
N0278HE,0.46792986373804435,0.3898925846190979,0.11118644362129033,0.02986017290666832,0.00113093511489888
N0279HF,0.6326166236747616,0.33559592848339553,0.02531120058982696,0.006109614991869209,0.00036663226014642
N0283HE,0.5871979840732684,0.3882738423345264,0.0200979912381255,0.00322237752810276,0.00120780482597674
N0286HE,0.8636629327962634,0.1283164824382011,0.006928904268203679,0.0009364643677963899,0.00015521612953526518
N0287HE,0.25240958985107576,0.5887647154268794,0.12553788520753992,0.03199760521037298,0.00129020430413188
N0288HE,0.6500518514507441,0.3178876518131516,0.02882475601216259,0.00294348848444485,0.00029225223949665
N0292HE,0.1652412743563991,0.8110731019328172,0.02200271113315377,0.0014662471206447502,0.00021666545698497997
N0294HF,0.8746227043333448,0.11857688580314416,0.00493487308071292,0.00171459294017729,0.00015094384262053333
N0295HF,0.8851285536380041,0.10915452643213983,0.0046030764912965896,0.00098864462738983,0.00012519881116940286
N0296HE,0.4483871186100984,0.40388702367865903,0.13059689025896845,0.016593367463019988,0.0005355999892539701
N0299HF,0.32502031958695965,0.6673400392732785,0.006429468670292671,0.0010116548289738,0.00019851764049527606
N0301HF,0.8683798302524488,0.126125760981075,0.00420108375096092,0.0011577147454430701,0.00013561027007206848
N0302HE,0.6345554985542476,0.32943371459172144,0.02483020087710396,0.01074729923642236,0.00043328674050449004
N0303HF,0.4149955045216672,0.5257570425156511,0.052745667332645685,0.00608741645088494,0.00041436917915087
N0304HF,0.7778766221078228,0.20597258718227018,0.01432144261290876,0.0015977289036750199,0.000231619193323036
N0305HF,0.46849127714044114,0.4253225087857829,0.06948532706900612,0.035944328883231555,0.00075655812153816
N0306HF,0.8426908032252133,0.1489836189564745,0.006761611689786231,0.0013894855056649901,0.0001744806228606861
N0307HF,0.16689586986748328,0.8276058659250282,0.0046332779604696,0.00070839981521399,0.00015658643180488764
N0309HF,0.2778516141138526,0.4946735600630728,0.20769061943773698,0.01885961666860734,0.00092458971673015
N0311HF,0.22587016100768958,0.7648198504323004,0.007774994571594871,0.0012427545503631802,0.00029223943805178735
N0312HE,0.5718604332698756,0.39427539344071605,0.02971828833935943,0.00324007034762873,0.00090581460242004
N0313HE,0.6218267798426371,0.3335476242798446,0.03340759360716799,0.01081019664204011,0.00040780562831011
N0316HE,0.7731830931722696,0.21644038751008615,0.009010608557144351,0.00120109015588326,0.00016482060461642877
N0319HE,0.5712060570565078,0.35257350393213993,0.06981450395796161,0.0057885796978364105,0.00061735535555398
N0320HE,0.9237034359223376,0.06505621691751316,0.00968730200989415,0.00141125882835159,0.00014178632190334385
N0323HF,0.55408141574879,0.37236459607156497,0.06874183669673914,0.0042214754694168,0.00059067601348895
N0327HE,0.7336896532727619,0.2550514762392539,0.00879309549870403,0.00223429038397273,0.00023148460530717153
N0327HF,0.5780948728036822,0.3721413324223821,0.043902123117859126,0.00534422659775683,0.00051744505831948
N0330HE,0.373530329653795,0.5805900145299755,0.040368786730774694,0.00482549888458301,0.0006853702008716501
N0330HF,0.85775006567417,0.13074195171785613,0.00966290790389319,0.00161582403333149,0.00022925067074904443
N0332HE,0.7377239766725416,0.2523910610034095,0.00857743509026196,0.00106811914777436,0.00023940808601242237
N0332HF,0.30710895153078965,0.6204956173833459,0.0652613471075851,0.006052701929478431,0.00108138204880083
N0333HE,0.14030816589454131,0.6250009544327073,0.19369421697847616,0.0382161398580329,0.0027805228362421603
N0334HE,0.44019472904226387,0.4516174352001589,0.09468424533566591,0.01192265361083214,0.0015809368110790202
N0334HF,0.9737291307871148,0.02310474075251709,0.00265559376360525,0.0004344220367687,7.611265999393733e-05
N0336HE,0.7939897589120279,0.19807025770095438,0.0065991453473793205,0.0011487869771539699,0.0001920510624841268
N0338HF,0.09493729342144723,0.5603271727779953,0.3044038906038482,0.0365082141981687,0.0038234289985403
N0343HF,0.8008850900149266,0.18598244802291303,0.01115464185126815,0.0017699567318661402,0.00020786337902583153
N0344HF,0.47957327904231895,0.4954654978903016,0.02328378742238685,0.0014220813532571201,0.0002553542917352425
N0345HE,0.7838295826718507,0.20348093462240896,0.010195773036152291,0.00224205640009118,0.00025165326949676
N0345HF,0.42498376957107664,0.550504691075077,0.02261296784234305,0.00153897188674101,0.00035959962476202
N0346HF,0.9609900269047833,0.02990583145080241,0.00811101078805671,0.00087307394378201,0.00012005691257556651
N0348HF,0.1571829900469394,0.8385148472834333,0.0035683048036782698,0.00061594061929281,0.00011791724665615683
N0349HE,0.7644486246600967,0.21334043444743717,0.01767122702907678,0.0043086059491686595,0.00023110791422055262
N0349HF,0.34785964466181174,0.635690727291194,0.01493217572996663,0.00129167312963147,0.00022577918739600115
N0351HE,0.3732392895471044,0.5304176304165981,0.07624340858791827,0.01938984060754044,0.00070983084083863
N0351HF,0.5179966280236546,0.46620885492232533,0.01421850243911875,0.00132129757017065,0.00025471704473054095
N0353HF,0.6681196013222697,0.30785534302984435,0.02086283477124187,0.0026589147812669097,0.00050330609537702
N0354HF,0.7512803287410158,0.23045528238825908,0.01409222657606354,0.00389926844609952,0.00027289384856196
N0355HE,0.2610726879996944,0.6523979839712685,0.07938429535772742,0.00669292722495716,0.00045210544635237006
N0356HE,0.5689551510183619,0.40624335555179636,0.02212632890669057,0.0023139980315866103,0.00036116649156436
N0356HF,0.9511561251174966,0.03414344354276982,0.01186100908820946,0.0026607220828910798,0.00017870016863295778
N0357HE,0.3856895969296966,0.5469913858660438,0.058798724759072905,0.00794092186911045,0.00057937057607605
N0358HF,0.7125952389369983,0.27837644574309733,0.00740294204281077,0.0014126112085504701,0.00021276206854302783
N0360HE,0.744561551146713,0.24652223986187055,0.007493443636791381,0.00121453416327859,0.00020823119134634653
N0361HE,0.9110038502811328,0.08586782448950495,0.00259777958156099,0.00044459822464371003,8.594742315746039e-05
N0363HE,0.7390905303200839,0.23823108978543606,0.01647326676360992,0.0058963665319832406,0.00030874659888675
N0363HF,0.07641759732685621,0.3030900174684682,0.33514008973221804,0.28215502493438166,0.00319727053807574
N0364HF,0.09407578452030899,0.547793542616747,0.2421380772658425,0.11186598218706748,0.004126613410033951
N0365HE,0.24439474022487598,0.42709584812811097,0.23982775602298623,0.08764748856723623,0.0010341670567904
N0365HF,0.11389586119631696,0.14340686262353244,0.6300117273901295,0.11240508064627801,0.00028046814374289164
N0366HE,0.2505642534232342,0.6235643142028955,0.11051946099271641,0.01351610210105724,0.00183586928009637
N0367HE,0.26908040761675006,0.5138262368107457,0.06631471008291488,0.14989012189714773,0.0008885235924415801
N0367HF,0.45241491981531673,0.4950399517305709,0.04474104400673449,0.00729540710966529,0.00050867733771241
N0369HF,0.3292852586576891,0.6107851288654396,0.05148850709841006,0.008062400880816101,0.00037870449764507
N0370HF,0.7865597035255439,0.20237612613162312,0.00951960956475742,0.00135477834948424,0.00018978242859109203
N0372HE,0.8826864700282488,0.11199759254770132,0.00449744350694502,0.0007015882255174001,0.00011690569158739555
N0374HE,0.01040646672101975,0.04003435595824734,0.03419485573540592,0.9097671030731107,0.0055972185122162
N0377HE,0.9374820326033036,0.05929122366572327,0.00241562316964906,0.0007125519910641699,9.856857025955707e-05
N0378HF,0.8429144949583012,0.14827902295450163,0.0074904889514107505,0.00115159691604422,0.00016439621974198945
N0380HF,0.7150754410992548,0.27425279006186387,0.009401866040800799,0.00108556084943606,0.00018434194864429094
N0381HE,0.857057064566144,0.13669800513696367,0.00534317213657932,0.00075106581917584,0.00015069234113714302
N0382HE,0.6341905351927124,0.3426486915024404,0.016919909851026628,0.00575338969310953,0.00048747376071088
N0382HF,0.5796863278789737,0.38296348915030565,0.03147123810593216,0.00502623577160107,0.0008527090931872899
N0383HE,0.795915961336773,0.1891043626643237,0.012851893426563791,0.00194025121999306,0.00018753135234611632
N0384HF,0.4939072534707397,0.44498600845048386,0.050939128837074375,0.009359317911381471,0.0008082913303203499
N0385HC,0.14343064481839915,0.5156145488151542,0.2782575741819612,0.05503736019156254,0.00765987199292289
N0385HE,0.6949552466529537,0.29135447014400595,0.01218923290875458,0.0012581473739042,0.00024290292038150145
N0387HF,0.0216927749042623,0.974765802597128,0.0030078334088511098,0.00043829915279924,9.528993695926052e-05
N0388HE,0.8871914372477582,0.10251684525655491,0.008506179036982881,0.0016568285611568,0.00012870989754705116
N0389HD,0.00853206194614352,0.9651818813731678,0.02584697920458196,0.00037237862030744,6.669885579918056e-05
N0389HE,0.658970458306037,0.3265665597475664,0.01209683487677672,0.00199569860202974,0.0003704484675901
N0390HE,0.23310752416296965,0.5784309436699039,0.15692464326070704,0.028005969897143778,0.0035309190092754398
N0391HE,0.39761158930408325,0.5211918572599699,0.07422695907069686,0.0062186094756359,0.00075098488961399
N0392HE,0.6880626413942633,0.3020591449146683,0.0082933004316494,0.00134110228718304,0.00024381097223575
N0393HF,0.5471383656747468,0.39595755826893647,0.04543813754745573,0.01069192632536401,0.0007740121834967199
N0394HE,0.7487121443715097,0.2397791963139387,0.00988503419520566,0.00138664965115307,0.00023697546819272
N0395HF,0.6729479998442789,0.31444574265812375,0.01107478046507107,0.00129591348693683,0.00023556354558929
N0397HE,0.7161314404873064,0.26924294566318363,0.012992258830233389,0.00139907611781666,0.00023427890145974
N0400HF,0.2768609288113953,0.49346649850920166,0.10610821768552334,0.12196307507475716,0.00160127991912235
N0401HF,0.1906842106721923,0.5451205094584769,0.18873176556062726,0.07130538368931978,0.00415813061938354
N0402HF,0.4793628659909327,0.48014185370239437,0.03540784863390546,0.00438102836503559,0.00070640330773158
N0403HF,0.7412780408473342,0.24942604470234522,0.007756272106683709,0.00124886676531212,0.0002907755783245575
N0405HE,0.542416869665156,0.35755294570836205,0.08156764766461906,0.01790608505337617,0.0005564519084865
N0406HE,0.584995923926021,0.355363810824662,0.05435361881331554,0.00485246882682321,0.00043417760917808005
N0406HF,0.4665485812108727,0.5016039044189069,0.029226500268715722,0.00225006407554964,0.00037095002595482
N0408HE,0.7901498868330583,0.201830936970702,0.00616558821718401,0.0017094497976228198,0.00014413818143259506
N0408HF,0.18448402969813005,0.6431112649365007,0.11608530511442286,0.04441697009352065,0.01190243015742554
N0409HF,0.13175669136025345,0.5067805924767776,0.23449334109057746,0.1212156699895995,0.00575370508279178
N0411HF,0.4052477255264543,0.5331363411640239,0.05673815813000321,0.00435074906624124,0.0005270261132771399
N0412HE,0.3081243357083058,0.5876021206860059,0.09641565604549855,0.0073952147304375895,0.00046267282975203
N0413HE,0.8674384458677281,0.1247615592093206,0.00646965533307727,0.00115485961048611,0.0001754799793878378
N0413HF,0.15108540709212892,0.8358000957148904,0.01124865409779326,0.0016328309900856999,0.00023301210510145493
N0414HE,0.7942473650589026,0.18812674052877795,0.015665684507551368,0.00175482494969421,0.00020538495507369984
N0414HF,0.0329964234506836,0.906577825681814,0.05925030599616639,0.00103903103168753,0.00013641383964835675
N0415HF,0.7726743925115681,0.2147681347882854,0.010958648887062081,0.00140045217775539,0.00019837163532886222
N0416HE,0.5867715354038896,0.40302737817810064,0.0086195569218303,0.00135445545205072,0.00022707404412853792
N0417HF,0.20888622817570726,0.5595281154316423,0.1490372733836543,0.08030419199690794,0.00224419101208807
N0419HF,0.04801646642078307,0.19636159880036633,0.26674864434639073,0.3717919663565162,0.11708132407594354
N0422HF,0.44255402339582195,0.5132698419899555,0.03882309747505368,0.00486426546205242,0.00048877167711619
N0423HF,0.7012120197751482,0.25893488232633977,0.03613800602493676,0.0032087358397478198,0.0005063560338273
N0424HE,0.6944346001745559,0.27208750806992266,0.026229460251142422,0.0068290962564184505,0.00041933524796023
N0425HE,0.40781429535754343,0.5081963059981363,0.07004511636413452,0.01248448392939528,0.0014597983507904399
N0425HF,0.3135399339261966,0.5315853186350126,0.11737746315174999,0.03595324672192214,0.00154403756511859
N0426HE,0.3821908258070603,0.5657084186029474,0.04644071960499626,0.0050190489528723296,0.0006409870321235
N0429HE,0.8645800915977034,0.1261726530730817,0.00730613798438849,0.0017496467247944101,0.00019147062003181176
N0430HE,0.7075606565610438,0.28285735467558104,0.00775489844798989,0.00161348765318078,0.00021360266220432156
N0430HF,0.11872504794108596,0.5376437722880529,0.2444248797266176,0.09527506281977802,0.00393123722446533
N0431HE,0.3173226408916846,0.6590736089240419,0.02112423013965139,0.00216294244370676,0.0003165776009151
N0431HF,0.01246162108973704,0.40426504847378536,0.5710252692348853,0.011956078064365711,0.0002919831372265602
N0432HD,0.6430488304681006,0.3187752440720996,0.03251007046817263,0.005260068248740301,0.00040578674288669
N0432HE,0.42985133767781375,0.4772326818032882,0.07712300831979377,0.01397300237011016,0.0018199698289939898
N0433HF,0.03489159051351169,0.14409278533722408,0.8059884650869483,0.014699435468348001,0.00032772359396764995
N0434HE,0.7183180283508601,0.27225343263523205,0.0080650382736566,0.00116057347069192,0.00020292726955916879
N0435HF,0.7731584854468936,0.21299516759106352,0.01069371476413682,0.00291944232792511,0.00023318986998077293
N0437HE,0.6459872277601579,0.32812551654603667,0.02263525951559741,0.00276630869020132,0.00048568748800647
N0438HF,0.01746567025603037,0.2980926777151228,0.6588659203573713,0.025122304462164142,0.00045342720931111
N0439HE,0.859158068159282,0.13478870706075155,0.00472241506502631,0.0011664832300198,0.00016432648492012834
N0440HF,0.16528061395371302,0.6116392392355994,0.19601605844935338,0.02506171852846164,0.00200236983287231
N0441HF,0.8284353277694729,0.16391295274276438,0.0064522354208117905,0.00104280088809164,0.0001566831788590342
N0442HE,0.08377732417572259,0.4241166723102169,0.3500642838398257,0.13749079453899962,0.00455092513523498
N0444HE,0.8348345840442182,0.15674076082961858,0.0073372493598784,0.0008956230925843999,0.00019178267370033802
N0446HF,0.8322192910693758,0.16077844109096362,0.00590538896084346,0.00092329305638233,0.00017358582243464334
N0447HF,0.02106257584577479,0.604813295964812,0.33192448997631857,0.04191755833151364,0.00028207988158071996
N0450HE,0.7478225610398629,0.2435343452502293,0.006947413632016159,0.0014614867595522,0.00023419331833931116
N0450HF,0.04758722002367472,0.17457410001092374,0.263355817783573,0.4092935098744291,0.10518935230739927
N0452HE,0.32259547723178367,0.5552176649049144,0.0943399917775203,0.026065855717462273,0.00178101036831916
N0452HF,0.22842108735407587,0.6653253684962777,0.0857082575780678,0.01871336348544663,0.00183192308613186
N0453HE,0.8783248742461227,0.11431038757529,0.00581455998520309,0.00140554366378074,0.00014463452960338018
N0455HF,0.14558256376196016,0.8452926908739794,0.00810380922100051,0.00089022170664858,0.00013071443641129578
N0456HE,0.6759673157062139,0.3017509247249007,0.01718306091478241,0.00485704136251651,0.00024165729158621003
N0457HE,0.020989751819472942,0.9610725215504144,0.0173178287848442,0.00052341655419178,9.64812910763939e-05
N0458HE,0.9616567234689312,0.035862820380990965,0.0018290194003026498,0.00057622141248473,7.521533729036998e-05
N0459HF,0.24466054023179215,0.5553118484335924,0.16255555022488827,0.03589350485319131,0.0015785562565357198
N0460HE,0.5446851129341083,0.44839633751936336,0.0057256125671963,0.00102512764041619,0.00016780933891578348
N0461HE,0.17280351404430752,0.6304274782888664,0.17490545233197344,0.01902370461216708,0.00283985072268544
N0462HE,0.7182544163845124,0.2526010165328177,0.025101305296231457,0.00372711664186571,0.00031614514457269
N0464HE,0.7699767895371457,0.22133455182206677,0.0075522048149821,0.0010021620962431198,0.00013429172956220942
N0465HE,0.674049804728248,0.3182851432094972,0.0061838729995662796,0.00129824827370504,0.0001829307889832055
N0465HF,0.2235245114694076,0.42673771987171644,0.2790565964707826,0.06908377348413744,0.00159739870395578
N0467HE,0.10870389393380919,0.6167400441371894,0.1435455092420593,0.126073402537194,0.0049371501497478204
N0467HF,0.9462347407231431,0.04902480610990975,0.0033707969664997,0.00128218076417096,8.747543627642209e-05
N0468HF,0.026152423207362753,0.10698435477723447,0.2594283928848991,0.41245532759094566,0.19497950153955784
N0470HF,0.6166201512049291,0.3595348229817536,0.02172136753590739,0.0018700423678396998,0.00025361590956995
N0471HF,0.46448005736417136,0.47159013917776926,0.058317038727515716,0.00514745798248179,0.00046530674806172
N0472HE,0.5800810873245072,0.4076029393108763,0.00990589344764939,0.0021862231314784203,0.0002238567854885
N0472HF,0.13513835823088932,0.5457973803110785,0.2737117833478625,0.03596421693131217,0.009388261178857351
N0475HE,0.3724604257835681,0.5461059402858117,0.07714294055118771,0.0037893296473988196,0.00050136373203348
N0475HF,0.5844058749598886,0.36798523548323653,0.041549751809969074,0.00561444420319244,0.00044469354371318
N0478HF,0.6080731185162154,0.3849139002208405,0.00562595384607053,0.0011982784121707,0.00018874900470280416
N0479HE,0.6894813947630218,0.2846492547089571,0.0214367239510358,0.0040515595259464,0.00038106705103869
N0480HE,0.13350301578679238,0.6062704674372299,0.2150200456037427,0.03998581532850689,0.00522065584372798
N0483HE,0.5136953902785617,0.4372891207968833,0.04561580764019675,0.0030986544809995,0.00030102680335858
N0483HF,0.7298293077470273,0.2491686390067797,0.01604336181102731,0.00455837637543449,0.000400315059731
N0485HE,0.6845435664246645,0.30433149645885893,0.00962535007889398,0.00129503719230526,0.00020454984527705
N0486HE,0.1999266418873779,0.7849735445326212,0.01384095195369176,0.0010171428764657602,0.00024171874984314678
N0486HF,0.7886480889385439,0.19932812297900468,0.010230007465433729,0.0015670571021229498,0.00022672351489467116
N0487HE,0.8267793096618645,0.16355171963053614,0.008650166285580971,0.000853251024682,0.0001655533973362896
N0487HF,0.6356533445945978,0.3380257129120685,0.02364644248737635,0.00227407459208121,0.00040042541387595997
N0488HE,0.00753726669825721,0.9757013629468568,0.01629159169171261,0.00041073050782257543,5.90481553505512e-05
N0491HE,0.6921688368962707,0.29008586021611366,0.0149285717757164,0.0025103197535419402,0.00030641135835718
N0491HF,0.7455280126673162,0.24371755630674313,0.009590654477189781,0.0009630622628519099,0.00020071428589883065
N0492HF,0.8544704569457308,0.13894605761784018,0.00550170087082757,0.00092418339651653,0.00015760116908478415
N0495HF,0.4996137276776806,0.47158661488452314,0.026083799679574193,0.00230047454182383,0.00041538321639804
N0496HE,0.10481801152434786,0.2780191096499977,0.4467145681251523,0.16022031164232553,0.01022799905817643
N0496HF,0.8185528825903763,0.17521504194891926,0.00529482496708237,0.0007933829670307699,0.00014386752659114146
N0499HE,0.772174195404176,0.20150532256412287,0.02342940168553532,0.00264077947034949,0.00025030087581619985
