{
 "cells": [
  {
   "cell_type": "markdown",
   "metadata": {},
   "source": [
    "## ルールベースでやったらいけんじゃね？"
   ]
  },
  {
   "cell_type": "code",
   "execution_count": 1,
   "metadata": {},
   "outputs": [],
   "source": [
    "import pandas as pd\n",
    "train = pd.read_csv(\"../data/train.csv\")\n",
    "test = pd.read_csv(\"../data/test.csv\")\n",
    "sub = pd.read_csv(\"../exp_13/output/submit.csv\")"
   ]
  },
  {
   "cell_type": "code",
   "execution_count": 2,
   "metadata": {},
   "outputs": [
    {
     "data": {
      "text/html": [
       "<div>\n",
       "<style scoped>\n",
       "    .dataframe tbody tr th:only-of-type {\n",
       "        vertical-align: middle;\n",
       "    }\n",
       "\n",
       "    .dataframe tbody tr th {\n",
       "        vertical-align: top;\n",
       "    }\n",
       "\n",
       "    .dataframe thead th {\n",
       "        text-align: right;\n",
       "    }\n",
       "</style>\n",
       "<table border=\"1\" class=\"dataframe\">\n",
       "  <thead>\n",
       "    <tr style=\"text-align: right;\">\n",
       "      <th></th>\n",
       "      <th>ncode</th>\n",
       "      <th>general_firstup</th>\n",
       "      <th>title</th>\n",
       "      <th>story</th>\n",
       "      <th>keyword</th>\n",
       "      <th>userid</th>\n",
       "      <th>writer</th>\n",
       "      <th>biggenre</th>\n",
       "      <th>genre</th>\n",
       "      <th>novel_type</th>\n",
       "      <th>end</th>\n",
       "      <th>isstop</th>\n",
       "      <th>isr15</th>\n",
       "      <th>isbl</th>\n",
       "      <th>isgl</th>\n",
       "      <th>iszankoku</th>\n",
       "      <th>istensei</th>\n",
       "      <th>istenni</th>\n",
       "      <th>pc_or_k</th>\n",
       "      <th>fav_novel_cnt_bin</th>\n",
       "    </tr>\n",
       "  </thead>\n",
       "  <tbody>\n",
       "    <tr>\n",
       "      <th>0</th>\n",
       "      <td>N7588B</td>\n",
       "      <td>2007-04-01 16:40:57</td>\n",
       "      <td>暗い窓辺と皇帝の北の宮</td>\n",
       "      <td>※新しく手直ししました。\\n\\nhttp://ncode.syosetu.com/n2539...</td>\n",
       "      <td>ファンタジー SF 天使 小人 猫</td>\n",
       "      <td>9904</td>\n",
       "      <td>梅田浩志</td>\n",
       "      <td>4</td>\n",
       "      <td>402</td>\n",
       "      <td>1</td>\n",
       "      <td>0</td>\n",
       "      <td>0</td>\n",
       "      <td>0</td>\n",
       "      <td>0</td>\n",
       "      <td>0</td>\n",
       "      <td>0</td>\n",
       "      <td>0</td>\n",
       "      <td>0</td>\n",
       "      <td>0</td>\n",
       "      <td>1</td>\n",
       "    </tr>\n",
       "  </tbody>\n",
       "</table>\n",
       "</div>"
      ],
      "text/plain": [
       "    ncode      general_firstup        title  \\\n",
       "0  N7588B  2007-04-01 16:40:57  暗い窓辺と皇帝の北の宮   \n",
       "\n",
       "                                               story            keyword  \\\n",
       "0  ※新しく手直ししました。\\n\\nhttp://ncode.syosetu.com/n2539...  ファンタジー SF 天使 小人 猫   \n",
       "\n",
       "   userid writer  biggenre  genre  novel_type  end  isstop  isr15  isbl  isgl  \\\n",
       "0    9904   梅田浩志         4    402           1    0       0      0     0     0   \n",
       "\n",
       "   iszankoku  istensei  istenni  pc_or_k  fav_novel_cnt_bin  \n",
       "0          0         0        0        0                  1  "
      ]
     },
     "execution_count": 2,
     "metadata": {},
     "output_type": "execute_result"
    }
   ],
   "source": [
    "train.head(1)"
   ]
  },
  {
   "cell_type": "code",
   "execution_count": 3,
   "metadata": {},
   "outputs": [
    {
     "data": {
      "text/html": [
       "<div>\n",
       "<style scoped>\n",
       "    .dataframe tbody tr th:only-of-type {\n",
       "        vertical-align: middle;\n",
       "    }\n",
       "\n",
       "    .dataframe tbody tr th {\n",
       "        vertical-align: top;\n",
       "    }\n",
       "\n",
       "    .dataframe thead th {\n",
       "        text-align: right;\n",
       "    }\n",
       "</style>\n",
       "<table border=\"1\" class=\"dataframe\">\n",
       "  <thead>\n",
       "    <tr style=\"text-align: right;\">\n",
       "      <th></th>\n",
       "      <th>ncode</th>\n",
       "      <th>proba_0</th>\n",
       "      <th>proba_1</th>\n",
       "      <th>proba_2</th>\n",
       "      <th>proba_3</th>\n",
       "      <th>proba_4</th>\n",
       "    </tr>\n",
       "  </thead>\n",
       "  <tbody>\n",
       "    <tr>\n",
       "      <th>0</th>\n",
       "      <td>N0001HE</td>\n",
       "      <td>0.885728</td>\n",
       "      <td>0.110121</td>\n",
       "      <td>0.003019</td>\n",
       "      <td>0.000802</td>\n",
       "      <td>0.000330</td>\n",
       "    </tr>\n",
       "    <tr>\n",
       "      <th>1</th>\n",
       "      <td>N0002HE</td>\n",
       "      <td>0.183997</td>\n",
       "      <td>0.795386</td>\n",
       "      <td>0.018803</td>\n",
       "      <td>0.001382</td>\n",
       "      <td>0.000432</td>\n",
       "    </tr>\n",
       "    <tr>\n",
       "      <th>2</th>\n",
       "      <td>N0004HF</td>\n",
       "      <td>0.602183</td>\n",
       "      <td>0.368384</td>\n",
       "      <td>0.023715</td>\n",
       "      <td>0.004504</td>\n",
       "      <td>0.001214</td>\n",
       "    </tr>\n",
       "    <tr>\n",
       "      <th>3</th>\n",
       "      <td>N0005HE</td>\n",
       "      <td>0.004398</td>\n",
       "      <td>0.016972</td>\n",
       "      <td>0.374448</td>\n",
       "      <td>0.583504</td>\n",
       "      <td>0.020678</td>\n",
       "    </tr>\n",
       "    <tr>\n",
       "      <th>4</th>\n",
       "      <td>N0006HF</td>\n",
       "      <td>0.052164</td>\n",
       "      <td>0.504064</td>\n",
       "      <td>0.394847</td>\n",
       "      <td>0.040554</td>\n",
       "      <td>0.008370</td>\n",
       "    </tr>\n",
       "  </tbody>\n",
       "</table>\n",
       "</div>"
      ],
      "text/plain": [
       "     ncode   proba_0   proba_1   proba_2   proba_3   proba_4\n",
       "0  N0001HE  0.885728  0.110121  0.003019  0.000802  0.000330\n",
       "1  N0002HE  0.183997  0.795386  0.018803  0.001382  0.000432\n",
       "2  N0004HF  0.602183  0.368384  0.023715  0.004504  0.001214\n",
       "3  N0005HE  0.004398  0.016972  0.374448  0.583504  0.020678\n",
       "4  N0006HF  0.052164  0.504064  0.394847  0.040554  0.008370"
      ]
     },
     "execution_count": 3,
     "metadata": {},
     "output_type": "execute_result"
    }
   ],
   "source": [
    "sub.head()"
   ]
  },
  {
   "cell_type": "code",
   "execution_count": 4,
   "metadata": {},
   "outputs": [],
   "source": [
    "from collections import Counter\n",
    "import numpy as np"
   ]
  },
  {
   "cell_type": "code",
   "execution_count": 5,
   "metadata": {},
   "outputs": [],
   "source": [
    "test = test.sort_values(\"ncode\").reset_index(drop=True)"
   ]
  },
  {
   "cell_type": "code",
   "execution_count": 6,
   "metadata": {},
   "outputs": [
    {
     "name": "stdout",
     "output_type": "stream",
     "text": [
      "5184\n"
     ]
    }
   ],
   "source": [
    "cnt = 0\n",
    "ncode_dict = {}\n",
    "for i, row in test.iterrows():\n",
    "    if row[\"writer\"] in list(train[\"writer\"]):\n",
    "        l = [0]*5\n",
    "        d = {0:0, 1:0, 2:0, 3:0, 4:0} \n",
    "        tmp_list = train.query(\"writer == @row['writer']\")[\"fav_novel_cnt_bin\"].to_list()\n",
    "        for j in tmp_list:\n",
    "            d[j] += 1\n",
    "        ncode_dict[row[\"ncode\"]] = list(d.values()) / np.sum(list(d.values()))\n",
    "        cnt+=1\n",
    "    else:\n",
    "        ncode_dict[row[\"ncode\"]] = np.nan\n",
    "\n",
    "print(cnt)"
   ]
  },
  {
   "cell_type": "code",
   "execution_count": 7,
   "metadata": {},
   "outputs": [
    {
     "name": "stdout",
     "output_type": "stream",
     "text": [
      "[0.84210526 0.15789474 0.         0.         0.        ]\n",
      "[0.8857276480429845 0.1101213417647331 0.0030189853055558\n",
      " 0.0008016093576891 0.0003304155290373]\n",
      "[0.07407407 0.77777778 0.11111111 0.03703704 0.        ]\n",
      "[0.1839974693413224 0.7953855950634001 0.0188033881644102\n",
      " 0.0013815397398207 0.0004320076910464]\n",
      "[1. 0. 0. 0. 0.]\n",
      "[0.0043980005879274 0.0169721568408316 0.3744478823340984\n",
      " 0.5835036195946395 0.020678340642503]\n",
      "[0.    0.875 0.125 0.    0.   ]\n",
      "[0.0521642530082633 0.504063733648253 0.3948473690078801\n",
      " 0.0405541978099599 0.0083704465256435]\n",
      "[0.25 0.75 0.   0.   0.  ]\n",
      "[0.2766902128032281 0.6535642505541063 0.0615008245258357\n",
      " 0.0065299217355232 0.0017147903813065]\n",
      "[0. 1. 0. 0. 0.]\n",
      "[0.8578963961603268 0.1338587834520484 0.0066537109577925\n",
      " 0.001215359688984 0.000375749740848]\n",
      "[0.85333333 0.10666667 0.04       0.         0.        ]\n",
      "[0.8996658449868459 0.0962634672994467 0.0029514088683296\n",
      " 0.0007936259318542 0.0003256529135234]\n",
      "[0.75757576 0.24242424 0.         0.         0.        ]\n",
      "[0.80919772757695 0.1769692009336234 0.0098918900038075 0.0027928389701038\n",
      " 0.0011483425155152]\n",
      "[0.         0.14285714 0.57142857 0.28571429 0.        ]\n",
      "[0.0562492361034334 0.4243869195185131 0.4766166466934091\n",
      " 0.0376484022641734 0.0050987954204707]\n",
      "[0.  0.4 0.6 0.  0. ]\n",
      "[0.1289216585087436 0.4415498929834575 0.401961343504124\n",
      " 0.0242687581413748 0.0032983468622999]\n",
      "[0.         0.47368421 0.10526316 0.42105263 0.        ]\n",
      "[0.0075871594227886 0.0686144052301932 0.4060326217135468\n",
      " 0.4889671903421765 0.0287986232912946]\n",
      "[0.  0.5 0.  0.5 0. ]\n",
      "[0.0648990564740625 0.2457682975164282 0.3244132179971032\n",
      " 0.2876410646888152 0.0772783633235908]\n",
      "[1. 0. 0. 0. 0.]\n",
      "[0.3843820707351598 0.4638635085543419 0.1049288492670711\n",
      " 0.0397234531302534 0.0071021183131736]\n",
      "[0.  0.8 0.2 0.  0. ]\n",
      "[0.1408786962941113 0.777199147333854 0.0773927121545749\n",
      " 0.0036321659463706 0.0008972782710891]\n",
      "[1. 0. 0. 0. 0.]\n",
      "[0.1909652316984568 0.4424760895286064 0.2329150024171924\n",
      " 0.0959597910962901 0.0376838852594542]\n",
      "[0.6 0.4 0.  0.  0. ]\n",
      "[0.5005120149143083 0.4374261086452898 0.0461354694748731\n",
      " 0.0123977452849365 0.003528661680592]\n",
      "[0.11111111 0.88888889 0.         0.         0.        ]\n",
      "[0.1796107065290468 0.7863490695177526 0.0298143793530141\n",
      " 0.0031913190055447 0.0010345255946416]\n",
      "[0.   0.55 0.45 0.   0.  ]\n",
      "[0.0890506220770774 0.7972047268601989 0.107009369596115\n",
      " 0.0053476157697165 0.0013876656968919]\n",
      "[0.91011236 0.08988764 0.         0.         0.        ]\n",
      "[0.933196133867775 0.064452203086924 0.0016975134405032 0.0004546797298956\n",
      " 0.0001994698749019]\n",
      "[0.         0.66666667 0.33333333 0.         0.        ]\n",
      "[0.1676915367126594 0.7298290781878163 0.0961065737935178\n",
      " 0.0052470396287569 0.0011257716772495]\n",
      "[0.5 0.5 0.  0.  0. ]\n",
      "[0.3598792579764068 0.5395861944525626 0.0694303982576679\n",
      " 0.0221408257970372 0.0089633235163252]\n",
      "[0. 1. 0. 0. 0.]\n",
      "[0.0544014380957875 0.2956382382874541 0.3589699367369591\n",
      " 0.2405653401549483 0.0504250467248508]\n",
      "[0.75 0.25 0.   0.   0.  ]\n",
      "[0.7104510632359121 0.2745734668391823 0.0118193293625925\n",
      " 0.0024182177227602 0.0007379228395526]\n",
      "[0.         0.33333333 0.66666667 0.         0.        ]\n",
      "[0.059332945054614 0.3839133686619653 0.5080635325830086\n",
      " 0.0433391246575544 0.0053510290428575]\n",
      "[0. 0. 1. 0. 0.]\n",
      "[0.2128748273574276 0.4245285345938394 0.2997620981580427\n",
      " 0.0554680697769692 0.007366470113721]\n",
      "[1. 0. 0. 0. 0.]\n",
      "[0.893545697976139 0.1019632487997464 0.0034559686558709\n",
      " 0.0007448612318083 0.0002902233364351]\n",
      "[0. 0. 0. 1. 0.]\n",
      "[0.0025950675617437 0.012369257229371 0.1163340682054844\n",
      " 0.4510129963494734 0.4176886106539274]\n",
      "[0.8 0.2 0.  0.  0. ]\n",
      "[0.557111193798123 0.4173088305825233 0.0196926857900946 0.004152864740918\n",
      " 0.0017344250883409]\n",
      "[1. 0. 0. 0. 0.]\n",
      "[0.828544742051846 0.1647887637317985 0.004875988375018 0.0012213174096541\n",
      " 0.0005691884316832]\n",
      "[0. 1. 0. 0. 0.]\n",
      "[0.3528848769392901 0.6050291523387595 0.0376561201382314\n",
      " 0.0035593933318158 0.000870457251903]\n",
      "[0. 1. 0. 0. 0.]\n",
      "[0.3471351292856451 0.617261924148529 0.0318551513369444\n",
      " 0.0030753343262878 0.0006724609025936]\n",
      "[0.84210526 0.15789474 0.         0.         0.        ]\n",
      "[0.8870962365064049 0.1087022388237902 0.0029879121119413\n",
      " 0.0008412870257017 0.0003723255321616]\n",
      "[0.125 0.75  0.125 0.    0.   ]\n",
      "[0.2562530690619285 0.710849895032669 0.0289604953705449\n",
      " 0.0030696150427017 0.0008669254921557]\n",
      "[0.16666667 0.75       0.08333333 0.         0.        ]\n",
      "[0.1730638912180105 0.7839882593218949 0.0394063292450488\n",
      " 0.0029093387920099 0.0006321814230357]\n",
      "[0.         0.69230769 0.15384615 0.15384615 0.        ]\n",
      "[0.0858487746431598 0.811325669430242 0.0961985865993304\n",
      " 0.0055072836508467 0.001119685676421]\n",
      "[0.  0.5 0.5 0.  0. ]\n",
      "[0.2229707937831865 0.6253139400104237 0.1419692043604604\n",
      " 0.0082190106167667 0.0015270512291624]\n",
      "[1. 0. 0. 0. 0.]\n",
      "[0.7943775240365839 0.1979401613075928 0.0058549621401113\n",
      " 0.0013158691404605 0.0005114833752516]\n",
      "[0.         0.83333333 0.16666667 0.         0.        ]\n",
      "[0.1130933671594948 0.8159865957079256 0.06260936558595 0.0063161535839885\n",
      " 0.0019945179626411]\n",
      "[0.90517241 0.09482759 0.         0.         0.        ]\n",
      "[0.9368543463911092 0.0594159969217527 0.002677241550134\n",
      " 0.0007372321734606 0.0003151829635436]\n",
      "[0. 1. 0. 0. 0.]\n",
      "[0.0896171039054544 0.6607612315699447 0.2147863900408911\n",
      " 0.0273350964474431 0.0075001780362667]\n",
      "[0.  0.5 0.5 0.  0. ]\n",
      "[0.0534114108087379 0.3147814469803459 0.4694972545447786\n",
      " 0.1382619450590856 0.0240479426070518]\n",
      "[1. 0. 0. 0. 0.]\n",
      "[0.8232353430150461 0.1688949831125241 0.0060794956531039\n",
      " 0.0012564125157788 0.000533765703547]\n",
      "[0.66666667 0.33333333 0.         0.         0.        ]\n",
      "[0.7594870471670361 0.2327624678390743 0.0062880098843238\n",
      " 0.0011057505664526 0.000356724543113]\n",
      "[0.06666667 0.86666667 0.06666667 0.         0.        ]\n",
      "[0.1780537137008861 0.7456488809317335 0.0683359221077332\n",
      " 0.0066233647157844 0.0013381185438626]\n",
      "[1. 0. 0. 0. 0.]\n",
      "[0.7658930815663372 0.2141081461336929 0.0156066022885016\n",
      " 0.0034364435977237 0.0009557264137442]\n",
      "[0.71428571 0.28571429 0.         0.         0.        ]\n",
      "[0.8409556259294956 0.1521538410310061 0.0052981392320471\n",
      " 0.0011322101959601 0.0004601836114909]\n",
      "[0.84210526 0.15789474 0.         0.         0.        ]\n",
      "[0.8653736752628494 0.1258390882207569 0.0063599773604169\n",
      " 0.0018648311008563 0.0005624280551203]\n",
      "[0.06666667 0.86666667 0.06666667 0.         0.        ]\n",
      "[0.0435625661654185 0.6214321204028481 0.2735460922103064\n",
      " 0.0470484283314025 0.0144107928900243]\n",
      "[0.69230769 0.30769231 0.         0.         0.        ]\n",
      "[0.811656804790711 0.1822070773586939 0.0047546470600498 0.000968388419118\n",
      " 0.0004130823714269]\n",
      "[0. 1. 0. 0. 0.]\n",
      "[0.3780820910429296 0.5713630818348306 0.0431381605994983\n",
      " 0.0056091989815296 0.0018074675412116]\n",
      "[0.6875 0.3125 0.     0.     0.    ]\n",
      "[0.7468337179375346 0.2432166750305674 0.0077595623501936\n",
      " 0.0016204418849953 0.0005696027967088]\n",
      "[1. 0. 0. 0. 0.]\n",
      "[0.9078878919809574 0.088695227298891 0.0025562157819952\n",
      " 0.0006123024635715 0.0002483624745848]\n",
      "[0.37142857 0.62857143 0.         0.         0.        ]\n",
      "[0.3445094114339848 0.6136964009893968 0.0369843612694364\n",
      " 0.0036431967388746 0.0011666295683072]\n",
      "[0.57142857 0.42857143 0.         0.         0.        ]\n",
      "[0.6423549838263997 0.3458710339937149 0.0093434647164263\n",
      " 0.0018218519054766 0.0006086655579823]\n",
      "[0. 0. 1. 0. 0.]\n",
      "[0.0409589674236515 0.2374548992452724 0.415906723553631\n",
      " 0.2574143154768596 0.0482650943005854]\n",
      "[0.33333333 0.33333333 0.33333333 0.         0.        ]\n",
      "[0.4047383381738759 0.457561138182826 0.1134786559468674 0.018967817735104\n",
      " 0.0052540499613265]\n",
      "[0.         0.88709677 0.11290323 0.         0.        ]\n",
      "[0.0218543392107929 0.8781425468145623 0.0967569973281342\n",
      " 0.0024659634243037 0.0007801532222067]\n",
      "[1. 0. 0. 0. 0.]\n",
      "[0.7606010693317437 0.2156043256707584 0.0183976401366416\n",
      " 0.0041619128179839 0.0012350520428722]\n",
      "[0.84210526 0.15789474 0.         0.         0.        ]\n",
      "[0.8509990842312 0.1424713373373048 0.004657837123691 0.0013111679219214\n",
      " 0.0005605733858826]\n",
      "[0.94444444 0.05555556 0.         0.         0.        ]\n",
      "[0.8956281316998282 0.1006683595914243 0.002769854227608\n",
      " 0.0006723649070663 0.000261289574073]\n",
      "[0.96428571 0.03571429 0.         0.         0.        ]\n",
      "[0.8352932770642004 0.1428385121331919 0.0134127866456355\n",
      " 0.0058477164578506 0.0026077076991213]\n",
      "[0. 1. 0. 0. 0.]\n",
      "[0.0776919974034678 0.8991320448805521 0.0207335250754726\n",
      " 0.001785951079703 0.0006564815608043]\n",
      "[0. 0. 1. 0. 0.]\n",
      "[0.051009782462568 0.2913110513226339 0.5102491215869662\n",
      " 0.1308949419943893 0.0165351026334423]\n",
      "[1. 0. 0. 0. 0.]\n",
      "[0.8217367007725649 0.1645455352624808 0.0105972139749729\n",
      " 0.0023584752409422 0.000762074749039]\n",
      "[1. 0. 0. 0. 0.]\n",
      "[0.8748918946688585 0.1185998957040266 0.0047419705265659\n",
      " 0.0012841697558764 0.0004820693446726]\n",
      "[0.90909091 0.09090909 0.         0.         0.        ]\n",
      "[0.8721167571422394 0.1222345583216323 0.0038938451441187\n",
      " 0.0013233604721444 0.0004314789198651]\n",
      "[1. 0. 0. 0. 0.]\n",
      "[0.8652541640427318 0.1265580791754074 0.0056683855128183\n",
      " 0.001809802946386 0.0007095683226564]\n",
      "[0.         0.94915254 0.05084746 0.         0.        ]\n",
      "[0.0459222501680352 0.92098868512923 0.0305578856092414 0.0019677379318911\n",
      " 0.0005634411616021]\n",
      "[1. 0. 0. 0. 0.]\n",
      "[0.9289712445661022 0.0688087695037463 0.0015990232811498\n",
      " 0.0004442999077298 0.0001766627412716]\n",
      "[1. 0. 0. 0. 0.]\n",
      "[0.8833633666911453 0.1111674714529222 0.0039415070936119\n",
      " 0.001092543669941 0.0004351110923795]\n",
      "[0.25 0.5  0.   0.25 0.  ]\n",
      "[0.4380036760690514 0.5300325149272747 0.0261822461585754\n",
      " 0.0044851374939213 0.0012964253511772]\n",
      "[1. 0. 0. 0. 0.]\n",
      "[0.2641439231070704 0.4446598127779809 0.1866003009044012\n",
      " 0.0709558889689206 0.0336400742416269]\n",
      "[0.41935484 0.58064516 0.         0.         0.        ]\n",
      "[0.4885030732647799 0.4881390589226478 0.0198633002635875\n",
      " 0.0026491763133815 0.0008453912356032]\n",
      "[0.97727273 0.02272727 0.         0.         0.        ]\n",
      "[0.9116213692547908 0.0791551759367933 0.0063014536685702\n",
      " 0.0020592839372592 0.0008627172025864]\n",
      "[0.41509434 0.58490566 0.         0.         0.        ]\n",
      "[0.5030000153510301 0.48917143851258 0.0067073955506817 0.0008123726554791\n",
      " 0.000308777930229]\n",
      "[0.66666667 0.33333333 0.         0.         0.        ]\n",
      "[0.7990145206838524 0.1926736241222957 0.0064588255333525\n",
      " 0.0013852753403228 0.0004677543201765]\n",
      "[0.         0.66666667 0.33333333 0.         0.        ]\n",
      "[0.13611093710421 0.7671533796042318 0.0886881131611761 0.0063034498116783\n",
      " 0.0017441203187037]\n",
      "[1. 0. 0. 0. 0.]\n",
      "[0.7341527297634863 0.2441932128636117 0.0170428977645741\n",
      " 0.0036473360661571 0.0009638235421704]\n",
      "[0. 1. 0. 0. 0.]\n",
      "[0.3362143562857191 0.516215577285603 0.1202022952846296\n",
      " 0.0228821674912406 0.0044856036528075]\n",
      "[0. 0. 0. 1. 0.]\n",
      "[0.0052222659608787 0.0363856911216331 0.2906320610429879\n",
      " 0.5295913904633479 0.1381685914111522]\n",
      "[0.48275862 0.48275862 0.03448276 0.         0.        ]\n",
      "[0.2320775141225643 0.5929635506903687 0.1219610590844032\n",
      " 0.0402847480105326 0.0127131280921311]\n",
      "[0. 1. 0. 0. 0.]\n",
      "[0.0300011395293905 0.9485870217920632 0.0195190521713585\n",
      " 0.0014781572848407 0.0004146292223467]\n",
      "[0.41509434 0.58490566 0.         0.         0.        ]\n",
      "[0.4734092020104648 0.5166359905033278 0.008297598218382\n",
      " 0.0012433624157191 0.0004138468521061]\n",
      "[0.80606061 0.19393939 0.         0.         0.        ]\n",
      "[0.7641867878466002 0.2066530479092233 0.0174522989650118\n",
      " 0.0083696441623534 0.0033382211168111]\n",
      "[0.         0.58333333 0.41666667 0.         0.        ]\n",
      "[0.0505179468000733 0.5171953600407937 0.3907328283285261\n",
      " 0.0332154427001385 0.0083384221304683]\n",
      "[0.9 0.1 0.  0.  0. ]\n",
      "[0.8328766189205427 0.1602654271548275 0.0051216028344086\n",
      " 0.001253194481392 0.000483156608829]\n",
      "[0.57142857 0.42857143 0.         0.         0.        ]\n",
      "[0.5718657381366901 0.3973585388943492 0.0251075524926993\n",
      " 0.0043332028429933 0.001334967633268]\n",
      "[0.40350877 0.56140351 0.03508772 0.         0.        ]\n",
      "[0.4487348164901845 0.5211950112971053 0.0255720631064377\n",
      " 0.0033684953573616 0.0011296137489108]\n",
      "[0.         0.34042553 0.58510638 0.07446809 0.        ]\n",
      "[0.0237667999151394 0.5265661284816064 0.4238620305196331\n",
      " 0.0227558481178263 0.0030491929657947]\n",
      "[0.         0.94915254 0.05084746 0.         0.        ]\n",
      "[0.0424135381458734 0.9406005652883442 0.0155342074981806\n",
      " 0.001125724820802 0.0003259642467997]\n",
      "[0.125 0.875 0.    0.    0.   ]\n",
      "[0.2149761366631365 0.7241963704777816 0.0543570597472402\n",
      " 0.0051170340566394 0.0013533990552022]\n",
      "[0.89473684 0.10526316 0.         0.         0.        ]\n",
      "[0.8544494828540612 0.1329816219688478 0.0086760125948013\n",
      " 0.0028420001333628 0.0010508824489267]\n",
      "[0.33333333 0.66666667 0.         0.         0.        ]\n",
      "[0.5319316857633591 0.4507329137526303 0.0147463475886628\n",
      " 0.0019482530976398 0.0006407997977078]\n",
      "[0. 1. 0. 0. 0.]\n",
      "[0.1610821220626965 0.801921170644792 0.0337544128297711\n",
      " 0.0024890437657132 0.0007532506970271]\n",
      "[0.16666667 0.5        0.33333333 0.         0.        ]\n",
      "[0.3815069287386714 0.4530260339969382 0.141415238682537\n",
      " 0.0202731403781669 0.0037786582036863]\n",
      "[1. 0. 0. 0. 0.]\n",
      "[0.885929972185836 0.1076756275501104 0.0049181413363407\n",
      " 0.0010539855741354 0.0004222733535771]\n",
      "[0. 0. 0. 0. 1.]\n",
      "[0.0077882884914859 0.0379966791973933 0.1894093665825952\n",
      " 0.3523665042978368 0.4124391614306886]\n",
      "[1. 0. 0. 0. 0.]\n",
      "[0.8535312351152522 0.1348604304723953 0.008776789969566\n",
      " 0.0021985340585791 0.0006330103842072]\n",
      "[0.91666667 0.08333333 0.         0.         0.        ]\n",
      "[0.9015796385197486 0.0947523748599258 0.0027057635324786\n",
      " 0.0006419796423188 0.0003202434455279]\n",
      "[0.75 0.25 0.   0.   0.  ]\n",
      "[0.8733886834723569 0.1214175863697945 0.0039393134638492\n",
      " 0.0008617811211894 0.00039263557281]\n",
      "[0. 1. 0. 0. 0.]\n",
      "[0.2868308560833751 0.604473326838237 0.0853948400936197\n",
      " 0.0174453480061384 0.0058556289786298]\n"
     ]
    },
    {
     "name": "stderr",
     "output_type": "stream",
     "text": [
      "/usr/local/lib/python3.8/site-packages/pandas/core/indexing.py:719: FutureWarning: Slicing a positional slice with .loc is not supported, and will raise TypeError in a future version.  Use .loc with labels or .iloc with positions instead.\n",
      "  indexer = self._get_setitem_indexer(key)\n"
     ]
    },
    {
     "name": "stdout",
     "output_type": "stream",
     "text": [
      "[0.25 0.75 0.   0.   0.  ]\n",
      "[0.4356302200716833 0.548410805736991 0.0139140898649105\n",
      " 0.0015945735769953 0.0004503107494198]\n",
      "[0.86666667 0.13333333 0.         0.         0.        ]\n",
      "[0.6980817133680441 0.2741785390840922 0.0205838000340375\n",
      " 0.0049138695712093 0.0022420779426167]\n",
      "[0.9 0.1 0.  0.  0. ]\n",
      "[0.9233317433030654 0.0739049755709382 0.0020002516863961\n",
      " 0.0005480587907334 0.0002149706488666]\n",
      "[0.         0.55555556 0.33333333 0.11111111 0.        ]\n",
      "[0.0458717500386647 0.5258913085865542 0.3719931593742512\n",
      " 0.0433993100472495 0.0128444719532804]\n",
      "[1. 0. 0. 0. 0.]\n",
      "[0.8743394871852525 0.1181157738551881 0.0052125825424046\n",
      " 0.0017972767265972 0.0005348796905574]\n",
      "[0.86666667 0.13333333 0.         0.         0.        ]\n",
      "[0.6972785273969003 0.2785030194608339 0.017515916216084\n",
      " 0.0044995348707002 0.0022030020554817]\n",
      "[0. 0. 1. 0. 0.]\n",
      "[0.0454100889694146 0.3301176767872297 0.4945442412139957\n",
      " 0.1058092374032534 0.0241187556261062]\n",
      "[0.         0.         0.16666667 0.83333333 0.        ]\n",
      "[0.0102707225970193 0.0452488360113006 0.2608392952185064\n",
      " 0.5615886191047113 0.1220525270684621]\n",
      "[1. 0. 0. 0. 0.]\n",
      "[0.8741506877981354 0.1200125306075149 0.0041135422827432\n",
      " 0.0013128164723825 0.0004104228392238]\n",
      "[0.625 0.375 0.    0.    0.   ]\n",
      "[0.7011091118592807 0.2878046871376861 0.0084797993443495\n",
      " 0.0018691966990668 0.0007372049596168]\n",
      "[0.44444444 0.55555556 0.         0.         0.        ]\n",
      "[0.2449738866728792 0.5750830863073093 0.1372424124440338\n",
      " 0.0352042127313717 0.0074964018444056]\n",
      "[0.   0.75 0.25 0.   0.  ]\n",
      "[0.0707686373813231 0.8507071306459577 0.0723905897403672\n",
      " 0.0050215342652165 0.0011121079671353]\n",
      "[0.75 0.25 0.   0.   0.  ]\n",
      "[0.30967683324228 0.4968562663513931 0.1211354005207698 0.0562218583266082\n",
      " 0.0161096415589485]\n",
      "[1. 0. 0. 0. 0.]\n",
      "[0.7763390767316449 0.2027813086759497 0.015905824747756\n",
      " 0.0034975644789817 0.0014762253656675]\n",
      "[0. 0. 1. 0. 0.]\n",
      "[0.0567959485924292 0.3433868803108213 0.4811590982840218\n",
      " 0.1015504571047763 0.0171076157079511]\n",
      "[0.84 0.16 0.   0.   0.  ]\n",
      "[0.888122158036114 0.1083133672674656 0.0025049975611155 0.000759652732289\n",
      " 0.0002998244030157]\n",
      "[0.83333333 0.16666667 0.         0.         0.        ]\n",
      "[0.4514111208246077 0.5027761543156626 0.0367121040613448\n",
      " 0.0070999804217783 0.0020006403766064]\n",
      "[0.         0.90909091 0.09090909 0.         0.        ]\n",
      "[0.1608499689489228 0.7347619890124203 0.0927382389367248\n",
      " 0.0089738681665583 0.0026759349353737]\n",
      "[0.33333333 0.66666667 0.         0.         0.        ]\n",
      "[0.432724778487681 0.4901743093536803 0.0618944815806575 0.012201820915901\n",
      " 0.0030046096620801]\n",
      "[0.25 0.75 0.   0.   0.  ]\n",
      "[0.2636549463021186 0.7142418027470445 0.0192513549480047\n",
      " 0.0021508565588258 0.0007010394440063]\n",
      "[0.5 0.5 0.  0.  0. ]\n",
      "[0.7898871759687154 0.2001681281350122 0.0072790426180853\n",
      " 0.0020389633311162 0.0006266899470709]\n",
      "[1. 0. 0. 0. 0.]\n",
      "[0.6546037974699259 0.3170938330546872 0.0217260547076956\n",
      " 0.0048018696497727 0.0017744451179184]\n",
      "[0.  0.1 0.2 0.5 0.2]\n",
      "[0.5554505603333857 0.3584798403147234 0.0660770174225001\n",
      " 0.0167618418939315 0.0032307400354592]\n",
      "[0.   0.   0.   0.75 0.25]\n",
      "[0.0682678070828165 0.2744922559904427 0.4468383196716677\n",
      " 0.1817660475471942 0.0286355697078786]\n",
      "[0.15662651 0.84337349 0.         0.         0.        ]\n",
      "[0.0739745307999543 0.912321172645558 0.0125212471784927\n",
      " 0.0009177595089393 0.0002652898670555]\n",
      "[0. 0. 0. 1. 0.]\n",
      "[0.0534264136918296 0.2721894122972507 0.3949791167829026\n",
      " 0.2472146656693494 0.0321903915586675]\n",
      "[0. 1. 0. 0. 0.]\n",
      "[0.2060200980590593 0.7656817658387116 0.0259659413339751\n",
      " 0.0017481122764999 0.000584082491754]\n",
      "[0.5 0.5 0.  0.  0. ]\n",
      "[0.7063362266500561 0.274302044587583 0.0144229574157723 0.003905469167992\n",
      " 0.0010333021785963]\n",
      "[0.85714286 0.14285714 0.         0.         0.        ]\n",
      "[0.8543142843433549 0.1401066979591678 0.0042443193551227\n",
      " 0.0009543852400081 0.0003803131023462]\n",
      "[0.83333333 0.16666667 0.         0.         0.        ]\n",
      "[0.704296276968922 0.272190653371365 0.0177193289936927 0.0042133369233789\n",
      " 0.001580403742641]\n",
      "[1. 0. 0. 0. 0.]\n",
      "[0.8861245205346016 0.1073477226809425 0.0046210277523945\n",
      " 0.0013584198220935 0.0005483092099675]\n",
      "[0.5 0.  0.5 0.  0. ]\n",
      "[0.3445096548954615 0.5091500804279429 0.1174451919160662\n",
      " 0.0233975035423497 0.0054975692181797]\n",
      "[0.         0.33333333 0.66666667 0.         0.        ]\n",
      "[0.023034748740343 0.1619296183506369 0.5429904112669643\n",
      " 0.2440812545809966 0.0279639670610591]\n",
      "[0. 0. 0. 0. 1.]\n",
      "[0.3023690330542025 0.4786977206295041 0.1411468646260053\n",
      " 0.0566627108374181 0.0211236708528698]\n",
      "[0.96774194 0.03225806 0.         0.         0.        ]\n",
      "[0.9116057361685674 0.0841421454989139 0.0031798622829357\n",
      " 0.0007453083359881 0.0003269477135946]\n",
      "[0.78571429 0.21428571 0.         0.         0.        ]\n",
      "[0.8738180571939893 0.1224987352356669 0.0027463145588801\n",
      " 0.0006657557009352 0.0002711373105282]\n",
      "[1. 0. 0. 0. 0.]\n",
      "[0.2004074729284786 0.517299492593098 0.1938187261569772\n",
      " 0.0684068241890081 0.0200674841324378]\n",
      "[1. 0. 0. 0. 0.]\n",
      "[0.8830178885306426 0.1111728972911789 0.0048427064117036\n",
      " 0.0007432213897568 0.0002232863767181]\n",
      "[1. 0. 0. 0. 0.]\n",
      "[0.768640157131493 0.2225605050707172 0.0072671299745178\n",
      " 0.0011686914929573 0.0003635163303145]\n",
      "[0.775 0.225 0.    0.    0.   ]\n",
      "[0.7823296538511026 0.2039949661937101 0.0094696251995115\n",
      " 0.0029541791216851 0.0012515756339905]\n",
      "[1. 0. 0. 0. 0.]\n",
      "[0.7724580900887597 0.2189142721656192 0.007282784977823\n",
      " 0.0010092082440586 0.0003356445237393]\n",
      "[0.96428571 0.03571429 0.         0.         0.        ]\n",
      "[0.8812190076461779 0.1079474055271672 0.0072402024892737\n",
      " 0.0025089845546223 0.0010843997827588]\n",
      "[0.15662651 0.84337349 0.         0.         0.        ]\n",
      "[0.0734490171808773 0.9157404041044708 0.0096713273254752\n",
      " 0.0008585353115462 0.0002807160776303]\n",
      "[1. 0. 0. 0. 0.]\n",
      "[0.7791116614537034 0.2137671019865425 0.00583321300852 0.0009537037490569\n",
      " 0.000334319802177]\n",
      "[1. 0. 0. 0. 0.]\n",
      "[0.7880727916939686 0.205007048040075 0.0057824305182128\n",
      " 0.0008466774442095 0.0002910523035339]\n",
      "[1. 0. 0. 0. 0.]\n",
      "[0.8476399821963586 0.1437770131088995 0.0066136271798699\n",
      " 0.001495294393224 0.0004740831216477]\n",
      "[0.96428571 0.03571429 0.         0.         0.        ]\n",
      "[0.7649072790175907 0.187866147528827 0.0288209260925741\n",
      " 0.0115222293387334 0.0068834180222743]\n",
      "[0.33333333 0.66666667 0.         0.         0.        ]\n",
      "[0.5122144188133604 0.4452972255023563 0.03678557102185 0.0044997924830104\n",
      " 0.0012029921794228]\n",
      "[0. 0. 1. 0. 0.]\n",
      "[0.3453924323560587 0.485225177515856 0.1542180431505586\n",
      " 0.0125888212436988 0.0025755257338277]\n",
      "[0.91011236 0.08988764 0.         0.         0.        ]\n",
      "[0.9270736100851436 0.0706186323361591 0.0016515196292101\n",
      " 0.0004502997517759 0.0002059381977112]\n",
      "[0.  0.5 0.5 0.  0. ]\n",
      "[0.1151726612543287 0.3875992053406156 0.3911697357753144\n",
      " 0.0966495436979117 0.0094088539318294]\n",
      "[0.         0.         0.73333333 0.26666667 0.        ]\n",
      "[0.0383780796374322 0.2867835464646029 0.5871432926629275\n",
      " 0.0794745724530254 0.0082205087820121]\n",
      "[0.8 0.2 0.  0.  0. ]\n",
      "[0.6084272071461604 0.3616588111017672 0.0236297103867458\n",
      " 0.0046516812975007 0.0016325900678256]\n",
      "[0. 1. 0. 0. 0.]\n",
      "[0.8691997655912787 0.1235545650644082 0.0058374337471287\n",
      " 0.0010773619904707 0.0003308736067136]\n",
      "[0.         0.         0.         0.85714286 0.14285714]\n",
      "[0.0088951609491635 0.0467368243602273 0.2901046904572192\n",
      " 0.5998240252830995 0.0544392989502903]\n",
      "[0.89547038 0.10452962 0.         0.         0.        ]\n",
      "[0.8890785621194816 0.1056562883712909 0.0037128698811646\n",
      " 0.001109690128319 0.0004425894997439]\n",
      "[0.66666667 0.33333333 0.         0.         0.        ]\n",
      "[0.7079137496681319 0.2734859257575651 0.0126854347267752\n",
      " 0.0045310188208154 0.0013838710267121]\n",
      "[0. 0. 0. 1. 0.]\n",
      "[0.2044637965831 0.4776537687235579 0.2372258013782737 0.0691157699527626\n",
      " 0.0115408633623056]\n",
      "[1. 0. 0. 0. 0.]\n",
      "[0.8529385519311417 0.1385540455745702 0.0062533517115103\n",
      " 0.0015867495666552 0.0006673012161225]\n",
      "[0. 1. 0. 0. 0.]\n",
      "[0.2954900781244111 0.6529086258467381 0.0425861719550401\n",
      " 0.007132003994483 0.0018831200793276]\n",
      "[0. 1. 0. 0. 0.]\n",
      "[0.0842992150548265 0.6198546515481894 0.2573343902032108\n",
      " 0.0295957178809475 0.0089160253128258]\n",
      "[0.8 0.2 0.  0.  0. ]\n",
      "[0.8279455933546824 0.1651626009216286 0.005393038961848\n",
      " 0.0010857932137325 0.0004129735481083]\n",
      "[0. 1. 0. 0. 0.]\n",
      "[0.0328562585537626 0.9498077098419656 0.0158301666709599\n",
      " 0.0011924306686683 0.0003134342646436]\n",
      "[1. 0. 0. 0. 0.]\n",
      "[0.9089929141745994 0.0867939643859143 0.0029780127851501\n",
      " 0.0008729306811097 0.0003621779732262]\n",
      "[0.         0.95862069 0.04137931 0.         0.        ]\n",
      "[0.0316012720438023 0.93499627286143 0.0309719595157151 0.0018291506317367\n",
      " 0.0006013449473154]\n",
      "[0.8 0.2 0.  0.  0. ]\n",
      "[0.7939167871274252 0.1974479220974028 0.0069067998718527\n",
      " 0.0012877439551068 0.0004407469482121]\n",
      "[1. 0. 0. 0. 0.]\n",
      "[0.19440432675174 0.5079745315614549 0.1928159066444027 0.0698057738119505\n",
      " 0.0349994612304518]\n",
      "[0. 1. 0. 0. 0.]\n",
      "[0.1840745674196509 0.7054934924512354 0.0987803155404361\n",
      " 0.0089209733906654 0.002730651198012]\n",
      "[1. 0. 0. 0. 0.]\n",
      "[0.7554102521843649 0.2315372469442223 0.0105250246878018\n",
      " 0.0018915698871502 0.0006359062964608]\n",
      "[0.  0.5 0.  0.5 0. ]\n",
      "[0.1007158696564217 0.4700170139211145 0.3195195491295128\n",
      " 0.0991167477757749 0.010630819517176]\n",
      "[1. 0. 0. 0. 0.]\n",
      "[0.8542785540836013 0.1409238656795412 0.0035812010332034\n",
      " 0.0008560334466522 0.0003603457570017]\n",
      "[0.25 0.75 0.   0.   0.  ]\n",
      "[0.247053993415842 0.6734175586534972 0.0702086154770312\n",
      " 0.0071741855811277 0.0021456468725018]\n",
      "[1. 0. 0. 0. 0.]\n",
      "[0.6207012357642447 0.3556381438593982 0.0190779633048619\n",
      " 0.0034634520359161 0.0011192050355789]\n",
      "[0.48275862 0.48275862 0.03448276 0.         0.        ]\n",
      "[0.7478707735718004 0.243597823959052 0.0062594944009924\n",
      " 0.0016852188818222 0.0005866891863326]\n",
      "[0. 1. 0. 0. 0.]\n",
      "[0.2093714144200159 0.6362464885264475 0.1071635104899551\n",
      " 0.0357369573159162 0.0114816292476652]\n",
      "[0. 1. 0. 0. 0.]\n",
      "[0.1471550388393223 0.7501253392642099 0.0892101666169454\n",
      " 0.0101434810165866 0.0033659742629357]\n",
      "[1. 0. 0. 0. 0.]\n",
      "[0.9139589721787724 0.0825596654767672 0.0024295692719447\n",
      " 0.0007076601492056 0.0003441329233099]\n",
      "[0.25 0.75 0.   0.   0.  ]\n",
      "[0.3203787037923728 0.6418748110719701 0.0327389754594937\n",
      " 0.0038357121859969 0.0011717974901663]\n",
      "[0.         0.88709677 0.11290323 0.         0.        ]\n",
      "[0.0311133470613212 0.8698437911053855 0.0937242750617633\n",
      " 0.0038528382559836 0.0014657485155462]\n",
      "[0.41935484 0.58064516 0.         0.         0.        ]\n",
      "[0.5447416928203136 0.4253176053802621 0.0240933792778486\n",
      " 0.0043140696861941 0.0015332528353814]\n",
      "[0.25 0.   0.25 0.25 0.25]\n",
      "[0.0381836152387534 0.1768930751596409 0.3323718791900969\n",
      " 0.3882911512442236 0.064260279167285]\n",
      "[1. 0. 0. 0. 0.]\n",
      "[0.7208906191024161 0.2647256898572675 0.0110157864916832\n",
      " 0.0024916752910229 0.0008762292576101]\n",
      "[0. 1. 0. 0. 0.]\n",
      "[0.240061503148134 0.6667843638619897 0.0810578433468743\n",
      " 0.0098661432842379 0.0022301463587639]\n",
      "[0. 1. 0. 0. 0.]\n",
      "[0.2051099695986405 0.6360437970097448 0.1254665298998361\n",
      " 0.0273262987994078 0.0060534046923707]\n",
      "[1. 0. 0. 0. 0.]\n",
      "[0.554201411595203 0.4219193511357616 0.0185257212884399\n",
      " 0.0041826562824449 0.0011708596981505]\n",
      "[0.00826446 0.63636364 0.34710744 0.00826446 0.        ]\n",
      "[0.0238019681540842 0.5393106591664139 0.4132072740899375\n",
      " 0.0213880854721974 0.0022920131173669]\n",
      "[0. 0. 1. 0. 0.]\n",
      "[0.0231515696549789 0.1600920602851528 0.6520299883477867\n",
      " 0.1545083464953066 0.0102180352167748]\n",
      "[1. 0. 0. 0. 0.]\n",
      "[0.898507986733267 0.0981433439040842 0.0024161521941698\n",
      " 0.0006530639922664 0.0002794531762124]\n",
      "[1. 0. 0. 0. 0.]\n",
      "[0.8982690672634617 0.0956440845571671 0.0042445804620525\n",
      " 0.0013808231163246 0.000461444600994]\n",
      "[0.         0.34042553 0.58510638 0.07446809 0.        ]\n",
      "[0.0332876881189298 0.4068733728150391 0.5250752614546518\n",
      " 0.0302266556362471 0.004537021975132]\n",
