ncode,proba_0,proba_1,proba_2,proba_3,proba_4
N4541HD,0.7648554587206485,0.2194030449047801,0.010842929735468188,0.0032332612046458123,0.0016653054344574103
N4397HD,0.012928774186046283,0.05162459568737637,0.39205907654758304,0.4880707489815187,0.05531680459747573
N4544HD,0.8973290342727911,0.0999706413284801,0.0016406016547993365,0.0007009107167326582,0.000358812027196742
N4545HD,0.07569660910691538,0.20501141906705547,0.363690420103101,0.2466718762563718,0.10892967546655635
N4546HD,0.07406824385943578,0.8522535051183509,0.06806741427904398,0.004158788511078694,0.0014520482320905571
N4550HD,0.8455449739045162,0.1483870070379141,0.0036884393220144806,0.0015242031578772252,0.000855376577677805
N4551HD,0.7917337325292806,0.20380759476720026,0.0027228333865236213,0.0011174591010173908,0.0006183802159780266
N4554HD,0.07730854995208117,0.45226291876006913,0.3782146774396357,0.0673382348432155,0.024875619004998455
N4555HD,0.3357974799426931,0.621545410125346,0.02899706696195189,0.009433606743961605,0.0042264362260474135
N4556HD,0.3071540090630705,0.49330724862237546,0.14169644058853162,0.04723901789510727,0.010603283830915074
N4563HD,0.3755092817649189,0.4937940393414626,0.1064277895002559,0.018919657301608214,0.005349232091754296
N4567HD,0.8876056671062422,0.10082728650088697,0.006467675778398823,0.0033104310903346174,0.0017889395241374646
N4561HD,0.810014884865188,0.1860407350841417,0.0023289104758754116,0.0010685952239701038,0.0005468743508248861
N4571HD,0.23609210614252274,0.5182169265539334,0.17550096786464542,0.04897969098950045,0.021210308449398065
N4574HD,0.9597452856759914,0.039046964414743694,0.000741420922324842,0.00029757145312988155,0.00016875753381013646
N4575HD,0.5486708372678087,0.39924051850095926,0.039311876007175076,0.009042144202823081,0.003734624021233856
N4579HD,0.2817047498989458,0.564150832836674,0.09795124995332972,0.03672708910045259,0.01946607821059798
N4581HD,0.08077165085046978,0.8252696307368833,0.08812652944136228,0.004385824715681351,0.0014463642556031108
N4584HD,0.06321788457177928,0.8657727758251027,0.06556165250419335,0.004044782457758125,0.0014029046411665818
N4578HD,0.8094464090554988,0.1868615559890343,0.0024752694280297657,0.000830636497065845,0.0003861290303711168
N4590HD,0.08950804956923795,0.8141986154960101,0.08696657356739422,0.007219709292157304,0.0021070520752004217
N4593HD,0.03800918897789356,0.22107965569730859,0.45101586314810277,0.2533114481626716,0.036583844014023516
N4151HD,0.11240844236785502,0.33295472095661627,0.27575445981166735,0.189060402264585,0.08982197459927639
N4594HD,0.8750620669078317,0.12131691030123162,0.00248878810005342,0.000754482321778751,0.00037775236910450447
N4600HD,0.11739225331781392,0.771522190952124,0.09797315833507225,0.009685493395858584,0.0034269039991311964
N4605HD,0.07040537396330769,0.3419022428562625,0.44660201693487167,0.11595508289788446,0.025135283347673714
N4612HD,0.49411135239729476,0.45283544437512413,0.03714240141394375,0.011806306684609538,0.0041044951290277595
N1701HC,0.06447131202387273,0.11178508841129454,0.6022446386064013,0.16842877661557712,0.053070184342854286
N3705HD,0.01283538820099477,0.04669624389101126,0.23948090638673813,0.33451955551808893,0.36646790600316687
N4589HD,0.6286214518271837,0.3113293550541139,0.040427593750556684,0.013678904172853269,0.005942695195292542
N4339HD,0.9404687039527329,0.05690981256981051,0.0015382935951161272,0.0006913015930157412,0.00039188828932489256
N4615HD,0.029174721359831603,0.14901132041622622,0.37119907653345724,0.3533442141768544,0.09727066751363066
N4618HD,0.9030143656743086,0.0925432685770281,0.002480368003779688,0.001232696033037915,0.0007293017118458437
N4624HD,0.5536957291645807,0.4399886227975967,0.004557895557907319,0.0011650418649596678,0.0005927106149557163
N4626HD,0.8581133261279995,0.12794790867763353,0.01057456388457359,0.002522782025015903,0.0008414192847773619
N4628HD,0.07993581910348839,0.3833872763712357,0.37670416786125777,0.11836013904886517,0.04161259761515297
N4638HD,0.09710567912252956,0.23256073738101696,0.30335268700563567,0.2556439225310243,0.11133697395979358
N4639HD,0.8310038871914133,0.1504332223875732,0.010309966577617801,0.005423267636971435,0.0028296562064246055
N4642HD,0.9314792740023206,0.06535580351699107,0.0020282854419414556,0.0007117817328323883,0.0004248553059146935
N4646HD,0.9396184669514261,0.05693893751373914,0.0020545853865759503,0.0008838466326979881,0.0005041635155608718
N4631HD,0.8346921163242219,0.15527205012822956,0.00719438386812918,0.0019666202217935064,0.0008748294576259723
N4656HD,0.041641034338111914,0.08272079576048932,0.3018873429032963,0.3926822971517376,0.1810685298463649
N4658HD,0.8371897965608246,0.15095624940665184,0.008956610463055735,0.0021006440740890557,0.0007966994953786435
N4661HD,0.8725587402834628,0.12143402452804807,0.003883299918441901,0.0013725467326539452,0.0007513885373932107
N4665HD,0.8492905285126974,0.1412571709260627,0.007446127901462681,0.001400923482911587,0.0006052491768655748
N4667HD,0.8708000620279116,0.12574672438177698,0.0022382706632505848,0.0007873328466721131,0.00042761008038882947
N4669HD,0.797351231112365,0.19772839683284651,0.003305766060293477,0.001066504320014571,0.0005481016744803617
N4673HD,0.1671054530855414,0.4574995096627301,0.285748380637156,0.06168708561264762,0.027959571001924765
N0760HD,0.08685298709705046,0.5071719027821479,0.3050063949370841,0.07643543465178516,0.024533280531932402
N4672HD,0.6276645482126078,0.3087349450361211,0.04404229999317379,0.014415982967994753,0.005142223790102583
N2593HD,0.8905481445397704,0.10546502688365145,0.002370278619964575,0.0010770809996946858,0.0005394689569189259
N4677HD,0.08470588357704655,0.667370770647131,0.2279448322570845,0.01597818168932618,0.004000331829411808
N4680HD,0.1290497028214624,0.465600542266298,0.3060651173856934,0.07183578765966529,0.027448849866881075
N4688HD,0.03198010645107456,0.14363921073237862,0.38228353681183813,0.3626548890407982,0.07944225696391032
N4689HD,0.8753602903356248,0.12054155872835624,0.0025826885535872404,0.0009654933488423097,0.000549969033589381
N4691HD,0.19088728686613382,0.31920344281786156,0.2168222709505457,0.1685331829931792,0.10455381637227969
N4692HD,0.48911821975681946,0.3583010513525804,0.08745305504279813,0.03635431303280908,0.02877336081499298
N4694HD,0.035251319461719714,0.18566420480083468,0.5574066326161604,0.17492407775927077,0.046753765362014296
N4695HD,0.05490409715064882,0.681183625416676,0.2408274697296995,0.01837296951165526,0.00471183819132044
N4699HD,0.16754294000521738,0.1216558752405139,0.5685382520849901,0.10429134521159784,0.03797158745768074
N4703HD,0.4160141518500904,0.3271728139885209,0.1378588087099527,0.0825466914697706,0.036407533981665394
N4704HD,0.010072912649328882,0.030819100609854128,0.3533372179120661,0.5709964322098748,0.03477433661887608
N4708HD,0.9514382671296536,0.04668857251973548,0.0011736957215713404,0.00044146658226928905,0.00025799804677026274
N4714HD,0.4723443446892101,0.3704411081776782,0.08873511023073402,0.03808101309702376,0.0303984238053538
N4721HD,0.17215250671881335,0.47465063051478734,0.26432770159883323,0.05987317990996215,0.028995981257603897
N4722HD,0.8919718735439758,0.10589229726380874,0.0013897775294934211,0.0004978027834912799,0.00024824887923063883
N4724HD,0.06477550011539589,0.8338411557040851,0.09317471434321001,0.0064512954620187515,0.001757334375290446
N4726HD,0.03393970809299982,0.7771805334734279,0.17868232680296348,0.007934536758336129,0.0022628948722726062
N4735HD,0.7452254361022915,0.22766467979831911,0.015957407999372456,0.006672685389195424,0.004479790710821499
N4063HD,0.43527899544323967,0.38505887135436395,0.09581951560535855,0.05255462351517368,0.03128799408186424
N4712HD,0.7657167218217299,0.22631708021611582,0.004914573180477395,0.0020645459142667744,0.0009870788674099227
N4738HD,0.08156997679781573,0.19166325058056452,0.5919817198145533,0.10657836469248234,0.028206688114584218
N4740HD,0.04890583587609447,0.2460282275207275,0.32692672803792516,0.27516313524165803,0.10297607332359485
N4742HD,0.03388200148319203,0.11299526255237434,0.45133685049248096,0.2677052011753046,0.13408068429664816
N4745HD,0.8358570936744102,0.15373843695187517,0.008069399016364451,0.001649413698869574,0.0006856566584806679
N4747HD,0.8182085216535117,0.14518515988139008,0.019831554520224854,0.009757268394617317,0.007017495550256212
N4750HD,0.7016184944268354,0.24349953314615064,0.03537226246192147,0.01436629760558085,0.005143412359511667
N4752HD,0.01639158692072722,0.06857024180465349,0.4395123262475972,0.42311561850774615,0.05241022651927602
N4754HD,0.686906416513496,0.29527456799839275,0.014227522043961199,0.0025006262008211116,0.0010908672433289689
N4755HD,0.16109032762820416,0.4523808341408239,0.2857680838666666,0.07119002382441411,0.029570730539891246
N4756HD,0.4119497496072038,0.33857930035449635,0.18897695016697447,0.043064973415083384,0.017429026456242024
N4757HD,0.8451207671222731,0.14644214580651996,0.006759247955744225,0.0012193450573529862,0.00045849405810967706
N4759HD,0.22941192782766973,0.7101132999566677,0.04413881139049982,0.011281606266713266,0.005054354558449567
N4762HD,0.3378966618006739,0.5689947796395519,0.07798082280287538,0.011628005518198493,0.0034997302387002665
N4763HD,0.4509396442803122,0.41186981419489205,0.0806198966315307,0.032631374268351845,0.023939270624913366
N4767HD,0.8349067479256673,0.14754443734761788,0.012956662678594045,0.003375277062302239,0.0012168749858185162
N4769HD,0.05457965604209994,0.26217036590680015,0.5340625367200585,0.12836269837744352,0.020824742953597725
N4770HD,0.847696655388526,0.14384544457094095,0.006425236210664708,0.0014680118162905258,0.0005646520135779363
N4676HD,0.18352790337459346,0.5410174788964642,0.18317405304669004,0.06092892394903134,0.03135164073322091
N4614HD,0.29250916034160096,0.17524546049501646,0.4034952469299785,0.09423054218622248,0.03451959004718167
N4774HD,0.18495069007111342,0.2707544737187479,0.43740584573544455,0.08258692265308512,0.024302067821609107
N4778HD,0.04360420457110216,0.23982712186494237,0.47904337548179116,0.19220563516620792,0.04531966291595633
N4780HD,0.0051937413624049,0.02141132809763531,0.14766704037377817,0.4460766213995892,0.37965126876659244
N4783HD,0.5144389224286869,0.39861628391396864,0.06618217120370246,0.014328944253571915,0.006433678200070028
N4789HD,0.7955512597078921,0.16604057763333188,0.020926264534114426,0.009964397377718055,0.007517500746943532
N4792HD,0.5162457536472093,0.47414742323161635,0.006697595247760438,0.0019332459500924965,0.0009759819233214859
N4793HD,0.1212515415759903,0.326357604688159,0.34901921367635896,0.13083174784831314,0.07253989221117854
N4794HD,0.01638500612579358,0.07952574820644262,0.47336518677625916,0.3873862822147879,0.04333777667671669
N4799HD,0.784461182233029,0.1694966737220402,0.03608066161132234,0.006964938557430128,0.0029965438761784834
N4800HD,0.9347845429767969,0.06302764907902353,0.001369333010740304,0.0005313895916031459,0.00028708534183615397
N4808HD,0.0939818677640568,0.7966545706465178,0.100079057138784,0.007152822670404073,0.0021316817802373125
N4809HD,0.5179877381937337,0.35064772504387637,0.08153246288789644,0.02948468194135829,0.020347391933135117
N4634HD,0.6735478313933663,0.286293921256536,0.02972475471601115,0.007910461088691935,0.002523031545394606
N4784HD,0.9077574751999617,0.0815101349035199,0.006834924524571406,0.0025422814227119275,0.0013551839492348691
N4815HD,0.8813478143178354,0.11402053056048793,0.002780125800954421,0.0011309772045131,0.0007205521162090211
N4816HD,0.7990402860207815,0.18537212811737935,0.011153680061016349,0.003263146386945452,0.0011707594138772165
N4817HD,0.41316303439993324,0.544613671552218,0.029325141447388705,0.008264418428059472,0.004633734172400544
N4818HD,0.9140408398678316,0.08291972149005068,0.0018160367056567542,0.0007805628373934303,0.00044283909906759337
N4821HD,0.0166118673220195,0.8941178997927437,0.07805248389176564,0.00887985751550099,0.0023378914779702163
N4830HD,0.9096639335450005,0.08461860427305337,0.003954935844227976,0.001288407955435603,0.00047411838228261815
N4748HD,0.8742091532202061,0.12311019902104253,0.0017975597336437666,0.000588834927488656,0.0002942530976188785
N4684HD,0.8776951811565444,0.11735646052058966,0.0031700505084576035,0.001161086216133345,0.0006172215982748412
N0389HD,0.01366333873935423,0.9143466376459369,0.06645482171235428,0.004067119440724851,0.001468082461629842
N4796HD,0.3540526467763595,0.41881392319910515,0.14221458331514375,0.06087322024094568,0.024045626468445935
N4834HD,0.009682087615234099,0.035713991659301336,0.39075695859297904,0.5278534233589993,0.035993538773486315
N4835HD,0.0608250584374713,0.908842016313348,0.024054019087259192,0.004559387733391166,0.0017195184285301718
N4837HD,0.4920823536404727,0.4933799868796228,0.010269232733557941,0.0027375685527560685,0.0015308581935906036
N4838HD,0.05459835292447384,0.8693074940446078,0.06636402508369355,0.007021814113251067,0.0027083138339736848
N4839HD,0.03854563313016624,0.5286819304646777,0.3791748329795515,0.04299593511403578,0.010601668311568831
N4842HD,0.7573032863052045,0.1761379770366935,0.04886124442120088,0.012175576403124753,0.005521915833776589
N4844HD,0.9353089764821751,0.06276931131557927,0.001268662249237878,0.00042444910939632775,0.00022860084361131703
N4846HD,0.06088045231151483,0.24071746684272793,0.386161832175785,0.195618276855273,0.11662197181469919
N4847HD,0.851891519519899,0.14371515238027313,0.003044710094289,0.0009087127763188635,0.0004399052292199439
N4849HD,0.3686800225587945,0.5024623204092187,0.08195770447011838,0.030959953920034842,0.01593999864183358
N4852HD,0.031766261286834005,0.7284405344983491,0.21594314384356744,0.018221671805283928,0.005628388565965581
N4853HD,0.6968334558672207,0.28196928103064933,0.012929815650929877,0.005181617479754524,0.0030858299714455256
N4856HD,0.9053413455725182,0.09234599073304053,0.0015813201004148882,0.00048043094041942653,0.00025091265360689343
N4858HD,0.8989652432054338,0.0938048446694363,0.004378658244423377,0.0017528573582853552,0.0010983965224213483
N4860HD,0.1096892513026679,0.25024542512088005,0.4444326587275278,0.14780901094097135,0.047823653907953
N4861HD,0.9402563192412523,0.058138366624163294,0.0010316791235574,0.00037379556420790816,0.0001998394468188957
N4863HD,0.37782369426724316,0.6102580833976732,0.008104966435419164,0.0025192295730279155,0.00129402632663674
N4864HD,0.7963369141201064,0.19750259964283165,0.0036906519823794396,0.0015457414398741757,0.0009240928148082928
N4866HD,0.7686583130892392,0.22081386437625522,0.007057371518423427,0.0024165301545908883,0.0010539208614912222
N4012HD,0.7012642975853979,0.27789498264560575,0.015845307005307296,0.003591297008459502,0.0014041157552294808
N4825HD,0.176698666521039,0.48545080837267546,0.25262452718278383,0.06267099610542767,0.02255500181807411
N4875HD,0.041782616999353185,0.2311182275749524,0.5339046598583771,0.15303638221535565,0.0401581133519617
N4878HD,0.024346005474593084,0.12601949076186164,0.3307338794953641,0.33235751266366964,0.1865431116045115
N4883HD,0.03123250913893895,0.5560733962413268,0.3723387090555887,0.03344056300530915,0.006914822558836285
N4884HD,0.555462822428374,0.3985631214856207,0.036561338924708565,0.006980560096932487,0.0024321570643643024
N4887HD,0.26627326164811826,0.571943149970323,0.1338881772483635,0.019707352375778402,0.00818805875741688
N4891HD,0.695825299685411,0.27920974358419737,0.019011882916683227,0.004267750445581007,0.0016853233681274448
N4892HD,0.06981846280642934,0.816837369542177,0.10011210838953469,0.010234758342040089,0.0029973009198188
N4895HD,0.8336970137785092,0.08169121458274746,0.06702959097616375,0.012505315556502649,0.005076865106077029
N4899HD,0.7382580604691594,0.25528455114589044,0.0038470849631551435,0.0017306867545594583,0.0008796166672355392
N4898HD,0.624291942581315,0.26122718301518866,0.09712839224423861,0.012512906592026215,0.004839575567231564
N4902HD,0.6378970179558351,0.299289161576834,0.04407644732825474,0.013919810628540969,0.0048175625105351
N4904HD,0.10417786693273635,0.37632839659129197,0.3833463138329951,0.09979285397607472,0.036354568666901906
N4906HD,0.8063515976464527,0.1877872421497645,0.0036398856856907965,0.0014616545539618152,0.0007596199641302413
N4909HD,0.8366956886911112,0.0886376785044544,0.051752744048639804,0.014490795294592034,0.008423093461202617
N4912HD,0.7015602727932496,0.28220485834958287,0.012806848996080662,0.0025767713083621967,0.000851248552724549
N4913HD,0.6049577837298346,0.3757006433308048,0.0146771580821669,0.0033716597820761516,0.001292755075117676
N4914HD,0.3683042790416303,0.5757048454871929,0.04405320514564452,0.009255320901317294,0.0026823494242149016
N4908HD,0.8878453559726428,0.11007397596148555,0.0013497812506867816,0.0004946113161650423,0.0002362754990199488
N4937HD,0.8871739271898191,0.11067039557546272,0.0014236552641235815,0.0004819406485835662,0.0002500813220109574
N4938HD,0.9045931052250402,0.09245673855915548,0.001974210221629565,0.0006513174316347483,0.00032462856254
N4949HD,0.9157773740755134,0.08155949084286089,0.0018661132394105387,0.0005016268250828864,0.0002953950171320715
N4952HD,0.7811688822468708,0.20659293850087904,0.00957061705829576,0.0020537628462890464,0.0006137993476654382
N4954HD,0.4368675255863259,0.5115700261265118,0.041705163447018724,0.007010398179116927,0.0028468866610266313
N7917HB,0.8886081285799124,0.10897459985678157,0.0015936206860879293,0.0005397538580149758,0.0002838970192032624
N4951HD,0.8099413293603185,0.18366855298146068,0.004007269240602521,0.0015645116575072856,0.0008183367601111594
N0385HC,0.12830789500540338,0.4327461750448445,0.3116741010136325,0.08672244001322248,0.04054938892289725
N3920HD,0.2811305664498764,0.5942253852270886,0.09420384505905073,0.0210016256682247,0.009438577595759645
N9498GW,0.791557694793617,0.19491811064199557,0.010319620620723433,0.0023181270563584805,0.0008864468873056069
N4961HD,0.9373245634143584,0.061377976716139135,0.0008543844281891246,0.0002908733515733801,0.000152202089739892
N4965HD,0.3873828117421889,0.4928715418098451,0.09257143024140843,0.020009517535194317,0.007164698671363204
N4967HD,0.6484995884660627,0.30179810069477137,0.03415491499850115,0.011628371556441851,0.003919024284222766
N4968HD,0.37129591019231833,0.45064797591132383,0.0961764702753767,0.05668627433602341,0.0251933692849578
N4973HD,0.8329202637001503,0.15673105017936356,0.007672946950064093,0.002018514321014917,0.0006572248494073484
N4976HD,0.02734011337852308,0.22519392455139506,0.6049189519437144,0.11470816061993337,0.027838849506434275
N4977HD,0.14750952147460347,0.750896404699415,0.08836859498000452,0.00986782289107949,0.0033576559548974105
N4978HD,0.6728603320076172,0.2920072165243235,0.02462930547629466,0.007892177877127692,0.0026109681146369587
N4982HD,0.2793961383350647,0.5391730398130364,0.13683059962215266,0.032954844276851185,0.011645377952894964
N4983HD,0.1549021177657826,0.5064670700735292,0.24287041462197365,0.08098292676780883,0.014777470770905545
N4984HD,0.8930803690072489,0.10480024121778989,0.0013621453086501316,0.0005071744759099709,0.00025006999040115855
N4992HD,0.014439747384113747,0.07968016752425609,0.24625281153328396,0.46621244822935526,0.19341482532899104
N5000HD,0.6825262941502045,0.2600970393154771,0.037326512509563536,0.013445541074068167,0.006604612950686657
N5006HD,0.5314334873089187,0.3536477673234288,0.0691239617863643,0.030080280316683083,0.015714503264605068
N5007HD,0.748128741468492,0.22655089843682888,0.01782528337429367,0.005721995898009384,0.0017730808223761134
N5008HD,0.12392956159015188,0.6085046350744351,0.23950380184769315,0.022392264665828106,0.005669736821891825
N5011HD,0.4337791805863972,0.48676097448353634,0.061018389787044235,0.012896919391613644,0.005544535751408649
N5020HD,0.5483783351679795,0.3689908288367823,0.06064546267967739,0.015301891424924953,0.006683481890635728
N5024HD,0.8037083025643996,0.18102512793996842,0.01186209683938829,0.002420078856173812,0.0009843938000698258
N4826HD,0.9135645498118175,0.07816836448006952,0.005201830301430678,0.0020323791410932802,0.0010328762655889734
N5032HD,0.8990855623956486,0.09297475917498435,0.006038377679370845,0.0013443288102752435,0.0005569719397208628
N5041HD,0.9173184889165706,0.07892480654267142,0.002190876854432797,0.0009948204799091111,0.0005710072064161155
N5043HD,0.9470751265826379,0.04888047907503123,0.002535667025119503,0.000960499284129498,0.0005482280330817417
N5044HD,0.09206814336146041,0.09364266259842448,0.5056106690480608,0.20809160607574428,0.10058691891630987
N5045HD,0.8638572822105677,0.12531693798983254,0.008142245492942254,0.0018327718476667894,0.0008507624589909203
N5004HD,0.9068586310690558,0.08635760149600868,0.004176794638058367,0.0015955553345455241,0.0010114174623313103
N5055HD,0.4804244712530999,0.4190739269569244,0.07254708471821301,0.02191458635901183,0.006039930712750962
N5056HD,0.09211872812721557,0.23629851608858896,0.38334748918617356,0.1938449772535661,0.09439028934445585
N5057HD,0.7149757302689261,0.27807515265102517,0.004192922722696257,0.0018290364516063103,0.0009271579057459736
N5059HD,0.5593407586640239,0.16413515362078412,0.20938084873342,0.045379079485073644,0.021764159496698254
N5061HD,0.5976296736430468,0.3681084220004073,0.02158322153774872,0.008418232290972685,0.004260450527824566
N5018HD,0.9217746770855594,0.07548870253466892,0.0016803409992318884,0.0007119452144709422,0.0003443341660690391
N4896HD,0.6675949742444862,0.3108614732554718,0.014060058018823273,0.005073628624772082,0.0024098658564468056
N5064HD,0.7937959937150354,0.18505196518070852,0.014119563616302531,0.0047744851570698235,0.0022579923308836685
N5065HD,0.3405863052173821,0.644057036095654,0.01160799555959434,0.0027270050876011726,0.0010216580397683858
N5067HD,0.2398198090203399,0.5065487548982751,0.20588402985706175,0.03640686539021939,0.011340540834103924
N5070HD,0.03611442774792318,0.5049455862908601,0.3854528095117344,0.0560432781918373,0.017443898257644988
N5071HD,0.1206939460413994,0.760644293586631,0.10232595187688324,0.012456981003729672,0.0038788274913569613
N5072HD,0.1105088481426917,0.7654937659340255,0.10735442618566482,0.012888820787180181,0.0037541389504379763
N5074HD,0.7913587260801611,0.19980046786057332,0.005686476477210524,0.002144080745973005,0.0010102488360819156
N5075HD,0.9515431553651702,0.04579341760316946,0.0015769443175395763,0.0006987211509276069,0.00038776156319308345
N4923HD,0.8156441192327447,0.16734604814150855,0.010953894003714564,0.003956745996272965,0.0020991926257591252
N5076HD,0.8324013212377877,0.16147058040410922,0.004450067378837587,0.0011762010050741824,0.0005018299741914281
N5079HD,0.043263197886642984,0.21277376467305137,0.5384836558588503,0.16708837726216033,0.038391004319294986
N5080HD,0.5232058283668592,0.27644989107635964,0.14041699765814744,0.03878031577780755,0.02114696712082603
N5082HD,0.8386701031380408,0.14204411342034182,0.011034764562386518,0.005405691413533849,0.0028453274656972264
N5083HD,0.682385762265982,0.2828346070404169,0.025886463696511163,0.0068178462188399624,0.002075320778249812
N5085HD,0.08360793980782118,0.5812946016630135,0.2880108072178458,0.034688346727783405,0.012398304583536034
N5051HD,0.19444586721168386,0.782444852173306,0.01928470237034245,0.0026901585992222194,0.0011344196454454707
N5039HD,0.04382113551283768,0.20262800316481674,0.46084061857916114,0.22255728282988918,0.07015295991329523
N5088HD,0.9082951292791027,0.08739531804396879,0.002749218652871215,0.000987486938493659,0.0005728470855636846
N5091HD,0.03897969264470071,0.9501114418109532,0.008598493326314783,0.001654490340834161,0.0006558818771970337
N5093HD,0.041914547435889835,0.13881490730532295,0.3234406683077522,0.3649184132744916,0.1309114636765434
N5100HD,0.014818999747535736,0.07448527701259103,0.39924832709339525,0.47022190342735926,0.04122549271911868
N5103HD,0.04125885852606746,0.2349566114151896,0.45043757948565405,0.19211106003117115,0.08123589054191781
N5104HD,0.959137839787639,0.03985088691251814,0.0006652790241037048,0.0002321450196747565,0.00011384925606415865
N5105HD,0.7713987865275168,0.2015729184655291,0.01416083408406966,0.008567118596636818,0.004300342326247728
N5106HD,0.8069026321532166,0.17812314235763146,0.011103300693328239,0.002768682560841202,0.0011022422349824923
N5109HD,0.3373303539572982,0.635966003505483,0.021196933208884442,0.0037991470998156914,0.001707562228518538
N5112HD,0.5053208845755298,0.3689148096550217,0.09902008765558985,0.018495963060962416,0.008248255052896341
N5115HD,0.8633340897511907,0.13064532170436582,0.004654361438853051,0.0010075098640845194,0.00035871724150606264
N5120HD,0.01966794121396093,0.08824363019884565,0.3371607078769992,0.459741076622449,0.09518664408774516
N5121HD,0.6272415394487573,0.3438624051925528,0.018581563629997508,0.0070759558869228755,0.0032385358417694314
N5122HD,0.5839495286058553,0.35564839458832886,0.04676527304563502,0.011166415354678286,0.002470388405502549
N8305HB,0.8522441801450891,0.14340726468847428,0.0024672821967200004,0.0012549881680740033,0.0006262848016428382
N5126HD,0.05572123953436137,0.265000799650407,0.36747842975162737,0.24484282438103921,0.06695670668256515
N5128HD,0.9176994759373418,0.07944347893097681,0.0017016598448151019,0.0007464185552093295,0.0004089667316569063
N5133HD,0.018028029004456252,0.08157231819098772,0.41930826377608654,0.4322008433593763,0.04889054566909312
N5135HD,0.8178689917517552,0.16808340014987233,0.010212172648823348,0.002698494884415375,0.0011369405651337925
N5143HD,0.8245267692531634,0.16973897791258166,0.004545941761561995,0.0008168713870508991,0.00037143968564217866
N5144HD,0.23666184254572345,0.656023166990382,0.08553029368041415,0.015492405064406538,0.006292291719073754
N5149HD,0.17837058714848172,0.45450189691585974,0.27111142806431765,0.07214159340078012,0.023874494470560847
N5152HD,0.24262607328279803,0.6986550207873914,0.045114295892264185,0.009628080361121723,0.0039765296764247456
N4394HD,0.18322158871944177,0.3492293873034084,0.32457943344622425,0.10296797490146414,0.040001615629461265
N5029HD,0.14547414305047424,0.42524417160470707,0.30410885482427785,0.08874888422514055,0.0364239462954004
N4368HD,0.9563134464028342,0.0420447470535369,0.0010052573702026052,0.0004115034240314279,0.00022504574939503252
N5013HD,0.2882565142494986,0.38261737558467235,0.2463835094246092,0.05724295759133037,0.02549964314988957
N5153HD,0.25115244556603855,0.6022262100782019,0.12118770097004314,0.018333109855447446,0.007100533530268828
N5157HD,0.8736021827909556,0.12260719261841069,0.002442288579404517,0.000842285164879452,0.000506050846349553
N5170HD,0.673063642173242,0.31195814487524565,0.010220616893543033,0.0032766133915562326,0.0014809826664131112
N5172HD,0.8997963721471959,0.09012950702166844,0.005844514150016981,0.0026933215972546752,0.0015362850838640378
N5173HD,0.6355300391949388,0.2776892876619024,0.05899906710063747,0.019147927120944062,0.00863367892157732
N5147HD,0.6326942683189728,0.3244267306141796,0.028129484387141655,0.01003167441731473,0.0047178422623913125
N5178HD,0.6905566650048116,0.24687873493691292,0.041680956939558145,0.014743169645429044,0.0061404734732880845
N5180HD,0.4198150724048507,0.29483948804557936,0.1931702081385771,0.061763687709352456,0.030411543701640367
N5181HD,0.4964714794398912,0.4087434154355165,0.06135038940561882,0.020871335043687482,0.012563380675286123
N5182HD,0.9130133953748939,0.08451777396399668,0.0015889164006415593,0.0005759530514065195,0.0003039612090613377
N5183HD,0.0461683553079091,0.9201649865284661,0.029747938912238134,0.0029844167481065803,0.0009343025032800305
N5185HD,0.18431935008283684,0.4262076738849311,0.28558243129792976,0.08216806987611235,0.021722474858190052
N5187HD,0.1427146148648723,0.3288597545155492,0.33594370598574164,0.12734702790437422,0.0651348967294626
N5188HD,0.19844239092082933,0.5150750703701402,0.1769562205394114,0.09261134062998082,0.016914977539638266
N5190HD,0.015262541513411368,0.08915036557324045,0.35109282493900473,0.497376326801771,0.047117941172572585
N5192HD,0.5488944228848557,0.44425565199597633,0.0050221043847571475,0.0012177279747343874,0.0006100927596764287
N5193HD,0.7399013233812611,0.2360110946161169,0.018572812123551684,0.0038048374708059335,0.0017099324082643368
N5197HD,0.9122493460130345,0.08234314894828258,0.0042703100366942555,0.000795806048940304,0.00034138895304848944
N5198HD,0.1968543713209123,0.42835719722766147,0.2034380556616787,0.12457389330063764,0.04677648248910974
N5199HD,0.6307258431282362,0.29362170871249665,0.05185617363533459,0.01690113414495739,0.006895140378975238
N5200HD,0.7638679126293383,0.21643190709789745,0.012239565685603967,0.004897786011030284,0.002562828576130129
N5203HD,0.07658639163578672,0.24039219920777977,0.3863341736360521,0.224600560944917,0.07208667457546428
N5209HD,0.05280707017015025,0.23137629884468713,0.49058883217066057,0.19214683000036786,0.03308096881413425
N5212HD,0.8666648117135686,0.12820792690967275,0.0039524566654132705,0.0008060437016102265,0.00036876100973522695
N5215HD,0.48850088367656885,0.4089071820726502,0.08178610436336721,0.01466454956212986,0.006141280325283908
N3574HD,0.7617816257435052,0.21858764454060878,0.010705042387591221,0.005889957589232735,0.0030357297390621904
N4760HD,0.04145314601401502,0.19955887835516806,0.42384767752284486,0.23809423749920453,0.09704606060876766
N5225HD,0.824557648488277,0.1703327277358939,0.003325190068905254,0.0012301507224437467,0.000554282984480149
N5226HD,0.6123119160488038,0.3246451476558156,0.04389372927093542,0.013846979953790615,0.005302227070654573
N5227HD,0.7857897605041239,0.17903367858496877,0.024360414192374086,0.00747304984936308,0.0033430968691700634
N5233HD,0.011445889721693065,0.04608104795665607,0.23643942769249368,0.4022542905518088,0.30377934407734847
N5238HD,0.8356455208125119,0.13788682255327575,0.01465257206662739,0.0072572143403253605,0.004557870227259446
N5241HD,0.7751629224358665,0.19649455099926907,0.019843956368403703,0.005570971483416973,0.002927598713043793
N5243HD,0.012981327824859175,0.054243389465667834,0.39709229235150484,0.4990743327159096,0.03660865764205865
N5246HD,0.770425238612122,0.20830660450591393,0.013328779132132117,0.0050819215473079625,0.0028574562025241207
N5247HD,0.010399556257004722,0.03296488504390683,0.3880270474225491,0.5367499814308175,0.03185852984572174
N5248HD,0.4666921617609324,0.21578650282265824,0.2345900666316337,0.05376213967890954,0.029169129105865995
N5253HD,0.4411395545582113,0.423389370330021,0.0831380185711889,0.03066712428154413,0.02166593225903471
N5257HD,0.0622787169664111,0.22207608956915198,0.38421878035779766,0.25704735103518905,0.07437906207145042
N5259HD,0.02714814217258344,0.09642036630669763,0.3280073575476906,0.34114035242011365,0.20728378155291471
N5262HD,0.05900657557538298,0.2424276964320868,0.6580475721183712,0.030048074173518655,0.010470081700640382
N5266HD,0.07568806327815816,0.804435615922366,0.10626263697398973,0.010616429702880431,0.0029972541226057064
N5270HD,0.6224459021848128,0.3611185399849407,0.01271969012725476,0.002581579418095074,0.0011342882848967327
N5271HD,0.6775828864157134,0.23665707349633883,0.051893576207776404,0.022797864687923122,0.011068599192248358
N5273HD,0.8690897090167449,0.09565241106725715,0.022906006170831196,0.008013894460399585,0.004337979284767316
N5274HD,0.8858819224136888,0.10701448684559783,0.00535645746685374,0.0013146965130872376,0.00043243676077249016
N5211HD,0.2002721469504139,0.5139333439086577,0.19244225943176663,0.07731195561041806,0.01604029409874365
N4843HD,0.4644049246355663,0.42495799706213483,0.06522566961504242,0.028224320033926456,0.0171870886533298
N5287HD,0.5685877939166958,0.392730878624478,0.027413027494042876,0.00797542096638483,0.003292878998398551
N5286HD,0.08243760982502639,0.19333118960844484,0.3641350998668139,0.22764139808606287,0.13245470261365191
N5292HD,0.06725205104135597,0.21736391692391266,0.39707921563024096,0.24755410660931781,0.07075070979517267
N5294HD,0.545713813055348,0.4410421582212444,0.008926050781035236,0.0028857499728700805,0.0014322279695022264
N5296HD,0.2768789090606491,0.46795590769104667,0.17283804665209518,0.06900383060069504,0.013323305995513929
N5298HD,0.8071463125858553,0.1700163426681033,0.015236961586425816,0.005380403242271526,0.002219979917344132
N5303HD,0.8394079244449841,0.11321663616034597,0.03198897779077997,0.010126055885816046,0.005260405718073725
N5305HD,0.11224627380160124,0.3472593151570414,0.3868120008946768,0.11894786493038303,0.03473454521629752
N5306HD,0.8614839090173662,0.12911670543192882,0.006945228927673321,0.001690919165665707,0.0007632374573660686
N5307HD,0.03914756426733275,0.20545442387458684,0.395361679576143,0.27278235031290793,0.0872539819690296
N5311HD,0.15527229947302942,0.522048099144303,0.27431560783369185,0.03478534327848129,0.013578650270494553
N5314HD,0.7100178260852963,0.2732560716330519,0.010307199768109572,0.004277652373734921,0.002141250139807282
N5073HD,0.07175015010377708,0.2346087812948945,0.4788304355467665,0.15898500052836703,0.05582563252619482
N5277HD,0.045922824212426494,0.14973536592157446,0.3698733491026705,0.26994956946663146,0.16451889129669708
N4885HD,0.9452725337768066,0.05182960432077386,0.0017702295533126046,0.0007248260048373983,0.0004028063442694442
N5318HD,0.03571211932844607,0.24520353063766087,0.5118581912562176,0.16038842464641528,0.04683773413126016
N5321HD,0.8225746997994146,0.1369776290122525,0.03095543375428534,0.007080439588396914,0.0024117978456505273
N5323HD,0.9457320372699872,0.05325739676224868,0.0006539562043966,0.0002320573308620229,0.0001245524325054974
N5324HD,0.7213183312778548,0.24503850138258848,0.024090569823112924,0.00688662366450578,0.0026659738519380634
N5326HD,0.8353818564042036,0.14725288148861654,0.009390415685214605,0.005098819981228813,0.002876026440736457
N5327HD,0.7126128427344703,0.2540123039974761,0.020028622055436564,0.007916024774111751,0.005430206438505199
N5329HD,0.03445927165947224,0.10820798779639394,0.6422785029487104,0.17507697955205456,0.039977258043368935
N5331HD,0.75796628000925,0.21441220386109575,0.020081514257219765,0.005167367681567175,0.002372634190867376
N5332HD,0.7704485159973383,0.20270946896452285,0.018230695052369607,0.0064636569938992415,0.002147662991869916
N5333HD,0.8538132796625467,0.14290753518768537,0.002089412365953717,0.0007863603935130551,0.0004034123903010732
N5334HD,0.010540502210391458,0.9507849841733502,0.033989742882761055,0.003548071379779191,0.0011366993537180398
N5338HD,0.019406639492349626,0.11391741993168744,0.32807103622360667,0.34303762420790335,0.1955672801444529
N5339HD,0.024218671414052817,0.05483583931006727,0.6427811698313495,0.21074898220899074,0.06741533723553961
N3820HD,0.01871181047709597,0.06480805993968525,0.28673418971507786,0.37346264976028587,0.25628329010785506
N5342HD,0.8720867785338517,0.12175381813919602,0.004163234429853017,0.0013248414221748066,0.0006713274749241986
N5345HD,0.709056737236456,0.26741730187853613,0.018676634032640745,0.003788863546856733,0.0010604633055104438
N5346HD,0.7553781109458084,0.22554696762957183,0.013707105692645587,0.003778686454695675,0.00158912927727839
N5348HD,0.022302120849951153,0.12791865239121392,0.3009322658594981,0.4484349115350313,0.10041204936430545
N5351HD,0.6750926588167075,0.2852532232885979,0.02866665493683767,0.008043826809930021,0.002943636147926801
N5354HD,0.014885112584991407,0.04966320164875875,0.35481638144693267,0.5469417383031514,0.03369356601616559
N5355HD,0.45354295101883074,0.39957449302327513,0.11436626504830019,0.02300456065435423,0.009511730255239617
N5362HD,0.6302819337368902,0.36447569898075644,0.0035301550887182486,0.0011189161092041153,0.0005932960844309214
N5364HD,0.8400452129844153,0.14703911493154753,0.00930347238202435,0.0026521011086323336,0.0009600985933805757
N1264HD,0.02189815593768045,0.875193728281498,0.09459250791696906,0.006686874356781275,0.0016287335070713513
N4985HD,0.3269806803208169,0.48459529117794164,0.1419072458861946,0.032146272802890896,0.014370509812155942
N5368HD,0.014426634343124328,0.07168980000310576,0.44050284973845905,0.41357658888413756,0.05980412703117318
N5371HD,0.83353931660201,0.153927127987664,0.00888374594523279,0.0026437734646023764,0.0010060360004908525
N5372HD,0.7575349196915475,0.2343405008604539,0.006481361866476497,0.001163685317999085,0.00047953226352299283
N5373HD,0.3365796860710608,0.6535712545515383,0.006678805328124814,0.002199368685705165,0.0009708853635708116
N5374HD,0.3176852574699326,0.6513353919865407,0.02525597845372507,0.003851502982647361,0.0018718691071542377
N5377HD,0.6660927739021135,0.32099540493766565,0.009116128854447476,0.002636139893866556,0.0011595524119068518
N5379HD,0.8157108325978749,0.16977743349632413,0.010950196140749215,0.0025956047858386937,0.000965932979213085
N5381HD,0.0625913127287694,0.2958949195715733,0.3350969534117794,0.23507722958145955,0.07133958470641824
N5383HD,0.18272205592141716,0.4034136355194832,0.28666454060947294,0.09963952395369675,0.02756024399592988
N5385HD,0.8863260700183081,0.11250413949853869,0.000791713703270006,0.00025868295252647473,0.00011939382735689746
N5387HD,0.017688481366299264,0.12327437748348281,0.3499845313186651,0.31454033039952745,0.19451227943202531
N5388HD,0.07627347166587505,0.24305717765264023,0.33701880888606167,0.3014722292560154,0.04217831253940772
N5389HD,0.039032589817850856,0.2969298537959643,0.5936181671408363,0.05370730404366799,0.01671208520168072
N5391HD,0.6119373494048866,0.34470825632201463,0.03544491621135322,0.0057386016697524534,0.0021708763919932165
N5393HD,0.7596800270035722,0.2275791923889524,0.010565700103604875,0.0016074357364483426,0.0005676447674222015
N5395HD,0.7414051652555539,0.2193802968694239,0.029136993074117615,0.007724925171098707,0.0023526196298057607
N5397HD,0.7358790465989558,0.23911974378377746,0.017803326110410703,0.005475442442579685,0.0017224410642763873
N5398HD,0.7687307292289215,0.20918085396818178,0.016473279554643238,0.00411735137489652,0.0014977858733568256
N5386HD,0.13512523968840429,0.6312897294102325,0.21288307412146773,0.015568281851326965,0.005133674928568527
N2483HD,0.8242759773347494,0.15517665349343232,0.011529470081018053,0.005622434659351703,0.0033954644314485184
N5402HD,0.8417888058637879,0.15120576569522765,0.0044631082058126745,0.0016883322793198377,0.0008539879558518086
N5404HD,0.6850636081180276,0.2724231327658087,0.03129949114888399,0.008575478499125528,0.0026382894681541143
N5405HD,0.9495018770981748,0.049004861295214516,0.0009708278058000556,0.0003417876223022144,0.00018064617850823797
N5407HD,0.1938914042275992,0.5389059523858246,0.19084432590046704,0.06384709672664862,0.012511220759460512
N5414HD,0.5868001931634468,0.39863485654293757,0.010221908714038865,0.002801689331467461,0.0015413522481094132
N5415HD,0.8119960686827312,0.18416017673763224,0.002353448595652394,0.0009860877052372717,0.000504218278746914
N5416HD,0.0538513605201788,0.8392970318805638,0.0944009980402185,0.009184429562313795,0.0032661799967250485
N5421HD,0.7252898775002098,0.24755180756855202,0.01983144488089296,0.005486580166029694,0.0018402898843155966
N5430HD,0.8304338679289469,0.15860262326289545,0.008223142656882142,0.0019480009245937055,0.0007923652266816631
N5431HD,0.037897673198169696,0.7549340042690386,0.1906631681617497,0.013051626396311014,0.003453527974731149
N5432HD,0.7763408863500916,0.21253588200975232,0.00825606426363158,0.0020947985589123423,0.000772368817612199
N5437HD,0.8769438484755308,0.11696270681701221,0.004358011325285691,0.0012003097111159585,0.0005351236710553289
N4225HD,0.3664447841253271,0.5006434244494358,0.090951887364248,0.02815246882101334,0.013807435239975784
N5123HD,0.4008272802882062,0.4997817286339466,0.06199469945017873,0.02541039226664189,0.011985899361026429
N9187HC,0.027900082256235238,0.13423033728471756,0.369018361045254,0.3690767897884111,0.09977442962538213
N5439HD,0.18257553425684941,0.4794609647099606,0.19824385385215165,0.09671566790231541,0.04300397927872291
N5440HD,0.05586496660831307,0.7885051037283695,0.14306229132743048,0.009742561374433563,0.002825076961453487
