ncode,proba_0,proba_1,proba_2,proba_3,proba_4
N4541HD,0.77754919291965,0.21079608586366883,0.008545042375194076,0.0020827251590790543,0.0010269536824081499
N4397HD,0.007815881342347559,0.03987691704642448,0.4075476330740845,0.5136103663302595,0.031149202206883993
N4544HD,0.8834039005320536,0.1135150755462325,0.002106719560915078,0.0006501227029742239,0.0003241816578245238
N4545HD,0.07532534652182811,0.22482964893680288,0.3840598053999197,0.21645936496779544,0.09932583417365383
N4546HD,0.08193495570529771,0.8502754773930117,0.06287298891395005,0.003774832610820679,0.0011417453769196457
N4550HD,0.8624180847534135,0.13224847530668887,0.0034741116521782296,0.0012091384131795934,0.0006501898745397935
N4551HD,0.7937708988442677,0.20154712386879528,0.0031309164227941145,0.0010297463152913772,0.0005213145488513147
N4554HD,0.08428438750817815,0.42859202099527743,0.3992490676049764,0.06485920322753026,0.023015320664037706
N4555HD,0.2937956434120835,0.6671416057821411,0.028679158019125194,0.007304124147792915,0.0030794686388571023
N4556HD,0.2844968360246248,0.4876544855229828,0.17427564310258925,0.043586598149091764,0.009986437200711448
N4563HD,0.37314572538595503,0.47818791979064046,0.1239079097310393,0.01908108647793368,0.005677358614431565
N4567HD,0.8899810292519298,0.10182968780447686,0.005029721468437519,0.002071861195921274,0.0010877002792344943
N4561HD,0.7831451407161016,0.21242718142567632,0.002766130516900371,0.0011032569438286341,0.0005582903974931362
N4571HD,0.2601182161146765,0.5160181730023042,0.15845249876380488,0.04574140793537633,0.01966970418383807
N4574HD,0.9582762699933486,0.04074878812738054,0.0006267220767527139,0.00023734023798635122,0.00011087956453190831
N4575HD,0.4927076074035915,0.4499076838154969,0.04530808116569487,0.00893281736266386,0.0031438102525528817
N4579HD,0.27272472734385567,0.5791544390284968,0.0975703529436435,0.03224306164131303,0.01830741904269096
N4581HD,0.11949166860544098,0.794311921296913,0.08118842381373208,0.003925253384576637,0.0010827328993373551
N4584HD,0.08040647513507994,0.8649116302868645,0.050394623876378254,0.003197411600636693,0.0010898591010406
N4578HD,0.7896082409505709,0.20680469099268234,0.0024492605362767448,0.0007827327830427648,0.0003550747374272581
N4590HD,0.09996596362844734,0.809664505636938,0.0836029314669969,0.005356183730407447,0.0014104155372101817
N4593HD,0.038742899398285645,0.25796821075128257,0.4326067207603642,0.2444140241290218,0.026268144961045653
N4151HD,0.13768386051136547,0.31031471067209865,0.26416317187954697,0.20592549641320976,0.0819127605237792
N4594HD,0.8712794312680872,0.1262942733720573,0.0016737576652766757,0.000530399311352377,0.00022213838322642486
N4600HD,0.10399767279216264,0.8201419636405446,0.0667718235225896,0.007012526759636924,0.002076013285066031
N4605HD,0.06822807161686952,0.33123014984392896,0.46659375476935583,0.10981863607012071,0.024129387699725006
N4612HD,0.5464342830774791,0.419954988332429,0.024909196163054276,0.006598478203754704,0.0021030542232828996
N1701HC,0.0824018739718895,0.14567390001314195,0.565708822226819,0.1594327520805491,0.0467826517076005
N3705HD,0.010546014793495317,0.03790307297153812,0.228468743771537,0.35461120645003547,0.3684709620133941
N4589HD,0.621644652617272,0.3166571565257416,0.04395564964237716,0.012306553852035633,0.005435987362573507
N4339HD,0.9428865555035542,0.05519557250865757,0.0011481458963411735,0.0004930887227342191,0.0002766373687127265
N4615HD,0.026510197344886258,0.14984715319631797,0.3871579972396894,0.3430951926689197,0.09338945955018661
N4618HD,0.9035229406167173,0.09221308944882681,0.0024753823376413298,0.0011731903383949756,0.0006153972584195583
N4624HD,0.4378156125714683,0.5563396846002376,0.004464222502695317,0.0009699125651290865,0.0004105677604697967
N4626HD,0.8673368192869813,0.1216177379642039,0.008364017423054888,0.002032990319415447,0.0006484350063443395
N4628HD,0.09995273141986395,0.39818491972775194,0.36016918936874365,0.1052162985042355,0.036476860979404876
N4638HD,0.07755647520100106,0.23588307608631154,0.31928531415746825,0.2667292885760828,0.10054584597913636
N4639HD,0.8267207186913105,0.15687262799376941,0.010010610870495073,0.004283686087684923,0.0021123563567401896
N4642HD,0.9008742274112161,0.0955914895243167,0.002322305562805704,0.0008095281729545323,0.00040244932870688634
N4646HD,0.910540666964095,0.08610223584113881,0.0022210148893552573,0.0007302300329472388,0.00040585227246400465
N4631HD,0.8647749961630561,0.12799493775357687,0.005136712817339607,0.0015349304086313385,0.0005584228573960215
N4656HD,0.041672024528924094,0.09033372599598279,0.33506600883952414,0.3726360591623652,0.16029218147320365
N4658HD,0.8278995886249794,0.16230872429589455,0.007298958166065503,0.0017497864734567017,0.0007429424396040308
N4661HD,0.8572348230694086,0.1362498007087056,0.004436408648960159,0.0014013716563380553,0.000677595916587668
N4665HD,0.8466065297739896,0.14416290901315876,0.007763209510091144,0.0010385490715560815,0.00042880263120449155
N4667HD,0.8587108712022311,0.13826287566854215,0.0021156335891670285,0.0006020719247292059,0.0003085476153304572
N4669HD,0.8330719753704202,0.16254771118542644,0.0030643852487953187,0.0008701957873243085,0.00044573240803381584
N4673HD,0.20119899333936567,0.47643679636264324,0.25277127908784663,0.04598139918340371,0.02361153202674103
N0760HD,0.10939882231721659,0.5474713947333915,0.2571232616011113,0.06705240600970906,0.018954115338571546
N4672HD,0.6528459595716382,0.28717993199712766,0.044230776827735914,0.011036454400717132,0.004706877202781187
N2593HD,0.9008816414202035,0.09566527293466562,0.00217275659637592,0.0008619054643462855,0.0004184235844085499
N4677HD,0.12188400831963889,0.6301946718276906,0.22433704879551866,0.019886990948664092,0.003697280108487708
N4680HD,0.14545057453895968,0.4818829701096394,0.28379799052301347,0.06874970569051832,0.020118759137869324
N4688HD,0.02808222256096443,0.1214701252915711,0.38896013942622193,0.4056757722218699,0.05581174049937273
N4689HD,0.8843089181005358,0.11122343603349413,0.0029832772180985677,0.0009657236516457558,0.0005186449962256887
N4691HD,0.16163298795841546,0.3349619587819179,0.23684053978207562,0.17419601124661263,0.0923685022309784
N4692HD,0.5586537339834631,0.31895878119329113,0.073383901629189,0.02864128171341095,0.02036230148064593
N4694HD,0.029836011970803763,0.18796630367105824,0.5506658349099577,0.18548605436437016,0.0460457950838101
N4695HD,0.04289553176984078,0.674146479243737,0.2631983436457795,0.01600387727553373,0.0037557680651088303
N4699HD,0.19504674086675716,0.12303941466179523,0.5646494118453138,0.0883837221130726,0.028880710513061267
N4703HD,0.3998750710273934,0.3670674613435718,0.12404346885329533,0.07320771586726864,0.03580628290847079
N4704HD,0.006920055789518391,0.02169146134165427,0.3165237435904541,0.6321183355539524,0.022746403724420987
N4708HD,0.9131645355237518,0.08472344796225909,0.0014475781867266011,0.0004425258808286533,0.00022191244643380702
N4714HD,0.5222704369839803,0.35423387770427545,0.07746116572293721,0.025561325580102795,0.02047319400870412
N4721HD,0.19563624530675994,0.4558057575818836,0.23849331374599486,0.07521019864673559,0.034854484718626004
N4722HD,0.8944755658718725,0.10378290096928547,0.001162113783080986,0.0004074630119236259,0.000171956363837162
N4724HD,0.08129537674519452,0.8184004058320605,0.0925640724035885,0.006382258234109345,0.001357886785047172
N4726HD,0.024453855444536727,0.8231223200031814,0.14349618850139625,0.007167129035244873,0.001760507015640787
N4735HD,0.7142866545060256,0.2569382914061186,0.017050493806680125,0.007237679185226139,0.004486881095949495
N4063HD,0.4176692087199062,0.4041560164066645,0.10904901884276774,0.04274571620203746,0.02638003982862416
N4712HD,0.8420450750514289,0.15270835241170122,0.0033844131929471983,0.0012409214762059285,0.0006212378677168409
N4738HD,0.08706582627839445,0.2103429406717222,0.5833998633961591,0.0925559710470907,0.02663539860663367
N4740HD,0.07075229327920662,0.29977391049389857,0.27787923130667874,0.26286335124886023,0.08873121367135578
N4742HD,0.028368078069623767,0.1011819686935154,0.48285325687926317,0.25124170252646,0.13635499383113756
N4745HD,0.8463613764709195,0.14469760006673368,0.007300599562825477,0.00121499983605459,0.00042542406346694056
N4747HD,0.8514341472992131,0.1234803524369551,0.015077521478385092,0.005905514546563022,0.004102464238883878
N4750HD,0.732616178815173,0.21237741252247833,0.03672188418859755,0.013725642057656256,0.004558882416094791
N4752HD,0.011683496243560002,0.06091547738223385,0.46258030244895315,0.4202728575252401,0.04454786640001289
N4754HD,0.4702578832013433,0.500542146149712,0.024853521026361982,0.003173930607815301,0.0011725190147674534
N4755HD,0.16964643182654107,0.4406293949564893,0.29922737229276464,0.0650395449792794,0.02545725594492557
N4756HD,0.4011924454346825,0.32895819658698233,0.2119706120681199,0.043181561497490924,0.014697184412724334
N4757HD,0.8537517786149047,0.13993964844257592,0.005098354634241413,0.0008980058754318597,0.0003122124328463764
N4759HD,0.21576698777088765,0.7277078926479386,0.04265301448188272,0.009455696199296976,0.004416408899993928
N4762HD,0.31222156579018784,0.6223696077057234,0.05641490799804177,0.006821163384800516,0.002172755121246398
N4763HD,0.4782993628380224,0.4052513859618142,0.0742472070074037,0.023643970484459636,0.018558073708299906
N4767HD,0.8565068423880852,0.12897945363528088,0.011091655974702897,0.0026026892542658246,0.0008193587476653403
N4769HD,0.051889944137351256,0.2956949936324448,0.511973999522526,0.12269214916530975,0.01774891354236822
N4770HD,0.8492857161206327,0.14315642343375104,0.0058840712028787765,0.0012475085278045358,0.0004262807149331806
N4676HD,0.19487352761262391,0.5582029698650431,0.1720240791618233,0.05104181963193347,0.023857603728576232
N4614HD,0.29182425388824407,0.16568875719529588,0.4216117690384114,0.08944813430054305,0.031427085577505516
N4774HD,0.17445517682833847,0.27318616714291327,0.45792575431836324,0.07389834382811976,0.020534557882265266
N4778HD,0.03778010226004668,0.23912762047629904,0.4826546475901579,0.2026360826509697,0.0378015470225268
N4780HD,0.003915928476498371,0.015805125917131516,0.1567405786217432,0.43186893675116705,0.3916694302334599
N4783HD,0.4855328588283617,0.43190570742391504,0.06168331392816946,0.013867482466791519,0.007010637352762395
N4789HD,0.84311988168957,0.13049371617085695,0.015486513490764537,0.006613953545346408,0.004285935103461997
N4792HD,0.41429457861405466,0.5759272179438896,0.007388319519954222,0.0016512775550441014,0.0007386063670575707
N4793HD,0.13996612808362416,0.3959011114492517,0.276095007153422,0.1187065160663288,0.06933123724737324
N4794HD,0.012752936693294786,0.06404277044358232,0.4155702474033704,0.47277278047873417,0.03486126498101817
N4799HD,0.8057139374773301,0.14581240764039,0.03887238125026335,0.006725394177200026,0.002875879454816458
N4800HD,0.9342281761121091,0.06379710027505395,0.0013003715633332859,0.00043189325656436636,0.00024245879293933017
N4808HD,0.07020388855720887,0.8306697551261253,0.09242292669754734,0.005181172816381443,0.001522256802737043
N4809HD,0.5825208433645404,0.31383678706939455,0.06834495535835569,0.02071793354759709,0.014579480660112198
N4634HD,0.6036446461419469,0.35069744849441764,0.035952943863303916,0.007283526056157646,0.0024214354441741185
N4784HD,0.9014954698006402,0.08908724886341628,0.006460126339775903,0.0019951167682641874,0.0009620382279031568
N4815HD,0.870743409275083,0.12505701641957934,0.0026455944905026648,0.0009721910061981777,0.0005817888086368335
N4816HD,0.8125342103137706,0.1757521962791508,0.008580938060178624,0.002258740405344091,0.0008739149415560078
N4817HD,0.4332369993209717,0.5313285236449041,0.02603416554485407,0.006461041182332897,0.0029392703069370607
N4818HD,0.9023866980524943,0.09466804960020214,0.0018802108430671556,0.0006923634267826682,0.0003726780774536524
N4821HD,0.018882495889417737,0.9037390448908461,0.06732111352717123,0.008171845840692915,0.001885499851872158
N4830HD,0.9096917413606179,0.08569646678377468,0.00336531721684298,0.0009028436484525822,0.00034363099031179686
N4748HD,0.8821489995347588,0.1154168238557328,0.0017140438714863687,0.0004914357637745833,0.00022869697424758746
N4684HD,0.8488479572558434,0.14758076601132997,0.0023399213477558432,0.0007966646123231067,0.0004346907727477595
N0389HD,0.019137220567609657,0.9044389773494327,0.07166567156865526,0.0037024260159551356,0.001055704498347103
N4796HD,0.34283865669034636,0.46446984624730203,0.1260067796830786,0.04936137341109631,0.017323343968176436
N4834HD,0.007828602629390339,0.026182853715414175,0.4409626808557599,0.4998687918382397,0.025157070961195915
N4835HD,0.04909243456327202,0.923114474589776,0.022409975210573436,0.003869455710248005,0.0015136599261304769
N4837HD,0.35859091835724566,0.62682285926414,0.011021156149290164,0.00244288130384539,0.0011221849254787755
N4838HD,0.025682466696658853,0.902911534028548,0.0640936509261088,0.005493093436087041,0.0018192549125973737
N4839HD,0.04089413805373079,0.5448399142798485,0.3659119947866518,0.039964104180953884,0.008389848698815112
N4842HD,0.7373055705090547,0.18165975809739393,0.06292166226483722,0.012749769596956414,0.00536323953175789
N4844HD,0.9364678462299684,0.06211816996445783,0.0009546521058704488,0.00030894375835620373,0.0001503879413471695
N4846HD,0.061031308742127,0.20302362676392327,0.3810110454943149,0.22207690629128898,0.13285711270834594
N4847HD,0.8442776469970541,0.1528053641960123,0.002038342143001239,0.0006278891061156837,0.0002507575578165067
N4849HD,0.39624838336282064,0.4894657425921134,0.07221809489962305,0.027602575006688723,0.014465204138754108
N4852HD,0.04964628707484748,0.6738207731602173,0.2524784379891025,0.018871064266789365,0.005183437509043327
N4853HD,0.7476192802879725,0.2330603671666102,0.012125171161239049,0.004624652500299797,0.0025705288838783493
N4856HD,0.8905409424988203,0.1069417788319138,0.0017850990448386977,0.0005063642996181425,0.00022581532480897906
N4858HD,0.9148394347223776,0.080018019622906,0.0029901438094721198,0.0014267062172715805,0.0007256956279726765
N4860HD,0.1334436719276138,0.2807867264239078,0.39887898276830125,0.14263473349986552,0.04425588538031148
N4861HD,0.8976998075589996,0.10059452987621476,0.0011816909425157664,0.00035655327363577925,0.00016741834863407388
N4863HD,0.42452332093690986,0.5646119967888504,0.0074750553073396255,0.0022729329610908107,0.0011166940058091365
N4864HD,0.5602285673475363,0.4276374613471003,0.007536508454379636,0.00284419314503215,0.0017532697059515253
N4866HD,0.803296184255192,0.18565414799260763,0.007739224120169795,0.0023098727868026466,0.0010005708452279912
N4012HD,0.6437501336037051,0.33714529266248483,0.014637756145075044,0.003279755663262816,0.0011870619254721736
N4825HD,0.14932123742830566,0.5397070132302383,0.2197303948363578,0.06620653566308612,0.025034818842012196
N4875HD,0.04624950679290703,0.2575156490703298,0.49036777036235857,0.16203384813324634,0.043833225641158144
N4878HD,0.02894935505415393,0.11486614740858513,0.33147459678900776,0.34818141808063263,0.1765284826676205
N4883HD,0.03833144226242885,0.6034728229455089,0.3237100289990719,0.028780634124548475,0.005705071668441867
N4884HD,0.5972479880988193,0.3565151972811654,0.03926114486992902,0.005375893418960423,0.0015997763311257714
N4887HD,0.3063757427722566,0.5616711787866034,0.11238465009340078,0.014062848638655104,0.0055055797090840936
N4891HD,0.7224787476644999,0.2518135589935385,0.020172857795429894,0.00405406216339081,0.0014807733831408035
N4892HD,0.0938161656279471,0.7997478696565454,0.0934716078954235,0.010273277215094584,0.0026910796049892834
N4895HD,0.8642882072613408,0.06724424235721535,0.05614598038322617,0.009242389539885258,0.0030791804583323364
N4899HD,0.6974983303735635,0.2958305279274513,0.004321676783209972,0.0015683846225848321,0.0007810802931902484
N4898HD,0.5778031965835126,0.2615438094713632,0.13903717409037397,0.015559048569253676,0.006056771285496424
N4902HD,0.6012037635591504,0.3339152788305476,0.04662797468501037,0.013942831192052037,0.0043101517332395835
N4904HD,0.1264310008957772,0.4387317115711354,0.3390478031092175,0.070849462738764,0.024940021685106076
N4906HD,0.8607746557231951,0.13509812866114448,0.0026163704229791324,0.0010560750789408299,0.0004547701137405107
N4909HD,0.8321816232982318,0.08742504357809378,0.05781591491558656,0.014834778641874777,0.0077426395662132655
N4912HD,0.6894419860675496,0.29648705976883305,0.011432529816489847,0.0019517236736265424,0.0006867006735011035
N4913HD,0.6407531896196501,0.3435180820908952,0.01232018293014319,0.0024353506028048657,0.0009731947565068106
N4914HD,0.06982948889374774,0.7979711243318662,0.11800192727113677,0.011560379057776522,0.002637080445472786
N4908HD,0.9107793577988852,0.08752594935885578,0.0011824377081811573,0.0003522926854174472,0.00015996244866068877
N4937HD,0.9085494288785567,0.08983295714513123,0.0010919849911664498,0.0003571023737766144,0.00016852661136912276
N4938HD,0.9085048435577934,0.08910205016581504,0.0015543181328353801,0.000583269269185672,0.0002555188743704092
N4949HD,0.920878270183999,0.07667137088476053,0.0018143349264820993,0.00042615781820271704,0.00020986618655544474
N4952HD,0.8072360239360401,0.18118063014071492,0.009734743963911031,0.0014483400334592482,0.0004002619258747741
N4954HD,0.5024255092382658,0.45361860324192155,0.03513615818404802,0.006325749591525155,0.0024939797442395336
N7917HB,0.8990433992759019,0.09884216303473495,0.0014872083681786346,0.0004295921546546114,0.00019763716652973102
N4951HD,0.7909095162967399,0.20201474940839406,0.004742471189706091,0.0015266147337264187,0.0008066483714334546
N0385HC,0.10963798888763221,0.45051029754736377,0.3146350035560202,0.0817550044130806,0.04346170559590326
N3920HD,0.23649649238520307,0.5479303879055969,0.1796101456250736,0.02778621943157915,0.008176754652547292
N9498GW,0.8268337841763559,0.15983900683194774,0.010189924209754137,0.0022428453182359006,0.0008944394637061914
N4961HD,0.9559370356338117,0.043120772375889904,0.0006290842102331917,0.0002070747350179996,0.00010603304504736424
N4965HD,0.37821035750278553,0.5123780120729817,0.08899861189228199,0.01500116093180796,0.005411857600142812
N4967HD,0.6062406962824033,0.33675631256177985,0.04123889647088838,0.0121245321356261,0.0036395625493023677
N4968HD,0.39737314432608767,0.45891998424273484,0.07806274476743837,0.0478581509081399,0.017785975755599107
N4973HD,0.8587187957411887,0.13310882469859597,0.005978706809215589,0.001646797675089954,0.0005468750759099329
N4976HD,0.028411083493548685,0.23603388985135745,0.6029815909204843,0.10690828070508836,0.02566515502952127
N4977HD,0.15470309633335674,0.7495052167530273,0.08611078029084891,0.007143372699706392,0.0025375339230607782
N4978HD,0.70773663373756,0.26748763990401947,0.017248166652956566,0.005915580673497873,0.0016119790319660343
N4982HD,0.30541675925874645,0.5258616102736261,0.1224624636450201,0.03376851504487446,0.012490651777733052
N4983HD,0.13569339272601894,0.5662885615293387,0.21834219164606036,0.06753814830614772,0.012137705792434197
N4984HD,0.895753127181592,0.10247748908069997,0.0012012694982146586,0.00040638478832818775,0.00016172945116539714
N4992HD,0.015268405264704726,0.07463780488404152,0.23486472575734552,0.46934147622802286,0.2058875878658853
N5000HD,0.6812732008237538,0.2597641003208848,0.03628974854095264,0.015458518386478205,0.007214431927930776
N5006HD,0.4453420264537127,0.3965918430374068,0.10657883962624401,0.03489792546624042,0.016589365416396
N5007HD,0.7303810602342311,0.248470413400525,0.015048754852676002,0.004713265723467362,0.0013865057891004993
N5008HD,0.13707946306938534,0.5861366396811909,0.2498518302304682,0.022374425767544125,0.004557641251411508
N5011HD,0.27882501035950724,0.6078239172013394,0.08710333034521336,0.018248989639748442,0.007998752454191514
N5020HD,0.5267496276846861,0.39389725529956754,0.05845181985085026,0.01478173799213752,0.006119559172758524
N5024HD,0.7980797512441882,0.18789697870173921,0.011415012630486446,0.001878294402780682,0.0007299630208054608
N4826HD,0.9193956283238761,0.07243364716215751,0.00552121668425055,0.0019125114806170917,0.0007369963490986045
N5032HD,0.8598039808438339,0.13071333293481033,0.007582200919391959,0.001369079200610854,0.000531406101352809
N5041HD,0.9046314002390764,0.09159747596402144,0.0023391621949603028,0.0009406354288214918,0.0004913261731202201
N5043HD,0.9541826869661564,0.04320111707042454,0.0017594507542570705,0.0005543069927407266,0.00030243821642120684
N5044HD,0.07762565656675902,0.10252455223984028,0.508843494485414,0.20663603749771006,0.10437025921027684
N5045HD,0.8456385016159269,0.14409261863809256,0.007951448341941884,0.001600980359032914,0.0007164510450059458
N5004HD,0.8952324574567755,0.09967722081228488,0.0032715673386838296,0.0011887392330434635,0.000630015159212285
N5055HD,0.4240125848565077,0.47993598871652193,0.07126800396988522,0.01951644129429822,0.005266981162786696
N5056HD,0.09442577112788597,0.2557342908532667,0.36853458932512057,0.18327181853023083,0.0980335301634959
N5057HD,0.7241089757954665,0.2685744433319022,0.004718838763472317,0.001715763855433765,0.0008819782537251477
N5059HD,0.637959121550551,0.12605964013330884,0.18492393996888656,0.033451059353541965,0.01760623899371172
N5061HD,0.5695373978327027,0.40330200661293986,0.01795527550261124,0.006487008477497732,0.0027183115742483925
N5018HD,0.9270519037019289,0.07047962180634076,0.0015912143234844407,0.000599953836787649,0.00027730633145839074
N4896HD,0.7075462843390379,0.27364497342806815,0.012826742950987383,0.003933206260089999,0.002048793021816633
N5064HD,0.8245545815119677,0.15658910500978598,0.012878414725922374,0.004317256857901695,0.0016606418944222238
N5065HD,0.6695395133122303,0.32174344940689353,0.006331890318118931,0.0017548016717154717,0.0006303452910418354
N5067HD,0.19782792282304007,0.5902140599742474,0.16682637863454813,0.03532896392796149,0.00980267464020293
N5070HD,0.037215302922369686,0.466561542113098,0.42132090852480103,0.05847488802781788,0.0164273584119132
N5071HD,0.1207729211830163,0.7726318618821119,0.09365287318688803,0.010439100907442397,0.0025032428405414925
N5072HD,0.1087874270612212,0.7802053955667657,0.09476902921367016,0.01290125439588508,0.0033368937624577437
N5074HD,0.7447036083933604,0.2414994455626711,0.00991671219805263,0.002743370801663784,0.0011368630442520507
N5075HD,0.909376829937289,0.08768496025770248,0.001964974790565446,0.0006734714050366955,0.0002997636094064547
N4923HD,0.8415348649626208,0.14629685536730572,0.00840657789332153,0.002636417724657868,0.0011252840520941864
N5076HD,0.8203712645444098,0.17304815115562586,0.004909656859704918,0.0011839274553422253,0.00048699998491717983
N5079HD,0.0591841621428016,0.2778825655551679,0.4677032529912366,0.163866590385187,0.03136342892560711
N5080HD,0.29000123123929605,0.27165849165783285,0.3504667665054639,0.06550681154286592,0.022366699054541205
N5082HD,0.836853794579128,0.14870323934482857,0.008738284794448752,0.003783880568531684,0.0019208007130629794
N5083HD,0.6334451574563327,0.33384774463371186,0.02596311504512019,0.005193105010550258,0.0015508778542850643
N5085HD,0.10142476298355434,0.5740284540890784,0.27901353395697515,0.034633764148510576,0.010899484821881432
N5051HD,0.20340377244705704,0.7809053209620532,0.013022733849654529,0.001920226213518932,0.0007479465277162369
N5039HD,0.04362293343641392,0.2048913353107246,0.43239377313367366,0.24396322205844664,0.07512873606074123
N5088HD,0.8499713862160365,0.14515958522204808,0.0032929130171109227,0.0010725339657227093,0.0005035815790817501
N5091HD,0.027566329085593654,0.9635354905116835,0.007253778749347308,0.001156389732156329,0.00048801192121934213
N5093HD,0.03927216462640142,0.14351519564441867,0.3214535076536237,0.396908563841717,0.09885056823383921
N5100HD,0.011413721902696234,0.060765551343611605,0.3396213829090417,0.5501688231190568,0.038030520725593576
N5103HD,0.04414303138099467,0.20843014730678763,0.42021703808526534,0.22943277632633857,0.09777700690061382
N5104HD,0.959232649903808,0.03988921862571072,0.0006107839316090764,0.0001864998586390422,8.084768023296671e-05
N5105HD,0.641697927262242,0.31793094775091923,0.024588557645784118,0.010606844363881778,0.00517572297717272
N5106HD,0.7943499131342667,0.1909366465719387,0.011099423486321468,0.002659591410503854,0.0009544253969693203
N5109HD,0.3237092018404695,0.6548036506751026,0.017411479589076368,0.0028791311295693718,0.0011965367657822263
N5112HD,0.5059045075189774,0.35120891683382166,0.111576288419608,0.02206900397608183,0.009241283251511129
N5115HD,0.8568107378272319,0.13784755473824478,0.004239360769572424,0.0008142472419674201,0.00028809942298343094
N5120HD,0.016444746514751484,0.0899658768827752,0.3381047482037038,0.4786579339807038,0.07682669441806592
N5121HD,0.5051309619920049,0.4596514050828746,0.024206429179162436,0.00788489014810507,0.0031263135978529936
N5122HD,0.5781841151388666,0.36490578715868777,0.04607666173275747,0.008976971779189382,0.001856464190498758
N8305HB,0.884110551742411,0.1119611871503029,0.002266720438134384,0.00110786822647091,0.00055367244268084
N5126HD,0.036353573557652966,0.18735588315667095,0.44291806581325355,0.2732200023175805,0.06015247515484217
N5128HD,0.934069024163606,0.06372930044113713,0.0014199703581774547,0.000521743497562481,0.00025996153951679865
N5133HD,0.01577336987064285,0.08146302318299709,0.4382827799295267,0.4153179482256172,0.049162878791216
N5135HD,0.8183941938855456,0.16730427047822208,0.010558400912628225,0.00269324961410899,0.0010498851094951865
N5143HD,0.8074872862120743,0.186771608173295,0.004724918741563233,0.0007063999095219197,0.0003097869635455456
N5144HD,0.33240315198354825,0.5971967219297769,0.05485468493440166,0.01104016430349076,0.0045052768487823395
N5149HD,0.15142881238894323,0.4849670281251113,0.25283121772863076,0.08429487888051539,0.026478062876799477
N5152HD,0.4535562488448697,0.518055630785387,0.021707568015397125,0.004620177258837121,0.0020603750955091086
N4394HD,0.1790297861867325,0.3930776938074718,0.31980958864068487,0.07991763465278824,0.0281652967123226
N5029HD,0.15839932581315275,0.4565347783719267,0.2782607029851607,0.07510687559357525,0.031698317236184693
N4368HD,0.9337845407024169,0.06453917566171977,0.0011654054764708576,0.0003478824851515333,0.00016299567424094357
N5013HD,0.2552981098054618,0.42019336417901215,0.24795388576302804,0.054999907721542125,0.021554732530955883
N5153HD,0.256759904575229,0.5678537621146493,0.14717052384716203,0.021178674986426338,0.007037134476533336
N5157HD,0.8503371735849301,0.1461613859550993,0.002387603675472491,0.0006943164584024228,0.00041952032609579755
N5170HD,0.6637007614481385,0.3224412128300495,0.01004912550365554,0.002674550343559709,0.001134349874596853
N5172HD,0.9024925130556729,0.08976321268582756,0.004879951931460759,0.001915870510270468,0.000948451816768421
N5173HD,0.6463414677044197,0.27103736867473754,0.0564397764770406,0.018656589405421888,0.00752479773838035
N5147HD,0.6656957081893751,0.29386459707978724,0.027146586602923906,0.008233423284090189,0.0050596848438236135
N5178HD,0.7068902159330577,0.24119404232126362,0.03465026632015305,0.012507068191682645,0.004758407233843055
N5180HD,0.37936831791754266,0.3183709020933938,0.2071237189374188,0.0655414568593876,0.029595604192257086
N5181HD,0.43598974832834453,0.4702059755862284,0.06637570486447615,0.01688306188742152,0.010545509333529353
N5182HD,0.8979907728250941,0.09978327915173078,0.001569047799078203,0.00045546704648217226,0.00020143317761496033
N5183HD,0.03441057051662643,0.9383068892781354,0.024365354346939583,0.0022694079121542126,0.0006477779461442611
N5185HD,0.1816232027680752,0.4574149615474259,0.2703773237467193,0.0753651994772734,0.0152193124605061
N5187HD,0.11838948893793635,0.3259200624320138,0.36400080567564047,0.12645119508197405,0.06523844787243517
N5188HD,0.16894942694239393,0.5443080941317869,0.18242506671854838,0.08870006170257712,0.015617350504693758
N5190HD,0.011168967416819482,0.06432139538345544,0.3344771933467187,0.5537760532522241,0.03625639060078225
N5192HD,0.4361950904553952,0.5573760617546657,0.0050338022406023345,0.0009402880384911402,0.00045475751084556775
N5193HD,0.7059472082013454,0.2669855799505487,0.022165783605790246,0.003388793365003093,0.0015126348773123923
N5197HD,0.8952591502821912,0.09920680536467882,0.004531066589818215,0.0007266038914193658,0.00027637387189250893
N5198HD,0.18714436499343515,0.48104625007157026,0.17114376968559286,0.11568557135362136,0.04498004389578052
N5199HD,0.7224115963886232,0.22266076344551775,0.03770043735235731,0.011795497590762302,0.005431705222739494
N5200HD,0.7896188138981797,0.1950039291879659,0.00976409149629629,0.0035272608045644337,0.0020859046129938193
N5203HD,0.061082830188139016,0.2702052411599621,0.3454448113392366,0.25278246170369084,0.07048465560897145
N5209HD,0.05892856773990785,0.2447541897029754,0.4479268162677285,0.22019715936243145,0.0281932669269568
N5212HD,0.8508085497546817,0.14494516292489096,0.003368060435058057,0.0005956814826440402,0.00028254540272518777
N5215HD,0.47621143569396956,0.4367196058328966,0.06850978656083438,0.01260993279425836,0.005949239118041102
N3574HD,0.8186834639892303,0.16469458322726396,0.009973945156454452,0.004460417300872625,0.002187590326178734
N4760HD,0.04538875160558172,0.26009286167295137,0.40327334198008374,0.20496909441902653,0.08627595032235665
N5225HD,0.8411204023840156,0.1543213848723711,0.003202753815654562,0.0009275362297517215,0.0004279226982070036
N5226HD,0.5781967072886729,0.3509062096740175,0.052150480789229084,0.013882740729160828,0.004863861518919716
N5227HD,0.8097969897732064,0.16009149771156994,0.021344827647559156,0.006100913578778792,0.002665771288885733
N5233HD,0.008686099999746372,0.034946045592523865,0.2598351687244803,0.4027488603685992,0.29378382531465025
N5238HD,0.8655288930703106,0.11372019499748903,0.012254698682141294,0.005262885435448209,0.0032333278146110733
N5241HD,0.7947857543021648,0.18017100977629677,0.01881892958598253,0.004161593487965451,0.0020627128475905238
N5243HD,0.009648159472421407,0.04153842444872992,0.3462554847817937,0.574923023993802,0.027634907303252985
N5246HD,0.7663873554512544,0.2131655356651506,0.013676323834308786,0.0044668288226871015,0.0023039562265992023
N5247HD,0.009365987979184918,0.023400481326100783,0.4081770348828589,0.5357713244243745,0.02328517138748092
N5248HD,0.43896321703395363,0.19736878773838665,0.28117033580458695,0.056716280305901375,0.02578137911717131
N5253HD,0.5107544277586634,0.3727933764946705,0.07847154493651701,0.02137981441881579,0.0166008363913332
N5257HD,0.05064820772377782,0.23725473198200497,0.34740000288055717,0.29161888563611627,0.07307817177754383
N5259HD,0.018792591381093498,0.07191155345587988,0.28550005758844516,0.4071306143019604,0.21666518327262105
N5262HD,0.06818891419958754,0.1972736994478891,0.6949787970344828,0.029639205180470952,0.009919384137569485
N5266HD,0.09482960156491153,0.7896777548060868,0.10284028797271892,0.010344024986812158,0.002308330669470733
N5270HD,0.648746773110394,0.3347959205719163,0.013102451677167174,0.0024145317922873175,0.0009403228482352671
N5271HD,0.6729635305060376,0.2457535490132312,0.05335547169490842,0.01949832603788378,0.008429122747938996
N5273HD,0.882800699199467,0.0883255089701351,0.019050378665131724,0.0063129246055596165,0.0035104885597066426
N5274HD,0.902461221185238,0.09249203239184631,0.00388306679150026,0.0008500973661249039,0.00031358226529047526
N5211HD,0.30621267896696625,0.5591293518981575,0.08943170153241042,0.0376511518918539,0.007575115710611882
N4843HD,0.4794840150523098,0.41856844417779465,0.06675083966100206,0.022720634628278755,0.012476066480614684
N5287HD,0.5662042896116305,0.3969099449793707,0.027569097435286065,0.006673372951659551,0.0026432950220530776
N5286HD,0.09644207469732935,0.17023161701020598,0.39269390333687426,0.2011428812151032,0.1394895237404872
N5292HD,0.051775142908359856,0.2440025170135725,0.340192364706212,0.286692231169783,0.07733774420207255
N5294HD,0.8409225307571168,0.1536640148464791,0.0035078201322789543,0.001315675919427543,0.0005899583446977862
N5296HD,0.2674555863209764,0.4878187862630162,0.16813629994962845,0.064296667018313,0.012292660448065967
N5298HD,0.8362406593323646,0.14101857516517083,0.015786104309999046,0.005018442461228972,0.0019362187312365134
N5303HD,0.8710406730078526,0.09722928786270889,0.022033841797071123,0.006520764733963794,0.003175432598403569
N5305HD,0.16230996788292162,0.39068072685990135,0.33609434040746194,0.08554998501266375,0.025364979837051223
N5306HD,0.8921818046208511,0.1016236547128305,0.004682104313577801,0.0010810944968849018,0.0004313418558557352
N5307HD,0.06100527180161746,0.22587216109548922,0.3871239423779148,0.2463033752223509,0.07969524950262757
N5311HD,0.25450474745037016,0.48558767661975366,0.22887112374566324,0.023149105546717324,0.007887346637495718
N5314HD,0.7738683424977056,0.21226306561081684,0.009528223588429181,0.003013044582757193,0.0013273237202911725
N5073HD,0.07289259097671322,0.24146197468286673,0.47270784661920523,0.15288249899978748,0.060055088721427466
N5277HD,0.0374922763251739,0.13175192087734122,0.37076397472147116,0.28811121116538213,0.1718806169106315
N4885HD,0.9362349498649998,0.061190966275922506,0.001628073186622087,0.0006303448376441075,0.00031566583481159243
N5318HD,0.030188838943256194,0.21963834497974205,0.5413963047942247,0.157226784372122,0.051549726910655
N5321HD,0.7948646785052963,0.15646471889591243,0.03903834925821613,0.00748180112316403,0.0021504522174111617
N5323HD,0.9549046926367023,0.04425942627297105,0.0005654955664233238,0.00018709405658716907,8.329146731604475e-05
N5324HD,0.7276872367219298,0.2398712923448678,0.023916422630551114,0.006060665101191364,0.002464383201459896
N5326HD,0.8484041764411239,0.13778021511062802,0.007869565625800561,0.0036817183106380644,0.00226432451180951
N5327HD,0.6910946864416484,0.28155707858734597,0.01685813318409954,0.0062890821411771365,0.004201019645729069
N5329HD,0.05063056844223137,0.13195590969286902,0.6707941160954423,0.11884702094405204,0.027772384825405276
N5331HD,0.7943338525548365,0.18525671843845554,0.01525884475468589,0.0034810305406216963,0.00166955371140032
N5332HD,0.7829836997670366,0.1845664202516625,0.021757066317727804,0.008181265468614939,0.0025115481949579757
N5333HD,0.9145096007624394,0.08359586888527797,0.001180448404275432,0.0004830755835335925,0.00023100636447366516
N5334HD,0.012827602335301135,0.9472822999970921,0.035098996871710045,0.0037353996180292423,0.0010557011778673756
N5338HD,0.01573944095056927,0.08681741394009226,0.3331447079811285,0.3677178988398343,0.19658053828837563
N5339HD,0.02182656727009494,0.048193376127688266,0.6418090675092735,0.21701143320984756,0.07115955588309579
N3820HD,0.016803133926553186,0.06368144550772188,0.31660786618712716,0.34224709460293445,0.2606604597756633
N5342HD,0.8165616531820216,0.17645147214524082,0.0051548313426046,0.0012796390961749386,0.0005524042339579144
N5345HD,0.7011401000544555,0.27182273110301874,0.02250093135694127,0.0034648531332156173,0.0010713843523689082
N5346HD,0.7627360460113131,0.2264008522836761,0.006645374513251016,0.0028683260070420003,0.0013494011847177306
N5348HD,0.01978753497071663,0.1362689564551324,0.325217382951482,0.4004289859822813,0.1182971396403877
N5351HD,0.6381567374374418,0.3117357013946504,0.03648022520482379,0.010498642361589686,0.0031286936014943588
N5354HD,0.010141650210524138,0.03431655408757195,0.34580929891912343,0.5866869403452886,0.02304555643749197
N5355HD,0.5323803088111928,0.3837597616574246,0.05599824701688906,0.016908822716740855,0.010952859797752618
N5362HD,0.8947405346451308,0.10326963078699904,0.0013534310360595668,0.0004289839266826905,0.00020741960512790118
N5364HD,0.8654150003759855,0.12292115736010364,0.008672849642458628,0.002179148394773616,0.0008118442266786172
N1264HD,0.02309121039377827,0.8680743649009971,0.1009412543394291,0.006318317174730919,0.0015748531910647274
N4985HD,0.27540451116735104,0.5314638675870483,0.14701587255527024,0.0325901977735255,0.013525550916804888
N5368HD,0.012392333903470316,0.07061069570970989,0.4626155675105393,0.40442839282107096,0.049953010055209454
N5371HD,0.8735236068596,0.12035927006213709,0.0037865345548207785,0.0015070533964226525,0.0008235351270197624
N5372HD,0.7740763595647618,0.2187652156066631,0.005730282532714701,0.0010114770255378557,0.00041666527032266864
N5373HD,0.40838661861830367,0.5816581801119737,0.006904821469163957,0.002025027617689714,0.0010253521828689318
N5374HD,0.48982716763899864,0.4931499304208998,0.013546655976269938,0.0025015781066957225,0.0009746678571359418
N5377HD,0.5992956896854598,0.390825978578549,0.007156179091609699,0.0018270173339746743,0.0008951353104067513
N5379HD,0.8196548125920957,0.16761063306258553,0.00997263647134231,0.0021015080582028715,0.000660409815773474
N5381HD,0.05733365043066438,0.30699966443057586,0.3404069153842153,0.23239426469928676,0.06286550505525776
N5383HD,0.14656757289006683,0.4041208920884102,0.31027322405719004,0.11196293971059469,0.027075371253738115
N5385HD,0.9081717529810662,0.0909063361256319,0.000642068018858284,0.00019485236317075294,8.499051127310931e-05
N5387HD,0.016836761145807594,0.08368446565756237,0.3207876598192747,0.35632937623003497,0.2223617371473203
N5388HD,0.0742942457988363,0.26203412948457233,0.32965023167465973,0.28725050974667576,0.04677088329525603
N5389HD,0.042775509987243956,0.32395722553576195,0.5657498861916244,0.051391207034593815,0.01612617125077589
N5391HD,0.5707167190935376,0.380957316824867,0.041889811586968896,0.004810326844328307,0.001625825650298197
N5393HD,0.46500895064224956,0.5019914022642785,0.029432717431714796,0.0027197905262684096,0.0008471391354886121
N5395HD,0.754801804699709,0.20365349794567175,0.03323203270998822,0.0062036563889770625,0.0021090082556539484
N5397HD,0.7862386597710496,0.1928567462340692,0.016072002787998654,0.0037556126510272046,0.0010769785558553888
N5398HD,0.7982829943390418,0.1812737404718869,0.016076506149086338,0.0032982180728344784,0.0010685409671505872
N5386HD,0.11331683070678744,0.6677866882143121,0.2005033615120839,0.013878063837093207,0.004515055729723313
N2483HD,0.8229309406201499,0.15917073437097,0.0103806654076539,0.004583540941270897,0.0029341186599551802
N5402HD,0.8461584547196663,0.14813390837358056,0.003840848282946539,0.0012359955216466574,0.0006307931021599237
N5404HD,0.6968172352635204,0.2698573534960218,0.026328262217492425,0.005410848033743165,0.001586300989222363
N5405HD,0.9220481356396397,0.07627977579966898,0.001170632542623923,0.00034420388807321833,0.00015725212999422473
N5407HD,0.18207556573564823,0.5294418258222441,0.219390836854834,0.058674739365834554,0.010417032221439228
N5414HD,0.46666371046793276,0.5195402373732058,0.010635692733438928,0.0020813075293133533,0.0010790518961091454
N5415HD,0.7956226963262171,0.20044928269001208,0.0023810246947336814,0.0010565536747110982,0.0004904426143259787
N5416HD,0.0668550362010287,0.8378129923973694,0.08585016627835913,0.0071534562307115105,0.0023283488925313037
N5421HD,0.7481162960847713,0.22536563327433465,0.020487025800725832,0.004521542322066705,0.0015095025181017265
N5430HD,0.8881548555142881,0.10539316983933196,0.004852786559212008,0.0011088990850570233,0.0004902890021108471
N5431HD,0.03879170976983459,0.7639935609577168,0.18203828552793086,0.012516673664266256,0.00265977008025135
N5432HD,0.7995231605701086,0.19084213888936852,0.00730061539613401,0.001758061857514276,0.0005760232868745383
N5437HD,0.8838756720563522,0.11114120693380618,0.003637652886014057,0.0009555899817228101,0.0003898781421048795
N4225HD,0.349599313981711,0.5297926528419276,0.08367231819367027,0.02343474915641519,0.01350096582627599
N5123HD,0.43140384060980447,0.48093590480620885,0.056334127810273714,0.021566640404952625,0.009759486368760343
N9187HC,0.023601708172448024,0.11323619148827024,0.40494315376675305,0.39127859187543984,0.06694035469708887
N5439HD,0.17999998554934205,0.504706335016854,0.18746214265716143,0.08955192189369487,0.038279614882947594
N5440HD,0.06445716038404874,0.7662489449876247,0.15750514822229403,0.009228605834248066,0.002560140571784645
