ncode,proba_0,proba_1,proba_2,proba_3,proba_4
N4541HD,0.7849040458645371,0.19578415555097126,0.014918509103489635,0.003061740352234222,0.001331549128767757
N4397HD,0.006711030123121691,0.03987555002092408,0.3467859110206734,0.5525532839286358,0.054074224906645034
N4544HD,0.8977639447764735,0.09857591426717553,0.0028058496448495735,0.0005999969327393801,0.0002542943787619608
N4545HD,0.062208676881578065,0.24849287123474734,0.3863302975125409,0.2419228793176395,0.061045275053494226
N4546HD,0.14531556042110383,0.7903476626381106,0.06001101280401425,0.003309266678216709,0.0010164974585546945
N4550HD,0.8005894630361269,0.191126044068558,0.005362719681149606,0.0018758222273869108,0.001045950986778601
N4551HD,0.7946356313050243,0.1981549676356843,0.005687370143624957,0.0011508938600354578,0.00037113705563096826
N4554HD,0.07585371036368,0.6266122383700976,0.2649305319857848,0.026444841401095365,0.006158677879342283
N4555HD,0.34631009135386276,0.5925672848350394,0.04977517733209416,0.009008995124680695,0.002338451354322962
N4556HD,0.3014227827473509,0.501919444308298,0.14600922936287017,0.04192441414919739,0.008724129432283515
N4563HD,0.3930373204829496,0.47894572256754164,0.10590927976090632,0.01891641819452266,0.0031912589940796044
N4567HD,0.9114985349608652,0.08194142888834947,0.004267067388976074,0.001628164568913139,0.0006648041928962356
N4561HD,0.8748321067754935,0.11984604216241301,0.0035413201027407323,0.0012045327089008132,0.0005759982504520262
N4571HD,0.3081910557805838,0.6023033040063623,0.07055326486554743,0.014382776704619276,0.004569598642887094
N4574HD,0.9518153427967792,0.046315260652549,0.001262032567656232,0.0004507457401808316,0.0001566182428348302
N4575HD,0.7618143904972619,0.2164640945601933,0.01633763550829891,0.003991052121823869,0.0013928273124219877
N4579HD,0.16580239549217413,0.7000006822507006,0.10867121611940904,0.019335352491998616,0.006190353645717769
N4581HD,0.20943495164846482,0.7009796215641054,0.08266692896874686,0.0056957720036487965,0.001222725815033995
N4584HD,0.12037219696107951,0.824573767543052,0.050520757819141844,0.003427790096632461,0.0011054875800941178
N4578HD,0.7572436009581586,0.2348926289963024,0.00580642433253141,0.0015540821924407541,0.0005032635205668015
N4590HD,0.19872752285181533,0.7160935049339922,0.07609519061377429,0.007842536546831995,0.0012412450535861832
N4593HD,0.03105379485624056,0.2913936972141508,0.3963911227840073,0.2503699463040704,0.03079143884153095
N4151HD,0.15841527782153692,0.4719288216634774,0.21666261719846316,0.1214694834086059,0.03152379990791667
N4594HD,0.8309266413846352,0.16355984470838303,0.003951606961691082,0.001158922482571756,0.0004029844627188021
N4600HD,0.44018325312770573,0.504052531091577,0.048287781343794134,0.006328525105731157,0.0011479093311919863
N4605HD,0.07512274154280105,0.3352683897076795,0.4818667509762744,0.09297835287953012,0.014763764893714839
N4612HD,0.3065216714003616,0.5967769461289086,0.0768171753978918,0.01653106517537172,0.003353141897466194
N1701HC,0.2539615034715319,0.615115001747016,0.09990962732616587,0.023828297881136586,0.00718556957414964
N3705HD,0.012341059185888953,0.05653729868549335,0.32395187097800565,0.2528268883246192,0.3543428828259928
N4589HD,0.6126374540687771,0.3393082797293241,0.03301247448968475,0.011313646952394903,0.0037281447598192046
N4339HD,0.9232663038732284,0.07292194376124295,0.002350576738000496,0.0010035706012712857,0.00045760502625693877
N4615HD,0.016670879074404746,0.12629674131633922,0.34170034717060993,0.3993893805067939,0.11594265193185221
N4618HD,0.9042487994613952,0.08998619536536133,0.0037253612053972317,0.0014307183912273622,0.0006089255766188041
N4624HD,0.4895248588424552,0.5013343670321502,0.007544222362259469,0.001226830923285922,0.0003697208398493264
N4626HD,0.8183092623047508,0.16437672432154324,0.01322522490286966,0.0031472774789094034,0.0009415109919270674
N4628HD,0.1252596517899614,0.6034735227376341,0.22596144368621998,0.036959952426750216,0.008345429359434182
N4638HD,0.04130406002684132,0.16876267395688396,0.27813740711752616,0.4048522473927774,0.10694361150597108
N4639HD,0.8246438370356171,0.15652101765276133,0.013529119329632354,0.003740851856168618,0.0015651741258206433
N4642HD,0.8963046334211126,0.0993543348697844,0.0028966292024923262,0.000977899019868397,0.00046650348674211434
N4646HD,0.9194997072881168,0.07702855448005048,0.00210816834587088,0.000894841018612328,0.0004687288673495728
N4631HD,0.8311431793348348,0.15770636514872868,0.008019804477327237,0.0024120649946882625,0.0007185860444210143
N4656HD,0.03329527465264126,0.11160270210856553,0.39305025467215116,0.3799072375588356,0.08214453100780648
N4658HD,0.8065639646961976,0.17684050453399158,0.012005816436478085,0.003366716719464238,0.0012229976138685003
N4661HD,0.8681785618050326,0.12465670510304933,0.005044380385438329,0.00148803457040138,0.0006323181360782505
N4665HD,0.8088503161264385,0.17665547727684466,0.011942690038087456,0.0018944136827033378,0.000657102875925967
N4667HD,0.8656927445333211,0.13017085312899024,0.002706486715816166,0.0010733539635721626,0.0003565616583002245
N4669HD,0.661180173342913,0.3254690323354949,0.010900378826749763,0.001858403909502444,0.0005920115853399737
N4673HD,0.21425203398296036,0.629030274091565,0.12610549542074118,0.023690669217406368,0.006921527287327136
N0760HD,0.07648071805282253,0.7294844191033285,0.15402484633553842,0.033304169684351334,0.006705846823959211
N4672HD,0.6154393216437516,0.30881699184904243,0.05039854515377949,0.019565526761303922,0.00577961459212249
N2593HD,0.8985104627796949,0.09681512869395355,0.0028188476470467697,0.0013872370556647891,0.0004683238236401929
N4677HD,0.14431091487934516,0.6367856505422912,0.2011439756338199,0.015065759878248361,0.0026936990662953645
N4680HD,0.2263295277161017,0.6203705856541839,0.12007382137367535,0.025121798421260354,0.008104266834778709
N4688HD,0.019214817900795263,0.07427633676565036,0.3303834476989846,0.5147978532668547,0.061327544367715155
N4689HD,0.8715716033004761,0.12119032533057421,0.005124493031510327,0.0013562067813458723,0.0007573715560933911
N4691HD,0.16706872720457464,0.3865917174388959,0.259020434764723,0.15306333801898964,0.03425578257281704
N4692HD,0.6396764676754435,0.3156396416950603,0.0314265841433061,0.009749688148847885,0.0035076183373421933
N4694HD,0.026572213464594343,0.22107548705433988,0.5152201415168663,0.20365234529449414,0.03347981266970538
N4695HD,0.1294508548010946,0.666256090819415,0.1797241651286017,0.021284394476393322,0.0032844947744952984
N4699HD,0.5484486420120062,0.41201036393303836,0.031788017021685044,0.0061137171262800475,0.0016392599069903699
N4703HD,0.46092825785757363,0.39672781690621794,0.09515140263303151,0.03710211336818085,0.010090409234996102
N4704HD,0.004617660235628173,0.01859410921611513,0.3688572219261979,0.5868847485124901,0.021046260109568636
N4708HD,0.9356947739025283,0.06141359217108225,0.0019206638026485405,0.000673043830343806,0.00029792629339728396
N4714HD,0.6045495895625691,0.3580032561502585,0.02629978334814783,0.006950058530803376,0.004197312408221275
N4721HD,0.08328030691394742,0.4710571124143284,0.36099410672576504,0.07155429085420693,0.013114183091752092
N4722HD,0.8408677002007715,0.15492670846545994,0.003041950869341158,0.0008118695524350368,0.00035177091199232866
N4724HD,0.13028136507409807,0.7565353103455913,0.10307470104656705,0.008621868852141595,0.0014867546816020982
N4726HD,0.04247479267257394,0.8032003939404846,0.14582578116420383,0.007057319859900334,0.001441712362837266
N4735HD,0.7322816066257877,0.2583456717703573,0.006281718697028832,0.0019178125050082634,0.00117319040181814
N4063HD,0.47597935915999967,0.43769502637137486,0.059911274820506455,0.019584916998194257,0.006829422649924585
N4712HD,0.7880920877564253,0.1992937292026841,0.009877931278764858,0.002032061180726872,0.0007041905813989732
N4738HD,0.22487948003602715,0.6409562228670878,0.10412468612921637,0.022142936962289056,0.007896674005379746
N4740HD,0.03955389134139716,0.2128592336314942,0.3174109479396906,0.3649888286478813,0.06518709843953685
N4742HD,0.019215303566824483,0.1454798122483075,0.5265949720906717,0.2395657026176169,0.06914420947657933
N4745HD,0.8388735080941068,0.14998172683958252,0.008717876473308723,0.0018420961073675527,0.0005847924856342799
N4747HD,0.8792993867035898,0.10899203354082683,0.007852617675935786,0.0027029132575101867,0.001153048822137506
N4750HD,0.7074417249796365,0.2532657602927816,0.029803726726864935,0.007124104388724576,0.00236468361199241
N4752HD,0.005248612384803053,0.05291514018364741,0.487060609742082,0.41360657157636327,0.04116906611310427
N4754HD,0.4921272716501616,0.4861828277113557,0.018493306150788414,0.0025602453421310753,0.0006363491455633176
N4755HD,0.24763646581384072,0.5756831981286894,0.14951604175937064,0.021623431204226874,0.0055408630938722555
N4756HD,0.5442266388283873,0.42483623189468067,0.025291812168956703,0.004349775215855189,0.0012955418921200973
N4757HD,0.8520472975955511,0.13949299243547203,0.0068968286832017615,0.0012218125949867342,0.00034106869078847214
N4759HD,0.24730546978525492,0.6906480896100199,0.049428919460044074,0.010327362904430478,0.0022901582402505578
N4762HD,0.27258145822729796,0.6205371680084969,0.09226154304360018,0.011465850773500036,0.0031539799471048202
N4763HD,0.5854342132816622,0.37378175682702813,0.0286601128101655,0.007837848058784895,0.004286069022359245
N4767HD,0.8615636075579385,0.12676657657598622,0.008375740517951284,0.0026953371751893824,0.0005987381729345131
N4769HD,0.060141121756078705,0.28260303254393115,0.5100859676292486,0.13394297837787525,0.013226899692866197
N4770HD,0.8041251996924987,0.17951483891921005,0.011298264418279682,0.004006893644984154,0.0010548033250275708
N4676HD,0.19451297702638926,0.49684912722787417,0.22045403576448575,0.07450253547650174,0.013681324504749133
N4614HD,0.585272488881777,0.3332898973997838,0.06469904396775099,0.013403239424101768,0.0033353303265864923
N4774HD,0.29238599924470066,0.56913163199474,0.10638937265629637,0.0264589249007184,0.005634071203544538
N4778HD,0.04245295907710098,0.26206721377290343,0.46142026288142507,0.1971804227443377,0.03687914152423287
N4780HD,0.005582390816653352,0.027127887877304455,0.22112956245264434,0.5249439201373239,0.22121623871607393
N4783HD,0.5561541834724713,0.41519491110426554,0.022168991234695828,0.005024891886198685,0.0014570223023687087
N4789HD,0.8612582957712456,0.1236018579085795,0.010589660735978364,0.003289328032737694,0.0012608575514588681
N4792HD,0.44522725925825224,0.5407190306681523,0.011932785111884574,0.0016368355044237906,0.00048408945728724767
N4793HD,0.036918679860975245,0.5705926300268648,0.33152356434612007,0.04652652753154918,0.0144385982344907
N4794HD,0.00802790867576371,0.06339112454150725,0.4549206582507859,0.43616954170261196,0.03749076682933117
N4799HD,0.6902364712302228,0.28174307375551333,0.021392053540980855,0.005097895113810945,0.0015305063594718512
N4800HD,0.9310447680220211,0.06548746606374545,0.0022368336627253582,0.0008655654259473957,0.00036536682556069
N4808HD,0.11610202529177997,0.8215122781708555,0.057688555699673114,0.0038061624953226545,0.0008909783423689995
N4809HD,0.6314838204792393,0.3359994913575712,0.02409988858014281,0.00581443329261731,0.0026023662904293863
N4634HD,0.5876956714061572,0.35538333120329246,0.040720132108397464,0.012489591690833107,0.0037112735913197325
N4784HD,0.880526754833252,0.11358456788138847,0.004231850201615898,0.0012025078199219752,0.0004543192638217682
N4815HD,0.8981783897045807,0.09763387853012924,0.002793394949042487,0.0009812423916706512,0.00041309442457700975
N4816HD,0.7799117334500155,0.20065592008273866,0.013121958419072651,0.004888658761669333,0.0014217292865038448
N4817HD,0.2413817551164412,0.6843744154114819,0.06052431737265865,0.010132989003854457,0.003586523095563659
N4818HD,0.9142817700004329,0.08175719025567059,0.0024947356029802526,0.0010237563773758387,0.00044254776354031746
N4821HD,0.03113433095765694,0.907786944968714,0.052708834613467474,0.007367771724754836,0.0010021177354064615
N4830HD,0.870573219988645,0.11966504250578935,0.007373212759095132,0.0018863405957358368,0.0005021841507348135
N4748HD,0.8743092447630778,0.1210574239665095,0.003111578971089267,0.0010430930783673796,0.00047865922095616194
N4684HD,0.7070646108936871,0.2723129545167959,0.015891547997612325,0.0036617260359281356,0.0010691605559764955
N0389HD,0.02407936298646217,0.9207086450936453,0.05048365156102483,0.00403276380395935,0.0006955765549084084
N4796HD,0.3729323032678859,0.5000447619384769,0.09239530285513052,0.02796357610786964,0.006664055830636952
N4834HD,0.0056969318467824555,0.029243251681351355,0.41910806704776066,0.5230773224877905,0.022874426936315032
N4835HD,0.06568229936058684,0.9088531265200471,0.02233652862839282,0.002431932640429789,0.0006961128505433286
N4837HD,0.4104215670868498,0.5710352651575101,0.015893084353952598,0.0019032268592035727,0.0007468565424838566
N4838HD,0.06414548952743615,0.8829027420367439,0.04794914762397112,0.003954945001962057,0.0010476758098867459
N4839HD,0.03246021822492235,0.7234162845195842,0.2149627050662533,0.02597572848782624,0.003185063701413955
N4842HD,0.7531375192535992,0.2186421790394509,0.020443842905872683,0.006264432642481477,0.001512026158595773
N4844HD,0.9178062385372098,0.07968996177105249,0.0016468853538359803,0.0006246894177333693,0.00023222492016841881
N4846HD,0.11368192133563629,0.5402066880745189,0.2513047247558468,0.06295834891918517,0.03184831691481274
N4847HD,0.8257490032561074,0.16963168720028624,0.0032753432279347644,0.0009522081404846962,0.0003917581751868563
N4849HD,0.25749560440119174,0.6749607156710535,0.05343817330970841,0.010885670768629794,0.0032198358494166875
N4852HD,0.055299561814292755,0.7271696130272323,0.205930333107403,0.009042746316996931,0.002557745734075006
N4853HD,0.640538440293301,0.3362472123968749,0.018173768793015348,0.003830571964782214,0.0012100065520264356
N4856HD,0.8904139924331129,0.10522307678335585,0.003123483574767789,0.0009133643518983832,0.00032608285686503325
N4858HD,0.8974912652719564,0.09564068577426404,0.004548647250860253,0.0016800703595485956,0.0006393313433706204
N4860HD,0.2453608993172528,0.6904865120296986,0.055457789606037367,0.006496729585692039,0.0021980694613192952
N4861HD,0.911980643248209,0.08525472811127921,0.0018918839131400098,0.0006090826177183461,0.0002636621096534443
N4863HD,0.5377356031675197,0.4469549484765542,0.0104230618984605,0.0034736835064730865,0.0014127029509925387
N4864HD,0.7500394186571443,0.23807256175133362,0.008103563090075658,0.002829941831162378,0.0009545146702840328
N4866HD,0.8089231649263656,0.17881209833513648,0.007731830869886778,0.0033972453526544904,0.0011356605159565751
N4012HD,0.6934443342366112,0.2845686481253409,0.0169654171469294,0.003891341996733113,0.0011302584943853882
N4825HD,0.2747208080320997,0.6113767104924537,0.0810671207370862,0.02336285570307792,0.009472505035282614
N4875HD,0.05679044071450931,0.4281803649966883,0.4082526893145311,0.08788842324421361,0.01888808173005762
N4878HD,0.037660617518229154,0.1998304485769912,0.4155398591106509,0.27101119471742047,0.07595788007670842
N4883HD,0.04578663507561026,0.5644971326890506,0.3519014603309365,0.03322444914620472,0.004590322758197906
N4884HD,0.5766159852234257,0.3728709431975352,0.04232560102026021,0.006435914912571587,0.0017515556462072296
N4887HD,0.24279534203660388,0.6933671656617703,0.057210150690711975,0.005303771863521931,0.001323569747392035
N4891HD,0.6612532303112154,0.30574959728899015,0.02703553685588476,0.004943180000487174,0.0010184555434224337
N4892HD,0.1457049391500051,0.713558272168588,0.11971706429149524,0.0179535023530808,0.0030662220368308166
N4895HD,0.8615542276836125,0.12945650592182012,0.006460723824932627,0.0019090734273275135,0.0006194691423071843
N4899HD,0.7887744931748697,0.20386217971707363,0.004991291724516922,0.001750327738551794,0.0006217076449880697
N4898HD,0.32949032332668204,0.6070427550290471,0.05049896144896654,0.009571992559947248,0.0033959676353569578
N4902HD,0.6597770212412124,0.29231699306843095,0.034483139183824764,0.009960021630142363,0.003462824876389482
N4904HD,0.18268841929639656,0.639326623832631,0.1490786754182293,0.02292582455748171,0.005980456895261273
N4906HD,0.7901818214487831,0.20054133454265877,0.007083722771696233,0.0017836147214550075,0.0004095065154068328
N4909HD,0.8535587936707117,0.13677446576191407,0.005756743600240531,0.002766550124816099,0.0011434468423174723
N4912HD,0.6567432520505566,0.3261995520927294,0.012981714737392715,0.0030398641496967157,0.0010356169696245736
N4913HD,0.6554596871877114,0.319776407562717,0.01992170468108127,0.0035811926138236264,0.0012610079546665882
N4914HD,0.1555659436594676,0.7130172295523277,0.11313082435960058,0.015146127978313637,0.0031398744502905227
N4908HD,0.885703466448164,0.111156128203447,0.0021555657264599308,0.000672321140204518,0.0003125184817246413
N4937HD,0.8841042517400436,0.11329411927369602,0.001831488338729395,0.0005209227611901617,0.00024921788634098464
N4938HD,0.9035371089279205,0.09251157982360186,0.002953266959445448,0.0007011137349699069,0.00029693055406224535
N4949HD,0.8818890786206406,0.11304781563230806,0.0035815878986451876,0.0011081624993644445,0.0003733553490419486
N4952HD,0.7994753306389383,0.18295014245755264,0.01316961366041757,0.003325289602700836,0.0010796236403906214
N4954HD,0.5140843827801809,0.44757043100319516,0.031000474213328313,0.0058929494084376975,0.001451762594857945
N7917HB,0.8849340825740314,0.11193084739710679,0.002220617226202932,0.0006318091831199629,0.0002826436195388752
N4951HD,0.7695389628109965,0.2211720946154709,0.006828633937493371,0.0016689686534177976,0.000791339982621281
N0385HC,0.13675254134597653,0.6419983801885101,0.1879072963486262,0.027005487152970735,0.006336294963916455
N3920HD,0.34603870445661067,0.5652310401430546,0.07416030063148873,0.01130566506934341,0.0032642896995024795
N9498GW,0.7749813140959397,0.2090688335728057,0.012096462180528702,0.0028764195751764163,0.0009769705755494967
N4961HD,0.8948333123745742,0.10192868564411112,0.0025259806948549216,0.0005383961451163343,0.00017362514134318141
N4965HD,0.3837531097865576,0.5260736899408607,0.07593926708038033,0.010210229420839977,0.004023703771361331
N4967HD,0.5800431304796844,0.3616787648553461,0.03784066984089196,0.016202432329317385,0.004235002494760067
N4968HD,0.31597252099607454,0.5193492022016023,0.09505756999406209,0.05490710890772914,0.014713597900531884
N4973HD,0.8352220091307402,0.15064332385687562,0.010314991395829637,0.0030576191030519755,0.0007620565135025988
N4976HD,0.017530445328346533,0.1705616174327483,0.6980868080733571,0.09808287903034431,0.015738250135203725
N4977HD,0.2259847775093808,0.6835122393154752,0.07943893416367113,0.008769212880783816,0.002294836130689149
N4978HD,0.7128293669295221,0.255572988512572,0.02267764413319655,0.006750440704663688,0.0021695597200458343
N4982HD,0.33764476816711725,0.595512776076682,0.047322737049018695,0.015569883139292764,0.003949835567889291
N4983HD,0.11482887315056128,0.4758687959905913,0.3000300507735424,0.09580241274517183,0.013469867340133142
N4984HD,0.8436117114040169,0.15203213903096624,0.003048801669499846,0.0009351768976728961,0.00037217099784418126
N4992HD,0.010023582934055858,0.1265413537014748,0.291058284582774,0.49227621703700386,0.08010056174469143
N5000HD,0.6438579797510361,0.29868713011237413,0.04190036864961179,0.012273666150678882,0.0032808553362991028
N5006HD,0.584883452842248,0.3901088790424053,0.018616057646433735,0.005074134622183622,0.0013174758467291946
N5007HD,0.7269519917991886,0.2476912548260176,0.017354915306188556,0.005925946327137361,0.0020758917414680786
N5008HD,0.2157508769615072,0.5627278949042621,0.18916403848809304,0.02885279002302055,0.0035043996231171365
N5011HD,0.23125493940183686,0.7129125781050063,0.048154940829984644,0.005639530346769632,0.0020380113164024565
N5020HD,0.539236827445182,0.4243081635312628,0.02747600464378949,0.006503702849598221,0.002475301530167487
N5024HD,0.7863875048073897,0.19457736437854342,0.014100824269710497,0.003673079401200306,0.0012612271431561755
N4826HD,0.9040192852776987,0.09164549944533662,0.002868259200518072,0.001066179298956944,0.0004007767774897633
N5032HD,0.8473382711329155,0.13901353647868592,0.01028283921211339,0.0026997043434738377,0.0006656488328113095
N5041HD,0.9052540931285098,0.09028513241937826,0.00286543640877146,0.0011137916481090138,0.00048154639523141293
N5043HD,0.946188341322803,0.04867573784039166,0.0037287703746568556,0.0009813821101677081,0.00042576835198071967
N5044HD,0.3624171858538042,0.5696437620442277,0.04722188744059647,0.014379630759022639,0.006337533902348956
N5045HD,0.7840691120929744,0.20404656360089518,0.008786990205814965,0.0024488196730805237,0.0006485144272349177
N5004HD,0.8926781499171488,0.09993144086493745,0.00469935844880454,0.0019475767290590832,0.0007434740400501773
N5055HD,0.4754553087180016,0.4336279122078739,0.0625975992416258,0.02283149398090335,0.005487685851595278
N5056HD,0.11842496811593993,0.4752012023019744,0.30978683627637155,0.06968890860506345,0.02689808470065054
N5057HD,0.7337779765506744,0.2536082405961484,0.00923939793071381,0.0024547283058928087,0.0009196566165704643
N5059HD,0.6465920846544058,0.2952940713239588,0.04120696285952052,0.012091034864914675,0.004815846297200152
N5061HD,0.5764813178813347,0.38500363851974156,0.029529185885970723,0.006923900288647761,0.002061957424305273
N5018HD,0.9157221108931402,0.07976035903909368,0.002976766111250203,0.0010804056640561213,0.0004603582924596845
N4896HD,0.6649660060753071,0.3108815142042168,0.018947727583804634,0.004118761833698723,0.0010859903029727417
N5064HD,0.8011785325386601,0.17837742959762765,0.01471117760224049,0.004490637295070033,0.0012422229664016521
N5065HD,0.5708665958825467,0.40262617294338315,0.02038617081672661,0.005139710160439603,0.0009813501969037992
N5067HD,0.2475462077868496,0.642471476108876,0.0876056720018308,0.017245389006652487,0.0051312550957911185
N5070HD,0.0305052051717728,0.4467560094612949,0.47108104299455866,0.04405380107595728,0.007603941296416411
N5071HD,0.18072112779577776,0.6913842861224153,0.113021990326031,0.011811100098182495,0.003061495657593398
N5072HD,0.16459779349125822,0.7125288437296883,0.10200871389095476,0.016891551101064564,0.003973097787034275
N5074HD,0.7444552793609934,0.23998353317872373,0.012443001958582424,0.002292705913769125,0.000825479587931037
N5075HD,0.942988041585725,0.05395272829633153,0.0018749161443938924,0.0007777041858210086,0.00040660978772851083
N4923HD,0.8291848731480845,0.1551180902618831,0.010748885816229575,0.0036806204559150305,0.0012675303178877092
N5076HD,0.8089276987034604,0.17864261218160252,0.00926038672850279,0.0024471420136494373,0.0007221603727849399
N5079HD,0.046912554320331826,0.39146454198160596,0.4164311177747107,0.1255943753781515,0.01959741054520007
N5080HD,0.6479118240755226,0.3339759328981152,0.013542783767994388,0.003085000514592387,0.0014844587437754608
N5082HD,0.8689869956619212,0.11286220327182432,0.012396876791275532,0.003695328338589004,0.0020585959363903323
N5083HD,0.684087457964471,0.27689596496389274,0.027349262997419826,0.009508781444634387,0.002158532629582071
N5085HD,0.11009867464514987,0.5910156754270659,0.25940455182741406,0.032926458774003506,0.006554639326366512
N5051HD,0.2823399151819279,0.68679441988655,0.02710774614052416,0.0029321905582133973,0.0008257282327844328
N5039HD,0.059552411788980214,0.30242851054417896,0.41155429175584585,0.19336914230497837,0.03309564360601665
N5088HD,0.8881588677017532,0.1076722511556147,0.0026423855473129937,0.0011022060178820052,0.0004242895774372452
N5091HD,0.04614372410707078,0.943967088438476,0.008672684055940969,0.0009595411731369055,0.0002569622253753672
N5093HD,0.012062135257198913,0.0652558657879313,0.2910683660094334,0.4796507743915492,0.1519628585538871
N5100HD,0.00808556226430663,0.056388757461933364,0.261714266029469,0.6206993224170966,0.05311209182719433
N5103HD,0.07442374932528349,0.3665856908009205,0.41745200795526854,0.1081100793146313,0.033428472603896045
N5104HD,0.9537950971742294,0.04448433845455587,0.0012125716767355623,0.00037976927474022825,0.00012822341973889193
N5105HD,0.7469141584563563,0.23838400762436004,0.008795081258236019,0.003895044566933736,0.002011708094113826
N5106HD,0.7770257391034874,0.20306289508978959,0.01552506538831454,0.003207789845103588,0.0011785105733049669
N5109HD,0.40389193232370635,0.5766645724429063,0.017178780014874332,0.0016447214244764395,0.0006199937940365962
N5112HD,0.5030187343847199,0.4351469165624705,0.051740085155799344,0.008178578732036621,0.0019156851649736978
N5115HD,0.8699485715287008,0.12009304443147675,0.007860613178153033,0.0016253598245716669,0.00047241103709790304
N5120HD,0.013367282990452166,0.07089373870371429,0.31322914731679247,0.5218736322112774,0.08063619877776362
N5121HD,0.5766156966256791,0.38994288261458837,0.022336148604258352,0.008732327765235047,0.002372944390239097
N5122HD,0.5548163317554267,0.3716768799959752,0.0589145918487795,0.011903124849890126,0.002689071549928366
N8305HB,0.8747859056793963,0.1189960260744643,0.004285963012924908,0.0014971922683490342,0.00043491296486557115
N5126HD,0.05077113799709128,0.3024550281434907,0.3443763251293478,0.20102716769596551,0.10137034103410472
N5128HD,0.9016292644525796,0.09403464315238724,0.002898445553215129,0.0010822563193403991,0.0003553905224776843
N5133HD,0.009692247053553801,0.07807140816650783,0.3522168388643125,0.5250699572873283,0.034949548628297605
N5135HD,0.7730715681083603,0.20894480159911802,0.012592079876840544,0.004294689902478061,0.0010968605132031927
N5143HD,0.7867777893245117,0.20410405878730029,0.007265356889884101,0.0014526599423279117,0.00040013505597615966
N5144HD,0.3021535001768253,0.6016460986381714,0.08439741571680562,0.009454312880831565,0.002348672587366156
N5149HD,0.21443892381925903,0.6006091276730197,0.1318133293345549,0.042511432767213614,0.010627186405952772
N5152HD,0.4610553756622779,0.49728753326115627,0.03501460893995822,0.005461174114131406,0.0011813080224763073
N4394HD,0.14358569634830345,0.35276914658614034,0.37439813916845965,0.10691952558004315,0.02232749231705351
N5029HD,0.1669806288311697,0.6647045180025036,0.13721699404639504,0.024274982820644973,0.006822876299286787
N4368HD,0.9349853838760481,0.06241732981006192,0.001605551261218994,0.0006774284423236869,0.0003143066103473005
N5013HD,0.3190071354508576,0.5899357988711676,0.06748020902159929,0.017145713287891252,0.006431143368484319
N5153HD,0.3239840885718039,0.5680442083714344,0.08995069547370008,0.014776785547501212,0.0032442220355602077
N5157HD,0.8734160541369775,0.12095106786826244,0.0037386178416415105,0.0013083392878962714,0.0005859208652222768
N5170HD,0.6062389045580471,0.3698548589675316,0.019720379091453036,0.003149533644105672,0.0010363237388625207
N5172HD,0.8418118326260782,0.14738943879522545,0.007846070842976394,0.002126992802239169,0.0008256649334807561
N5173HD,0.6763195674161292,0.2744838951326637,0.038562945287740694,0.007964876148478846,0.002668716014987781
N5147HD,0.6261874076309775,0.35425042348514674,0.014675539453891571,0.003250716545263893,0.0016359128847203582
N5178HD,0.7002327748957242,0.2510574048098918,0.03640212899092643,0.008979434739690074,0.0033282565637675165
N5180HD,0.5475311071482757,0.40619669750249504,0.03463853398144918,0.008472883745450122,0.0031607776223299008
N5181HD,0.380397345538921,0.5338160875901192,0.06736859380956926,0.01427797903373382,0.004139994027656761
N5182HD,0.8873975123818292,0.1085730054861166,0.002845318520009891,0.0007886414028564812,0.00039552220918766387
N5183HD,0.09982375297283817,0.8629132682703048,0.03283466492287524,0.0036493681542607522,0.0007789456797211455
N5185HD,0.1709231778026527,0.5368725616244103,0.22253979347712746,0.0573768653598176,0.012287601735991893
N5187HD,0.17972324893744285,0.5794671153854152,0.16237513165611367,0.06176488562188163,0.01666961839914666
N5188HD,0.15824579032172348,0.5121672063240335,0.20563253153472288,0.10449897316546633,0.019455498654053962
N5190HD,0.006856295273739413,0.056279829314631526,0.37021826511570644,0.5233595551952248,0.043286055100697794
N5192HD,0.47253957358721116,0.5180085497870095,0.008064742609855903,0.0010338060126297824,0.0003533280032936764
N5193HD,0.6916397578895428,0.2815112711351029,0.021916394379976098,0.0036522491434459172,0.0012803274519324523
N5197HD,0.8744253566893121,0.1179584287953796,0.005984850176218551,0.0012808001999471941,0.0003505641391424065
N5198HD,0.16789001543007578,0.44971679344941007,0.21761574868702105,0.13283981713580784,0.031937625297685276
N5199HD,0.6283168380157836,0.30003953695560154,0.05192062732718272,0.015517354802100527,0.00420564289933162
N5200HD,0.8080735715404783,0.1749024563688734,0.010569202301270508,0.004113266625092061,0.002341503164285779
N5203HD,0.041922020137274245,0.19989408176759316,0.4138502167955392,0.281508609827079,0.06282507147251447
N5209HD,0.05453072081424123,0.31686339240473893,0.4751473386603502,0.1386268132072968,0.014831734913372903
N5212HD,0.8179375051526913,0.17487524862164075,0.005261255713750221,0.0014868209407003302,0.0004391695712174134
N5215HD,0.5549651056481377,0.40649891638458757,0.03047622357258696,0.0063447761887412656,0.001714978205946355
N3574HD,0.8511022698587347,0.13720634890701805,0.006901765971304276,0.003179558150074353,0.0016100571128684863
N4760HD,0.08419380550085452,0.4273693400178808,0.3681643061308479,0.09617370430022941,0.024098844050187484
N5225HD,0.881082266405642,0.11290846863166439,0.004221748058967456,0.0013194079693063948,0.00046810893441973913
N5226HD,0.5352665077868861,0.39787201135708194,0.04994729803369816,0.012356998275541556,0.004557184546792195
N5227HD,0.796421214917438,0.18980595776541573,0.010353343551212812,0.002388982935434528,0.0010305008304989807
N5233HD,0.015511950060914804,0.08668084361194749,0.37885447345969464,0.3486531759359389,0.1702995569315042
N5238HD,0.8712275768987776,0.11472162979105541,0.00959134309588074,0.0031633736477710067,0.0012960765665149772
N5241HD,0.7821541919956713,0.20003700013394504,0.013600718984370581,0.003037612754946029,0.001170476131066991
N5243HD,0.00571953659817475,0.04402726981269761,0.3202614511203463,0.6027341587975141,0.027257583671267255
N5246HD,0.7193724348431932,0.2568799270613052,0.017134638588320223,0.004631314866603296,0.001981684640578322
N5247HD,0.005396611280940746,0.018733109735557033,0.3943472800638044,0.5592619991606551,0.022260999759042777
N5248HD,0.6477873438979657,0.284787324778281,0.05179667242662087,0.01147710556703258,0.004151553330099737
N5253HD,0.6135718045672774,0.3548411413208759,0.022246304246807208,0.006421684666061089,0.002919065198978272
N5257HD,0.03950933456904355,0.19871617332608824,0.3637232067138601,0.3069964095913244,0.09105487579968372
N5259HD,0.023817823689158173,0.1042325003235459,0.37851520854415965,0.37574472369266804,0.11768974375046828
N5262HD,0.08602670903131762,0.6216058475638315,0.2713635508928331,0.017224669277552063,0.003779223234465689
N5266HD,0.16904658232384204,0.7099788601450585,0.10781468460770707,0.01136634165080255,0.0017935312725898282
N5270HD,0.6902900043055206,0.2920421897603066,0.01437441687321302,0.00245581466462686,0.0008375743963331225
N5271HD,0.49127211782979807,0.4229619209386235,0.06892122705032176,0.013090724344036691,0.003754009837219957
N5273HD,0.8248912446599432,0.16319106814180304,0.007967555459771913,0.0028238062860445807,0.0011263254524374099
N5274HD,0.8855238760333751,0.10692352579726123,0.005815295252633189,0.0012868511320297952,0.0004504517847007796
N5211HD,0.23538806762015133,0.5202798343089112,0.16427763723299282,0.07084704047790637,0.009207420360038373
N4843HD,0.5667690364633549,0.38166250131397844,0.03603545574409524,0.01216366934803716,0.003369337130534479
N5287HD,0.5678587174270664,0.39284133799381543,0.030322276260675764,0.006966666182673403,0.002011002135769024
N5286HD,0.13547215152201827,0.2982935988427639,0.3934608927114917,0.13058098590303235,0.042192371020693786
N5292HD,0.04191296305275638,0.2065277401259813,0.3693442085738835,0.29110788884204347,0.09110719940533535
N5294HD,0.8464407825875521,0.14722555969151482,0.004107140458167339,0.0016251687110680566,0.000601348551697808
N5296HD,0.3121406654198944,0.48314004672134353,0.13421607412250838,0.0602136303857331,0.010289583350520487
N5298HD,0.7488748035635796,0.2287936322454754,0.016479078970238675,0.0043376538060743795,0.0015148314146318275
N5303HD,0.8471023482261187,0.14157034396727944,0.007986972141907488,0.002465119653638086,0.0008752160110562215
N5305HD,0.12601276358106192,0.44601353652004017,0.3003824762312047,0.1063184790377084,0.021272744629984686
N5306HD,0.8295641850832739,0.1591416432652044,0.008634666187845428,0.002023021176283591,0.0006364842873925952
N5307HD,0.048044259723346985,0.3644303527914714,0.4284605475395076,0.1275678722770404,0.0314969676686336
N5311HD,0.21962331752729972,0.5920189145405457,0.16390085666219842,0.021340577347917094,0.003116333922039002
N5314HD,0.7514514960003128,0.23499214786087066,0.008724232193739159,0.003444149391324514,0.0013879745537528913
N5073HD,0.09203102158627871,0.36535042235379733,0.34650324134405225,0.1636445372216604,0.032470777494211414
N5277HD,0.06678420702744625,0.23194593303851763,0.4450889338257244,0.19820198107773462,0.05797894503057703
N4885HD,0.9128632826685444,0.08158275020164255,0.0038367427480030703,0.0011468841521965192,0.0005703402296133514
N5318HD,0.027736260640782176,0.3335710651141657,0.4980886280762149,0.11617064304553514,0.02443340312330203
N5321HD,0.750267450838172,0.22428500326966516,0.01736215783072044,0.006468401853154237,0.0016169862082881072
N5323HD,0.9388801817807698,0.05941579064922163,0.001170367621796152,0.00037547298440938876,0.00015818696380292903
N5324HD,0.7367977818216661,0.2256638949429783,0.028459416159352068,0.006550968655999091,0.0025279384200043355
N5326HD,0.8206045586068134,0.16704455330328205,0.007344069877162783,0.0034827518322779884,0.0015240663804638628
N5327HD,0.7193503549589391,0.2693990719148262,0.007633409124923485,0.0026318704442399405,0.0009852935570713768
N5329HD,0.07529691488896595,0.6186961475288899,0.2598389206773721,0.03551554347047052,0.010652473434301443
N5331HD,0.7857301311461943,0.19448465131413878,0.01522243417080126,0.003488848103399102,0.0010739352654666092
N5332HD,0.7612476720403784,0.2150616458464136,0.015444741344872214,0.006402246754051505,0.0018436940142841044
N5333HD,0.8643044371666713,0.13096336707149506,0.0035192649891123947,0.0009355929334785923,0.00027733783924284796
N5334HD,0.030051368724670114,0.9374884093348046,0.028875048905276656,0.0029765605847972536,0.0006086124504513314
N5338HD,0.01653872818033335,0.10075218589062188,0.3892987959925722,0.32706914448818925,0.16634114544828324
N5339HD,0.07307593405444483,0.5113511889547637,0.30423735988847583,0.09428706989465589,0.017048447207659686
N3820HD,0.023212589007929708,0.10001929347348686,0.3354162812946961,0.36870549224030386,0.17264634398358342
N5342HD,0.8052176976235021,0.18495774564405523,0.007877412527739663,0.0015071855423629,0.0004399586623400176
N5345HD,0.7010104875438239,0.2698433843584136,0.02392486854005475,0.0041681467890100545,0.0010531127686977347
N5346HD,0.7856270840842404,0.20496110507907286,0.006364806093093508,0.0022665603834562597,0.0007804443601368712
N5348HD,0.015758876191665074,0.11827162905942014,0.27537833557377844,0.4570281913492063,0.13356296782593005
N5351HD,0.6785421087925978,0.2648275675055385,0.04319980556418684,0.010907071856835595,0.002523446280841266
N5354HD,0.00566206507224621,0.028920929402962953,0.25131004661909573,0.6962520252765609,0.017854933629134276
N5355HD,0.5865642828518352,0.39673858437721643,0.012091548889883562,0.003214095937676545,0.0013914879433881931
N5362HD,0.8972793861727971,0.10003596384690215,0.0017790568107278661,0.0006114069436589204,0.0002941862259139823
N5364HD,0.8015299189473358,0.18517588853034955,0.00973216265809675,0.00271827986716131,0.0008437499970565685
N1264HD,0.03376914526672645,0.8384150187757596,0.11893571491879006,0.007709084525054701,0.0011710365136691461
N4985HD,0.27015449297685945,0.6090105675641091,0.0937979650727304,0.02067641820864732,0.006360556177653747
N5368HD,0.007225558180169128,0.05643818992592903,0.4158518972149642,0.4774443922089272,0.0430399624700104
N5371HD,0.8370166852175556,0.15274019661465316,0.006768519427355722,0.0023297129924111843,0.0011448857480242697
N5372HD,0.7750426199022149,0.2128343963665153,0.0098460285772054,0.001687917806715123,0.0005890373473493554
N5373HD,0.5323296271100103,0.4542159167337413,0.009739953977314832,0.0027348866952040286,0.0009796154837296341
N5374HD,0.5357693512125988,0.4380292388467879,0.022594693923269585,0.0028417021160645345,0.0007650139012790922
N5377HD,0.6256876290805193,0.35626218148792915,0.014111926984920076,0.003044897787344309,0.0008933646592872527
N5379HD,0.766419494300852,0.21454320848059147,0.01499325168112671,0.003294263280956888,0.0007497822564728543
N5381HD,0.05867390887668588,0.3899904693294393,0.27009270751288295,0.19389069035857887,0.08735222392241314
N5383HD,0.14420513555955017,0.35161582614184284,0.321449592958202,0.1546608962183553,0.028068549122049594
N5385HD,0.886334905112773,0.1115102723798542,0.0014669752005489255,0.00048365558265524094,0.00020419172416867197
N5387HD,0.04057573277257401,0.25198965637125653,0.3992207595145045,0.2147679727337126,0.09344587860795248
N5388HD,0.05862170252700165,0.24425176006703733,0.35679559373556524,0.3044055465780785,0.035925397092317325
N5389HD,0.03209958148381714,0.7297606995559702,0.2120086514096687,0.021798148108928175,0.004332919441615831
N5391HD,0.6612265275743276,0.3070899247589278,0.025897148371027356,0.004482191153341991,0.0013042081423751844
N5393HD,0.4850627298133028,0.48705453562545425,0.023745873472886536,0.003362258122944846,0.00077460296541146
N5395HD,0.7650511644984072,0.20707083428771794,0.021794007600779312,0.004564221937352827,0.001519771675742633
N5397HD,0.7844718287387197,0.19789131117983072,0.01393367960706245,0.002903935856303024,0.0007992446180840585
N5398HD,0.782412158791772,0.20110656920501108,0.012864175510250117,0.0026985559389701486,0.0009185405539966886
N5386HD,0.11015447206730308,0.7068206800628133,0.17165442686796648,0.0094758900636419,0.0018945309382752014
N2483HD,0.831391044383586,0.1550726978517101,0.008416615869540485,0.003270534849824983,0.0018491070453383312
N5402HD,0.8603296279060157,0.1304282931140628,0.006283601222559621,0.002045017761553683,0.0009134599958083221
N5404HD,0.7268201430533804,0.24618684594664372,0.01939621263326354,0.006016936342821991,0.0015798620238902383
N5405HD,0.9142707308283738,0.08267724642243102,0.0020283570928783814,0.0007246060902491154,0.000299059566067998
N5407HD,0.1688467758669919,0.5525736717780402,0.19392294666190124,0.07283443648362804,0.011822169209438519
N5414HD,0.47615045840229275,0.5057570689405415,0.014847823041080658,0.0024887625774089126,0.0007558870386762835
N5415HD,0.8610111367824093,0.1327251033267045,0.004289042053637782,0.0013728269529605568,0.0006018908842879227
N5416HD,0.09359214173210124,0.8130121204456918,0.08340486551115213,0.007729543483429832,0.0022613288276249486
N5421HD,0.7701277641781069,0.21060342104477928,0.014583011827019888,0.0034566194595621194,0.0012291834905318502
N5430HD,0.882495594404647,0.10861686901777758,0.006503061187895015,0.0018748518687021819,0.0005096235209780574
N5431HD,0.05033864821552272,0.7942748698857591,0.14590434191794371,0.008246822540554985,0.0012353174402196503
N5432HD,0.7536596395057595,0.22209997158547617,0.01783152250636422,0.00516296833154255,0.0012458980708575007
N5437HD,0.853189859462188,0.13680278027766468,0.0070254906666027276,0.0023423528241059612,0.0006395167694388051
N4225HD,0.25061825559643625,0.6646059278014003,0.0657669167019893,0.015439482094521641,0.0035694178056525673
N5123HD,0.4527237109799721,0.502185052463079,0.03296999135243038,0.009895609936758053,0.0022256352677605196
N9187HC,0.035178675553083606,0.23941879387517268,0.35406734172484094,0.29265570900080706,0.07867947984609572
N5439HD,0.19138138413877048,0.4908082297236165,0.22628346002850944,0.07124766800236959,0.020279258106733884
