ncode,proba_0,proba_1,proba_2,proba_3,proba_4
N4541HD,0.8130000510212594,0.17184538657573312,0.011071607795408554,0.0026427280195468975,0.0014402265880521178
N4397HD,0.013056813650245202,0.054154059852298875,0.39342591573888064,0.4853604308508116,0.0540027799077637
N4544HD,0.9022391084155121,0.09491886721491216,0.0019219957450485221,0.000609408395709411,0.0003106202288175733
N4545HD,0.08054657504138912,0.19438598263879317,0.35215722226714113,0.26159187106763443,0.11131834898504216
N4546HD,0.07499649915579222,0.8512253613823136,0.06915257894592049,0.003406063307987697,0.0012194972079859084
N4550HD,0.8464304167464684,0.14751973496890056,0.004035429305412392,0.0012796366532887111,0.0007347823259299777
N4551HD,0.7969034150836833,0.1996395144140577,0.0021801153064241146,0.0008521599180948897,0.00042479527774004044
N4554HD,0.08375717884519283,0.4046331662819927,0.4439525816194494,0.04980848802041421,0.017848585232951162
N4555HD,0.1772742264269359,0.7453585811017813,0.06010438044052116,0.01233886263128066,0.00492394939948101
N4556HD,0.32263410986880436,0.4687966785909515,0.1510688256697415,0.047608841382838586,0.009891544487664083
N4563HD,0.38612865806892077,0.4945758330182241,0.09674352771173843,0.017898493227579308,0.004653487973537549
N4567HD,0.8822071572207458,0.10640622689866532,0.006828981934614796,0.002947430758815221,0.0016102031871588864
N4561HD,0.7926988184235872,0.20316627433446866,0.0025420680816052713,0.0010393976914642956,0.0005534414688744755
N4571HD,0.25828749127813944,0.5501404275052532,0.14330172205116118,0.03421609613266809,0.014054263032778184
N4574HD,0.9566609642324674,0.042228186846180474,0.0007454390884893396,0.00024401814344065007,0.00012139168942219166
N4575HD,0.8033353291157388,0.18082220438257185,0.011118573041316918,0.0033221255140606985,0.001401767946311972
N4579HD,0.24705669794370524,0.5875126785100241,0.11675202662471056,0.031000926059630257,0.017677670861929708
N4581HD,0.08730622218655082,0.8223026900199866,0.08441691685834474,0.004699241169292194,0.0012749297658254644
N4584HD,0.07511444237382128,0.8650207523295207,0.05540160443975132,0.003254764704839484,0.0012084361520673995
N4578HD,0.7971711894168059,0.19916725931484391,0.002631613124729278,0.0006826776581865852,0.00034726048543428593
N4590HD,0.10107408501557189,0.7941506046126359,0.09732462069889998,0.005637307905275029,0.0018133817676173668
N4593HD,0.04555797691642953,0.2469743899436867,0.4007915365360012,0.26990750524719453,0.036768591356687925
N4151HD,0.12658870948256815,0.3534522434740246,0.26323240893734584,0.17636049784916308,0.08036614025689831
N4594HD,0.86105036985086,0.1358045986673165,0.0022026711300128744,0.000656609139909624,0.0002857512119011335
N4600HD,0.12530789397691477,0.7989828754655133,0.06662434085489248,0.0065639067530106395,0.0025209829496688724
N4605HD,0.07053388051650128,0.34836020721220085,0.44498795325400203,0.10857252474352139,0.027545434273774524
N4612HD,0.5295884600655146,0.4346622572214991,0.026174200593521275,0.006976891530056061,0.0025981905894089078
N1701HC,0.08200218191747356,0.12701207208036439,0.6025407553217982,0.1456069242540471,0.04283806642631678
N3705HD,0.01311955684834639,0.043464993635206395,0.19108216145277654,0.3416727129109161,0.41066057515275456
N4589HD,0.6219321649277311,0.32345093284099474,0.03899415984206111,0.011401955843491862,0.004220786545721237
N4339HD,0.9282701006669537,0.06944502796441164,0.0014341267436596284,0.0005509473729364534,0.00029979725203834666
N4615HD,0.032036528140704734,0.15620708515653067,0.3827511679996973,0.33692541228708606,0.09207980641598121
N4618HD,0.8814464958343698,0.11411275121331323,0.0025594302923600517,0.0011835131754040302,0.0006978094845527369
N4624HD,0.4437783983317455,0.5498310028446974,0.004729706222969259,0.0011140887195136531,0.0005468038810742061
N4626HD,0.8629184238750863,0.12419312260236683,0.009588955738829964,0.0024430518843107873,0.0008564458994062001
N4628HD,0.08693947653519446,0.3881098242463144,0.3765190285878326,0.11202853286629547,0.03640313776436309
N4638HD,0.09022352579348543,0.2493514257155985,0.2844152019047797,0.2751304824231627,0.10087936416297356
N4639HD,0.8302087227729131,0.15431401632111794,0.009569732390388335,0.004052856319187751,0.0018546721963926913
N4642HD,0.9088703222539806,0.08778801459933136,0.0022316145400404787,0.0007357206420908882,0.00037432796455678794
N4646HD,0.927207854470979,0.06934702483955353,0.002279618756829301,0.0007670137245600482,0.00039848820807823857
N4631HD,0.8437308050027521,0.14747166308826581,0.006282726898385701,0.0018046801266899662,0.0007101248839065123
N4656HD,0.045083013521396334,0.09685287466794039,0.330840846843688,0.3497708640620062,0.17745240090496908
N4658HD,0.8199148872482239,0.16886025991282688,0.008465099882811099,0.0020091897177302357,0.0007505632384079243
N4661HD,0.8639671144810454,0.1305930116257471,0.00362529345681906,0.0012282159314607678,0.0005863645049277157
N4665HD,0.8304958895543527,0.16073942321079732,0.007243938109456924,0.0010805504604472567,0.00044019866494563153
N4667HD,0.848436719826617,0.14778927322708746,0.002630815056871452,0.0007207840633564333,0.0004224078260675906
N4669HD,0.7811204041973203,0.2143257806864452,0.003196636903855047,0.000909463008484953,0.0004477152038946876
N4673HD,0.18783219215336944,0.4787565725927636,0.26233242533304957,0.050142040356399555,0.020936769564417652
N0760HD,0.10083273385606688,0.5475820973671893,0.26752928629232325,0.06464954549736887,0.019406336987051655
N4672HD,0.6345555242361073,0.30688049626710545,0.040028455806399854,0.013838491272802823,0.00469703241758449
N2593HD,0.9001385394801573,0.0964970748955101,0.0021089754198926895,0.0008210743085336599,0.0004343358959063939
N4677HD,0.09641742865579019,0.6998116198804228,0.1882653708267105,0.012269835228239111,0.003235745408837394
N4680HD,0.1470768024243957,0.48220908162507675,0.27560889057641086,0.07180511437203532,0.02330011100208117
N4688HD,0.03557185396762774,0.13918948917321658,0.3907748155665925,0.36450817607432595,0.06995566521823723
N4689HD,0.8783030341306419,0.11765002587976703,0.0027759625757701164,0.0007951590164346539,0.00047581839738607476
N4691HD,0.18746062792138313,0.32912115850045615,0.22061567666827792,0.1706843755534877,0.09211816135639514
N4692HD,0.6052952035117473,0.2575124607012817,0.0857683306893995,0.02938499462652358,0.02203901047104787
N4694HD,0.033980359541792966,0.179376359526162,0.5406972957847388,0.19594381153101353,0.05000217361629276
N4695HD,0.04782321787605232,0.6542419184698717,0.274776955648639,0.018604525186469413,0.0045533828189675924
N4699HD,0.18454445890598642,0.11112575113345086,0.5765232806452523,0.09333027120299374,0.03447623811231678
N4703HD,0.39599205886962147,0.3804745717145453,0.12555858705370282,0.06550309763418072,0.03247168472794964
N4704HD,0.008692208260001735,0.02858431512397659,0.34094347477852976,0.5929961573652988,0.028783844472193187
N4708HD,0.9242667264577664,0.07362771072716986,0.0014361147475919689,0.00043701656252104773,0.0002324315049508658
N4714HD,0.5781337774192458,0.29310097609130953,0.08268693201600169,0.02583469383522203,0.020243620638220987
N4721HD,0.1876245510118814,0.4561524078247094,0.24069672234711595,0.07992332229244589,0.035602996523847505
N4722HD,0.8722360605679575,0.12559618455523544,0.0014917302191369346,0.00043738161540281744,0.000238643042267194
N4724HD,0.07680517256452016,0.8203123012556928,0.09547391805774266,0.005874218635247316,0.0015343894867971013
N4726HD,0.04190425913497282,0.8059068107567536,0.1431206884296966,0.006922249707560855,0.0021459919710160617
N4735HD,0.7133230629016085,0.2595192306977974,0.016841830584777742,0.0061450371621243755,0.004170838653691985
N4063HD,0.42414395269354443,0.38048247530529894,0.11492259743217785,0.049669751439103946,0.030781223129874823
N4712HD,0.7526553469526011,0.2408536377770675,0.004059158154630683,0.0016259326710155613,0.0008059244446852783
N4738HD,0.08742090517136102,0.1821432381680683,0.6109279748959144,0.09377676696704175,0.025731114797614398
N4740HD,0.0537968918534003,0.25511532439644463,0.33871656426399027,0.27119586836693677,0.08117535111922802
N4742HD,0.030214998375618193,0.09649547656950838,0.4872594488007024,0.2616214442114325,0.12440863204273872
N4745HD,0.8302898263875857,0.15937750217488156,0.008218489758773794,0.001549279525236952,0.0005649021535220574
N4747HD,0.8653082658953963,0.10755456110414836,0.015827752140338616,0.0067268107807965044,0.0045826100793200505
N4750HD,0.6618434367156099,0.27383641771078915,0.041979223803338975,0.017022069938092885,0.005318851832169018
N4752HD,0.017042965316139785,0.06742560973299849,0.43027136546572303,0.4298204981752162,0.0554395613099226
N4754HD,0.42840204526905734,0.5429412947813389,0.02357387686532251,0.0037199572787962936,0.001362825805484946
N4755HD,0.18206292547329544,0.4917434471530513,0.24940528561982245,0.05673776260244411,0.0200505791513865
N4756HD,0.4630109939778763,0.3121091199563724,0.17688719840061956,0.03562140573668825,0.01237128192844354
N4757HD,0.8438899004741999,0.14895621071636417,0.0058983591852676395,0.00093385305422134,0.0003216765699469648
N4759HD,0.10165357428691482,0.7354436739647167,0.14003935124496575,0.01768672535584619,0.005176675147556545
N4762HD,0.2943872298257693,0.6162730150626866,0.07606603893408637,0.010409443492436225,0.0028642726850214724
N4763HD,0.5479723535017672,0.31837097943369075,0.08689725139595257,0.027423211847605378,0.019336203820983954
N4767HD,0.836471250249301,0.14898388003996468,0.010762052555794582,0.0027936746121347998,0.00098914254280506
N4769HD,0.050501171094922755,0.3273542438464847,0.47252373678415854,0.1314973974415632,0.018123450832870782
N4770HD,0.8395647230560902,0.15141209821422857,0.007200583643662262,0.001327472227470405,0.0004951228585485454
N4676HD,0.24962149635942266,0.532722296754331,0.14025461126669975,0.04966034209731432,0.02774125352223221
N4614HD,0.31476264048869074,0.18820180594960953,0.38014413167774014,0.08490281579495781,0.0319886060890017
N4774HD,0.19254672601876074,0.2739258996939734,0.450735124343462,0.06418745934793235,0.018604790595871428
N4778HD,0.04769629637829234,0.25755791700419095,0.4412670650826475,0.21427955972773466,0.039199161807134564
N4780HD,0.0047885296328246795,0.020515621452226768,0.17127555925640345,0.44481808665693895,0.3586022030016062
N4783HD,0.5273579699560771,0.39578567392336045,0.05834766920314715,0.012893568738735213,0.0056151181786800765
N4789HD,0.8692371674626531,0.10432397680136161,0.015507177434114764,0.006511827117330167,0.00441985118454027
N4792HD,0.41320129258664196,0.5764710185183253,0.007796407217980047,0.0016973635425154886,0.0008339181345372338
N4793HD,0.16033439631365928,0.3212612295241737,0.30717662105515264,0.1294689918096314,0.08175876129738299
N4794HD,0.018139240377679985,0.08806444279585789,0.44059257928904855,0.4019896783328193,0.05121405920459439
N4799HD,0.7947224344384105,0.15724898921840105,0.03687952957283945,0.00796207065726184,0.003186976113087101
N4800HD,0.9199187778046667,0.07709381145536148,0.002019547108416732,0.0006035483070782118,0.00036431532447695825
N4808HD,0.09579372416524162,0.793183308933994,0.10331853763050983,0.005968791228055036,0.0017356380421995404
N4809HD,0.6262523121646179,0.2562654083095384,0.07627819099104989,0.024541728597264376,0.016662359937529493
N4634HD,0.6287577731831788,0.32998493909029386,0.03130867075559311,0.007511757617934415,0.002436859352999973
N4784HD,0.9060199874594306,0.08231673909149644,0.007860303887222477,0.002517699645599456,0.0012852699162510233
N4815HD,0.8855571297226087,0.11026883785726338,0.0026676423371718543,0.0009778872877119554,0.0005285027952440148
N4816HD,0.8395759240729493,0.14860167902352225,0.008264753266999233,0.002574279271650516,0.0009833643648786325
N4817HD,0.25710734840505256,0.6824525143947865,0.04720015371021338,0.009104111562449547,0.004135871927497882
N4818HD,0.9147659481576933,0.08252855307712022,0.001707085517666672,0.0006604288555415167,0.00033798439197805515
N4821HD,0.021070230981056697,0.8874393950476057,0.08125308384226419,0.007988941426067962,0.0022483487030053916
N4830HD,0.901685832414289,0.09321305910232927,0.0037203275876077934,0.0010459234657229281,0.0003348574300511026
N4748HD,0.8749482949719859,0.12238053440552074,0.0018210101219905419,0.0005491735816031484,0.00030098691889966897
N4684HD,0.8567377158320306,0.13856427598908924,0.0030760935132691093,0.0010718045407126433,0.0005501101248985467
N0389HD,0.018015335998997708,0.9008284760278059,0.07569272498053736,0.004145185472693283,0.0013182775199655663
N4796HD,0.32257961812846075,0.48808828736673415,0.12724352332963765,0.044288806251047426,0.017799764924120113
N4834HD,0.009191189661409757,0.02892867800127526,0.4074382637962376,0.5209484009304034,0.03349346761067402
N4835HD,0.056113296957534566,0.9141777410981969,0.024215424530309008,0.0037740866053855896,0.001719450808573822
N4837HD,0.3772402449555126,0.6076715975322615,0.011270466051695847,0.0025832226700798957,0.0012344687904502767
N4838HD,0.06672094999545944,0.8528459521140351,0.07198973643819016,0.006296917834526843,0.002146443617788442
N4839HD,0.04454277587864781,0.5875529395538402,0.31761581105559705,0.039813396104675804,0.010475077407239183
N4842HD,0.746040183057889,0.172787088154451,0.059885430672884044,0.015041833931142728,0.006245464183633301
N4844HD,0.9330603885641751,0.06520154636081488,0.0012103943238994449,0.00035371273765853837,0.00017395801345212582
N4846HD,0.05684802085383656,0.23406200715345132,0.36689194866399244,0.22323902747808672,0.11895899585063295
N4847HD,0.8464485994975631,0.15003005404670072,0.0025109484081632023,0.0006955053984064089,0.00031489264916665825
N4849HD,0.44078957911019795,0.4447805225362128,0.07911963547894237,0.022567235510646735,0.012743027364000192
N4852HD,0.05063705000114479,0.726367145310839,0.20241336453915662,0.015929971578074017,0.0046524685707856174
N4853HD,0.701498263048135,0.27777087857911037,0.012856687509365106,0.005158523303761535,0.002715647559627872
N4856HD,0.8933848297581357,0.10426019117825816,0.0016729705896222087,0.0004457592017698277,0.00023624927221400796
N4858HD,0.8838825518984222,0.10895241785428081,0.004372606751761564,0.0018190704060587857,0.0009733530894767966
N4860HD,0.12520631270716687,0.2558122994938255,0.445050582173548,0.13678914713820303,0.037141658487256576
N4861HD,0.8964972815124194,0.10156109895424863,0.0013510566165905564,0.00037584955231709087,0.00021471336442422067
N4863HD,0.5264227717590856,0.4629509598700879,0.007290059153977672,0.0021867106453041236,0.0011494985715448617
N4864HD,0.7577713620510604,0.23488804652078102,0.004324827029224197,0.001985177602297079,0.001030586796637248
N4866HD,0.8049725181504442,0.18536929386980244,0.006730200321714389,0.002023830207676196,0.0009041574503627545
N4012HD,0.634605722423898,0.34397271263508006,0.015906397585544317,0.004119253733042849,0.0013959136224346827
N4825HD,0.2397628656828235,0.5392076119361866,0.1723184087211755,0.035562519187874356,0.01314859447194005
N4875HD,0.046963579786272386,0.2597632949095224,0.4681751108525598,0.1776553494868962,0.04744266496474933
N4878HD,0.023453067742994313,0.1121801774447864,0.30857426128255605,0.3648292309358582,0.19096326259380503
N4883HD,0.0437285399707003,0.6073257918278225,0.31767478434495566,0.025913346582548274,0.005357537273973074
N4884HD,0.5724780248304224,0.3847572646300239,0.03518515139353809,0.005743115733078482,0.0018364434129369733
N4887HD,0.16128790101052848,0.5250663371404236,0.2881634529766868,0.01922967576813078,0.006252633104230408
N4891HD,0.659714127643166,0.30797173896000457,0.026277799367920674,0.004407067738935677,0.0016292662899730363
N4892HD,0.07697448830463917,0.8124331619189263,0.09729039108133981,0.010299192005386417,0.0030027666897084184
N4895HD,0.8779505067633303,0.06088312822772535,0.04915696951454369,0.008860944687508332,0.003148450806892448
N4899HD,0.6889215450453158,0.30459387153418016,0.003993877360317066,0.0016382613072292414,0.0008524447529577681
N4898HD,0.5406927175974932,0.2981849979817116,0.14241196916101712,0.014036819143533889,0.004673496116244168
N4902HD,0.612717763849649,0.3328829589043619,0.037308310111651165,0.013136475276959228,0.003954491857378632
N4904HD,0.1244024098732787,0.39594582442500614,0.3717776655171342,0.08101424852572878,0.026859851658852147
N4906HD,0.7876098495837603,0.2070568405392574,0.0034491627802314137,0.0013010378385785826,0.0005831092581721311
N4909HD,0.8010787917705399,0.0884758095209548,0.07671781716222144,0.022147479057447794,0.011580102488836
N4912HD,0.7273975671435394,0.257959448289062,0.011577717776216948,0.002284085239573284,0.0007811815516084108
N4913HD,0.6126040863981256,0.36951988933493035,0.013865715689752743,0.002792496326713219,0.001217812250478145
N4914HD,0.06357419137335979,0.8128563096658324,0.11103549607919047,0.010087155205462068,0.002446847676155267
N4908HD,0.8837169478379935,0.1142122742740326,0.0014525998166912773,0.0004189416720925502,0.00019923639918985797
N4937HD,0.8897602054529299,0.10849576950864877,0.0012105420523221494,0.0003489337880589321,0.00018454919804031307
N4938HD,0.8996000009673134,0.0976804357258896,0.0018526277000362307,0.000582119348284651,0.0002848162584761459
N4949HD,0.9098203485759089,0.0874217593992121,0.0020320108015098896,0.0004664810642393694,0.0002594001591297147
N4952HD,0.7976712041586629,0.18995114170347607,0.010039117414673839,0.0018208461441792847,0.0005176905790080433
N4954HD,0.37657338174603006,0.5745262002677853,0.04036603905786228,0.006286375555037505,0.0022480033732847258
N7917HB,0.9043548458272561,0.09362768408905542,0.00141524826033476,0.0004084732595059632,0.0001937485638476067
N4951HD,0.7738262712908556,0.2190762416899772,0.004589520186162298,0.0017131826544384788,0.0007947841785663885
N0385HC,0.12641098742022058,0.44310230183350874,0.3254550950705588,0.07513319500485773,0.029898420670854152
N3920HD,0.34778209542049626,0.5703244902720304,0.06126704154822146,0.013979254380025398,0.00664711837922645
N9498GW,0.8040021352746094,0.18223250995840667,0.010428532335419143,0.002421743976542719,0.0009150784550219078
N4961HD,0.951469272521563,0.04733262488963341,0.0008352780977435982,0.00023773816863491555,0.00012508632242501385
N4965HD,0.4128598050707113,0.4902291836970901,0.07652642245939735,0.014870565095459665,0.0055140236773416175
N4967HD,0.5981566072555873,0.34743462272204284,0.0384137685263843,0.012317182430273733,0.0036778190657118883
N4968HD,0.38573237933459864,0.4414911562078554,0.0935126047354729,0.057406076971936754,0.021857782750136275
N4973HD,0.8608211163049878,0.13099029751705552,0.0056969495964826235,0.0018875815178671397,0.0006040550636069751
N4976HD,0.03215597684786669,0.2883873983200562,0.5587316594120296,0.09535800651463035,0.025366958905417125
N4977HD,0.24414744365503113,0.6973002077583079,0.05175245103221387,0.004938835291737506,0.0018610622627095784
N4978HD,0.7017567876038673,0.2707560539295866,0.019258120002271697,0.006432654806040444,0.0017963836582339128
N4982HD,0.293822180130277,0.5312550694965138,0.13449248900165303,0.02997275784256043,0.010457503528995712
N4983HD,0.15846395938294847,0.5452196085182366,0.20158713112392435,0.08205227726275262,0.012677023712137905
N4984HD,0.8872448030928446,0.11085113157523475,0.0013093070389266753,0.0003941528270797527,0.00020060546591413637
N4992HD,0.013370073095173258,0.08589241559397082,0.262969880428812,0.4129507199188524,0.22481691096319162
N5000HD,0.6967724278379009,0.2460329923647866,0.036847634229929836,0.013879475615923715,0.0064674699514588084
N5006HD,0.5176269339891565,0.3556100329979795,0.07950028078165089,0.031440901652660634,0.015821850578552364
N5007HD,0.7316115394000048,0.24245323978437405,0.01721969012073798,0.006990380746916635,0.0017251499479665506
N5008HD,0.17824281953673424,0.6384918293825048,0.16325747991773712,0.016460917613260947,0.0035469535497629715
N5011HD,0.222054319114973,0.5930116809236573,0.14714445850515254,0.025095201576183637,0.012694339880033535
N5020HD,0.5265257887339807,0.39217665895958886,0.060391203731696146,0.014841246988922613,0.00606510158581175
N5024HD,0.8079048488035605,0.17690708287091678,0.012142860537462647,0.002246681945890962,0.0007985258421691341
N4826HD,0.925057114182359,0.06816896779450701,0.004693026369128357,0.0014139249213897958,0.0006669667326158849
N5032HD,0.867396428160824,0.12391607023310808,0.006860554414261509,0.0013567384816487687,0.000470208710157949
N5041HD,0.9235992016012232,0.07332908838862452,0.001762217411946725,0.000862103219811657,0.00044738937839396587
N5043HD,0.9510037921929657,0.04509707864054842,0.00256296502201035,0.0008596752033663697,0.00047648894110916966
N5044HD,0.09208030792124954,0.10439767258914816,0.5004631436687355,0.19552373548337743,0.10753514033748938
N5045HD,0.8517401532587392,0.13785976086254348,0.008104733968075666,0.0015713323597607548,0.0007240195508809807
N5004HD,0.8892398747858353,0.10280800519075052,0.005164058583272728,0.0017818375054607684,0.0010062239346806006
N5055HD,0.4166382263411362,0.4863725483669163,0.06975932599377854,0.021859327978413518,0.005370571319755417
N5056HD,0.0874283297511876,0.22497942781084246,0.3939561858912274,0.1969824510488967,0.09665360549784573
N5057HD,0.7264637253086136,0.26630937024377277,0.004589863501477418,0.0017583926416601889,0.0008786483044759878
N5059HD,0.5619738739431261,0.15718545469570888,0.223889954794213,0.039104086664146234,0.017846629902805968
N5061HD,0.6033684471050544,0.36299904618602785,0.02142051262700188,0.008414438893201164,0.0037975551887146257
N5018HD,0.9138210727258071,0.08322621792323992,0.0018881185459306675,0.0006990677542102679,0.00036552305081199223
N4896HD,0.7116467535617397,0.270062103842882,0.012434175334365532,0.003970624751757856,0.001886342509254781
N5064HD,0.813010989647839,0.16576903590636136,0.014627568176465842,0.0046446547729537884,0.0019477514963800473
N5065HD,0.31536647566761367,0.6691018543774466,0.012051186172085589,0.0025704187180513147,0.0009100650648026633
N5067HD,0.2151651708000384,0.5773749777125539,0.1654338949284082,0.03064231820520911,0.011383638353790367
N5070HD,0.044186120726137,0.5161378912728863,0.3709438282103719,0.05190907783401022,0.01682308195659461
N5071HD,0.11188634885018897,0.782983433050211,0.0912980291861429,0.010214572666908419,0.003617616246548573
N5072HD,0.09080285095331196,0.8018091949435779,0.09446478894591623,0.009913937834744403,0.0030092273224496587
N5074HD,0.7761478467830609,0.2118823454245078,0.008491687357671494,0.002406042861585369,0.001072077573174426
N5075HD,0.9366899075351124,0.06040790100609918,0.0019136419951878523,0.0006644924812527589,0.0003240569823476955
N4923HD,0.8574327463014532,0.1293218084601666,0.008866792249251753,0.00275651393511397,0.001622139054014471
N5076HD,0.8039677430179869,0.18944528093321844,0.004846292234943682,0.0012320181663208645,0.0005086656475300468
N5079HD,0.053977241712094025,0.24303286451430445,0.47648735282059634,0.18706451707538885,0.03943802387761639
N5080HD,0.48835448387383346,0.3205865358072651,0.13415831879703347,0.03845588223601597,0.018444779285852173
N5082HD,0.802377419992811,0.1788219987326045,0.011003397345634188,0.00525932907880441,0.0025378548501460117
N5083HD,0.7127761950792718,0.2571609969766774,0.022531465709404102,0.005588715485077916,0.001942626749568738
N5085HD,0.10007711413453109,0.6257040147917863,0.23192854026342075,0.03143892388070228,0.010851406929559637
N5051HD,0.18170186553241927,0.7996154570329408,0.015564834694412725,0.002119017077151128,0.0009988256630761082
N5039HD,0.03281118152898781,0.19567295475344873,0.43552736300120715,0.2595767079600067,0.07641179275634971
N5088HD,0.8567489501496912,0.13861544902811673,0.0031483929088100162,0.0009434045988923897,0.0005438033144898167
N5091HD,0.03594338965765284,0.9531539559171112,0.008782862658350276,0.0014828326764879797,0.0006369590903977795
N5093HD,0.050705077394882905,0.13289893008349765,0.29160854666188146,0.39207317549935117,0.13271427036038683
N5100HD,0.016214859513281665,0.07148133575830745,0.3471703825442567,0.5157831765075133,0.0493502456766409
N5103HD,0.04800334878023792,0.2643830410438291,0.4052783616268234,0.1956696435051933,0.08666560504391624
N5104HD,0.9568865228396779,0.04231057283233671,0.0005600437569435751,0.00016113438991760532,8.172618112395765e-05
N5105HD,0.8011202487217096,0.17161250427995747,0.014900478817687428,0.008421080972007076,0.003945687208638522
N5106HD,0.7700694576984791,0.21673540521608672,0.010018860727222524,0.0023271081151573433,0.0008491682430542128
N5109HD,0.09714424074850057,0.8257068100539101,0.06922886679864462,0.006053696194641735,0.001866386204302946
N5112HD,0.48241642753628045,0.37963182457638756,0.10801477679502396,0.021289168504797947,0.008647802587510228
N5115HD,0.8643743350019207,0.13018042939124172,0.0043501265618717585,0.0008121216238140672,0.00028298742115160193
N5120HD,0.017712727818330904,0.08044524534053019,0.36415104781915114,0.45633382272250594,0.08135715629948187
N5121HD,0.6942675845457726,0.2806873813300335,0.016229883158406042,0.005960793432811504,0.0028543575329762158
N5122HD,0.5752617591587473,0.3637096354090289,0.049057058105292525,0.00988810104429598,0.0020834462826353622
N8305HB,0.8910395855331757,0.10540714502079132,0.002039722412219418,0.0010191833812204724,0.0004943636525928544
N5126HD,0.03602741126995073,0.20127351434063606,0.45288227515741347,0.24877502681597782,0.06104177241602198
N5128HD,0.9172485045612137,0.07998625321742626,0.0017769410754817022,0.0006412961705163823,0.0003470049753619795
N5133HD,0.019178971725939783,0.08422454396655486,0.37191201364994125,0.47194286690114995,0.05274160375641401
N5135HD,0.8302334099614253,0.1562505740389287,0.009744726785138928,0.0027509124232144577,0.0010203767912927379
N5143HD,0.8407144762121354,0.1535766074455341,0.004666706250556433,0.0007367289880912246,0.00030548110368287264
N5144HD,0.42054590702069755,0.5207884122761819,0.04257286237037371,0.011115661843557093,0.004977156489189687
N5149HD,0.15343598571882558,0.4805113438683636,0.2684510045726822,0.07094596748500867,0.02665569835512002
N5152HD,0.12924057301679442,0.659818770227084,0.18480654196872373,0.020884558692659604,0.005249556094738163
N4394HD,0.16472001080391077,0.3980920271003395,0.31904623120120446,0.08295192919752722,0.035189801697018026
N5029HD,0.16345154425785197,0.40754003746237316,0.31094383217203336,0.08603802814634333,0.03202655796139821
N4368HD,0.9353912706300258,0.062479746476016514,0.0014572068539545266,0.00043723625511576236,0.0002345397848874841
N5013HD,0.24051778246671815,0.38865604876667087,0.2844181940360101,0.06002071060936699,0.026387264121233937
N5153HD,0.5364676873530234,0.3948611321373738,0.054713122856640456,0.010061673490008898,0.0038963841629534803
N5157HD,0.8545804829904456,0.14177652017037792,0.002497911789671517,0.0007478672185850037,0.00039721783091993225
N5170HD,0.6173962983371235,0.363691016269097,0.013679114266932538,0.0037035762218489052,0.0015299949049980169
N5172HD,0.9163380219015284,0.07551055802398828,0.0052891780868945335,0.001849384292274684,0.0010128576953140915
N5173HD,0.662955827826452,0.26751855292003845,0.04611348117279811,0.01671119046640354,0.006700947614308021
N5147HD,0.682629888013995,0.26480893906309677,0.03780758279046491,0.009629048647466028,0.00512454148497715
N5178HD,0.6976548838206965,0.2511959475944949,0.03560605344200136,0.011116045726003308,0.004427069416803938
N5180HD,0.43392201604897496,0.2867579799874895,0.1880726214006059,0.06418196803781523,0.027065414525114486
N5181HD,0.4713686990647112,0.4479388692135267,0.054823810149203046,0.015363989665451506,0.010504631907107457
N5182HD,0.892919673753909,0.10449575738266186,0.0017690359475288355,0.0005407272231593886,0.0002748056927409028
N5183HD,0.05470669160635563,0.9127675018741843,0.029151601870219097,0.0025265504726699065,0.0008476541765711757
N5185HD,0.22077281793733095,0.4699931484633113,0.21078289890139768,0.07973608312543537,0.01871505157252483
N5187HD,0.13684502567147963,0.38274095905974914,0.3113249439132643,0.11313837402253052,0.05595069733297649
N5188HD,0.17468265383996523,0.5207096156654725,0.1897224684612829,0.09764814245655352,0.017237119576725923
N5190HD,0.015238824901874662,0.06647292720064477,0.3758221443904861,0.4968768854858851,0.045589218021109386
N5192HD,0.42197975652256786,0.570138452125539,0.006124230284964141,0.0012351699209778057,0.0005223911459512146
N5193HD,0.7094402121985486,0.2665254522179896,0.018604003958627473,0.003956520355890488,0.001473811268943708
N5197HD,0.89080943182804,0.10290473464004604,0.005211563053417375,0.0007606323641987246,0.00031363811429795357
N5198HD,0.1793118932727195,0.4465516803987986,0.21314191107274785,0.11775497456983167,0.043239540685902286
N5199HD,0.6341073218496954,0.29721691016638335,0.04883658121186675,0.014080730925122947,0.005758455846931493
N5200HD,0.7077561936459192,0.2691819949923101,0.0145853700110446,0.0056400036808051685,0.0028364376699209462
N5203HD,0.06560668685473647,0.25067408430749427,0.37356402053816895,0.2448124612321656,0.06534274706743483
N5209HD,0.0572661987571392,0.24820811556118264,0.47081943657841274,0.19237249093974962,0.03133375816351578
N5212HD,0.8680837618664189,0.1269010157183557,0.003961043007670695,0.0007460705397343963,0.00030810886782043983
N5215HD,0.46208739745112426,0.45358546051049603,0.06577030218597016,0.013353191169884662,0.005203648682524951
N3574HD,0.7677788975793503,0.21200666460469683,0.01202529234410973,0.005322502816755024,0.0028666426550881755
N4760HD,0.03895048087874589,0.24415937144847405,0.4295340092497055,0.22158758477380053,0.06576855364927399
N5225HD,0.8278726177349445,0.16679151617119176,0.0035792800277134463,0.0012332203558186859,0.0005233657103317909
N5226HD,0.5767552223305883,0.36294198340261724,0.044117869597799474,0.01202721014381509,0.0041577145251798986
N5227HD,0.7830951031448757,0.1918900761489423,0.018475878079259538,0.004665018975666858,0.0018739236512555664
N5233HD,0.008014585590625926,0.03510848658928628,0.2441475461380384,0.42310246877423546,0.2896269129078139
N5238HD,0.8816954509191152,0.09778381590056631,0.011994656759662818,0.005222176081277511,0.003303900339378316
N5241HD,0.7457479725319535,0.225278381908325,0.021746499992958978,0.004852730239806007,0.002374415326956364
N5243HD,0.011463484667399526,0.04325401370644161,0.3415663140807049,0.56674211863629,0.03697406890916402
N5246HD,0.7399669639909874,0.23886935110197072,0.01366431263633827,0.004865015140414098,0.002634357130289534
N5247HD,0.010836985627374318,0.02709392385100992,0.3315100019121863,0.600669356728943,0.029889731880486544
N5248HD,0.43139448311919876,0.21124262484673476,0.2771354789814525,0.05646470405320211,0.023762708999411707
N5253HD,0.5655557764209471,0.3179006522878586,0.07715169927276268,0.023613813545058007,0.015778058473373557
N5257HD,0.052854092999508516,0.20695016297977736,0.3830368011563819,0.2870149369477432,0.07014400591658898
N5259HD,0.024733047122802245,0.07252477608696237,0.2732691637828283,0.40399531767917674,0.22547769532823034
N5262HD,0.05807438814597428,0.24623476112430437,0.664247701052027,0.023778681784534402,0.00766446789316001
N5266HD,0.08872767340030713,0.7859986816910198,0.11335502723040221,0.009220590766205832,0.002698026912064952
N5270HD,0.5902060742601154,0.3959570245387535,0.011067499720841223,0.001963912995270496,0.0008054884850193886
N5271HD,0.5744825281831212,0.2956644946502599,0.08577476173641524,0.03032425308093909,0.01375396234926455
N5273HD,0.8835230896050495,0.0848150907647416,0.021076189434199012,0.0067180723088089535,0.0038675578872006122
N5274HD,0.896395208733427,0.09789704304031233,0.004385451433129752,0.0009782682683203764,0.00034402852481052763
N5211HD,0.21406771597941263,0.5457030710692873,0.15559311715102356,0.07296186444442904,0.011674231355847525
N4843HD,0.5010434428650157,0.3826782029499728,0.07533064935271948,0.02545998930239659,0.015487715529895519
N5287HD,0.5252180145601422,0.4391617143851165,0.026695998440730076,0.006343096629852106,0.002581175984159187
N5286HD,0.09201041100394565,0.1976374247253486,0.3998522229852069,0.19856332584719028,0.11193661543830855
N5292HD,0.05507005619467078,0.21231790316760513,0.3796333346256641,0.2810801556538841,0.07189855035817576
N5294HD,0.8221610438918018,0.17139200048614436,0.00432789501828871,0.0013963618690792119,0.0007226987346859364
N5296HD,0.2529382019648988,0.4994126510563754,0.16481590086839587,0.07000336724135389,0.012829878868975996
N5298HD,0.8245835923164656,0.1521394421415199,0.016038438737131403,0.00517638974176378,0.002062137063119261
N5303HD,0.8631215492227984,0.10310539122845792,0.02334058908993536,0.006916655715312471,0.003515814743495867
N5305HD,0.09790202493503457,0.4012014792303364,0.3619105468923857,0.10666918867991348,0.032316760262329845
N5306HD,0.8540320873884211,0.13843271941972476,0.005567299651828173,0.0013965867121719638,0.000571306827853821
N5307HD,0.05582689720393561,0.26527912840726864,0.399126560102366,0.20099310800755552,0.07877430627887427
N5311HD,0.17062279007354983,0.5475518883334886,0.24908262272691603,0.025101154680559703,0.007641544185485812
N5314HD,0.766374975641646,0.21725418913208855,0.01090501059551592,0.0037793018153985244,0.001686522815350847
N5073HD,0.07366315994065725,0.25166150371612683,0.4372731372123601,0.17120298107648185,0.06619921805437386
N5277HD,0.03634800900763552,0.12823537009195093,0.3631852845524794,0.30630510016832835,0.1659262361796058
N4885HD,0.9286012375764721,0.0681631425375642,0.002075016503022892,0.0007424319596064884,0.00041817142333437987
N5318HD,0.03502459899255859,0.2301948127915888,0.5182413528112395,0.1639965676722105,0.05254266773240267
N5321HD,0.8189063593774827,0.14256307159575407,0.03056997090105539,0.0060621379652092385,0.0018984601604984993
N5323HD,0.9392707255134285,0.05974653880515155,0.0006990902590335664,0.0001941828597797678,8.946256260656183e-05
N5324HD,0.7545689775353446,0.2132090131527489,0.02355979441933283,0.006327353049672439,0.002334861842901323
N5326HD,0.852630408955323,0.13235207055105014,0.009085877215747126,0.0037792440572897816,0.0021523992205900806
N5327HD,0.713921455247421,0.2577043066608327,0.017506463338403673,0.006342714835194293,0.004525059918148137
N5329HD,0.03325266603650755,0.1134912690581295,0.6940803094901734,0.12649481814642086,0.03268093726876864
N5331HD,0.7570546073062012,0.2194393178950696,0.016928750850111383,0.0044200900996246755,0.0021572338489932283
N5332HD,0.7693461881445729,0.20510259500235847,0.016673304287977746,0.006554139739039929,0.0023237728260510505
N5333HD,0.7972809747818158,0.19863845057228885,0.0026982163383497274,0.0009109300746182591,0.0004714282329273967
N5334HD,0.014399399568445593,0.9490097862520444,0.03256051155360242,0.0030094759274725026,0.0010208266984349942
N5338HD,0.014603019634874188,0.10272667303946004,0.34769371503985286,0.34308387614924435,0.19189271613656853
N5339HD,0.028384574453756965,0.05250915591949197,0.5991982556538659,0.224723160389714,0.09518485358317105
N3820HD,0.01539364651615462,0.06688273373509311,0.2992456660015748,0.356131793855931,0.2623461598912463
N5342HD,0.819754929600195,0.1734650875489064,0.004790380422233786,0.001351148212911455,0.0006384542157533288
N5345HD,0.70255908661717,0.2731256732141579,0.019594408118914684,0.003722952839073759,0.000997879210683421
N5346HD,0.7617668712555165,0.22841290513672155,0.005958263528820619,0.0024952963436594465,0.0013666637352819668
N5348HD,0.02197789631880179,0.15688765825171472,0.33275527262754095,0.4014192780534795,0.08695989474846297
N5351HD,0.6246777487499282,0.33213002282728854,0.0314585665957561,0.008515253207182046,0.003218408619845093
N5354HD,0.013187012590348155,0.04119120610511066,0.35011438901905517,0.5693067976531289,0.026200594632357063
N5355HD,0.6077358865599304,0.3141164154532897,0.05253367203663866,0.015487756472095639,0.010126269478045428
N5362HD,0.8900595938095519,0.10788265960082935,0.0014067559678917815,0.0004313809463981786,0.00021960967532889183
N5364HD,0.8500592259218315,0.14042569413365696,0.006801077502502011,0.0019576163622176236,0.0007563860797921146
N1264HD,0.023314642734429004,0.8639480133471408,0.10477862199799502,0.0064300032235349615,0.001528718696900193
N4985HD,0.31873783656351024,0.5119776454106651,0.1326438368210468,0.02448566386215221,0.012155017342625663
N5368HD,0.01751081961916683,0.08014505745595488,0.45354084700252134,0.3895997141562685,0.05920356176608848
N5371HD,0.8934573273291663,0.09997004591096237,0.003902153106060878,0.001743700370628407,0.0009267732831821402
N5372HD,0.7543325253617942,0.23782095577413118,0.006495682938527579,0.0009577630407325877,0.0003930728848144117
N5373HD,0.5628484597076396,0.42896874676508917,0.005275091398216025,0.0019401610602496195,0.0009675410688054507
N5374HD,0.32218719666391754,0.6510988498218717,0.022304330469480986,0.0030677943037871968,0.0013418287409424857
N5377HD,0.6454206213866762,0.3427086879407189,0.00844186683218289,0.002331352514160481,0.0010974713262614252
N5379HD,0.8469686894082156,0.14092525886177512,0.009280714655444566,0.002100182233935616,0.0007251548406290684
N5381HD,0.0580768731138367,0.2969657740322512,0.3263663792732051,0.2583968241663437,0.06019414941436328
N5383HD,0.1383220019057962,0.3825367964199459,0.33256344841724106,0.11698940584807074,0.029588347408946218
N5385HD,0.8894169405597077,0.10945096055258613,0.0007862010936866255,0.00022769582742795464,0.00011820196659150995
N5387HD,0.016316842025542847,0.10571818509166936,0.2960306003037794,0.34881361317309095,0.2331207594059176
N5388HD,0.0917928437615027,0.2696817504242243,0.35933779071212807,0.24171482737573816,0.03747278772640674
N5389HD,0.03416008057550463,0.3118320149330103,0.6013561519311837,0.04004793708571584,0.012603815474585396
N5391HD,0.6287825072200512,0.3192298353967932,0.04389849071307205,0.006050785380775628,0.002038381289307859
N5393HD,0.4775156242090404,0.4889739426834424,0.029334610325326332,0.00324466516620623,0.0009311576159844501
N5395HD,0.7596707664898409,0.19830383097879084,0.03315799605435705,0.006475951994486439,0.002391454482525008
N5397HD,0.8055307733034269,0.17478045490808214,0.014806204711137366,0.0036205333006909288,0.0012620337766624501
N5398HD,0.7724240174336842,0.2032682541428122,0.018639418145325635,0.004300204362160276,0.0013681059160176516
N5386HD,0.1062798274499452,0.6583782996074933,0.21817596345611912,0.01283814579168726,0.004327763694755202
N2483HD,0.7982887942909026,0.17879625895647794,0.013858313110569847,0.005779430587913842,0.0032772030541357655
N5402HD,0.8271699071466716,0.16671304593518696,0.004043128000661203,0.0013825087353242266,0.0006914101821562048
N5404HD,0.7176669106783203,0.24405175613795582,0.02969762431056856,0.006621119205400671,0.0019625896677547537
N5405HD,0.9331703222785768,0.06498289014337323,0.0012941390276516728,0.0003611371766337904,0.00019151137376446776
N5407HD,0.32668683616276256,0.5307939282380333,0.10426863053516679,0.03226145618532658,0.00598914887871088
N5414HD,0.44752623333348285,0.5385467367737956,0.010441735411088912,0.0023458152667814648,0.0011394792148511751
N5415HD,0.7941402860251751,0.20190214632321454,0.0024524968969094887,0.0009843103486176328,0.0005207604060831711
N5416HD,0.06477883578870382,0.8307381679062931,0.09348505622835063,0.008197482889757177,0.0028004571868953
N5421HD,0.7475446413835861,0.22467424381082898,0.02149022830764586,0.004682679014113276,0.0016082074838258465
N5430HD,0.8836274036572912,0.10944879268508573,0.005307710265895206,0.0011635119247707074,0.00045258146695701816
N5431HD,0.0428881499936741,0.7789823676826934,0.16472306175252482,0.010472679551754188,0.0029337410193536573
N5432HD,0.8003545930086207,0.19033404340269947,0.006817356420322097,0.0018700253428865729,0.0006239818254709306
N5437HD,0.8794257602249035,0.11469850218708803,0.004254124727543741,0.001162514765014305,0.00045909809545052456
N4225HD,0.4057895621562563,0.48035027962574506,0.08675819200673955,0.01766707984850965,0.009434886362749462
N5123HD,0.4468440661208971,0.46689071548195826,0.05105721854284385,0.0239530017823242,0.011254998071976528
N9187HC,0.029142503002699143,0.14156027940304472,0.4017224740433977,0.3354228416237717,0.09215190192708662
N5439HD,0.19487867415879234,0.4828274028690376,0.1888359555687682,0.08779284569794094,0.045665121705460984
N5440HD,0.061209582144658846,0.7854410518096164,0.1414767492112228,0.009215377370481847,0.0026572394640200373
