ncode,proba_0,proba_1,proba_2,proba_3,proba_4
N4541HD,0.7527916081831365,0.2330353964477329,0.009435851550098571,0.003121008743696538,0.0016161350753354882
N4397HD,0.013728830807636155,0.05092468186804179,0.3857991042858038,0.5031209526682903,0.04642643037022804
N4544HD,0.8963961936356639,0.10086474102920848,0.0015956391367576179,0.0007243761022428885,0.00041905009612715796
N4545HD,0.07987891015002499,0.1911584513072013,0.39899549145656504,0.23221332334906036,0.09775382373714832
N4546HD,0.08430091975418351,0.8345838279712485,0.07439088511166998,0.005002772805254229,0.001721594357643709
N4550HD,0.7663406323589065,0.22304914894537622,0.007494585935248276,0.002075276434868837,0.0010403563256001995
N4551HD,0.8013393780825098,0.19350103971409627,0.003041925863164064,0.001334024703335603,0.0007836316368942484
N4554HD,0.08041154710943405,0.4522233322284819,0.3842670748265299,0.060209238284415274,0.02288880755113864
N4555HD,0.31251652342702335,0.6405824453017379,0.033653006334650015,0.008893772712218525,0.004354252224370167
N4556HD,0.3434721842511171,0.45401040380697066,0.15534693755720064,0.03648903648615554,0.010681437898556091
N4563HD,0.3544304282435259,0.4860662157579602,0.13321929896907225,0.020055599768624796,0.006228457260816729
N4567HD,0.8858552521039863,0.10247427057955491,0.006261604067291065,0.003402259800455583,0.002006613448712326
N4561HD,0.8142943456819647,0.18076924996647756,0.002667043016097346,0.0014033048739032856,0.0008660564615570171
N4571HD,0.24427805978259473,0.5068542649325595,0.17699683685892878,0.048971359485367315,0.022899478940549594
N4574HD,0.9528843742486457,0.04577754971156388,0.0007995243782042756,0.0003511218063623367,0.0001874298552237986
N4575HD,0.5036040867051282,0.4222283574535013,0.05570169259549663,0.012847440572654013,0.0056184226732197496
N4579HD,0.2964103208646396,0.5780145770153304,0.08043833012624144,0.02853151109933795,0.016605260894450698
N4581HD,0.10932160935717743,0.8044481878411431,0.07941044291500807,0.005087564145830444,0.001732195740840822
N4584HD,0.0837957054812258,0.8500317309031222,0.060018271155266985,0.004466405448124328,0.0016878870122605237
N4578HD,0.8177233851086109,0.17878374667389763,0.0022226868630820643,0.0008348268942894795,0.00043535446011983063
N4590HD,0.10155107343641467,0.7981253479047911,0.09087633977304559,0.00732917385927989,0.002118065026468693
N4593HD,0.052401998903739554,0.24647898095151,0.419838140432981,0.2473521100029124,0.03392876970885702
N4151HD,0.22634665194000736,0.3612923375601382,0.21307141777980806,0.1404971458597627,0.05879244686028365
N4594HD,0.8181450314144127,0.17722830273647108,0.003445592154170331,0.0008094614942102462,0.0003716122007356345
N4600HD,0.13386261091882765,0.7838179215389263,0.070655237743561,0.008569030245639254,0.003095199553045739
N4605HD,0.06868009912279234,0.3423188030361548,0.4581162473695172,0.10330030465831512,0.02758454581322035
N4612HD,0.5344084630626441,0.41990853822225355,0.03160756024383345,0.010373868164297959,0.0037015703069709074
N1701HC,0.07876342429371842,0.12665772776504997,0.605706063917873,0.14430981256321196,0.04456297146014665
N3705HD,0.01655074896748847,0.04985509081065429,0.22474938720180965,0.3679177365289279,0.34092703649111966
N4589HD,0.6389337498083226,0.30395586174270045,0.03835485782056567,0.013081401863148946,0.005674128765262205
N4339HD,0.936825714325764,0.060640846526116156,0.001438183557470871,0.000679960034129531,0.0004152955565196071
N4615HD,0.032675074823963444,0.18474540031043843,0.36181475171635635,0.32559583371763506,0.09516893943160669
N4618HD,0.9043607233162283,0.09097985971874196,0.0025949079348765347,0.0012779707088897945,0.000786538321263444
N4624HD,0.42604453152420874,0.5668700982433039,0.0051362348568902,0.0012631052897972537,0.0006860300857998472
N4626HD,0.8626730174431254,0.12384521372633783,0.010043577414029621,0.002501581899846624,0.000936609516660652
N4628HD,0.07987186634297018,0.4188851854695814,0.37316293346689977,0.09182475373806379,0.03625526098248491
N4638HD,0.1079899714015903,0.2728301821055933,0.2793524110519903,0.23448214746306692,0.1053452879777593
N4639HD,0.7965470117651875,0.1872393690526053,0.009637918187965269,0.004181570690309937,0.00239413030393219
N4642HD,0.9183787595952903,0.07767620726323642,0.002408878219346881,0.0009834651068258565,0.0005526898153005235
N4646HD,0.9321009461779796,0.06476750949150961,0.0018214097047698722,0.0008294184077165151,0.00048071621802441006
N4631HD,0.8533424427886518,0.13706613313927804,0.006702425443594192,0.001994371982852487,0.0008946266456235415
N4656HD,0.04561301238103722,0.10268530526933739,0.3180538895509076,0.3720935500807059,0.16155424271801203
N4658HD,0.8094225757466998,0.1773930278691653,0.009818414188857469,0.0023735160246382836,0.00099246617063912
N4661HD,0.8279488978402825,0.16600072807660804,0.0038166088278310134,0.0014563110499782067,0.0007774542053002826
N4665HD,0.86037847736683,0.13092876403768974,0.006723817867740198,0.0013790963382265297,0.0005898443895133326
N4667HD,0.8656147361075346,0.13071248688348377,0.002230801907426863,0.0009029300842426728,0.0005390450173123093
N4669HD,0.7744238141298161,0.218729223841758,0.004488755563749091,0.0015341097033454573,0.0008240967613312526
N4673HD,0.19231685856190647,0.45046063495071875,0.2704643722168495,0.0604225730461704,0.026335561224354792
N0760HD,0.09077294264401475,0.5318382261837522,0.28813861084304954,0.06722097039869376,0.022029249930489627
N4672HD,0.6334846290610797,0.3001389750423479,0.04628902100149961,0.013957753680522286,0.006129621214550396
N2593HD,0.8755096020942869,0.12068760021010315,0.0022080341132129574,0.0010138938256017437,0.0005808697567953107
N4677HD,0.10433400146836559,0.6902085009977429,0.1869236990790714,0.014622288927787224,0.00391150952703296
N4680HD,0.15966877778422675,0.4804288063232867,0.26893707024532676,0.0676342496780118,0.02333109596914786
N4688HD,0.0330306679100732,0.13405978733160756,0.3907531681150368,0.3737674795220219,0.06838889712126062
N4689HD,0.8737341804815542,0.12230765460296707,0.0024102252252629344,0.0009889857450615556,0.0005589539451542643
N4691HD,0.15602013913635265,0.2806689830568397,0.2557109731138477,0.21408355194393933,0.09351635274902073
N4692HD,0.5466930525760668,0.31080203751062907,0.07885310160938055,0.03772609957128391,0.025925708732639736
N4694HD,0.040582438524060724,0.2080594630252686,0.5161528670208464,0.18165616571644103,0.05354906571338331
N4695HD,0.06459547962797683,0.6423095439985919,0.2669932625362286,0.020822880572494665,0.005278833264708069
N4699HD,0.25585890633046127,0.14168559072165413,0.42626602769844496,0.12246318257472548,0.053726292674714224
N4703HD,0.3970408311624854,0.3837874835536684,0.11808704220407792,0.06536796597240734,0.035716677107360935
N4704HD,0.00996100701762523,0.0277736422150595,0.36260290600429995,0.5732543540982722,0.02640809066474318
N4708HD,0.9355920183216911,0.06227054964366923,0.001321645587222257,0.0005253817256549648,0.0002904047217625848
N4714HD,0.5163052947480462,0.338598316022672,0.08180656480003475,0.03769857359278544,0.02559125083646161
N4721HD,0.17853037330517563,0.41882464644283074,0.2688957019591702,0.09403093272453945,0.03971834556828393
N4722HD,0.8271022294830378,0.17005225004875266,0.001764987438195807,0.0007112461612192091,0.0003692868687946737
N4724HD,0.07972638095053194,0.8261276722920582,0.08552334119147233,0.006802465500804018,0.0018201400651334514
N4726HD,0.01882293013478005,0.8293542732789836,0.14013490197319536,0.00895528752425085,0.0027326070887900133
N4735HD,0.7153092866489745,0.2529789834836985,0.017494657640328398,0.008445819162444964,0.005771253064553773
N4063HD,0.41660559483776183,0.4092255083859145,0.09316396637950988,0.0497684227076885,0.031236507689125212
N4712HD,0.777214887878005,0.21558194788590004,0.004351287554571882,0.0018120154087354575,0.001039861272787784
N4738HD,0.08640657172900473,0.16881993821732627,0.6039660353322439,0.10845982183728575,0.03234763288413946
N4740HD,0.07005607961056097,0.26541815900604615,0.3278384974596205,0.2550922422931654,0.08159502163060686
N4742HD,0.04320032700131685,0.10977453038194675,0.4645267469317328,0.25575539209947085,0.1267430035855328
N4745HD,0.827705250907854,0.16056069965468728,0.009176097913075101,0.0018127815742004839,0.0007451699501833089
N4747HD,0.8629780247643776,0.11265213159056756,0.012719325825623299,0.006942792201598529,0.00470772561783327
N4750HD,0.7462105102663286,0.2094973742578308,0.024725227007756097,0.012713706072878679,0.006853182395205742
N4752HD,0.018772669479901975,0.06448905537911075,0.4446232587610718,0.4193096581976066,0.05280535818230893
N4754HD,0.507063879829514,0.46258433715572034,0.02127848916842302,0.006143829165079217,0.0029294646812637313
N4755HD,0.18150167514096852,0.47297862913731,0.26051213943216966,0.059158845160552954,0.025848711128998843
N4756HD,0.5370110249828964,0.30212802210983036,0.10931377449854648,0.034335451394125055,0.01721172701460169
N4757HD,0.8510917111269325,0.14015934532422764,0.0068463898350385605,0.0013580382933997216,0.00054451542040168
N4759HD,0.31762153700271273,0.6293607850773997,0.03574958304092472,0.011095523761267443,0.0061725711176954315
N4762HD,0.3112845400181459,0.5985083734746973,0.07661551870832053,0.010613485201626346,0.002978082597209888
N4763HD,0.5147789845920828,0.36140989327010176,0.073117728246726,0.029382353093575193,0.021311040797514235
N4767HD,0.8457775824023408,0.13728515347392092,0.012414773090543627,0.003314775589555733,0.0012077154436390945
N4769HD,0.0564291162232324,0.3293637433256399,0.5050843880441156,0.09115806418118176,0.017964688225830357
N4770HD,0.8669717419963225,0.12387992115273763,0.006991144978842014,0.0015431703093386768,0.0006140215627592176
N4676HD,0.44737571832122264,0.4069946874233695,0.08028376415303817,0.0421602104094027,0.023185619692967122
N4614HD,0.27028831496931915,0.18227208216185561,0.42297369713138233,0.08741164138706095,0.03705426435038224
N4774HD,0.17059823376938169,0.2507840374133033,0.47646398371870924,0.07563634485438574,0.0265174002442199
N4778HD,0.08308091470985116,0.3672263110420745,0.3464034746457985,0.1563062151139006,0.046983084488375404
N4780HD,0.007313711662978901,0.023982719043941926,0.16383576767845973,0.40930473070917733,0.395563070905442
N4783HD,0.552331361628942,0.35930525534546487,0.06479569939873234,0.0162134384390094,0.007354245187851255
N4789HD,0.8439788758476111,0.12983298766361961,0.013638849806380665,0.007351507799694043,0.005197778882694694
N4792HD,0.4328514935715911,0.5569910674749168,0.007350624807131734,0.0018108751133563143,0.0009959390330041503
N4793HD,0.10670957129554433,0.2970587727005474,0.3996184324137779,0.1346846326241133,0.06192859096601692
N4794HD,0.01895691767637242,0.07461858251595341,0.460604918960463,0.40505417110245856,0.04076540974475251
N4799HD,0.8096017689046314,0.1424727300712673,0.03638371069893846,0.00786046458796296,0.0036813257371999205
N4800HD,0.9332039068276309,0.0645386914579949,0.0013928199858644322,0.0005394758685090729,0.00032510586000069887
N4808HD,0.09974802995785018,0.7998007861836857,0.09115361270901282,0.006939016372018111,0.0023585547774333834
N4809HD,0.5659061739162826,0.314474866209626,0.07058454445215703,0.029273955859537154,0.019760459562397213
N4634HD,0.6270979972284612,0.32136549612876364,0.038435068799485134,0.009480999197274468,0.0036204386460156933
N4784HD,0.9092444243841217,0.07933646842637343,0.007109147024003364,0.0026652405581631023,0.0016447196073383077
N4815HD,0.881207256174668,0.11424433702100587,0.0026530424533502688,0.001151533241426838,0.0007438311095490172
N4816HD,0.7773125074597459,0.20624136768762932,0.011205214038676034,0.0038216983568643585,0.0014192124570843523
N4817HD,0.4430566489733953,0.5209333311670874,0.024426194807748283,0.007493983898468765,0.004089841153300379
N4818HD,0.9075750009678636,0.08905481350200947,0.0019668274052394887,0.0008925566771566201,0.0005108014477307313
N4821HD,0.025789823886648668,0.858196295963793,0.09938689191381889,0.013104096673509728,0.0035228915622297387
N4830HD,0.9055867439080956,0.08867212253363789,0.004114035803408285,0.0011449878067870884,0.0004821099480711603
N4748HD,0.8745553989725847,0.12252641357401403,0.0018398037250371738,0.000693862007088112,0.00038452172127599995
N4684HD,0.8602785630833895,0.13465979277794599,0.0029264200950027334,0.0013401155134679784,0.000795108530194004
N0389HD,0.017116885810420555,0.9088095624397654,0.06803933119670708,0.004459729725730473,0.0015744908273765679
N4796HD,0.3077457407905291,0.4596055476173748,0.1570279671419402,0.05418828298569128,0.02143246146446484
N4834HD,0.010319017228000877,0.029906391654931752,0.40552671390616757,0.5218029590474669,0.03244491816343301
N4835HD,0.0777289778087509,0.891313547211486,0.02297066379719307,0.005471231104194805,0.0025155800783750342
N4837HD,0.42330143061241443,0.5615798370710653,0.010780646630242807,0.0028528923062361516,0.0014851933800411803
N4838HD,0.024810962311320992,0.9023162458973976,0.06336379748913544,0.006793019321147279,0.002715974980998666
N4839HD,0.04105940597179915,0.5772081104252802,0.3375155425056149,0.034907180419386306,0.009309760677919537
N4842HD,0.7322756986058367,0.18103985306522982,0.06517854855854181,0.014934021951930743,0.006571877818460948
N4844HD,0.9322481974893024,0.06592901005540161,0.0011336608631487921,0.0004516049904688425,0.0002375266016784898
N4846HD,0.06909553653423021,0.2346620040335689,0.39270889519832597,0.19954267007689688,0.103990894156978
N4847HD,0.8071349203229897,0.18880605634352152,0.002571390473950492,0.0010028770828280418,0.00048475577671016663
N4849HD,0.3969519337548494,0.4789087900667625,0.07917704457538176,0.028676328759199083,0.016285902843807182
N4852HD,0.0517190088769344,0.7260205351793998,0.1980082620571565,0.01786514121127665,0.006387052675232722
N4853HD,0.7427827639766332,0.23623547670129927,0.012238797510175294,0.0054320341215673045,0.0033109276903252266
N4856HD,0.9074857003705564,0.09024177671972147,0.0015063120375883223,0.0005091204714716042,0.00025709040066208263
N4858HD,0.8748302167426681,0.11770993336868932,0.004016164703757567,0.0021763652528235863,0.0012673199320615846
N4860HD,0.15015806427233014,0.27690159577930146,0.4210022592008895,0.11105317315051978,0.04088490759695915
N4861HD,0.9201271671985191,0.07788676095006612,0.001201023562864271,0.0004988498543176456,0.000286198434232992
N4863HD,0.5036972258152639,0.4859072000788435,0.006294437716283886,0.002695691990521844,0.0014054443990868994
N4864HD,0.48971082241903896,0.4947475544429837,0.008573512550488762,0.004270889909336969,0.0026972206781514523
N4866HD,0.8072527993116876,0.18329989606024624,0.00590079001414863,0.0023704518533022695,0.0011760627606151963
N4012HD,0.7149563726567422,0.2631342203813256,0.016533657760633966,0.003817697227922433,0.0015580519733757639
N4825HD,0.1552253699925507,0.4620738896404003,0.27073829735627475,0.0822522855181906,0.02971015749258362
N4875HD,0.05049741963293128,0.2700612792635631,0.4620993013288113,0.16229529462267894,0.055046705152015374
N4878HD,0.03179817648642257,0.12935451163062475,0.32172832016235203,0.33625895482991414,0.1808600368906864
N4883HD,0.033995798030085775,0.5608377904900792,0.364747751194024,0.033295531530713074,0.0071231287550981
N4884HD,0.5494259285759876,0.3951108936457758,0.04362080054462929,0.008683126748368377,0.003159250485239017
N4887HD,0.3528201932619976,0.49850804013948113,0.12188951077202986,0.018313365374497046,0.008468890451994391
N4891HD,0.7000466199803622,0.2684519292455581,0.024330830892477995,0.005215900345003651,0.001954719536598012
N4892HD,0.08373204760576881,0.8171809979201126,0.08635678664492294,0.009704786282641235,0.0030253815465543137
N4895HD,0.833915828398386,0.07675417910240102,0.07024481373309514,0.013581171282946633,0.005504007483171221
N4899HD,0.7324215226231567,0.2601629602903873,0.004198296506013625,0.002012297795775444,0.0012049227846666084
N4898HD,0.6110048687498645,0.2344499716084765,0.13281495023625964,0.015674307762160604,0.006055901643238629
N4902HD,0.5870618783437399,0.3332595993005843,0.05350875634343861,0.018660513856203403,0.007509252156033723
N4904HD,0.11035361730818696,0.3725374683524672,0.3877672897677415,0.09636001921440097,0.03298160535720338
N4906HD,0.8244994964813652,0.1709203943480376,0.00281402282465611,0.0011386334635749595,0.0006274528823661234
N4909HD,0.7972812443681754,0.09611022643751821,0.07277071781008985,0.02155352959025554,0.012284281793961065
N4912HD,0.6965351666602702,0.28307192565483125,0.016237017570380274,0.003023582032793925,0.0011323080817245209
N4913HD,0.6797210665566996,0.3021350717403602,0.0138871993857898,0.0030141041152536912,0.001242558201896639
N4914HD,0.09917834818331478,0.7469323760428768,0.13665607230882115,0.013496728347191574,0.003736475117795925
N4908HD,0.8783880232802894,0.11921711301194708,0.0014450128460489087,0.000611483083561792,0.0003383677781528001
N4937HD,0.8806103949308535,0.11711815951260525,0.0014166683086131988,0.0005513512009671913,0.00030342604696085055
N4938HD,0.8995516751235894,0.0971519353189589,0.002087678182938024,0.0007992881264523357,0.0004094232480610217
N4949HD,0.9021228766541111,0.09503245965188062,0.0019149624065284373,0.0005940106422456508,0.00033569064523434526
N4952HD,0.8108312221263733,0.1756459473939436,0.011052398185691169,0.0018775397364821302,0.0005928925575099514
N4954HD,0.43439919912984376,0.5064478919134976,0.04647166921706728,0.009001310294529089,0.0036799294450622446
N7917HB,0.9119910245450743,0.08591036996894251,0.0013439118066934765,0.0004824640063712755,0.0002722296729184074
N4951HD,0.707113944401408,0.2805380212993932,0.007876925065808038,0.002801569023021062,0.0016695402103696193
N0385HC,0.12553200174991805,0.41100407918781157,0.33736721790218455,0.08826317265691841,0.037833528503167554
N3920HD,0.3864646730899771,0.5316797701313237,0.0613951055759956,0.013869019604428635,0.0065914315982749366
N9498GW,0.8037425685131517,0.17899437009871413,0.013273535451039858,0.0028335536765366517,0.0011559722605575147
N4961HD,0.9415569996305795,0.05687414628699696,0.0009537932442205454,0.0003998801104559446,0.00021518072774709014
N4965HD,0.3248237518323974,0.5287538251632974,0.11841869433869762,0.02024464569432453,0.007759082971283002
N4967HD,0.651666684766212,0.2974162730968579,0.03581897560577887,0.011025850356987027,0.004072216174164153
N4968HD,0.25326562992122703,0.5466317649775085,0.12489425898270921,0.05732312525809646,0.0178852208604588
N4973HD,0.8522041453848365,0.1368777526676912,0.00788546536972613,0.0022179310111424128,0.0008147055666038118
N4976HD,0.03356460099845489,0.26486227570336135,0.5697891105455137,0.10200151197406933,0.029782500778600625
N4977HD,0.26839406758295686,0.6565822021411435,0.06461209087445038,0.007343790330721357,0.0030678490707280255
N4978HD,0.7032261753798,0.2656441005625927,0.021636210959711338,0.006834851904028449,0.002658661193867402
N4982HD,0.30794077095651734,0.5027888790384538,0.13626098044118157,0.03900641100431619,0.014002958559531058
N4983HD,0.13481870822667763,0.5320410759003585,0.241720477971962,0.07639475167747724,0.015024986223524762
N4984HD,0.8584895604943361,0.13927950732397337,0.0013791008695297534,0.0005569370873096925,0.00029489422485112397
N4992HD,0.019215924329208264,0.09517406680078953,0.2508375849603427,0.45782289473755106,0.17694952917210857
N5000HD,0.6677494533727106,0.26332222460797383,0.04390655838331151,0.01661390950069035,0.008407854135313766
N5006HD,0.5414592046532388,0.3426899365133013,0.0725514479647866,0.027608268712513036,0.01569114215616023
N5007HD,0.7147879642147523,0.2584016141666478,0.01855676227748647,0.005919379452464436,0.0023342798886490175
N5008HD,0.20394458854791112,0.6083332068275257,0.16571637861242056,0.01754704645713966,0.004458779555002933
N5011HD,0.303112805251909,0.5565011054566555,0.10571598054992748,0.023388180170867613,0.011281928570640412
N5020HD,0.5597319186329044,0.3513682108397697,0.063222706776059,0.018026587043290146,0.007650576707976711
N5024HD,0.8041424530416441,0.17925297394930018,0.012841018660336361,0.002620114293909746,0.001143440054809643
N4826HD,0.9016185915977969,0.08987478502123923,0.00540577828136276,0.0020381892781979657,0.0010626558214030712
N5032HD,0.8951792504123899,0.09817695810946726,0.004434983866568257,0.0015439094587007924,0.0006648981528738117
N5041HD,0.9035602902247454,0.09279250544919863,0.0021785946724430963,0.0009134989427481289,0.0005551107108646791
N5043HD,0.940411670732873,0.05537068935712055,0.0025269158212360057,0.0010383114809045953,0.0006524126078658735
N5044HD,0.0988109100636907,0.10044292920545608,0.4927487247717745,0.20535002491010776,0.10264741104897097
N5045HD,0.8343211602883551,0.15066940272047846,0.011165640422684685,0.0026057280435673865,0.0012380685249143769
N5004HD,0.8991893269654189,0.09406140274787475,0.0038921328791338902,0.0017981494017296617,0.0010589880058428458
N5055HD,0.4845405323650848,0.4263605303300485,0.06525002256179387,0.018210292322328306,0.005638622420744506
N5056HD,0.10312496549522707,0.258456226788545,0.36808429310314267,0.17127739368384715,0.0990571209292382
N5057HD,0.7364120812233161,0.2566101537313219,0.004148650932775702,0.0018445164651888241,0.0009845976473974367
N5059HD,0.5613018245825926,0.15834557828333276,0.21816529391554357,0.04125380413032471,0.020933499088206336
N5061HD,0.5394213235370495,0.4240050484444665,0.02259627829225013,0.009224684057000365,0.0047526656692332865
N5018HD,0.9206137160685813,0.07634057721938634,0.0017566226955443348,0.0008075814017975104,0.00048150261469061614
N4896HD,0.7127871648394074,0.2680216902996196,0.012322040969790945,0.004608939991715005,0.00226016389946706
N5064HD,0.7825902270053036,0.19206498006812897,0.017697034220484922,0.005354039337167893,0.0022937193689145873
N5065HD,0.5070910808334778,0.48307818225176336,0.007123074573955049,0.0019031572135487845,0.0008045051272551504
N5067HD,0.21473572743035843,0.5514161881094618,0.18016768679791262,0.04091205842354163,0.01276833923872557
N5070HD,0.03938613144175422,0.5326514416428303,0.35607984247503327,0.054299325177484384,0.017583259262897888
N5071HD,0.14708340628974045,0.7460684108180359,0.09038750664308264,0.012147494293343985,0.004313181955797077
N5072HD,0.12394973175936708,0.7595952366574985,0.10045141343157,0.012066558489100352,0.003937059662464263
N5074HD,0.7894263818892973,0.20182261612149377,0.005559040997757013,0.0020989013152496066,0.0010930596762022456
N5075HD,0.9380031773998239,0.059310249684096726,0.001598735799605759,0.0006830487333462813,0.0004047883831274805
N4923HD,0.8288753758098083,0.15742692066403685,0.00851435794460398,0.0033539290107100234,0.0018294165708408643
N5076HD,0.8297508693584944,0.1618025401845962,0.006134554364849413,0.0016473020954960909,0.0006647339965639914
N5079HD,0.05448969405552444,0.2351793385756387,0.4788894327819641,0.19484699147082446,0.036594543116048275
N5080HD,0.555839980709819,0.27786485628287605,0.11174467133935731,0.036699686730827616,0.01785080493712001
N5082HD,0.8336473694016192,0.1481570716111305,0.010207903625992049,0.005238849065831592,0.0027488062954266032
N5083HD,0.7658943220791092,0.20871320195174203,0.01892325169337516,0.004735804693160071,0.0017334195826134002
N5085HD,0.10063745330438768,0.5771446632908527,0.2695684318453911,0.03960519897005916,0.013044252589309517
N5051HD,0.24107051090752188,0.7397638699525365,0.014793820779333375,0.0028974166657361,0.0014743816948721426
N5039HD,0.04398936074771144,0.2212464627599542,0.40336152357372435,0.24213348638066584,0.0892691665379443
N5088HD,0.8845837438667696,0.11083579950758064,0.002747480000396068,0.0011691451256456158,0.0006638314996081116
N5091HD,0.052980515166000455,0.9351738647097839,0.008724500182313322,0.002117094925669607,0.0010040250162326935
N5093HD,0.055021518896587324,0.14254835668503632,0.3099514993973183,0.3859715211220342,0.10650710389902382
N5100HD,0.018771923065576717,0.07031037900756097,0.40377110122758236,0.4629489937736556,0.044197602925624434
N5103HD,0.05178309787512803,0.26065932086960103,0.4268308901179392,0.18031154009264236,0.0804151510446895
N5104HD,0.9582673854255747,0.04060212582846397,0.0007061309086409869,0.00027201125110512493,0.00015234658621534036
N5105HD,0.7366860554279722,0.23704226862951883,0.01406797909090544,0.0075991884201192525,0.004604508431484443
N5106HD,0.8110661339534417,0.17462084950915452,0.010486615936778654,0.00274103891567234,0.001085361684952723
N5109HD,0.36792941280017377,0.6085871485427896,0.016766224563437536,0.004490065991967366,0.002227148101631798
N5112HD,0.4938868158613609,0.3881805900481813,0.08941718192229103,0.01967712290820545,0.008838289259961449
N5115HD,0.8482053831405397,0.14414993398840034,0.0058515015799177235,0.0013134833222796516,0.0004796979688624422
N5120HD,0.03154162102093577,0.14859749266940336,0.33317153862100823,0.37484183898321316,0.11184750870543954
N5121HD,0.5925080259282799,0.38217959995265416,0.015398143464016769,0.006913622389487636,0.003000608265561456
N5122HD,0.5777873310585734,0.3582501295379227,0.05103491491809097,0.010199299140333786,0.0027283253450790974
N8305HB,0.8754060165838492,0.12071049989835793,0.002085775006769485,0.001151631524916895,0.0006460769861063311
N5126HD,0.04143573178465779,0.21729053684253394,0.4105399044715424,0.2647965682880695,0.06593725861319648
N5128HD,0.910607471794725,0.08595349450212919,0.001887893377000998,0.000990584857306868,0.0005605554688379859
N5133HD,0.018235376207540423,0.07292137184584349,0.4131565895248332,0.45546138202745584,0.04022528039432714
N5135HD,0.8130723517605164,0.1724729356477478,0.010305637295865191,0.0029037122353657574,0.0012453630605048552
N5143HD,0.8888103704289321,0.10674236372127298,0.003083463061724346,0.0009127143117650509,0.00045108847630560183
N5144HD,0.3411715760626646,0.5947777632384245,0.045058259179518445,0.012557592926119519,0.006434808593272999
N5149HD,0.154009096257609,0.4727074736115905,0.2615256663522634,0.0830933923524324,0.028664371426104743
N5152HD,0.384018341870736,0.5771076080194062,0.02912132741315376,0.006711731464842419,0.0030409912318615957
N4394HD,0.16531785968772844,0.35871855792826673,0.351185148993993,0.08776050669555398,0.03701792669445784
N5029HD,0.1563032928990873,0.4334311705000847,0.2838057624229191,0.08851042079751187,0.037949353380396934
N4368HD,0.9451032982952312,0.05301276127836015,0.0011432447415741034,0.00047327496009209695,0.0002674207247423279
N5013HD,0.2682730720456249,0.3931016641868912,0.2546480300144465,0.057954515808894984,0.026022717944142522
N5153HD,0.2551844864870925,0.549501847601979,0.16404875775904046,0.022778036742538737,0.00848687140934928
N5157HD,0.8780350059036702,0.11818764863703105,0.0023147285438069997,0.0008973347476291776,0.000565282167862547
N5170HD,0.6753088624644831,0.31274184087041274,0.007845144510443715,0.002748977440678172,0.0013551747139821213
N5172HD,0.8862010891578695,0.10258110581327133,0.006586396897218975,0.0028661715598505204,0.001765236571789434
N5173HD,0.6296323692218295,0.2765821592832244,0.06361212966130904,0.020296976140622622,0.009876365693014444
N5147HD,0.6021943053404601,0.3397909990631761,0.03753524358138323,0.013256618842027949,0.007222833172952606
N5178HD,0.723863534994997,0.2209836492010069,0.0368831158268576,0.012748861242179475,0.005520838734959023
N5180HD,0.4007875178505685,0.3256613131461377,0.18253583864593725,0.06172499949319693,0.029290330864159508
N5181HD,0.311951236004758,0.5609873832955609,0.08480803411673236,0.02733035530365152,0.014922991279297207
N5182HD,0.9169422668673167,0.08082600277963714,0.0013610069388392471,0.0005622027643682802,0.0003085206498386901
N5183HD,0.06188247659314453,0.896986521977876,0.03607408254652019,0.0038307824033371675,0.0012261364791219967
N5185HD,0.2115611420643839,0.4838028176076795,0.2195960861440452,0.06694328336076336,0.01809667082312805
N5187HD,0.11903631120363778,0.3182100713379842,0.3599643936100274,0.13643524754629996,0.06635397630205069
N5188HD,0.19851323995538692,0.5233829255767709,0.17606411763193092,0.08303246799260212,0.019007248843308983
N5190HD,0.017149964343725694,0.07711716292130676,0.37694945115744943,0.4802641394311658,0.04851928214635224
N5192HD,0.418442149072967,0.5743301707531471,0.0053120261966899795,0.0012716145764667024,0.0006440394007292348
N5193HD,0.7264839799071419,0.24639104627028366,0.021063446568093055,0.004282941212266519,0.0017785860422149342
N5197HD,0.8989367551448386,0.0937534349042636,0.0058127510197011146,0.001052117017288618,0.0004449419139080094
N5198HD,0.18408384382382909,0.48007679216010085,0.19777243907426412,0.09803135166921606,0.04003557327258981
N5199HD,0.669760140154027,0.26119538002798615,0.047930608134121866,0.015126587726962052,0.0059872839569029435
N5200HD,0.793174748200484,0.18938716786593335,0.010203132861793026,0.004465530285336875,0.002769420786452985
N5203HD,0.07271176038619073,0.21691602972010418,0.3767176813523596,0.24999279727403387,0.08366173126731168
N5209HD,0.07028866107071531,0.2744278947674054,0.43610105413935935,0.18456447845643006,0.03461791156608976
N5212HD,0.8558751895865173,0.1381079707865518,0.004450763514558557,0.0010625437132692913,0.0005035323991029671
N5215HD,0.5045534400079522,0.40112789241175123,0.07513054052799835,0.01317991171563209,0.006008215336665994
N3574HD,0.7366074325699475,0.2467414922552329,0.009174760080475883,0.0047529533228569485,0.0027233617714867687
N4760HD,0.05185324015029268,0.21387745674071423,0.41947447347627326,0.22993058418687706,0.08486424544584278
N5225HD,0.8264380347316792,0.16832489317408472,0.003203940652198555,0.0013669844080264472,0.0006661470340107858
N5226HD,0.5998682381101726,0.3214982433045758,0.054609343084700564,0.016960145901196627,0.007064029599354327
N5227HD,0.7972515689567525,0.17329868834941847,0.020749696227854088,0.006035449546032873,0.0026645969199420257
N5233HD,0.011718452646719684,0.04440789811962542,0.24448851375932645,0.4100279180667183,0.28935721740761017
N5238HD,0.8628546212964034,0.11358047277131489,0.01245602111208334,0.006472702297981482,0.0046361825222169285
N5241HD,0.7643710705389932,0.20477129369047786,0.02243859137452886,0.005661835094749817,0.0027572093012502466
N5243HD,0.012212294586088576,0.04742503218627367,0.366878362971555,0.5398835046231997,0.03360080563288317
N5246HD,0.7829905897749503,0.1971547872838633,0.011980751829961667,0.004951996300987522,0.002921874810237404
N5247HD,0.01241960093421891,0.028347055070752646,0.3745095007842452,0.5565838966967356,0.028139946514047685
N5248HD,0.4541323078324749,0.21678661541405148,0.2446866955461533,0.05823677036954605,0.02615761083777443
N5253HD,0.49033075140779264,0.38177178040666976,0.0746898273565419,0.03259170829104773,0.02061593253794794
N5257HD,0.061451887215428685,0.1979397750702425,0.3726521610746085,0.27791053540159993,0.09004564123812045
N5259HD,0.026012487337975048,0.07553944912643767,0.30937531486653824,0.3544326650485068,0.23464008362054223
N5262HD,0.06949011910983349,0.2531686936702908,0.6358401171235485,0.030498440309442102,0.011002629786885031
N5266HD,0.11766080548028779,0.7528718853742102,0.1144805520262378,0.011395817144798433,0.0035909399744657967
N5270HD,0.6462641759466136,0.3354016662096572,0.014077122653232459,0.0029510159319740695,0.00130601925852274
N5271HD,0.47777118168004973,0.36936607582516884,0.10080795818367048,0.0352766822052866,0.016778102105824436
N5273HD,0.8588279986874261,0.1049657459580155,0.022183937745322176,0.00866886854665635,0.0053534490625797475
N5274HD,0.8988648675602948,0.09474049537055547,0.00482096835889725,0.0011236413574041903,0.0004500273528480729
N5211HD,0.20043172635125533,0.5466392922566227,0.17955331574077757,0.059942214419044286,0.013433451232300057
N4843HD,0.48077591012915466,0.40707352523621626,0.06341815494791797,0.02996644496410387,0.018765964722607352
N5287HD,0.5810950755922772,0.3808995635494511,0.028523636874478377,0.006733106398083871,0.002748617585709476
N5286HD,0.09605243885075873,0.17686200996833898,0.3863430595379271,0.2082046191503044,0.13253787249267074
N5292HD,0.06157067190757324,0.20763269190426528,0.36620556525440756,0.2737920106071695,0.09079906032658445
N5294HD,0.6990782682835328,0.28820074333702805,0.009050972647151307,0.0025514031612713308,0.0011186125710164825
N5296HD,0.27085041134972876,0.4890707656648582,0.1636424871743141,0.060030314896803036,0.016406020914296087
N5298HD,0.8186988125474508,0.15622900892925357,0.017024247202197477,0.005529604286052912,0.002518327035045235
N5303HD,0.8693588872265225,0.09329575099033763,0.023862511974898408,0.00879928144124227,0.004683568366999115
N5305HD,0.13773967425216807,0.38793525626397035,0.3386471679665291,0.10115570728654796,0.03452219423078452
N5306HD,0.8718481865075208,0.12054826317463875,0.005605361157617208,0.0014023439647828648,0.0005958451954404275
N5307HD,0.05076902924393424,0.22770400511890967,0.3945940063165842,0.23628531643715817,0.09064764288341381
N5311HD,0.25075136560318123,0.5071590380435758,0.2020368194380186,0.029099310957084363,0.010953465958140143
N5314HD,0.7209758096828486,0.26328463096101645,0.009566676879161854,0.004015777794834723,0.0021571046821384668
N5073HD,0.07702101207940142,0.2863977255423026,0.41957615100018625,0.15843667861259159,0.05856843276551827
N5277HD,0.049366944407722525,0.1363602433645923,0.39625231170473546,0.2686375090794663,0.14938299144348335
N4885HD,0.9269272489726031,0.06965994139008741,0.002117400771650313,0.0008144496301052788,0.000480959235553758
N5318HD,0.04164782040753251,0.29448437432045654,0.47995836241085665,0.13544640926361026,0.048463033597544
N5321HD,0.8541482251444094,0.10625301576804408,0.030188285932509332,0.00687984951005352,0.0025306236449837826
N5323HD,0.9417327177911046,0.05707908705138193,0.000730564839603734,0.00029834424907820877,0.00015928606883160266
N5324HD,0.7352728591224255,0.22690179349620046,0.028149336129756054,0.006754204699660701,0.0029218065519573387
N5326HD,0.8454533037206976,0.13935491325133753,0.007910732337601426,0.0044555209830682944,0.002825529707295225
N5327HD,0.6780864164588414,0.2896000298521039,0.018779218360668586,0.008063349304398941,0.0054709860239870916
N5329HD,0.05329087399173654,0.15269314751520596,0.6441607743195975,0.11779246430989809,0.032062739863561736
N5331HD,0.750736147586478,0.2175617576391977,0.0226984480550494,0.006173396695947443,0.0028302500233276595
N5332HD,0.7923430626420386,0.1778224776845278,0.019884878917470365,0.00706053755436684,0.0028890432015964453
N5333HD,0.8434428853307752,0.152451666502766,0.002374849447816828,0.001086940882561416,0.0006436578360805439
N5334HD,0.014892351151477178,0.933406230024782,0.04575993624606002,0.004370108953984397,0.0015713736236963652
N5338HD,0.01885144424829531,0.10559830160025536,0.3426700466396402,0.3425171866389995,0.19036302087280968
N5339HD,0.03217651869303551,0.061415828582350715,0.6102835260243684,0.21912784022521273,0.0769962864750326
N3820HD,0.021920972866191407,0.08350920037087255,0.2907707541669056,0.32384595150964135,0.27995312108638903
N5342HD,0.8357258955027722,0.15620070562360683,0.005239295833366909,0.001846849125387852,0.0009872539148661323
N5345HD,0.7150310408505425,0.2589355907885816,0.021419160513471664,0.0035747610468013433,0.0010394468006029577
N5346HD,0.7014215538777824,0.27839631355657746,0.01386261091200257,0.0043042857166540535,0.0020152359369836025
N5348HD,0.02598304602775465,0.1498109293173473,0.3622781611457118,0.35684429237035303,0.10508357113883311
N5351HD,0.6697086230551832,0.2865861781157242,0.030850462415670517,0.00944479030889637,0.003409946104525688
N5354HD,0.016707760880465966,0.048613002532138794,0.36314230679104054,0.536502409409665,0.03503452038668962
N5355HD,0.6022394210631486,0.3061989079986497,0.059335736326709486,0.020034566680966884,0.012191367930525172
N5362HD,0.8106653596762649,0.18481705902594747,0.0032222821855646014,0.0008535952267772891,0.00044170388544560057
N5364HD,0.8343957795530548,0.15193016930313893,0.010222453531603348,0.002482160647695839,0.0009694369645068454
N1264HD,0.02270133119235359,0.8645458323877021,0.10381234568187395,0.006985864151480572,0.001954626586589924
N4985HD,0.2942361287013483,0.509260230629383,0.15426992901504447,0.029305802069879296,0.012927909584344817
N5368HD,0.01822393123142499,0.07800226002129054,0.4212716271543244,0.4262608721127105,0.05624130948024959
N5371HD,0.8929413676662232,0.09935529135401475,0.004185132821002762,0.002212459886463906,0.0013057482722953356
N5372HD,0.7488180574753645,0.2422046370776398,0.0071267649868021025,0.0013479942112091475,0.00050254624898445
N5373HD,0.4919925318348197,0.4998131884655101,0.005219335746327572,0.001922054531720848,0.0010528894216218958
N5374HD,0.4374052172910833,0.540443271326841,0.0167401597894649,0.003537748356376342,0.0018736032362344206
N5377HD,0.5951631122842238,0.38684845056626854,0.01227300448038286,0.0037525487416838195,0.0019628839274407877
N5379HD,0.8264454286499536,0.15921852432206413,0.010591709258477263,0.002755802628862299,0.0009885351406424894
N5381HD,0.06493537585665828,0.2920908384636065,0.34605118661973777,0.21985945751676264,0.07706314154323471
N5383HD,0.15978007827234025,0.39543464795727845,0.29088756726601267,0.12236703198436855,0.031530674520000114
N5385HD,0.8772811738220944,0.12127201242314865,0.0009286108557247828,0.0003379805818371709,0.00018022231719486023
N5387HD,0.020651867552017984,0.10732441872067386,0.34323634243636186,0.34920957069558956,0.17957780059535677
N5388HD,0.09315939069080223,0.2948184531939455,0.3529423862574574,0.2130249254459592,0.046054844411835716
N5389HD,0.04071470694583774,0.3262578936952477,0.5698940119676545,0.04637471997008786,0.016758667421172154
N5391HD,0.6372482011319924,0.3157869218517005,0.038833104401010045,0.005838401163418869,0.002293371451878177
N5393HD,0.3790963269740547,0.5761675106967722,0.03920938573367637,0.00420521950811595,0.0013215570873809396
N5395HD,0.7516927184200379,0.20714515456343494,0.031185385172769777,0.007174140276257782,0.00280260156749975
N5397HD,0.7867280614163654,0.18972612623576743,0.01737440070970658,0.00437829469845345,0.0017931169397071615
N5398HD,0.7800457601000131,0.19673214883051657,0.0173670235133022,0.004317702257511887,0.0015373652986563093
N5386HD,0.11404865555430502,0.6497612041278233,0.21452369032805926,0.015888259122040598,0.005778190867771772
N2483HD,0.8192843813669904,0.1595562083992717,0.011549447017974276,0.005969383547755337,0.003640579668008141
N5402HD,0.8417132357960886,0.15243484725893477,0.0035671683821749383,0.0014831041372227365,0.0008016444255787977
N5404HD,0.7140089145207811,0.2472622280128893,0.029952442690231222,0.006380284903077163,0.0023961298730212376
N5405HD,0.9112257475347796,0.08568718209102921,0.0022724088624716055,0.0005558098601567428,0.00025885165156273795
N5407HD,0.303974757292202,0.5452407304500783,0.09795249672584333,0.04051978805187218,0.012312227480004267
N5414HD,0.4604582152752932,0.5249431778982533,0.01013053028503011,0.002928186733451529,0.0015398898079718648
N5415HD,0.8134079495582677,0.1815316582726823,0.0027479902804644555,0.001458659927481866,0.0008537419611038551
N5416HD,0.08503686723041742,0.8001758140076063,0.10141025181458721,0.009578796562818145,0.003798270384571029
N5421HD,0.7727525098237844,0.20209209671381767,0.01846291923125315,0.004760779835772693,0.00193169439537204
N5430HD,0.8762412662661828,0.11490170403807932,0.006231524975673539,0.0017517475266722593,0.0008737571933920921
N5431HD,0.04617705607223482,0.8025148338005506,0.13606431240678238,0.011677032774487592,0.0035667649459447783
N5432HD,0.7543737442351821,0.23213009405626034,0.009869684932548632,0.002663462292077293,0.0009630144839315944
N5437HD,0.874625684834632,0.11819391180368537,0.005020490146198112,0.0015007597648843225,0.0006591534506002659
N4225HD,0.3416811241970537,0.4976481044546588,0.10626515320171773,0.03515749982459656,0.019248118321973123
N5123HD,0.44338465053146714,0.4844021624240425,0.04285964398867112,0.02005522431517476,0.009298318740644785
N9187HC,0.030203750297956307,0.1488513149658565,0.3716958028772636,0.3702675680448269,0.0789815638140966
N5439HD,0.19276242237228017,0.5043769667776589,0.16667838352379707,0.09029157589262458,0.0458906514336393
N5440HD,0.06636783008247514,0.7278936715657066,0.18888676328484424,0.013005845595624638,0.0038458894713493124
N5443HD,0.07912633069341812,0.3695345750759442,0.37859543361974346,0.13565648732357655,0.03708717328731742
