ncode,proba_0,proba_1,proba_2,proba_3,proba_4
N4541HD,0.7518252374749049,0.2301592369924955,0.01193604570822849,0.0039241411163891005,0.0021553387079818035
N4397HD,0.014284022193224546,0.04634167018309311,0.38732500733471414,0.5154016599553299,0.03664764033363816
N4544HD,0.8884605721099498,0.10779269271066343,0.0021983113964750747,0.0009681368443008663,0.0005802869386109744
N4545HD,0.08908661251370766,0.20502416793694228,0.3528436777724452,0.24580317485476996,0.10724236692213494
N4546HD,0.0672728568987211,0.8662121946489101,0.06073509222938146,0.004061533175615792,0.0017183230473714806
N4550HD,0.8443291085505222,0.14766213142030915,0.004604131954305416,0.002117570360428107,0.00128705771443504
N4551HD,0.8163898834624813,0.17766184519288714,0.0035406061891737656,0.001532930147010974,0.000874735008446836
N4554HD,0.09240028161047042,0.43393670605753654,0.3758650026181352,0.06900232515169322,0.028795684562164706
N4555HD,0.36493838904536663,0.5898967467863069,0.031498251417190204,0.008794269102338527,0.004872343648797634
N4556HD,0.31770406066603996,0.45907058785717036,0.15855039639736163,0.05072518260848955,0.013949772470938546
N4563HD,0.35998979062902403,0.4738111705427887,0.13368792353919287,0.025029082220485773,0.007482033068508668
N4567HD,0.8560398152237595,0.12639220852385888,0.00972503119257278,0.00473538047056364,0.0031075645892454143
N4561HD,0.786307981504393,0.2073454141876718,0.0035122509681128847,0.001769243501114534,0.001065109838707873
N4571HD,0.21783232048612655,0.5145478844411365,0.19485818480916742,0.04991269651464127,0.0228489137489283
N4574HD,0.9596615974293401,0.03905991440887497,0.0007573901339603637,0.000325561144223565,0.00019553688360078115
N4575HD,0.5308220169786558,0.4152292190603483,0.038036840483345394,0.010832415128855835,0.005079508348794698
N4579HD,0.2607507111096778,0.5631004204538392,0.11483712218339147,0.03896533025347367,0.02234641599961781
N4581HD,0.09595748941162117,0.8377058106936893,0.06068374311118537,0.0039897576375239165,0.0016631991459801231
N4584HD,0.07150206304801507,0.8702137037091847,0.05215748589194033,0.004328334120752754,0.0017984132301072596
N4578HD,0.8562950521897271,0.13995883883857144,0.0023575964793502717,0.0009007847455963965,0.00048772774675486744
N4590HD,0.08684123673806086,0.8264953689519001,0.07834104466172,0.006145878501140817,0.002176471147178192
N4593HD,0.04217737103455211,0.23582236539573587,0.45126964187596463,0.23963975949759064,0.031090862196156817
N4151HD,0.13653975068869043,0.33532760820797003,0.2643429771717773,0.1845463351759139,0.07924332875564832
N4594HD,0.8530415128596232,0.14256037699384785,0.0027302661547862596,0.0010673943998668655,0.0006004495918758768
N4600HD,0.13128197452986967,0.785337775525835,0.07169665115590389,0.00803224097615964,0.0036513578122319658
N4605HD,0.06805668800166409,0.31263682273052673,0.47845952207994624,0.11277325678480675,0.028073710403056125
N4612HD,0.5289048564663761,0.4288822139381197,0.02920927362178377,0.00946889884229711,0.0035347571314232776
N1701HC,0.07151659910731364,0.12026229952622657,0.5921559006945069,0.16839540856082352,0.0476697921111294
N3705HD,0.016057599139800646,0.049551803300452314,0.22969322600062866,0.37227599113852566,0.3324213804205927
N4589HD,0.5860443953944722,0.33707128418182797,0.05377147763730574,0.01617071032915986,0.0069421324572342055
N4339HD,0.941567980774459,0.05503069788108783,0.0018879863350837614,0.0009194122058577664,0.0005939228035117314
N4615HD,0.0356057391478318,0.17682416039704188,0.34302857314609325,0.3663916043445418,0.0781499229644913
N4618HD,0.9054031546231814,0.08966178675374431,0.0026969393540678985,0.0013427886389515752,0.0008953306300547141
N4624HD,0.4366878146244849,0.5547270557750144,0.005764443351428404,0.001747890614657986,0.0010727956344142534
N4626HD,0.8628724549440434,0.1231165165222766,0.010087251081827777,0.002817603511563295,0.0011061739402887442
N4628HD,0.092485593345059,0.35048935645340407,0.4013090855757632,0.11188368125307926,0.0438322833726946
N4638HD,0.0952868836973167,0.22353810105960895,0.29137940739390306,0.28731654412437896,0.10247906372479237
N4639HD,0.8288926226618011,0.15564869811771762,0.008773774641554113,0.004154443942247887,0.0025304606366793507
N4642HD,0.9152326907380733,0.08061176532001046,0.0024600715616552543,0.0010395154744558246,0.000655956905805025
N4646HD,0.9261275620445706,0.06996390031827104,0.0022427921812273495,0.001026753586101645,0.0006389918698291436
N4631HD,0.8477684688740633,0.14249913439084516,0.006736702113487655,0.002033272785252545,0.0009624218363515042
N4656HD,0.05045394563060073,0.10119856360325581,0.29320400484573345,0.38635482538796617,0.16878866053244385
N4658HD,0.8324735059141241,0.1540029572635491,0.01030095174126346,0.002275637832314455,0.0009469472487488435
N4661HD,0.8460823183703525,0.14630727593156748,0.004597414976202521,0.0018640484921304916,0.0011489422297470439
N4665HD,0.84914642272714,0.14176957826258882,0.006934581800902923,0.0014900328713508598,0.0006593843380174546
N4667HD,0.8474093429215265,0.1477650375243319,0.0029482129245166546,0.0011449689915890462,0.0007324376380361469
N4669HD,0.7553449961832887,0.2366980082814441,0.005056687695331035,0.0018682981905263775,0.0010320096494097453
N4673HD,0.18750403192139173,0.46622562174655136,0.26211245224020496,0.05666229836882592,0.027495595723026126
N0760HD,0.09395026688427772,0.5495544024399691,0.27190261843812374,0.060956536446341414,0.023636175791288003
N4672HD,0.651974570018728,0.2854423167068873,0.0416039220010989,0.014763712670628107,0.006215478602657719
N2593HD,0.924425736941711,0.07174334617582481,0.0021369390721299665,0.0010456376552905012,0.0006483401550434335
N4677HD,0.08538750931060672,0.7230720184188374,0.17474297864640184,0.01268273367243297,0.004114759951721076
N4680HD,0.1307564633048263,0.4925491169336774,0.29003845576983883,0.062157792627184495,0.024498171364473083
N4688HD,0.030675877758153773,0.10261605233240317,0.4196955743360338,0.3902696251360734,0.056742870437335786
N4689HD,0.8583788740675709,0.13630324608941444,0.003365749294919906,0.0012141487686785184,0.0007379817794163664
N4691HD,0.20292878843982423,0.33053054739481885,0.19585430524667452,0.1676644691142426,0.10302188980443976
N4692HD,0.509448558344929,0.3510127933126648,0.07866421987389305,0.03331525581454141,0.027559172653971738
N4694HD,0.040400033735753606,0.1995557857214635,0.520136989445709,0.18117947593204084,0.058727715165033036
N4695HD,0.05321005158413554,0.6548437626855946,0.2619209955443544,0.023169192409367836,0.006855997776547593
N4699HD,0.1991024543467439,0.1363332145842798,0.5202410237753397,0.10209743714199794,0.042225870151638784
N4703HD,0.3933063437540503,0.33297687345906035,0.14010641458995118,0.0893422176059954,0.04426815059094288
N4704HD,0.01175902332161578,0.03007480424888287,0.35996384147053917,0.5727352779942767,0.02546705296468552
N4708HD,0.9331367068787108,0.06443580164572432,0.0014675255946746861,0.0006011830276383885,0.0003587828532519314
N4714HD,0.5105994755906148,0.3511315371098334,0.07873151164843295,0.03269109937146926,0.026846376279649503
N4721HD,0.16271407622595305,0.4385582989061319,0.2752821817153786,0.08360088215184816,0.039844561000688346
N4722HD,0.8334886729400086,0.1630477299964623,0.0021631867594784685,0.0008359161164802585,0.00046449418757059195
N4724HD,0.07097258031996423,0.8589548463106065,0.06240896084014866,0.005628717269969692,0.002034895259310864
N4726HD,0.04147610650458521,0.7913875549537194,0.15626881709910712,0.008117657188665556,0.002749864253922671
N4735HD,0.6929948644473004,0.2644368079541314,0.024212992238993373,0.011093453586841632,0.0072618817727332545
N4063HD,0.37363486132030016,0.4273036694925782,0.11600572936958799,0.05071591565352341,0.03233982416401028
N4712HD,0.7958196898320968,0.19653018609163303,0.004584267501620237,0.0019503499234983196,0.0011155066511518246
N4738HD,0.08902018998820602,0.20154255841741903,0.5900680151171187,0.09190411052875816,0.027465125948498183
N4740HD,0.06492302635292044,0.254575014921686,0.33470032495908747,0.2652212523069933,0.08058038145931293
N4742HD,0.03661831454220843,0.10920940802721119,0.4407568896780363,0.281082621164849,0.13233276658769502
N4745HD,0.8345855207264343,0.15425391142838288,0.008506034308268578,0.001828995473768913,0.0008255380631453903
N4747HD,0.8464150040042533,0.12423083674333685,0.014916393709657012,0.007891138350524043,0.006546627192228726
N4750HD,0.6748513172045898,0.2622501367424799,0.038202507239824476,0.017047069910429882,0.007648968902676059
N4752HD,0.01853384768338891,0.06434745400920011,0.4435838266800869,0.4328290564221569,0.04070581520516703
N4754HD,0.41524935181046596,0.5499429658015466,0.02768807163245755,0.00495175700434088,0.0021678537511890562
N4755HD,0.17561784869398167,0.4658751477238695,0.2679025290663378,0.065781712523941,0.024822761991870054
N4756HD,0.43736215167724296,0.29533876421576577,0.20340757015959807,0.045553445766142196,0.01833806818125088
N4757HD,0.8599179438639724,0.1323130454879318,0.006100821038621538,0.0011941109912675303,0.0004740786182066771
N4759HD,0.22961244107375428,0.6958546114121283,0.053494574070614115,0.013727062206803347,0.007311311236700055
N4762HD,0.31115240747608697,0.6110345214315308,0.06550737417121627,0.009230077926604711,0.0030756189945612086
N4763HD,0.4602400246315061,0.40904716076738706,0.07450124528572874,0.032301841585139636,0.02390972773023846
N4767HD,0.8556155025564679,0.1281656704949933,0.011363590336576485,0.0033877780092748037,0.001467458602687646
N4769HD,0.059790215139720965,0.3102985642193739,0.49700991663313193,0.10956916876137625,0.023332135246396813
N4770HD,0.8467376469390736,0.14346469076971607,0.007307779866463225,0.0017740932058670225,0.0007157892188801119
N4676HD,0.4052215884836982,0.4295274324463958,0.09416936238404638,0.04395743087076963,0.02712418581508998
N4614HD,0.24568553676793248,0.15198983249036258,0.47785506310381076,0.08637398152835961,0.03809558610953449
N4774HD,0.17654055433238633,0.28076266347188217,0.4464761407758677,0.07287166716374048,0.023348974256123086
N4778HD,0.04697969129352289,0.2515745170612226,0.4815146204173559,0.1820095275436867,0.03792164368421179
N4780HD,0.006926082372080024,0.022127700799500768,0.151376046468053,0.39901738686922733,0.4205527834911389
N4783HD,0.5094711277946342,0.3904033403027506,0.07243352893907644,0.018953409247378143,0.00873859371616062
N4789HD,0.8325765816020458,0.13666056379012836,0.015610339931594544,0.008277599823813648,0.00687491485241752
N4792HD,0.42045116056028037,0.5670025541487963,0.00866302595033688,0.0024683243668684597,0.001414934973717914
N4793HD,0.06912458996034898,0.23753191742342963,0.4894235848980392,0.14308412702578405,0.0608357806923982
N4794HD,0.019038546610704744,0.07492619226608925,0.5090394911749792,0.35955954015408476,0.037436229794142115
N4799HD,0.8150453184630577,0.13879576070853086,0.034787740889535554,0.007784773203132942,0.0035864067357429573
N4800HD,0.9281723322960505,0.06880810554474588,0.0017360155288796213,0.0007738649157459728,0.0005096817145781125
N4808HD,0.07869803094136596,0.8261648815043184,0.08514078593726553,0.007154530536519596,0.002841771080530346
N4809HD,0.5413315056143854,0.34362939751280563,0.06897080187839048,0.026326147295198745,0.01974214769921979
N4634HD,0.6437404780495583,0.3089422451637276,0.03256212078898191,0.010904120765067162,0.0038510352326650665
N4784HD,0.8971837262101849,0.09017052213604321,0.007567983189616038,0.003197589822640107,0.001880178641515756
N4815HD,0.8805185102090132,0.11454391985046164,0.002763500251079507,0.0012894978549376854,0.0008845718345082529
N4816HD,0.8010460249448456,0.1832614920330354,0.01076900785276706,0.003575061059093341,0.0013484141102585855
N4817HD,0.2862545185147425,0.6605908406940106,0.038066660005047076,0.009816213571376178,0.0052717672148234924
N4818HD,0.9169271299374222,0.07939065984503547,0.002128707431342309,0.0009360770620259823,0.000617425724174155
N4821HD,0.01915175599649107,0.9114600792079486,0.05992526228412738,0.007094520215809105,0.0023683822956238345
N4830HD,0.9066528844952508,0.08728440639841221,0.004067260466767135,0.0013941304328707537,0.0006013182066989426
N4748HD,0.8728813135264064,0.1233129743366631,0.002374617967467828,0.0009087083891564146,0.0005223857803064115
N4684HD,0.741701457635547,0.24410553803658852,0.0107615037102722,0.0023831138958580996,0.0010483867217342352
N0389HD,0.019182828171708393,0.8992742199179928,0.07424556805676742,0.005210174286187447,0.002087209567344107
N4796HD,0.4826047838086597,0.3991325138210626,0.07473344798622719,0.029561917748977873,0.013967336635072726
N4834HD,0.011055195014206954,0.03391650573672209,0.4054660496780812,0.5231519160884499,0.026410333482539867
N4835HD,0.07404525498752239,0.8903349078350868,0.027250196672441884,0.0057402651872658726,0.0026293753176832085
N4837HD,0.3871028382226162,0.5959315911795776,0.011357790895846334,0.003595088556178164,0.002012691145781721
N4838HD,0.056331215233304206,0.8780228416107826,0.05722298562514008,0.0059271972692950215,0.002495760261477966
N4839HD,0.05037079121575248,0.5077684837989351,0.3784338905153751,0.04808525706165097,0.015341577408286382
N4842HD,0.7057829623211664,0.1866237294212924,0.08019146306829797,0.018814641368943136,0.008587203820299875
N4844HD,0.9281207593516163,0.06957011723125012,0.0014616081915450434,0.0005473074261654321,0.0003002077994231453
N4846HD,0.06531677626066573,0.2271918611667657,0.3796188666966972,0.2114135429825215,0.11645895289335001
N4847HD,0.8216949206200431,0.17325549733173165,0.003204346964351506,0.0012366972661583809,0.0006085378177153022
N4849HD,0.3190848799689568,0.5216889414440304,0.09772943120391078,0.03765091743894235,0.023845829944159704
N4852HD,0.04294367581135366,0.7689215908877166,0.16762885711495995,0.014212583757816663,0.006293292428153193
N4853HD,0.6866352055149005,0.28972945567138575,0.013641947068502348,0.0059799730641275405,0.00401341868108381
N4856HD,0.8925565342480763,0.10469190381489536,0.001727706600671798,0.0006470671612270984,0.0003767881751293486
N4858HD,0.8919231942128393,0.0994451425159524,0.0046176894336651545,0.0023874046547286676,0.0016265691828144992
N4860HD,0.13027447615074034,0.242608934753296,0.44668084245111755,0.13700141137645105,0.04343433526839499
N4861HD,0.9121542010899808,0.08519296976502566,0.0016068414448315146,0.0006390142863494844,0.00040697341381256904
N4863HD,0.44824160196537816,0.5356714891741065,0.010610033265453941,0.0035047802682467103,0.001972095326814698
N4864HD,0.7688407266312397,0.2229230494356909,0.004709596474246122,0.0022062270098085614,0.001320400449014718
N4866HD,0.8159377293543371,0.17448877300727328,0.00613648695481716,0.0022320572659930297,0.0012049534175794289
N4012HD,0.6687382073070993,0.30340048551282695,0.02011180997886338,0.005440786460976343,0.0023087107402340115
N4825HD,0.15583682053322676,0.4938937698924613,0.2619311709762991,0.06215675713769341,0.026181481460319626
N4875HD,0.04568169383815371,0.21491106956777642,0.5077457995571881,0.18023638486268093,0.05142505217420098
N4878HD,0.03144453684463155,0.12557585545034194,0.33027963566963364,0.34623168984424646,0.16646828219114634
N4883HD,0.03431937666722171,0.5927528059694723,0.3368543077315495,0.02829359622126239,0.007779913410494062
N4884HD,0.556011341474053,0.38767261673842446,0.044156074587909426,0.009202259415616627,0.0029577077839963934
N4887HD,0.2993609891176644,0.5049250771015144,0.16074231117672286,0.02304756761114755,0.011924054992950905
N4891HD,0.6646690517497204,0.29884597760678816,0.02717821612465905,0.0068208187888160405,0.002485935730016359
N4892HD,0.07046714278912466,0.8223308743739532,0.09354008908275692,0.010005439248689166,0.0036564545054759644
N4895HD,0.8238460099712541,0.07913373447466966,0.07639308173372744,0.014114851663958478,0.006512322156390152
N4899HD,0.7020730853956167,0.2880341462216653,0.005701183297239036,0.002594163828345111,0.0015974212571339852
N4898HD,0.6241487689983641,0.24997725079914812,0.10678157929729518,0.01372292349369945,0.005369477411493103
N4902HD,0.5771419749293895,0.32557007244614095,0.0671761264401434,0.02142040392482329,0.008691422259502903
N4904HD,0.09290329642059533,0.3911161484841307,0.39924630014610657,0.08424071775728213,0.032493537191885205
N4906HD,0.79559073936289,0.19699858119974312,0.004541770974074976,0.0018876251937415991,0.0009812832695503414
N4909HD,0.8400015071056569,0.07995119154282049,0.05075971472943097,0.018555190381952403,0.010732396240139202
N4912HD,0.6544338911177952,0.3243908546694047,0.016183888558185366,0.003709917182699555,0.0012814484719152462
N4913HD,0.6420534991884573,0.3383709065621101,0.014510912643011386,0.0034994671087147703,0.0015652144977065876
N4914HD,0.07544261921393461,0.764942380344846,0.14088959087333583,0.01426588830456039,0.004459521263323229
N4908HD,0.8911207352151259,0.10630895424981304,0.0016136699765815434,0.0006024767089962431,0.0003541638494832811
N4937HD,0.8934369371590372,0.10394485433792892,0.0016060512878964986,0.000641212125603387,0.0003709450895340545
N4938HD,0.9065265069798168,0.0904312576402889,0.0018915397582511917,0.0007428091015529005,0.00040788652009032036
N4949HD,0.9125537849248865,0.08437136799883964,0.002028959820631091,0.0006439783226858545,0.0004019089329569699
N4952HD,0.7917008594141948,0.1925913103007695,0.012683499587032727,0.00230440868052428,0.0007199220174788384
N4954HD,0.42997251456215724,0.5199337128418073,0.038780166884994416,0.007731532240899989,0.003582073470141067
N7917HB,0.9208133645901598,0.07671870885898108,0.0015628227482579983,0.0005578591726645183,0.0003472446299363257
N4951HD,0.81004810427468,0.18082569963420134,0.005249715252286816,0.0023720990667320625,0.0015043817720995518
N0385HC,0.11982822758324198,0.41826818347200967,0.33392979656463845,0.0910762783945937,0.036897513985516175
N3920HD,0.33515041931391504,0.5630122578259804,0.07338144101170209,0.01883181207186841,0.009624069776534103
N9498GW,0.821847692930697,0.16138382707676893,0.012563591840694327,0.0029554587366379596,0.0012494294152017788
N4961HD,0.9522363823871899,0.04626499319974975,0.0009050877796770911,0.00037191174977078674,0.00022162488361222613
N4965HD,0.35916757843030456,0.5222409932524739,0.0930968173134559,0.018668807426494138,0.006825803577271439
N4967HD,0.6197226580572218,0.32296062747271537,0.03857819501710419,0.013947810029465914,0.0047907094234927675
N4968HD,0.38203877009595777,0.43997785570418757,0.09770206249924604,0.05478147742770665,0.02549983427290211
N4973HD,0.8510156901064595,0.1363222157768292,0.009163202236480816,0.0025382145562078857,0.0009606773240225928
N4976HD,0.03299946075397067,0.27276947480949676,0.5631367419900929,0.09958427595516957,0.03151004649127011
N4977HD,0.1780110129083819,0.7277767109927762,0.0795694351760125,0.010277485170571338,0.004365355752258253
N4978HD,0.6640343120857579,0.29221415629088077,0.02917133590087585,0.010342510850928691,0.004237684871556853
N4982HD,0.27359185839449074,0.47784646784875817,0.17815454410148804,0.05055421888367676,0.019852910771586317
N4983HD,0.1475878731253382,0.5203267057643767,0.23576236017212523,0.0809416447539082,0.01538141618425167
N4984HD,0.8656456033414767,0.1319867118211711,0.001499701867330179,0.0005634502584670301,0.0003045327115551524
N4992HD,0.022655253794679718,0.10336203360996507,0.27814253560726915,0.4292089440256804,0.1666312329624057
N5000HD,0.6743071334452979,0.25861549993795985,0.04277040696042072,0.015736912111325975,0.008570047544995596
N5006HD,0.5378563143329711,0.33303830791347677,0.07797313082815566,0.03204713614675782,0.01908511077863864
N5007HD,0.7472020905634071,0.21841838006557585,0.02244534733964015,0.008892891537633178,0.0030412904937437294
N5008HD,0.13388742786893584,0.6440440006367695,0.1976183342190556,0.018140268621211184,0.006309968654027999
N5011HD,0.19505693039893007,0.6054316599555889,0.1545476263558522,0.029767012961706578,0.015196770327922134
N5020HD,0.5021351398234154,0.3996691066708914,0.07056809298829522,0.019654801531211463,0.00797285898618662
N5024HD,0.8187255754144735,0.16559270866013562,0.011812126642747237,0.0026172384844799124,0.0012523507981634558
N4826HD,0.9240860942382132,0.06574177095131666,0.006304994525694673,0.0025164175627205394,0.0013507227220550023
N5032HD,0.8803841493812845,0.11039130135535619,0.006872308476805641,0.0016791619266042154,0.0006730788599494765
N5041HD,0.892031394873368,0.10283845268686984,0.002851059172992233,0.0014131814320685406,0.0008659118347013308
N5043HD,0.9410757722281105,0.05397567248270424,0.002806864736046989,0.0012890965407076026,0.0008525940124307022
N5044HD,0.0923766079524889,0.09927940108659326,0.46928549734271807,0.2251110085389697,0.11394748507923008
N5045HD,0.8285597902868234,0.15823700471291852,0.009396558383510419,0.0025423984111341107,0.0012642482056135092
N5004HD,0.8982591887041238,0.09295167889694224,0.005096154732672007,0.0022571015290213784,0.0014358761372405414
N5055HD,0.40988801417106097,0.47357947032251163,0.08127170677936126,0.02783304912941805,0.007427759597648062
N5056HD,0.09561597659109261,0.23579533688620832,0.3755643669438589,0.20073858227469868,0.09228573730414151
N5057HD,0.7371159311540593,0.2526700314393767,0.005879588637763569,0.0026789753094141502,0.0016554734593861985
N5059HD,0.5539686032426774,0.1634587688780692,0.2145539820027978,0.045053117351636356,0.022965528524819288
N5061HD,0.5596130059028482,0.40310092871662206,0.02303208780646099,0.009201597943325672,0.005052379630743158
N5018HD,0.9050321097543549,0.09074610199306404,0.0024508716641025666,0.0010995935812697607,0.000671323007208747
N4896HD,0.6884258044407034,0.29019480670266895,0.014053534988481161,0.00484664971674874,0.0024792041513975235
N5064HD,0.7780170669916933,0.19829595337372496,0.016086957763252134,0.00537840779947629,0.0022216140718533716
N5065HD,0.37003978696734935,0.6132313287814638,0.01250520326780905,0.0029240833490538094,0.0012995976343239371
N5067HD,0.22152110708061448,0.5471190566063913,0.18169428683783231,0.037485029705456537,0.012180519769705541
N5070HD,0.037764359839308106,0.5421415437377195,0.35322641531020604,0.050182913484870424,0.016684767627895968
N5071HD,0.1019112401829935,0.777854486955445,0.10466547096389771,0.010978619857547181,0.004590182040116745
N5072HD,0.08446944260725506,0.7986411917930075,0.10197273374725144,0.010788258524824393,0.004128373327661565
N5074HD,0.7963521007790562,0.18857504125361385,0.00988074956931665,0.0032811393467403437,0.001910969051273068
N5075HD,0.939741794503552,0.05725307972564279,0.0017145714912788147,0.0007895159783669912,0.0005010383011593242
N4923HD,0.8092238907883857,0.1737249415848437,0.010808112331444802,0.003940070468215482,0.002302984827110345
N5076HD,0.803494376197257,0.18809363629352355,0.006073959051459738,0.001615754621260759,0.0007222738364989039
N5079HD,0.05233619859344425,0.22706716763132,0.4992647996889402,0.18389195166105904,0.03743988242523661
N5080HD,0.5140885578639365,0.2905261840347709,0.1272352118518467,0.044414368960802024,0.02373567728864387
N5082HD,0.8018468913318877,0.17490393981390864,0.0129726762729923,0.0065541209144454335,0.0037223716667658187
N5083HD,0.7231339281466262,0.2434936490233306,0.025144646087346005,0.006082238231638581,0.0021455385110585694
N5085HD,0.11452204560915925,0.5936384431450648,0.24327986914818595,0.0334764202417564,0.015083221855833643
N5051HD,0.19067752315587636,0.7893655789009973,0.01579143543030907,0.0028372126418419125,0.0013282498709753499
N5039HD,0.053221798326317196,0.20655415298469726,0.4370158188165089,0.22449240085689592,0.07871582901558066
N5088HD,0.8775070521007746,0.11724955189585931,0.0030792819879940352,0.001301399541687356,0.000862714473684626
N5091HD,0.06248389397865839,0.9232253760550083,0.010839499614128107,0.002353128417090639,0.0010981019351146513
N5093HD,0.06111301810244529,0.14126465608728633,0.3203925535206474,0.37905028080198966,0.0981794914876314
N5100HD,0.01772246450799592,0.07146038351538687,0.41779469477685466,0.454356304150651,0.03866615304911151
N5103HD,0.050897214285523754,0.2386618205828333,0.45157683717521174,0.18416577591650782,0.07469835203992324
N5104HD,0.9590144091986866,0.039807820652993584,0.0007251385741962072,0.00027514165142209895,0.0001774899227012492
N5105HD,0.7610623781983329,0.20158866370558265,0.020347827549018576,0.010637227062837293,0.0063639034842286465
N5106HD,0.8156621464662585,0.16857792617123218,0.011396380139099136,0.003050928336309665,0.0013126188871006533
N5109HD,0.2985499554769409,0.6723113436218116,0.02165305936961195,0.005063855708847011,0.0024217858227885405
N5112HD,0.45218512706234276,0.39832590321389955,0.11283666764626706,0.024916650844767293,0.011735651232723342
N5115HD,0.841623342474828,0.15098164375064377,0.005650557459653182,0.001247933499642045,0.0004965228152331514
N5120HD,0.022695944985018802,0.10584735468608028,0.37654766755907876,0.42049145634217594,0.07441757642764613
N5121HD,0.5878963814751872,0.3741184583213731,0.02451551381557103,0.00875114132158189,0.004718505066286833
N5122HD,0.5552424609454097,0.3809141595202989,0.048932192242802854,0.011493619102614297,0.003417568188874307
N8305HB,0.8662332835990564,0.12860732132260994,0.0028150458553224786,0.001467959466158503,0.0008763897568528293
N5126HD,0.048223721302179376,0.2560459613048098,0.39818501159587383,0.23414825072600282,0.06339705507113437
N5128HD,0.9031984252720712,0.092405767421446,0.002506360085985299,0.0011736328587827669,0.0007158143617147207
N5133HD,0.020979868088876696,0.0795210985211141,0.4224278595902965,0.43416270974179894,0.042908464057913896
N5135HD,0.8138441764270641,0.16961489260925897,0.01167473926133056,0.003352842339585483,0.0015133493627608196
N5143HD,0.8154055602541398,0.17709607119723664,0.005992261826021805,0.0010661463736708723,0.0004399603489308616
N5144HD,0.35521809734223964,0.5364990443171097,0.07600691312857126,0.020950609552477253,0.011325335659602115
N5149HD,0.1637747035297376,0.4366269379082732,0.2841165970225994,0.08697960531319178,0.028502156226198012
N5152HD,0.3928650573737641,0.5641257735943888,0.031905774313369724,0.007400067776118392,0.0037033269423589854
N4394HD,0.17485197540445735,0.37699004017333043,0.3288707246953232,0.0871094917038926,0.03217776802299641
N5029HD,0.16975313929723798,0.44090886296397414,0.2869610131207838,0.07037071498708351,0.032006269630920556
N4368HD,0.9429622441614471,0.054706432833915596,0.0013813806169359327,0.0005715078509784677,0.00037843453672257006
N5013HD,0.2696044733539755,0.3973082054457884,0.24172204295596225,0.06038815857812008,0.03097711966615392
N5153HD,0.2831078807271012,0.5667910917866029,0.12356684203307088,0.018779701432318968,0.007754484020906061
N5157HD,0.8596218129481441,0.13563511157059732,0.0028697569563280365,0.0011644299329006582,0.0007088885920297047
N5170HD,0.6571735842468653,0.31930384270071666,0.016793796898552933,0.004573201572296062,0.002155574581569065
N5172HD,0.8905523135098216,0.09905070050343821,0.006080222943517284,0.00269781235701286,0.0016189506862100916
N5173HD,0.6225730775192587,0.27219402325336095,0.06970311646415846,0.023392398574495644,0.012137384188726289
N5147HD,0.5993173521810482,0.34274939645464764,0.03693889225108211,0.013401730385021975,0.0075926287282000885
N5178HD,0.6712995680900952,0.2601505221359304,0.04415416674345733,0.017489947947910898,0.00690579508260619
N5180HD,0.33178938525679963,0.3434594044486342,0.20868575284401983,0.08087866297266605,0.0351867944778804
N5181HD,0.47441935572880284,0.43631088891060893,0.05666753606661586,0.019991384403682158,0.012610834890290218
N5182HD,0.8888157252700617,0.10774074285023374,0.0020985743323659904,0.0008537195338360698,0.0004912380135026287
N5183HD,0.046014560039707955,0.9230320027181607,0.02709144274030013,0.0027887341630229035,0.0010732603388082793
N5185HD,0.2525183309270057,0.44327965982421,0.2051129702523869,0.07813724712701978,0.020951791869377588
N5187HD,0.14476882668060692,0.31812358779960914,0.347947480938638,0.1240171216370094,0.06514298294413655
N5188HD,0.20759703851836964,0.4566097399076338,0.19946308933031184,0.11461469639900695,0.021715435844677698
N5190HD,0.017214622053103902,0.07323395094729761,0.3860748302871242,0.4871930100078685,0.036283586704605804
N5192HD,0.43952413696817866,0.5516783814642833,0.0062102218035121216,0.0016601787021277659,0.000927081061898229
N5193HD,0.7408911544734221,0.23125774229094984,0.020460985903968103,0.005027789546552751,0.0023623277851072323
N5197HD,0.8845364707741947,0.10819468782169926,0.005529791396758091,0.0011861377405960958,0.0005529122667519757
N5198HD,0.2102991542941056,0.4083184680107017,0.21803639410071804,0.11578387321948479,0.04756211037498995
N5199HD,0.6716418751866684,0.26265940140966365,0.04380007435259554,0.015481721993475061,0.006416927057597234
N5200HD,0.7214213740761061,0.2546351065621012,0.014887702443228835,0.005706480342290581,0.0033493365762733685
N5203HD,0.07991419828231128,0.23304304711484347,0.33765738488891034,0.2704713222442325,0.07891404746970242
N5209HD,0.05854373287079929,0.2443789592767513,0.4842794228702151,0.17987123279036005,0.03292665219187424
N5212HD,0.8557516264176251,0.13791369101640502,0.0046198993465253555,0.001143405669904725,0.0005713775495396749
N5215HD,0.4722712677840238,0.42197146549738923,0.08372341118044647,0.0154464347784974,0.006587420759642999
N3574HD,0.7965511578051965,0.1812002607452856,0.012152824063342841,0.006366008648169847,0.0037297487380052456
N4760HD,0.043086846687978145,0.21079160741640177,0.4402847612947281,0.21586167636139844,0.0899751082394934
N5225HD,0.888032536490349,0.10693285218079107,0.0032662986540562236,0.00115169124180464,0.0006166214329990759
N5226HD,0.6015006590280481,0.31635911336867983,0.057888690442186704,0.01745536073629733,0.006796176424788199
N5227HD,0.7825948049939014,0.181831321829721,0.02324397509852054,0.008053331130194635,0.004276566947662483
N5233HD,0.011330253520655304,0.04078613403178757,0.23657502507213904,0.38926183843818096,0.3220467489372371
N5238HD,0.859427702296704,0.11670478454875437,0.012369437539813026,0.006512663985311567,0.004985411629417073
N5241HD,0.7803047279335031,0.18913029953813382,0.021767135872135912,0.005760276110700829,0.003037560545526339
N5243HD,0.013346160220258124,0.04874580635214982,0.39242262907033204,0.5153396444031504,0.030145759954109695
N5246HD,0.7626865524431597,0.21071286928937108,0.01686637422332115,0.006221518521596601,0.0035126855225513965
N5247HD,0.012639784768268787,0.030677881869825667,0.37434528966735,0.555806938134511,0.026530105560044568
N5248HD,0.4463931212040736,0.2314969661263627,0.23207566062752985,0.060764170622819726,0.02927008141921406
N5253HD,0.5149699282274599,0.35788231793697406,0.07433630311432986,0.029149642726896765,0.023661807994339458
N5257HD,0.07011679714545371,0.20807052773685894,0.3337499523478879,0.2982096315584601,0.08985309121133944
N5259HD,0.03179303995848342,0.09013860193921017,0.32885987943678635,0.3574685005173029,0.1917399781482172
N5262HD,0.06157867623035179,0.28452812244702963,0.6138484916329562,0.028157346402178044,0.011887363287484342
N5266HD,0.07677070130488155,0.8214518068405039,0.08993444869443648,0.008875486907328796,0.002967556252849362
N5270HD,0.662802727584564,0.3216335577645636,0.011799187089486367,0.002516595903790713,0.0012479316575952795
N5271HD,0.7028566789480538,0.21277941055511349,0.05084869653826538,0.022329190871903153,0.011186023086664098
N5273HD,0.8393008420045118,0.11164724975056954,0.029460110789285104,0.011944600384537426,0.007647197071096071
N5274HD,0.8871149824881123,0.1049781824690747,0.005682189241834078,0.0014789393632406386,0.0007457064377385335
N5211HD,0.192979404788543,0.5378211244910455,0.18413553202926244,0.06987311878240504,0.015190819908744083
N4843HD,0.4120776216762365,0.45225650510420023,0.0813454580234345,0.03493482808371985,0.01938558711240888
N5287HD,0.5529995132645685,0.40143133444310847,0.03274230919735039,0.009130496482773266,0.0036963466121993378
N5286HD,0.10236560923851747,0.18708164165781369,0.38073737447488015,0.20742874915077353,0.12238662547801506
N5292HD,0.06928533132211104,0.21904128844026158,0.33540174542930634,0.2883919578393555,0.08787967696896555
N5294HD,0.8029155561161186,0.18937571335281775,0.004624367000244953,0.001965133161753703,0.0011192303690647908
N5296HD,0.270735647167844,0.4815536626276512,0.15895576456609,0.07160312192111415,0.017151803717300504
N5298HD,0.7507646013994634,0.21110266584716067,0.026132867128106693,0.008462009005652459,0.003537856619616684
N5303HD,0.819955742824788,0.1312569441813151,0.032608712546855226,0.01032123380355392,0.005857366643487609
N5305HD,0.1208002590716013,0.32940550381940487,0.4105800752804472,0.10395458783721043,0.03525957399133619
N5306HD,0.8726553538442691,0.11901297337179066,0.005839614919350752,0.0016958218595003176,0.0007962360050894679
N5307HD,0.05972761366626986,0.24932217653261296,0.39697420550546925,0.2148116611625216,0.07916434313312641
N5311HD,0.1470013542764296,0.5274224479993838,0.28443894084659693,0.029716459278671933,0.011420797598917782
N5314HD,0.7435774271181097,0.2342205636054375,0.013471348398129667,0.0055889446485464095,0.003141716229776715
N5073HD,0.07808667047583341,0.2556138902957982,0.4541707915807198,0.1581743133596415,0.0539543342880069
N5277HD,0.047997042543301525,0.13307905133850292,0.355811356084984,0.28452066981131,0.1785918802219014
N4885HD,0.9255284581452461,0.07015613157276589,0.0026229918933482004,0.001037621529870819,0.0006547968587692345
N5318HD,0.03872331667782172,0.23064444691647884,0.5533048667312429,0.13263703262351575,0.044690337050940776
N5321HD,0.8308084228628692,0.12356928289726865,0.03471358877545419,0.007747831570411528,0.003160873893996591
N5323HD,0.9434966205117261,0.05521306887780717,0.0007834486487575943,0.000322553704714645,0.00018430825699464383
N5324HD,0.7082894941608194,0.2512856530397677,0.028566191926306512,0.008480875068692065,0.0033777858044144043
N5326HD,0.8393101525098009,0.14403514874586307,0.008696209521159914,0.004863644046923634,0.003094845176252538
N5327HD,0.7206891001969732,0.24718221704655347,0.018485186530948567,0.008037458306400453,0.005606037919124436
N5329HD,0.03873724913509022,0.1185444223084248,0.680079308914047,0.13012755976125057,0.032511459881187414
N5331HD,0.7332467712265612,0.2378650183080435,0.02134623411218971,0.0052083976710182315,0.002333578682187419
N5332HD,0.7985206448920121,0.16920763777014988,0.020702024764850946,0.008267416896886776,0.00330227567610005
N5333HD,0.8572183931696075,0.13874160058089363,0.0024004967706719818,0.0010445204475247776,0.0005949890313020458
N5334HD,0.01356803911864535,0.9442312570051651,0.03656813838784572,0.004137023752293498,0.001495541736050421
N5338HD,0.02255127161846184,0.10316456272852503,0.32776220502898,0.31681362017038617,0.229708340453647
N5339HD,0.030740490478323227,0.058370195973717474,0.6384846654958843,0.20111888448312373,0.07128576356895125
N3820HD,0.020435508492225644,0.06732403889400784,0.30012275791574167,0.3285981654719928,0.2835195292260321
N5342HD,0.8332670447193492,0.15888179720754403,0.00505302599686298,0.001778937030649782,0.0010191950455939664
N5345HD,0.70897308400413,0.2630958637371051,0.022290568853248274,0.004281040667078861,0.0013594427384378464
N5346HD,0.7387896547279628,0.24735671344826685,0.00767114604197834,0.003802683695162761,0.002379802086629177
N5348HD,0.0290167442599695,0.17151644983119693,0.30864233919412637,0.4043530818540021,0.08647138486070512
N5351HD,0.6336214229931307,0.32337470157734893,0.030382264168664744,0.009218312756938334,0.0034032985039173396
N5354HD,0.01748485572162684,0.049265759979370605,0.3791655260789943,0.5254298926669531,0.028653965553055164
N5355HD,0.5559661574543465,0.3486605001056791,0.05850457668340047,0.02268431304120676,0.01418445271536713
N5362HD,0.8814332773558254,0.11554355093200443,0.0017979377938894638,0.0007782271581701587,0.0004470067601103679
N5364HD,0.8262934942614519,0.1600694685323182,0.00922296616750743,0.003067877284195538,0.001346193754526846
N1264HD,0.021757173455277043,0.8551329514461221,0.11417057497919977,0.00670728457331245,0.0022320155460884205
N4985HD,0.30234112711494765,0.5031209811887591,0.14521125113021147,0.03404427299944429,0.015282367566637377
N5368HD,0.017911881016843555,0.07637961577204841,0.4418249874515716,0.41628701636460214,0.0475964993949343
N5371HD,0.8886442573300902,0.10358356860430366,0.00445483416439077,0.002065617849054124,0.0012517220521610743
N5372HD,0.7741127683404978,0.216533387317583,0.007161498048180108,0.001523427177746109,0.0006689191159929426
N5373HD,0.4038474776666389,0.5840006325105831,0.008110155614738782,0.0025995149681333016,0.0014422192399058194
N5374HD,0.5550713462552693,0.4323404764853417,0.008705600981231174,0.0024532133562048105,0.001429362921952874
N5377HD,0.6654721384349925,0.3221010091388184,0.008225324037717066,0.0027025752549968145,0.0014989531334752846
N5379HD,0.8053574739408704,0.17671102125754928,0.013370097346801278,0.0033086288277108743,0.001252778627067972
N5381HD,0.07371542318201542,0.3039682055935343,0.32093689567619604,0.22975128881147372,0.07162818673678055
N5383HD,0.177181957662852,0.4127042126854113,0.27669954243651296,0.10482490171365667,0.028589385501567158
N5385HD,0.894073820359709,0.10423873839703258,0.001067623922065568,0.00039563772807989206,0.000224179593113034
N5387HD,0.020854416384954617,0.10803898910094147,0.3525892732141201,0.3374796386833481,0.18103768261663575
N5388HD,0.09877172173174506,0.279877889877762,0.32708202033978173,0.24798186173383296,0.04628650631687818
N5389HD,0.04463115896519355,0.34178812770672035,0.551293792254101,0.045003060342846395,0.01728386073113861
N5391HD,0.5704563742826876,0.37134423363112234,0.04648536835660164,0.008122982071407608,0.003591041658180664
N5393HD,0.40897012998925586,0.5511153125893916,0.033808679624989166,0.004419865416013545,0.001686012380349769
N5395HD,0.6989003844149215,0.24450325852752425,0.03993845704912852,0.0117015485521981,0.004956351456227573
N5397HD,0.7457731403519534,0.22230928328710522,0.022127432481341826,0.006927356841372377,0.0028627870382272654
N5398HD,0.7450642269464098,0.22363602001454022,0.022110221632422808,0.006324177713350515,0.00286535369327667
N5386HD,0.10619043190039981,0.7088919591205644,0.16319505556644617,0.015539247959530178,0.006183305453059444
N2483HD,0.8389942825905162,0.14058727446027483,0.010814680966434266,0.005819281840345287,0.0037844801424292813
N5402HD,0.8411408486195051,0.150887136815631,0.004920473279280612,0.0019390333875820764,0.0011125078980012168
N5404HD,0.6855491791652677,0.26433855018343116,0.036265100678017706,0.009980543163523932,0.0038666268097595287
N5405HD,0.9316211493754596,0.06593739882611366,0.001509491291221943,0.0005759807719967255,0.0003559797352083408
N5407HD,0.17943131170552667,0.543690963126915,0.20453882157311715,0.059120373599863246,0.013218529994577921
N5414HD,0.45495877355373093,0.5293246146932249,0.010744348620717511,0.0030593028985164304,0.0019129602338101123
N5415HD,0.7831207757591603,0.21074773706320488,0.00335339445117313,0.0017603174599868225,0.0010177752664750136
N5416HD,0.05966607680388954,0.818728493532902,0.10781825796699923,0.009746909338732014,0.004040262357477305
N5421HD,0.7405371027672114,0.2264044474490192,0.02251725826303491,0.007323202907864899,0.003217988612869505
N5430HD,0.8745120859831802,0.11644256377973351,0.006260567888359724,0.001873205609862899,0.000911576738863565
N5431HD,0.04178700514360731,0.7948359873509351,0.14738854719305167,0.011909902983661427,0.004078557328744365
N5432HD,0.7775548276207009,0.20933684718401968,0.009635380453651723,0.002460044022708086,0.0010129007189194808
N5437HD,0.8595724355236789,0.13155967506543267,0.006062445755410239,0.0019011942836756367,0.0009042493718025618
N4225HD,0.3019868288858694,0.5586117944022225,0.09338907957503725,0.029992713415158054,0.016019583721712794
N5123HD,0.40726047738517396,0.4948813455285231,0.058768927770948554,0.026389814992082806,0.012699434323271619
N9187HC,0.02997518696383655,0.15174299521923462,0.3888921455889917,0.3496274556969719,0.07976221653096534
N5439HD,0.1978022108200592,0.4386034340362597,0.2112424199622405,0.10339433189201791,0.04895760328942276
N5440HD,0.06271927950193916,0.807195281861079,0.11652152317498486,0.009935443690426394,0.00362847177157062
N5443HD,0.0741451283506291,0.3533334789671965,0.42075614508909226,0.1192646852467983,0.032500562346284005
