ncode,proba_0,proba_1,proba_2,proba_3,proba_4
N4541HD,0.7626740219462881,0.21744127946718975,0.01680324501158898,0.0022515757299425895,0.0008298778449905175
N4397HD,0.004504953761773546,0.04051749408235847,0.3742300339604278,0.5483279174460873,0.032419600749352843
N4544HD,0.8852561715592677,0.11170846698950804,0.0023911984006739456,0.0004895698101193743,0.00015459324043082904
N4545HD,0.05275903871574675,0.26642981645210606,0.3743000059645045,0.24015488866353382,0.06635625020410885
N4546HD,0.1483615627032882,0.8144116246173592,0.03502379561231639,0.0017099047983408315,0.0004931122686955507
N4550HD,0.7825997761596152,0.2115492602881992,0.004081985548887219,0.001236868499417545,0.0005321095038809393
N4551HD,0.8189192124311131,0.17583807626228415,0.004404519893587795,0.0006667354429088847,0.0001714559701060193
N4554HD,0.07669113369492316,0.6739748013133245,0.23411679220031037,0.012228918641963885,0.002988354149478155
N4555HD,0.3308251438099995,0.5711963617772245,0.08550602214750197,0.01015175643423003,0.0023207158310438194
N4556HD,0.28675171186007864,0.5174808605846773,0.1284579559471853,0.06148654183584217,0.0058229297722165565
N4563HD,0.35407430856743494,0.5010546789735678,0.12713989291791947,0.015291385335951972,0.0024397342051259764
N4567HD,0.9305605866837241,0.06507127496582232,0.002803429580871879,0.0011013481802252835,0.0004633605893563871
N4561HD,0.7962445112181945,0.1988118243624169,0.0035939669070877587,0.0010519875166546274,0.00029770999564615353
N4571HD,0.3309268487097242,0.5922680730925755,0.06582306440619325,0.008660686896046956,0.0023213268954603203
N4574HD,0.9565391900948288,0.041976580797968524,0.001122416529382645,0.00028139802277962013,8.041455504043723e-05
N4575HD,0.48379399827010844,0.4806781354439096,0.029110784899624133,0.005220706379482014,0.001196375006875797
N4579HD,0.25258039550516925,0.6451804405758934,0.07821233393203318,0.020319369464020378,0.0037074605228837963
N4581HD,0.22919885432900738,0.6924108674147393,0.07462480309400708,0.0032373369762610862,0.0005281381859850882
N4584HD,0.128962532335113,0.8333314181708865,0.035217136812799414,0.0020328685571629635,0.0004560441240379542
N4578HD,0.8278899698776819,0.16639469171874047,0.004480107938166618,0.0009487925966014068,0.0002864378688097486
N4590HD,0.25218188555879356,0.679884373604641,0.0627068200194729,0.004766636400890807,0.00046028441620150245
N4593HD,0.03078277248360319,0.29136667314748343,0.401194693290495,0.25946215206480133,0.01719370901361697
N4151HD,0.14075648885114686,0.447885716263856,0.25393716387114823,0.13672929185341118,0.020691339160437628
N4594HD,0.8558408876575359,0.1399285079078156,0.003338889751273034,0.00069303998353786,0.00019867469983774462
N4600HD,0.3890637828108623,0.5733590633840115,0.03218807832580634,0.004702380994428016,0.0006866944848916606
N4605HD,0.06269576921814314,0.3833528490878852,0.42121418517279086,0.12288331936336676,0.009853877157814125
N4612HD,0.2563592816231386,0.6794663012679445,0.04895744054702871,0.013385130505524865,0.0018318460563633097
N1701HC,0.21740976352654034,0.6735625363425936,0.08605796965491314,0.01815906553350431,0.004810664942448624
N3705HD,0.01039098996227875,0.052790121616918075,0.2829079818572963,0.39481702412078284,0.2590938824427239
N4589HD,0.5174711963185512,0.43903948099710816,0.02965186701922292,0.011275031952845651,0.0025624237122720468
N4339HD,0.9184651622361466,0.07806214167315069,0.0023040942508149313,0.0008517193607586203,0.0003168824791291301
N4615HD,0.015013465976048123,0.1219694547037621,0.4048906814607966,0.35458989396282936,0.10353650389656384
N4618HD,0.8938429219019844,0.10025646430796065,0.003628584337065105,0.0017723273588731866,0.0004997020941165788
N4624HD,0.6785168018409999,0.314356374926311,0.006206199051088742,0.0007755733323565288,0.0001450508492437768
N4626HD,0.8291614657253024,0.16107741919252783,0.0077372145765969725,0.0017192295257009184,0.0003046709798720251
N4628HD,0.06647775245268735,0.6513458097609395,0.24366570054620804,0.0331846459097046,0.005326091330460666
N4638HD,0.03339929023624449,0.17248371945876556,0.3023091173778328,0.38771790343676765,0.10408996949038939
N4639HD,0.8148906435139474,0.1629025409648943,0.01587627154301727,0.004845580320044677,0.0014849636580963974
N4642HD,0.8910698177962549,0.10535014115673129,0.0026678126612376405,0.0006071455508721426,0.00030508283490400995
N4646HD,0.93839051762804,0.058670376493126675,0.0021169450670425515,0.0006111242920144594,0.00021103651977618802
N4631HD,0.8598591808485057,0.1325858110348627,0.005683645150653685,0.001586818363405939,0.00028454460257214514
N4656HD,0.024402159258651804,0.11233214771239193,0.4467019010195143,0.3661474612649825,0.05041633074445946
N4658HD,0.7537015435913573,0.23364504505475656,0.010116862447691957,0.001903674480127601,0.0006328744260663625
N4661HD,0.8600175265276767,0.13315392225429767,0.004853040816872679,0.0015576362694582646,0.0004178741316948374
N4665HD,0.8229669932060942,0.16643557084729008,0.009068619448907437,0.0012868649311259172,0.00024195156658234188
N4667HD,0.8814296146119803,0.11400453791900617,0.0033685221097537513,0.0009324490590548968,0.0002648763002048586
N4669HD,0.759442016121645,0.2338687997753597,0.005154835733815418,0.0012153821764635871,0.0003189661927164018
N4673HD,0.31658262449226976,0.5620247772104427,0.10787371581290027,0.010364056773576252,0.003154825710810982
N0760HD,0.10466447882653761,0.6720610109697401,0.19386218981216033,0.02607815731139601,0.003334163080165878
N4672HD,0.5259009433516548,0.37599678700522915,0.07785039845245713,0.01718050577629847,0.0030713654143604257
N2593HD,0.9096944480519372,0.0861227845269131,0.002843369032133007,0.0010431757529818465,0.0002962226360345738
N4677HD,0.14289485769396,0.6274246584919206,0.2106902600771862,0.01698120554278913,0.0020090181941440693
N4680HD,0.15249438869150936,0.7183407172381746,0.1011381419787306,0.02284573756975506,0.005181014521830331
N4688HD,0.015630009239629847,0.0737867434907551,0.34545535620394896,0.5164010743429446,0.048726816722721514
N4689HD,0.8528947393496071,0.14112367200249631,0.004318365375641478,0.0012070854730297164,0.00045613779922537855
N4691HD,0.16460237797517396,0.39097342352722053,0.27349250454846297,0.13716475387215898,0.03376694007698353
N4692HD,0.6717352403176003,0.2972043699254293,0.022470885375592393,0.006324572296701753,0.00226493208467627
N4694HD,0.02015454483190514,0.2150179643321909,0.5345776450204434,0.2012332973033809,0.029016548512079503
N4695HD,0.06729441275056625,0.6204854761978023,0.2921126967100709,0.01762631567202177,0.0024810986695388707
N4699HD,0.487640219390244,0.47760886403275143,0.029502541634436406,0.004413636508421687,0.0008347384341465621
N4703HD,0.4046267358696568,0.4636952301364988,0.09325131746243157,0.032327530238222865,0.006099186293190051
N4704HD,0.0036528074937995435,0.015517822674865922,0.4221576143628028,0.5467156061292933,0.011956149339238366
N4708HD,0.9453576351732311,0.052293646637722416,0.0018522080170045151,0.0003481481960958608,0.00014836197594610723
N4714HD,0.6557740136282842,0.3169804745839896,0.020152852090446573,0.005357387421994256,0.0017352722752852568
N4721HD,0.08247284338080428,0.5347443232428295,0.2973055930950971,0.0719181050249137,0.013559135256355336
N4722HD,0.8460815200193809,0.150608950940916,0.0025128827889877355,0.0006174654992920542,0.0001791807514232093
N4724HD,0.10889486174624549,0.8002100770369155,0.08478601072970983,0.005265853975192379,0.0008431965119369021
N4726HD,0.034373327218424087,0.8704193086854997,0.09094218581950073,0.00342096364457521,0.0008442146320002231
N4735HD,0.7025454837434364,0.2869343323157913,0.007790902062427011,0.0018586912580361881,0.000870590620308923
N4063HD,0.42343399584216895,0.5093557124467831,0.04352940089679031,0.01771810129379916,0.005962789520458295
N4712HD,0.8261964257712427,0.16664412252662994,0.005508160170631347,0.0012953011334018159,0.0003559903980942112
N4738HD,0.1641899574758,0.6988822832033202,0.11041569608581493,0.02197840234034717,0.004533660894717614
N4740HD,0.03152894350132846,0.25652547758179284,0.34392911113770264,0.307464089066387,0.060552378712789026
N4742HD,0.014347690423239875,0.09037680038450228,0.569226462282223,0.26662273142000315,0.05942631549003174
N4745HD,0.8596827236126492,0.1320802338736013,0.006728655197244457,0.0012353555598903607,0.0002730317566147137
N4747HD,0.8659067567475628,0.1213679203748654,0.009528243139760674,0.0024591827915201475,0.000737896946290974
N4750HD,0.7884367474937325,0.18730968346861798,0.016101666597711672,0.006740556548297437,0.0014113458916404815
N4752HD,0.004538264557036667,0.047634509532299696,0.47695147724589665,0.44068092837650163,0.0301948202882654
N4754HD,0.7893677376240871,0.20304708195997945,0.006216991463814645,0.0010303319895275448,0.000337856962591207
N4755HD,0.23134303091913494,0.6060830493293801,0.13963641508945082,0.019507708731085174,0.0034297959309490264
N4756HD,0.5017626704850313,0.4774673050795059,0.017323751420617223,0.0027668965450589216,0.0006793764697865114
N4757HD,0.8763089418585154,0.11906679035038424,0.0039745337165644976,0.0005380119518413907,0.00011172212269440955
N4759HD,0.1254010544926422,0.809172571010765,0.057468525856722255,0.005947228113705764,0.002010620526164886
N4762HD,0.20629794599826218,0.7001857234459379,0.08204688263267798,0.009925730327563059,0.0015437175955588455
N4763HD,0.6516863600492112,0.31564507077868775,0.023594634883642364,0.006074987357939215,0.0029989469305194477
N4767HD,0.8443599998775805,0.14535064737272504,0.007059061681367372,0.0027534444385855514,0.00047684662974165326
N4769HD,0.048322838235886734,0.32550648788634495,0.4672031753094772,0.14949832402232965,0.00946917454596151
N4770HD,0.7711583904302783,0.21509395952898033,0.010470284017313201,0.00281240729275154,0.00046495873067676076
N4676HD,0.30195932970766626,0.511989901896022,0.12228727830777802,0.054212043984668654,0.009551446103865057
N4614HD,0.7921541544700705,0.18380790592194987,0.018710883228302687,0.0045137288429934,0.0008133275366835106
N4774HD,0.25173432955842534,0.6338080129969021,0.09799835623112871,0.013431951577305562,0.0030273496362381545
N4778HD,0.04257110943815922,0.25608212292626903,0.4369163128490865,0.23396225035873064,0.030468204427754518
N4780HD,0.0024935139478049514,0.02762220219995425,0.25314812494549793,0.43613699537108785,0.280599163535655
N4783HD,0.5615009289380491,0.41807672924562156,0.016522369306298905,0.002847028725552248,0.0010529437844782406
N4789HD,0.8513208182974388,0.1358889120154456,0.009238640859437916,0.0027334036502593946,0.0008182251774183171
N4792HD,0.6385718601459691,0.3528557444326585,0.007442466274765477,0.0008625616157919657,0.0002673675308149144
N4793HD,0.034406317060363956,0.6655142304413934,0.26446896733755954,0.029345074682433022,0.006265410478250227
N4794HD,0.0057822381185390175,0.03866414144825308,0.3959846548456048,0.5282700615048534,0.03129890408274964
N4799HD,0.6877684850327285,0.28601239614964263,0.02075040422796409,0.004019645223771061,0.0014490693658939047
N4800HD,0.9404921079724686,0.05696325352532727,0.0019755617498500105,0.00041640325928182705,0.00015267349307232747
N4808HD,0.127700165703192,0.8087945864137417,0.06065982205877269,0.0023399297985501324,0.0005054960257434294
N4809HD,0.6730808847249005,0.3073490503419568,0.01460108579897825,0.0036721387428390595,0.001296840391325319
N4634HD,0.5977306561528607,0.3574696156531258,0.03195218833838129,0.010943670552514976,0.0019038693031173276
N4784HD,0.8991597632548273,0.09741501253952321,0.002526785666617089,0.0007004732271449858,0.00019796531188736075
N4815HD,0.9047565853539017,0.09216105159712161,0.0024104336021911286,0.0005104328339143664,0.0001614966128710892
N4816HD,0.741468005804669,0.2380164424931049,0.017126270197708415,0.0026863603796316894,0.0007029211248859757
N4817HD,0.416372188765044,0.5187015089767216,0.05510631920678404,0.007362492901525586,0.0024574901499247424
N4818HD,0.8912925515815824,0.10484013606336991,0.0025465117768856335,0.0010101878861306394,0.00031061269203129564
N4821HD,0.02202671940121693,0.9430869594219808,0.030679641781656285,0.0035283067499334575,0.0006783726452124242
N4830HD,0.8923054868240864,0.10165119544878509,0.004454981262448129,0.0013748856611840296,0.0002134508034964446
N4748HD,0.899400847820482,0.09648071602627893,0.0030837701607636402,0.000822778942750307,0.00021188704972497727
N4684HD,0.8239130809682468,0.1689647172628087,0.005403201489402312,0.0012538524971081573,0.0004651477824340509
N0389HD,0.02620457909653296,0.911228552649951,0.06015760712645082,0.002067049010612336,0.0003422121164529722
N4796HD,0.40083526580236456,0.4609110621767349,0.11260313497386766,0.022207876571495967,0.0034426604755368913
N4834HD,0.002995204208587392,0.018084664417083823,0.41720824139267354,0.542970247814942,0.018741642166713327
N4835HD,0.04997582858638971,0.9318179493192473,0.0168507579866307,0.0011089935179058113,0.00024647058982641226
N4837HD,0.6160379342093593,0.3695060708930703,0.012591801985579656,0.001430475873106586,0.0004337170388841351
N4838HD,0.057464596624548205,0.9103488747681691,0.028930721465615202,0.002767654586507784,0.0004881525551597849
N4839HD,0.025903387173218946,0.6819016038759628,0.26665115212579993,0.02256310434576498,0.002980752479253243
N4842HD,0.7508682493986356,0.23038171530504506,0.01397775651577215,0.0037437668339979704,0.001028511946549256
N4844HD,0.9342208975215496,0.06378344969999089,0.0015967894753741313,0.0002985488199896335,0.00010031448309583191
N4846HD,0.1734588707818822,0.5117303584487947,0.22485741702602666,0.06718141029002565,0.022771943453270785
N4847HD,0.8434509353962863,0.15190606523519726,0.003571392185221812,0.0008039299796228644,0.0002676772036716809
N4849HD,0.3307331491687255,0.6228818114504611,0.03667359402235489,0.00768156219184989,0.0020298831666085344
N4852HD,0.05376287129104115,0.7866826625453399,0.15170209509294216,0.006614959073084561,0.0012374119975922986
N4853HD,0.6963489673333741,0.2843748625278813,0.016360072797745255,0.002392764664799381,0.0005233326761998825
N4856HD,0.8690249440326497,0.1262502102640572,0.003510244887700335,0.0010003167663379965,0.00021428404925470066
N4858HD,0.9046288840028631,0.09037546411272608,0.003721314925489509,0.0009617259753810018,0.000312610983540215
N4860HD,0.23614571537173398,0.6955057218546392,0.062122678741689016,0.004861878781613791,0.0013640052503239865
N4861HD,0.9209855800170783,0.07690387630305082,0.0016925868223060141,0.0003001295102866846,0.00011782734727810411
N4863HD,0.5618388058840331,0.42735073670402146,0.007851544664530573,0.002109385022658156,0.0008495277247567148
N4864HD,0.6471806753036863,0.33885078847202543,0.011267727489784118,0.0021134245653230722,0.0005873841691811608
N4866HD,0.8102245016770162,0.17581096835987983,0.009772461252204908,0.0034500998218844614,0.000741968889014645
N4012HD,0.648464360604405,0.3297973803821283,0.016477604071908205,0.004085563068644656,0.0011750918729138678
N4825HD,0.2485055101299826,0.6453427613744237,0.08337957113967195,0.017558124529994803,0.0052140328259269635
N4875HD,0.025053491201877012,0.4046339208659336,0.45007603168841626,0.1037089790786192,0.01652757716515398
N4878HD,0.025874555312872555,0.19381254996142788,0.2886281430725565,0.34455397413969774,0.14713077751344528
N4883HD,0.037580811715177215,0.6134716620258661,0.3210662088250751,0.024820289005278193,0.0030610284286032453
N4884HD,0.6132713639390561,0.3445265498940184,0.03699560217255697,0.004422841309658315,0.0007836426847102645
N4887HD,0.19563104467118397,0.7524274215764077,0.04771845499389834,0.0036760544424876526,0.0005470243160222897
N4891HD,0.6732072922806771,0.3066534697629286,0.016069774809074115,0.003598645742168521,0.00047081740515163316
N4892HD,0.14226180671684788,0.7583563944405957,0.08554782469581045,0.012155741761029237,0.0016782323857167795
N4895HD,0.8433339775355457,0.15015750736685918,0.00480588742540459,0.0013530186844184075,0.0003496089877720011
N4899HD,0.7625920708504372,0.23149326459346728,0.00393931712510095,0.0014939039404185763,0.00048144349057595553
N4898HD,0.2760736280258444,0.6663835910562488,0.047626159132743186,0.007568818073753231,0.002347803711410418
N4902HD,0.6383607507754233,0.32128035420878015,0.028239754783844672,0.009928197569777374,0.0021909426621743657
N4904HD,0.14684347008374632,0.608498785933306,0.21642044177883887,0.02451423656493236,0.003723065639176541
N4906HD,0.7899290619155301,0.20233918294346684,0.005945602862228858,0.00145099790059383,0.0003351543781803519
N4909HD,0.7048458520780411,0.2753390680309341,0.014954662622607763,0.0039139954642389285,0.0009464218041782451
N4912HD,0.7417301521488626,0.24615608479527257,0.010252263244528282,0.001323196979004237,0.0005383028323323433
N4913HD,0.6538417245387953,0.3299750203777662,0.013460851373686203,0.002219351426760604,0.0005030522829916273
N4914HD,0.13756307790267802,0.7208873423212284,0.12095456390089326,0.018229963501781257,0.002365052373419054
N4908HD,0.9017250398396697,0.09543934451098736,0.0022649927753550067,0.0004169195199751814,0.00015370335401280989
N4937HD,0.8772560014380792,0.12032676880937115,0.0018429338295422651,0.00043510029727825605,0.00013919562572898916
N4938HD,0.9030168027505496,0.09381758922268181,0.0025043266176727513,0.0005300703034129117,0.00013121110568293246
N4949HD,0.8818747028473557,0.11305352931487933,0.004141409099663253,0.0007396249092541029,0.00019073382884756142
N4952HD,0.7671090676589769,0.2179905591313858,0.012194320672598024,0.0022377267591587474,0.00046832577788065666
N4954HD,0.42820140651530286,0.5429591754290316,0.024593810247399487,0.0035805565725479014,0.0006650512357182489
N7917HB,0.9036649691746779,0.09349572761114673,0.0021227079205194646,0.0005376652985321305,0.00017892999512389746
N4951HD,0.81330982209089,0.17898088870100942,0.006526260949444498,0.0009179683680717071,0.00026505989058431213
N0385HC,0.206927197389012,0.6659611833919514,0.1093118346833025,0.015085640744185677,0.0027141437915485004
N3920HD,0.23142700453180132,0.6454787800833495,0.1094030848515494,0.011063371384127546,0.002627759149172185
N9498GW,0.7672793885062461,0.21924196468328158,0.01091415137678358,0.0020399177354521168,0.0005245776982364394
N4961HD,0.9121549793743796,0.08591283551810332,0.0016216138707680467,0.00025164553574982807,5.8925700999231795e-05
N4965HD,0.32953687967938583,0.591764397779381,0.06698077903989264,0.009821650548690913,0.0018962929526494749
N4967HD,0.6426427030069184,0.31455529411948524,0.02888434766091786,0.011656439683044355,0.002261215529634325
N4968HD,0.29389528625864875,0.5197403036903617,0.10892570718911897,0.059715436285952564,0.017723266575917943
N4973HD,0.8386266545987577,0.1530783605472404,0.005589157452579587,0.0022476758456612725,0.000458151555760966
N4976HD,0.017099583345723354,0.2194115900405508,0.6325177392182824,0.11792690286309711,0.013044184532346296
N4977HD,0.3483508748535963,0.6101655365841454,0.03721737041842174,0.0036677077709316554,0.0005985103729049718
N4978HD,0.7150017315045891,0.2632699708119944,0.01551173583552116,0.004821991909956783,0.0013945699379383496
N4982HD,0.3589308059128641,0.5706595286213101,0.05684827513792582,0.010564607704207439,0.002996782623692547
N4983HD,0.1269643950753827,0.4993405669752627,0.25233529021862366,0.11251028778324584,0.008849459947485094
N4984HD,0.8243347434697413,0.17219145426327848,0.0027112618744944846,0.0005710973397590638,0.00019144305272661617
N4992HD,0.008248428236009353,0.14189163635727525,0.2546461272420531,0.5381228150518513,0.057090993112810885
N5000HD,0.6376516156118209,0.31403044001660285,0.0376236190176407,0.008733930632237515,0.0019603947216979044
N5006HD,0.45147898912126555,0.5230512703906166,0.019177445446280705,0.005271562000316709,0.0010207330415203041
N5007HD,0.7394103713299043,0.24105888237092574,0.012911187855746381,0.005401705763946445,0.001217852679477128
N5008HD,0.2573977358126812,0.5914360466814108,0.12904412615874455,0.0204066063839913,0.0017154849631720885
N5011HD,0.17803664328217617,0.76860496673529,0.047190573724612696,0.004614403093736381,0.0015534131641847771
N5020HD,0.5957705704440523,0.37243673322230836,0.02524957666458962,0.005013807114002848,0.0015293125550469274
N5024HD,0.7836557736125652,0.20729863039850294,0.00696219060056056,0.0016242238547122625,0.0004591815336589143
N4826HD,0.8759809529518987,0.11828538120129255,0.004472505758314932,0.0010016135264511645,0.00025954656204259523
N5032HD,0.8745606955207789,0.1151534440072612,0.008330827971759552,0.001477130511261595,0.0004779019889387188
N5041HD,0.8864520531347888,0.10979889375123082,0.0026685965883627956,0.0008239529234002746,0.00025650360221743883
N5043HD,0.9600461496001614,0.036345136385861856,0.0028760788889161445,0.0004736499575496407,0.0002589851675108072
N5044HD,0.3470082114919857,0.5899684299278886,0.04562183571121028,0.012873810172957608,0.004527712695957674
N5045HD,0.811172120474947,0.18038576137467321,0.006893459576061895,0.0012023069443882122,0.00034635162992971674
N5004HD,0.9045791138722604,0.08956999332311068,0.004247602687028266,0.0012196971597727342,0.000383592957827948
N5055HD,0.5176530697003098,0.4293487969302795,0.036283169796380584,0.01472323026831253,0.0019917333047175675
N5056HD,0.12301296813823895,0.49288736295897007,0.2984300642860956,0.06294396425874266,0.02272564035795261
N5057HD,0.7126320286673039,0.275688204087851,0.009542624705990684,0.0015710925918348561,0.0005660499470195174
N5059HD,0.677010801347382,0.2735451547279047,0.03846304331156951,0.00853224573525358,0.0024487548778902445
N5061HD,0.6764519182288554,0.29206611038209296,0.025008469900816302,0.00502204362334221,0.0014514578648932171
N5018HD,0.8823804799789331,0.114007664138779,0.002558674083938416,0.0008152537534132274,0.00023792804493638522
N4896HD,0.7277682621963028,0.25342340942111463,0.014789703216440289,0.0034394590390183573,0.0005791661271241288
N5064HD,0.8032933499769477,0.18127617550319394,0.011798523409533152,0.0031116239061613304,0.000520327204163728
N5065HD,0.5669271135131652,0.40636540469942983,0.019849869037494052,0.006220865555072143,0.0006367471948386845
N5067HD,0.26113092484524975,0.614633887462086,0.10584120886281935,0.015517375681021035,0.0028766031488237833
N5070HD,0.025045516593904544,0.46908122693156895,0.45832102001099795,0.04362436920938112,0.003927867254147475
N5071HD,0.17589147325250612,0.7324020464668032,0.08099759979291957,0.008611874737297418,0.002097005750473599
N5072HD,0.18916786929639054,0.7066282490261865,0.08943943030771172,0.012455514495744507,0.00230893687396686
N5074HD,0.7557910782451205,0.23184258719821657,0.010298014845159511,0.0015798388082579752,0.0004884809032453013
N5075HD,0.9498506918208101,0.047177578488225694,0.002231332293693494,0.0005475523335063967,0.00019284506376417577
N4923HD,0.804171841363409,0.17928210286110569,0.011974795361540145,0.0034184635917164454,0.0011527968222287206
N5076HD,0.7540944028064298,0.2379393061498528,0.00624702680458722,0.0013954167493497127,0.00032384748978032935
N5079HD,0.041755755173980065,0.3440178970823923,0.4701323350392971,0.12637047541609894,0.017723537288231714
N5080HD,0.6469803850090238,0.3381829063294869,0.011090217515753856,0.002898469746413593,0.0008480213993217584
N5082HD,0.8401732663773106,0.14514005036725916,0.010580779589543642,0.002985819497952013,0.001120084167934684
N5083HD,0.6460946398527501,0.32096332998121174,0.025109383294477653,0.006627082804678655,0.0012055640668819745
N5085HD,0.08920251063527103,0.5785685702353894,0.30577959956870826,0.022325746055570188,0.004123573505061142
N5051HD,0.23127129762675003,0.7276712399210602,0.03721385346119574,0.003207445399288402,0.0006361635917056667
N5039HD,0.036923250145321114,0.2986588507789246,0.47829708040217017,0.15966571800953808,0.02645510066404588
N5088HD,0.8498885256029861,0.14517604096870154,0.0038231188801367004,0.0007595924441526614,0.000352722104022859
N5091HD,0.03575938061573064,0.9554930179030611,0.007970148170495246,0.0006547520715170803,0.00012270123919614232
N5093HD,0.002550320295496878,0.021519627474249098,0.15315374978835242,0.7114353900908464,0.11134091235105519
N5100HD,0.003938300046554879,0.034432141448514565,0.23672370027497647,0.6914092720922564,0.0334965861376975
N5103HD,0.0698457659883379,0.3492190961234174,0.4280715697282495,0.11405325634989037,0.03881031181010469
N5104HD,0.9555242198526493,0.043089381947619645,0.001109814764241608,0.00021956092031584224,5.702251517335965e-05
N5105HD,0.7387392271913006,0.2385834119231164,0.015718598101896623,0.005205004984285286,0.0017537577994009086
N5106HD,0.7382334434049854,0.24437599388801542,0.014143379330361326,0.0026607799382157757,0.0005864034384218721
N5109HD,0.4490930020117137,0.5342804191817959,0.015055783182049863,0.0012701573640552482,0.0003006382603853105
N5112HD,0.4971742006233024,0.46384417227837604,0.03306978404629,0.0045933767227537125,0.0013184663292778829
N5115HD,0.8606057732141102,0.1314028544890333,0.006425569569226315,0.0013433619459158935,0.00022244078171416293
N5120HD,0.010425246112795331,0.06626233039974679,0.3322006467827709,0.544454451945057,0.046657324759630005
N5121HD,0.559461180932279,0.4072393157968145,0.02329515835234026,0.008003649917970796,0.002000695000595457
N5122HD,0.5845941736088132,0.36548946961231266,0.03959206138165861,0.00839758749569065,0.0019267079015248176
N8305HB,0.8614625981243474,0.1329651121404893,0.003912344525650897,0.001373558071340764,0.0002863871381717219
N5126HD,0.03237254173059711,0.2338336326018615,0.29950135813791895,0.34400265110225187,0.09028981642737052
N5128HD,0.9265706777040347,0.07000435920392764,0.0025610082459588132,0.000702792028979806,0.00016116281709909513
N5133HD,0.010035054760012872,0.07463884950063432,0.45275289179153305,0.43082538602730175,0.03174781792051786
N5135HD,0.8268539591059294,0.1616107574419557,0.008949654198908101,0.002019597977490932,0.0005660312757159168
N5143HD,0.8255069627449813,0.1692427032651831,0.004457207104074739,0.000585843872829744,0.00020728301293111018
N5144HD,0.2421088070308764,0.678866940897333,0.07047797244972186,0.007243088053681497,0.0013031915683872721
N5149HD,0.18739035570963256,0.6354937266545121,0.13799335842028726,0.03184425272775661,0.0072783064878115524
N5152HD,0.4449849902590648,0.5106384163073016,0.038692799258883206,0.004922640989005406,0.0007611531857449528
N4394HD,0.11931138535339543,0.3604870284944981,0.4127238661375061,0.09302457430950821,0.014453145705092346
N5029HD,0.1921393450526668,0.6564479586959536,0.12465419304786206,0.021499613979401574,0.00525888922411576
N4368HD,0.9372396877578364,0.06056750092186384,0.0016132929946420045,0.0004308684082513667,0.00014864991740627998
N5013HD,0.3005458520089833,0.6219901704325448,0.05562171999900383,0.016313403006144495,0.0055288545533234675
N5153HD,0.25681706544096483,0.6368172276953079,0.09154296390984086,0.01303297812192658,0.0017897648319598696
N5157HD,0.8640618725709668,0.13045577300863254,0.004297548398797852,0.0008993897824523567,0.000285416239150396
N5170HD,0.6758255839332752,0.3079965713152861,0.013573596664276696,0.0020519827181704926,0.0005522653689914963
N5172HD,0.773883390284769,0.20066820469849814,0.02198976878016678,0.002792959343477868,0.0006656768930882134
N5173HD,0.6838786360127086,0.2806965423819433,0.02874716899821976,0.00506678487870812,0.0016108677284202995
N5147HD,0.668915287943739,0.312210877235041,0.01547871449071616,0.002375135346222952,0.001019984984280864
N5178HD,0.625113010392696,0.3395307345556229,0.027768006371814972,0.006041447261116652,0.0015468014187494197
N5180HD,0.5513140637867807,0.4033447639722642,0.03584327815012399,0.007831899159050406,0.0016659949317805452
N5181HD,0.3810019749968682,0.5058637767146772,0.098324749392673,0.011679916505935483,0.003129582389846255
N5182HD,0.9193380248008849,0.07751879705827477,0.0024573148696631487,0.0005121746948473378,0.0001736885763299164
N5183HD,0.12184681231320678,0.8552976591891616,0.020986699329606343,0.0015138912382669856,0.0003549379297582309
N5185HD,0.2212146986731615,0.4072874160538049,0.27220151771117157,0.08457948768063589,0.01471687988122603
N5187HD,0.16372548107699708,0.5722815839616726,0.19229871484623132,0.05755436787445874,0.01413985224064029
N5188HD,0.13400218848418394,0.5879831895469955,0.14681729963157603,0.11011818081254326,0.021079141524701285
N5190HD,0.0073954912456858386,0.05354119203305011,0.3217212637479705,0.5878950124399156,0.029447040533377915
N5192HD,0.6477182927929985,0.34523933410476365,0.006211614213252437,0.000624287143865157,0.00020647174512020844
N5193HD,0.6714612563262846,0.30112274389424776,0.022237172760725458,0.004347333291809615,0.0008314937269325971
N5197HD,0.8991446427794627,0.09623380840939671,0.004053972642498801,0.0004295853778238594,0.0001379907908178601
N5198HD,0.13356968554485404,0.47171440827757244,0.2570921799269142,0.11925791335943585,0.018365812891223507
N5199HD,0.7124146900527787,0.23888296203929965,0.03670215842474586,0.009769050615991133,0.0022311388671845795
N5200HD,0.7665472724067861,0.21099934189261602,0.017861645859534137,0.0031238875771245813,0.0014678522639390782
N5203HD,0.04915320829595575,0.24856272569486412,0.40610447375762654,0.26188742978100327,0.03429216247055022
N5209HD,0.05185137024348129,0.32026302318444966,0.4872521157915628,0.12978024476842492,0.010853246012081385
N5212HD,0.8246089090445963,0.1715143664625077,0.003217419368933708,0.000476164566330779,0.0001831405576312805
N5215HD,0.5020131264185831,0.4595297341996783,0.03188949163803479,0.005517361992128614,0.0010502857515753486
N3574HD,0.8108695283940854,0.17595397300358878,0.008808342202181893,0.002984170706201119,0.0013839856939425897
N4760HD,0.04749826472764345,0.3996170816495277,0.4163514665070489,0.10798844443985003,0.028544742675929928
N5225HD,0.7862389458067457,0.20254847722682198,0.008970829974262606,0.0018906688754986285,0.00035107811667125285
N5226HD,0.5810385439072608,0.37336809815072897,0.034228164695047976,0.009150795200722399,0.002214398046240002
N5227HD,0.7789900812862336,0.2070105522701761,0.011404772337639618,0.0021282221336988904,0.0004663719722516794
N5233HD,0.008281398256044183,0.08367582917596356,0.42037282466325854,0.36206068134827957,0.12560926655645427
N5238HD,0.8905676244354576,0.10027960376088618,0.006634583447193513,0.0018186363367726497,0.0006995520196899634
N5241HD,0.8221692246221662,0.16458801580110835,0.01066303387135857,0.001943956460230447,0.0006357692451364305
N5243HD,0.005472087986132801,0.055847932047122205,0.3464518679178555,0.5624257489691951,0.02980236307969448
N5246HD,0.3661853528439434,0.5244918900593961,0.08889913392519988,0.016433168013692642,0.003990455157768003
N5247HD,0.0039563381732417285,0.01663557037927876,0.3727750965761776,0.5950506028176026,0.011582392053699351
N5248HD,0.5838507765390323,0.34483018983096125,0.05707831931928624,0.010991650591181746,0.003249063719538355
N5253HD,0.6336041809339634,0.33834821961026446,0.019396083316708872,0.006074444861456689,0.002577071277606572
N5257HD,0.03818112439170458,0.20681213000944423,0.3889292474625237,0.3104309285146692,0.05564656962165829
N5259HD,0.01984277766675737,0.14401043144085732,0.3686260424141324,0.3279292597803551,0.13959148869789773
N5262HD,0.07763146312654609,0.6575911966435135,0.24889025924916372,0.013542502129366092,0.0023445788514105037
N5266HD,0.13848102723998465,0.7350172473750112,0.11611526957405369,0.009133196805160764,0.001253259005789632
N5270HD,0.6821420237630916,0.30837231379277086,0.007858268398344668,0.001308153120342276,0.0003192409254506178
N5271HD,0.6450048660101916,0.29424409719961564,0.0463302118621538,0.011313900827113938,0.0031069241009252374
N5273HD,0.8252163689946231,0.16215564579250893,0.008531918177252944,0.0027713254102236912,0.0013247416253914061
N5274HD,0.9128145886634013,0.08338375691051247,0.0029169497917638245,0.0007261766933641883,0.00015852794095820783
N5211HD,0.1944298170935175,0.6089448367240614,0.12150081048986638,0.0700483035890656,0.005076232103489002
N4843HD,0.512624719865858,0.43847406636851727,0.03590842284784736,0.008785804731731819,0.0042069861860455585
N5287HD,0.5541656951209681,0.415874598771222,0.024613623052354854,0.004469507389227544,0.0008765756662273344
N5286HD,0.16438423461367593,0.2940167414131095,0.3742457247916915,0.13665084147679316,0.030702457704729944
N5292HD,0.04683804349592241,0.22547241790243333,0.3734827112533734,0.3048342148409424,0.049372612507328426
N5294HD,0.8154883109087347,0.17777641663001167,0.0050931512143107096,0.0012646313368864124,0.0003774899100566247
N5296HD,0.29297325098549043,0.5143426248705597,0.13663055631478296,0.05006853586065056,0.005985031968516256
N5298HD,0.8373901368943907,0.15175496975403313,0.008082582051632719,0.0020090552482455153,0.0007632560516980582
N5303HD,0.8162167049005403,0.17329770752482979,0.008002316586354228,0.0018847918921943963,0.0005984790960812575
N5305HD,0.08865317036940293,0.5186504766667327,0.3193332243311852,0.06559375165426892,0.007769376978410281
N5306HD,0.8750868333500189,0.11940820299657301,0.004486798352628614,0.0008459097474731201,0.000172255553306342
N5307HD,0.07275490017071294,0.43246582904670844,0.3091520506719037,0.15700790824098593,0.028619311869688965
N5311HD,0.21516134841597767,0.5923661096348003,0.1783743649929502,0.012175538862207956,0.001922638094063873
N5314HD,0.79401447585569,0.1946097637386029,0.009210675746352086,0.0015171894624673088,0.0006478951968877337
N5073HD,0.06448933990560049,0.35681915033107814,0.41974723810557696,0.13653742947042802,0.022406842187316454
N5277HD,0.056406881777682036,0.349607655369809,0.31470482868749516,0.20991214207165299,0.0693684920933609
N4885HD,0.9176028291898582,0.07785469032549994,0.003470996650436674,0.0008637243274511618,0.00020775950675382774
N5318HD,0.028221342692171504,0.39592523399536245,0.4455120580969324,0.10778319111401814,0.02255817410151547
N5321HD,0.734864263988826,0.24347525896127112,0.016907715432705712,0.0038656694124079268,0.0008870922047892903
N5323HD,0.9389259997028714,0.05962789795540695,0.0011485121657830973,0.00022586134223695728,7.172883370151282e-05
N5324HD,0.7355452470718541,0.23923502916261002,0.019703993859218984,0.003953913117208205,0.0015618167891088752
N5326HD,0.8512056336880076,0.13866316704338974,0.006488431626773138,0.0027104947007408095,0.000932272941088495
N5327HD,0.7324382842936611,0.2595724990334068,0.005789823323120507,0.001612865156147046,0.0005865281936645328
N5329HD,0.05865848312464903,0.5773382018493242,0.32906623542832136,0.029898075731677777,0.005039003866027635
N5331HD,0.8156620736752523,0.16881754317808015,0.013295577745091818,0.001667675524579064,0.0005571298769966596
N5332HD,0.7687706439138566,0.21170263569760284,0.011504866083540132,0.006712939318479334,0.0013089149865211456
N5333HD,0.8577299252418469,0.13945071788006588,0.0022626403878277766,0.0004320962572413813,0.0001246202330183302
N5334HD,0.024670161005530638,0.9529694350556223,0.02040731955177752,0.0016339344975787003,0.0003191498894909553
N5338HD,0.012894279095207664,0.10609504311553364,0.4203875650131264,0.2714491087595616,0.1891740040165706
N5339HD,0.05346918511818894,0.4792482273300048,0.3592407030846048,0.09215912466463295,0.01588275980256853
N3820HD,0.020772571825431883,0.13251666535040352,0.4068735516194108,0.3134770498300618,0.12636016137469203
N5342HD,0.8242520924495407,0.16888542768021905,0.005636757857673281,0.0009973448671664392,0.00022837714540068171
N5345HD,0.7251928679384855,0.24519073756029253,0.024127993748105165,0.004693742611469721,0.0007946581416473943
N5346HD,0.7549154801164402,0.23630417293783326,0.006305041822498256,0.001854470075090373,0.0006208350481380265
N5348HD,0.012928050842627463,0.10349145677759367,0.25069074671264224,0.4735751480233632,0.15931459764377337
N5351HD,0.5530958564324656,0.39074221023431976,0.043617654643637656,0.011113088911219805,0.0014311897783571143
N5354HD,0.004004702317917869,0.019935668677762825,0.3240616996638226,0.6400825469432687,0.011915382397228107
N5355HD,0.6297836891600839,0.357556496430126,0.009016501381640426,0.002635598369236221,0.0010077146589135705
N5362HD,0.8700673702140903,0.12775029982329617,0.0015978631715432834,0.0003719135599917045,0.0002125532310786152
N5364HD,0.8425323374250359,0.15022336684825574,0.005643902635211791,0.0012998932795490038,0.00030049981194763795
N1264HD,0.030168978157921793,0.8746298983620413,0.08997175422355239,0.004582324015659219,0.0006470452408252948
N4985HD,0.29053441141304254,0.6326737180223306,0.05969059587052893,0.012069652377368725,0.005031622316729188
N5368HD,0.005950832513893279,0.06954953361725091,0.36730335394752817,0.5206653505333239,0.036530929388003806
N5371HD,0.8428148335825174,0.14944894206734574,0.005745363888202424,0.001535631569136203,0.00045522889279856827
N5372HD,0.7663398529291464,0.22513001583143263,0.007098483141938343,0.0011487713906247123,0.0002828767068579939
N5373HD,0.528799806599966,0.4612092604120629,0.0073294910749160625,0.0020240791116435527,0.0006373628014115123
N5374HD,0.49581564427188396,0.47636518685833107,0.02550822681220899,0.0019312937350254168,0.0003796483225507512
N5377HD,0.7736249038620585,0.21451203385838102,0.009611290247604902,0.0017254322978588756,0.0005263397340966356
N5379HD,0.8079938751287156,0.17833260133834344,0.010730771121700513,0.0025558472282310725,0.0003869051830093084
N5381HD,0.05465102067506574,0.4218495985640384,0.30249984640523053,0.1530741394354143,0.06792539492025106
N5383HD,0.09972443266130383,0.3547816916222596,0.3793240964602657,0.13569963115877337,0.030470148097397582
N5385HD,0.8978132575528895,0.10067714436540398,0.0012055531937519945,0.0002368228717851159,6.722201616968879e-05
N5387HD,0.025714215550122436,0.22070485030153764,0.41334850158777864,0.25495667694707935,0.085275755613482
N5388HD,0.060660210434118726,0.22722125968523146,0.2878028052327044,0.3933835167592942,0.03093220788865108
N5389HD,0.032815582608437775,0.7190470263465875,0.2251285315759902,0.019155823434498894,0.003853036034485801
N5391HD,0.5899002654937479,0.37152256984583054,0.03231561788228437,0.005284903452550802,0.000976643325586344
N5393HD,0.47012251866806243,0.5082687476286076,0.01931744304033764,0.0018517453718857129,0.0004395452911065321
N5395HD,0.753488492236647,0.21898404832871562,0.02136632599846703,0.0051920606976618945,0.0009690727385083088
N5397HD,0.7682813338206042,0.21796023936316972,0.010393407869283272,0.002906257011965586,0.0004587619349773747
N5398HD,0.8233266559249139,0.16443752684873073,0.00988199733734789,0.0018829754666295055,0.0004708444223779914
N5386HD,0.118146300399463,0.742238118014688,0.13101371523617453,0.007241923343903188,0.001359943005771387
N2483HD,0.802546056716335,0.1827137111042059,0.009858769761913062,0.0036052528666646686,0.001276209550881293
N5402HD,0.858119282412628,0.13237414690227164,0.006991796472475887,0.001900165331636852,0.0006146088809878042
N5404HD,0.7481640972102679,0.22734650350898306,0.02004432289966695,0.0036327824050308164,0.0008122939760512327
N5405HD,0.9387506270966388,0.05897453709261795,0.0017244955799245174,0.0004305212982105301,0.00011981893260835026
N5407HD,0.2182203648408857,0.5089127325268644,0.1906050321240745,0.07013272173760973,0.012129148770565618
N5414HD,0.6718883788150207,0.31665082179975024,0.009782393651385696,0.001223010654641815,0.00045539507920144774
N5415HD,0.8132840666460261,0.18197486311255812,0.0032016927438855525,0.0011444386489572126,0.0003949388485730421
N5416HD,0.13045352672616078,0.7916488188609293,0.0688915241236364,0.007206853012884439,0.0017992772763889202
N5421HD,0.782328181416292,0.20172431014755896,0.012796629775509698,0.002463774108422504,0.0006871045522168356
N5430HD,0.8917455021076476,0.10204320369213472,0.004870319841529137,0.0011189662495649918,0.00022200810912340198
N5431HD,0.0666035518751136,0.7968443677118886,0.13113563050358742,0.004745608198526241,0.0006708417108842327
N5432HD,0.7349420089136022,0.2485944401332348,0.01338569298866794,0.0025423235677739875,0.0005355343967211465
N5437HD,0.8710779713628153,0.1223537212021049,0.005347648407877189,0.001041037550010493,0.0001796214771920819
N4225HD,0.322725595903712,0.6128807162370865,0.054200791763466406,0.008148377616855378,0.0020445184788797977
N5123HD,0.44268150269772677,0.5105470481433846,0.032563994673214004,0.011659583813394256,0.0025478706722804017
N9187HC,0.024397469658983525,0.19452732835597922,0.3660978822626858,0.3407995731312662,0.07417774659108514
