ncode,proba_0,proba_1,proba_2,proba_3,proba_4
N4541HD,0.7279733011519278,0.2538977614308051,0.01457298443726524,0.002543614985655481,0.0010123379943464043
N4397HD,0.004674473109953668,0.03630616059294905,0.43524823856334266,0.4884084004278776,0.03536272730587707
N4544HD,0.8523326992106804,0.1427082048753335,0.004122162169644583,0.0006101772085794551,0.00022675653576216821
N4545HD,0.058077592354624535,0.2794063735635021,0.40330784641933304,0.20279079022175944,0.05641739744078085
N4546HD,0.14739182154557137,0.7932551193808691,0.05629269547064153,0.002368016267350408,0.0006923473355674634
N4550HD,0.7574484696434189,0.2338564935118536,0.005616197046709169,0.0021763251644756273,0.0009025146335426425
N4551HD,0.7528260320621337,0.24017363738133488,0.005750301669369032,0.0009841598055610747,0.00026586908160124747
N4554HD,0.07604017991370002,0.5971772349215944,0.2954230634420302,0.025406896486271188,0.005952625236404296
N4555HD,0.2966489598096086,0.6110730841399128,0.07632915168604364,0.013442540515815726,0.002506263848619173
N4556HD,0.28429564908133154,0.4955813125628018,0.15446693352210708,0.05857111528195057,0.007084989551809028
N4563HD,0.37866009337380513,0.5014344825577682,0.10406368587209044,0.01287801088379369,0.00296372731254244
N4567HD,0.9119257820585122,0.0836490395223597,0.0027919667358109277,0.0011440592544150084,0.000489152428902212
N4561HD,0.8279125785743006,0.1669981504504545,0.0033845280736184754,0.0012365862859556476,0.00046815661567092733
N4571HD,0.3705476364351137,0.5519989698002014,0.0638164394122266,0.010615499464563008,0.0030214548878954067
N4574HD,0.95118365448541,0.04720619165951759,0.0011504147003867122,0.0003381903826256659,0.000121548772060203
N4575HD,0.48508036265027993,0.46995375063716954,0.037194836047976326,0.006265619578573035,0.0015054310860011788
N4579HD,0.23619784718938963,0.6181716839344562,0.11990438893664565,0.019052488852056165,0.006673591087452348
N4581HD,0.20211091711160742,0.7174761050360162,0.07588976565853854,0.00372327698246541,0.0007999352113724492
N4584HD,0.14134947913072277,0.798429826958784,0.056672243467228024,0.0028215194261742983,0.0007269310170910135
N4578HD,0.840271530388896,0.15460398689940244,0.0039046232088801457,0.0009096895255493986,0.0003101699772719825
N4590HD,0.18330143345606986,0.7409694710077139,0.06931862414997213,0.005590198933568192,0.0008202724526758006
N4593HD,0.026969366360656204,0.27641466033314516,0.3505852245380788,0.3221174970111329,0.023913251756986827
N4151HD,0.19009336043386307,0.4674893156265237,0.20486768877766662,0.11780679443212924,0.019742840729817218
N4594HD,0.8359234484621528,0.15863338707896635,0.0040740352257477505,0.0010778724414321555,0.0002912567917009097
N4600HD,0.4240187128491627,0.5396641273418091,0.03152836604817098,0.004119867699684903,0.0006689260611722866
N4605HD,0.06333737830615938,0.3663711617605135,0.42662928963092056,0.13216773217229844,0.011494438130108262
N4612HD,0.5048581913197213,0.4536465594787602,0.028294632789254908,0.010692824144883263,0.0025077922673802508
N1701HC,0.264221064049187,0.6067709219672388,0.10288113340824966,0.01937609880391896,0.006750781771405567
N3705HD,0.010346965329955783,0.04630898770454944,0.2964001477294006,0.3710828089361965,0.27586109029989764
N4589HD,0.6032050503950002,0.35873963683148674,0.024912540126383078,0.010997066084310902,0.002145706562819059
N4339HD,0.93027153223969,0.06694513114842361,0.001842079881130332,0.0006736585876165443,0.00026759814313948423
N4615HD,0.015655470175620162,0.1315634970124379,0.3707329245194555,0.4227279276811714,0.05932018061131493
N4618HD,0.8774887225354845,0.11777202155300454,0.0028058058678746512,0.0014651197486549347,0.0004683302949813363
N4624HD,0.5028297536090437,0.48870310835893865,0.007586343517707911,0.00069844768339389,0.00018234683091585425
N4626HD,0.8177585548537954,0.1703554223753188,0.008737179012963706,0.0025296878125851867,0.0006191559453368337
N4628HD,0.08657206331493264,0.6007706306545745,0.2690854007501591,0.03833888218429717,0.005233023096036578
N4638HD,0.0801722217294025,0.23387678550076546,0.31713247044196496,0.2753563333613189,0.09346218896654822
N4639HD,0.8188329116882554,0.167373262016101,0.009523394743808372,0.002818836594226058,0.001451594957609265
N4642HD,0.9070209382063341,0.08980372997161357,0.002275348523648395,0.0006250967577514659,0.0002748865406526559
N4646HD,0.9254448579433255,0.0718383357588955,0.0017640166657501327,0.0007299681864831045,0.00022282144554573654
N4631HD,0.8429801238523453,0.1476389310058091,0.007353543373810077,0.001640011543585497,0.00038739022444997585
N4656HD,0.018035544640562066,0.08781376236173664,0.5357744941922442,0.3085469377631958,0.049829261042261215
N4658HD,0.8308114830106917,0.15425806161645245,0.011682939124260352,0.002338315730634984,0.00090920051796063
N4661HD,0.8892481026238176,0.10475344380403241,0.004467511470292507,0.0010891497478528705,0.0004417923540046997
N4665HD,0.812676407666076,0.17527267786555709,0.009994390451731516,0.0016219696726783592,0.00043455434395712854
N4667HD,0.8644153422132075,0.13110145227314635,0.0032218758839234864,0.0008643006523529772,0.00039702897736992106
N4669HD,0.7885265783116944,0.204202870891799,0.005655830003676075,0.001211250803001926,0.0004034699898287115
N4673HD,0.17737437963144526,0.6508762909610512,0.14955308385325533,0.017133955527016576,0.005062290027231745
N0760HD,0.18111096011524136,0.6892547913565762,0.10615847199384143,0.021030768944285842,0.002445007590055312
N4672HD,0.6108374368073577,0.32375506993799,0.04307505817585483,0.019037591287183867,0.003294843791613365
N2593HD,0.892631112259823,0.10292569477061142,0.0029910602043381434,0.001007382310190759,0.00044475045503670503
N4677HD,0.1463655228811196,0.6585287995531098,0.18172465269126448,0.011846280264351907,0.0015347446101542078
N4680HD,0.1365627125297318,0.6682146549841255,0.16528986353560143,0.025003719030573263,0.004929049919967906
N4688HD,0.021305326810620157,0.08569756466052496,0.3541604634594711,0.4609415836408394,0.07789506142854448
N4689HD,0.8357884070877154,0.1571415310778112,0.0048672863096788956,0.0014217289314711803,0.0007810465933230749
N4691HD,0.14520566574315008,0.4052425773514859,0.24824704383169033,0.16659415747380749,0.03471055559986623
N4692HD,0.6770030607756317,0.2802042913697596,0.03229894855853422,0.007314866135423356,0.0031788331606510886
N4694HD,0.030124801435295778,0.24273210169701587,0.48458192461926003,0.21657677815700305,0.025984394091425167
N4695HD,0.06486508053596633,0.6217452581978495,0.28745488720902496,0.02285977331265335,0.0030750007445057956
N4699HD,0.4854595966525175,0.47901367092309916,0.02879780730853471,0.005350085491845192,0.0013788396240036586
N4703HD,0.4719550546728649,0.39321292168089783,0.08258051407567363,0.04064193920733548,0.011609570363228154
N4704HD,0.003015602358840634,0.013969114751746621,0.338344522811035,0.629978467196786,0.014692292881591809
N4708HD,0.9258205915710186,0.07134115118166352,0.002063574428575322,0.0005490784846854913,0.00022560433405703048
N4714HD,0.6161124323784506,0.32913512617749163,0.04336627325875634,0.008289720653922373,0.003096447531378952
N4721HD,0.08357812134964246,0.577206042732729,0.27220951906468766,0.05817090119003691,0.008835415662903858
N4722HD,0.8371242473544132,0.1591873949697016,0.002576957625762267,0.0009030652383460162,0.00020833481177692995
N4724HD,0.13283377145274025,0.7879483237704553,0.07076645274646468,0.007402022644884643,0.0010494293854551265
N4726HD,0.048996430957692245,0.837928085357795,0.10693538668761142,0.005027262473565863,0.001112834523335715
N4735HD,0.7583069900730459,0.23200371839975797,0.006747463851561309,0.002074861154340407,0.0008669665212944
N4063HD,0.4691818033117584,0.4459926256891889,0.060230857992429096,0.0177366500864857,0.006858062920138067
N4712HD,0.7953654953410765,0.19615695177363437,0.006482215314768271,0.0014668972863625123,0.000528440284158567
N4738HD,0.2033020484793803,0.6706649222646801,0.10069046281802603,0.02056239846243993,0.004780167975473761
N4740HD,0.02283350032339127,0.1574872529937622,0.36298871814943207,0.4135744817185815,0.04311604681483285
N4742HD,0.01745446245428504,0.11083216470987278,0.5946798378584478,0.22739045205339134,0.04964308292400309
N4745HD,0.8226712092476841,0.1672329783241071,0.007971583689666934,0.0016451976739674655,0.000479031064574429
N4747HD,0.8773495513565456,0.10587162482789614,0.012807269719085431,0.0026938784124341778,0.001277675684038698
N4750HD,0.7471203489204141,0.22730074314236245,0.017919101860981234,0.006090831392608268,0.0015689746836339558
N4752HD,0.0040327351053975734,0.041750389766096144,0.43092434281288383,0.4821330631579469,0.04115946915767555
N4754HD,0.44251706544152275,0.5387921456454513,0.01653852513418591,0.0017617991295601873,0.00039046464927990597
N4755HD,0.24421225101538227,0.5998587933061874,0.128183341751431,0.023079423851999806,0.004666190074999577
N4756HD,0.5121103513615597,0.45964116786385695,0.022463126328059326,0.004696813667817866,0.0010885407787061376
N4757HD,0.842227705227466,0.15197698675870552,0.004706580360424811,0.0009316759395757438,0.00015705171382775703
N4759HD,0.22129105465097398,0.7106554836123848,0.05861794486529185,0.007524687576941086,0.0019108292944082109
N4762HD,0.21759330552008563,0.6690226055650746,0.1023919444542276,0.00932405508998912,0.0016680893706230067
N4763HD,0.5530558089835383,0.39863587442368753,0.036278398739415435,0.008399170122609238,0.003630747730749353
N4767HD,0.8654017323825233,0.12429684599977861,0.0067781579708877104,0.003058120107955023,0.00046514353885536316
N4769HD,0.06311827592334651,0.3891293296001301,0.40735061132805955,0.13017557150302786,0.010226211645435891
N4770HD,0.8017742693083374,0.18202767880289988,0.012089330154104393,0.0034658552143896795,0.0006428665202685706
N4676HD,0.1056423330375907,0.5949301006337511,0.24210540772028252,0.04790225544251226,0.009419903165863342
N4614HD,0.538880095583218,0.38966076981472997,0.058793916114209324,0.010640116866126181,0.002025101621716395
N4774HD,0.2857743926534828,0.6083895961228157,0.08722696310458239,0.014194491676738837,0.004414556442380117
N4778HD,0.047416521526044114,0.30931094618920496,0.4114322561213088,0.2079450616330675,0.02389521453037444
N4780HD,0.0037350993941665444,0.020558707047732248,0.1970278655267399,0.48698511995417,0.29169320807719124
N4783HD,0.5979559686222529,0.3749105822610427,0.021694964298104323,0.004292800769633316,0.001145684048966848
N4789HD,0.8740176789613223,0.10949124054698985,0.012451716693247876,0.002910396076076256,0.001128967722363726
N4792HD,0.4365264166662691,0.5505563469254264,0.011329435585875977,0.0011581019095802541,0.00042969891284820133
N4793HD,0.0375450011278466,0.5388824582470079,0.37213479536549393,0.04176373624408678,0.009674009015564818
N4794HD,0.004937520106219631,0.05538544319479728,0.3857966982741264,0.5203915479360806,0.033488790488776204
N4799HD,0.7092996141474233,0.26384724929056497,0.021293192594789002,0.00410037300214409,0.001459570965078653
N4800HD,0.9415593139307757,0.05585117198986945,0.0019374974660397535,0.00042897087030329355,0.00022304574301186406
N4808HD,0.09458997895498962,0.8455451256673603,0.056411994451452105,0.0028841513559612966,0.0005687495702367709
N4809HD,0.6358975963488608,0.3268584860386304,0.030973021320984936,0.004351187664700056,0.001919708626824065
N4634HD,0.6172403788342918,0.3324311784022409,0.03698628799533258,0.010850614555179463,0.002491540212955078
N4784HD,0.8761569583715634,0.1189732835761333,0.0035821497467931145,0.0009612944513069913,0.0003263138542033448
N4815HD,0.8724438767138916,0.1235072885666458,0.0030714368206399673,0.0006685737297012644,0.00030882416912141953
N4816HD,0.7734822525097734,0.20586038714502317,0.014507126312508055,0.0049745803090250305,0.0011756537236702787
N4817HD,0.20350625201359246,0.7371297495927591,0.050182152456257886,0.007179181883516908,0.002002664053873624
N4818HD,0.9186520428274588,0.07712366422253597,0.0029639747463483827,0.000871682792227236,0.0003886354114294898
N4821HD,0.04206433470481052,0.9000746653057474,0.049580487969988415,0.007361819394475007,0.0009186926249783771
N4830HD,0.8876005916489105,0.10424549009978433,0.00617171450379249,0.00160871982044245,0.00037348392707018036
N4748HD,0.870435461871393,0.12603175258187205,0.0023697558225432747,0.0008580613995272624,0.0003049683246643994
N4684HD,0.8288663227589711,0.16474148078365755,0.004581765538889005,0.001398274602786369,0.0004121563156959183
N0389HD,0.021968467192086467,0.9211685353522562,0.054284793486850974,0.002173311117590492,0.00040489285121585666
N4796HD,0.3928686081642452,0.4723448655634769,0.11836397787503292,0.013384169885272714,0.0030383785119723213
N4834HD,0.0042610184757739394,0.019118502745805222,0.40195562044322947,0.5558051502385567,0.018859708096634713
N4835HD,0.07164124400258638,0.899074789715038,0.026636685006888185,0.0022049977114539498,0.00044228356403359654
N4837HD,0.4554920669525508,0.5240947170043956,0.0185579667316958,0.0014521188385184477,0.000403130472839227
N4838HD,0.05532702357577609,0.9005291303155166,0.04042505385191824,0.0029831218760268726,0.0007356703807620783
N4839HD,0.03985279014869043,0.7121292656080105,0.21851587898183653,0.02615431826217251,0.003347746999289993
N4842HD,0.7354006919207686,0.24266807339576807,0.01647325389175733,0.004183804048624764,0.00127417674308127
N4844HD,0.9394820771913207,0.058019632081444984,0.0019527074053208606,0.0004208882863896657,0.0001246950355236516
N4846HD,0.13319184085546767,0.576526985360818,0.21823682452737003,0.054981307610607835,0.01706304164573638
N4847HD,0.8069856059205603,0.18767618847434792,0.004058724124898455,0.0009985496901065215,0.00028093179008687163
N4849HD,0.27787827445885366,0.6722124942018031,0.039836858144053355,0.007884801889964687,0.002187571305325164
N4852HD,0.06006227939779434,0.7483619294779732,0.18120562987890051,0.008870766461124608,0.0014993947842073716
N4853HD,0.6458100800361389,0.3376433394313775,0.01261153791629459,0.003231402459229115,0.0007036401569598341
N4856HD,0.8690473031756667,0.12740619343985515,0.002702015377781984,0.0006243698491082779,0.00022011815758786257
N4858HD,0.9031355581318061,0.09179330293057916,0.0034046069047107847,0.001255228612405033,0.00041130342049884496
N4860HD,0.2354454843988829,0.6972725653922952,0.05941249696965679,0.006194002050864693,0.0016754511883004294
N4861HD,0.9093504178295267,0.08830097470067637,0.001776321451380378,0.000396049378711115,0.00017623663970521827
N4863HD,0.5008749578239148,0.4824404210895495,0.012758449050376902,0.0026528432923845495,0.00127332874377426
N4864HD,0.6425125920699599,0.3433494905981393,0.011035415168838785,0.0022534995272134603,0.000849002635848429
N4866HD,0.7653544486836463,0.2200015873179677,0.011062727267902936,0.0026128517838175714,0.0009683849466655817
N4012HD,0.6696626754233378,0.3102051526708328,0.016035854497543172,0.002968765693928747,0.0011275517143574155
N4825HD,0.28615169086415454,0.602650693498088,0.0833046168454666,0.020783691211902745,0.007109307580387978
N4875HD,0.030026913778198723,0.3853798786925783,0.4713615293791123,0.09518693496851127,0.018044743181599397
N4878HD,0.033587339918569256,0.17546228752495657,0.3342115771672374,0.3436637877767404,0.11307500761249648
N4883HD,0.049870768271206914,0.6791644967637982,0.24483879609383213,0.023754042241751868,0.0023718966294109327
N4884HD,0.5873700675017174,0.359823551564068,0.043678337216103785,0.007938486561515266,0.001189557156595451
N4887HD,0.20924063315519453,0.7542097960885289,0.031912405789264464,0.00401892586626437,0.000618239100747695
N4891HD,0.6748392035029619,0.29421324476692123,0.025729949432990028,0.004248317070200422,0.000969285226926387
N4892HD,0.15085352294026053,0.7128363738403712,0.12014018665591178,0.013480835046959452,0.002689081516496999
N4895HD,0.869588815338702,0.12401412351129619,0.004701950731000242,0.0012835095672322498,0.0004116008517692407
N4899HD,0.7955555021189049,0.19635605106600248,0.005700688051465795,0.0018519927403175855,0.0005357660233092767
N4898HD,0.31640292170430057,0.6154514314713324,0.05399214766698622,0.010566387853058738,0.00358711130432208
N4902HD,0.6340115300969231,0.32566042099332554,0.028693825976508512,0.009332831881864845,0.0023013910513780367
N4904HD,0.11319541780736268,0.6454790721293888,0.2108455713866141,0.025177524606330798,0.005302414070303528
N4906HD,0.7750055238913462,0.21584128331301017,0.00707718453105958,0.0017398432780242243,0.0003361649865595907
N4909HD,0.8190157076807119,0.17147404497798027,0.006006660671164401,0.002518293670348183,0.0009852929997950647
N4912HD,0.7443085931932534,0.23956010246348616,0.012993755374542846,0.0025192750488873365,0.0006182739198304795
N4913HD,0.6722045485121063,0.31328566809597225,0.01089280995693157,0.002983079555856272,0.0006338938791336678
N4914HD,0.12781970797281206,0.7666071957302345,0.0909070018477732,0.012368405467654765,0.002297688981525491
N4908HD,0.8927379290642099,0.10408616179674463,0.002444314593355512,0.0005350204956933119,0.00019657404999676414
N4937HD,0.8547675852899413,0.1422956918570185,0.0022863578268952777,0.0004956601755038201,0.00015470485064100577
N4938HD,0.8842826308162272,0.11175767356738349,0.003207540390447417,0.0005604201319822568,0.00019173509395973846
N4949HD,0.8760503663623257,0.11962946639448321,0.0033382671942052567,0.0007407227845264818,0.00024117726445929745
N4952HD,0.793275353279567,0.1911067782201145,0.01283605721084025,0.0022098698504489137,0.000571941439029247
N4954HD,0.49779564240697977,0.47622264291379723,0.022072588322556153,0.0029558416119812828,0.0009532847446853801
N7917HB,0.8843432403633216,0.11237367838598608,0.002573943316450964,0.0005007843829636953,0.0002083535512777695
N4951HD,0.787707434342393,0.2030233373573422,0.0069065636304542445,0.0017115438382717934,0.0006511208315386096
N0385HC,0.14817747042542428,0.6364354270583411,0.19583390706668652,0.015751784140064676,0.003801411309483508
N3920HD,0.12414391081935001,0.6478502493573174,0.20506706910994912,0.020349469278582246,0.0025893014348014123
N9498GW,0.802362463337479,0.18400426800639774,0.010689275869548001,0.002252002281591134,0.0006919905049841987
N4961HD,0.9363737698815653,0.06181639664057122,0.0014405414120794969,0.0002759653282057813,9.332673757824915e-05
N4965HD,0.532788452297956,0.40238328230022796,0.055103572890719175,0.007845463983229434,0.0018792285278674014
N4967HD,0.5925827675072773,0.3562187332888982,0.036317547380555947,0.011669685606390295,0.003211266216878373
N4968HD,0.3382422779768077,0.5125370829522738,0.09527403564729997,0.043071601239307936,0.01087500218431053
N4973HD,0.8261844399566828,0.1617998301655349,0.009029142306872462,0.0024655775702477653,0.000521010000661931
N4976HD,0.022428712651164886,0.2685290315287329,0.570195435827197,0.12322699577514946,0.015619824217755766
N4977HD,0.2721243597222604,0.6409735542516288,0.07803955506666668,0.007318524264939116,0.0015440066945050573
N4978HD,0.7643367360054325,0.2143995466615416,0.014981467180929497,0.004923316285802606,0.0013589338662937241
N4982HD,0.3498520770733435,0.6031618467838941,0.035395836263188866,0.009650053561981268,0.0019401863175923214
N4983HD,0.12225610999973346,0.49719750117325706,0.2614743272879757,0.11060583836519347,0.008466223173840345
N4984HD,0.8445470356228275,0.15099458005197736,0.0032999998024229884,0.0008716306254390691,0.0002867538973331825
N4992HD,0.006982816426646394,0.07753435480101507,0.2773116375470408,0.5714737812451974,0.06669740998010029
N5000HD,0.665592105736792,0.2876421227462395,0.03352618829722905,0.010884379180915399,0.0023552040388241232
N5006HD,0.4309129670408756,0.5270751276780153,0.03426526294227227,0.00642555347924308,0.0013210888595937412
N5007HD,0.720346748936977,0.2583686561715525,0.01500127676602964,0.004940324364139532,0.0013429937613013752
N5008HD,0.2255497231566401,0.5150324564729601,0.23507039833047283,0.021672541236487496,0.0026748808034394687
N5011HD,0.20080830852356152,0.7186454078204138,0.07292066699421307,0.006369724445299649,0.0012558922165121162
N5020HD,0.5035894013791254,0.4605401383428438,0.029937812263623263,0.0044236453465546395,0.001509002667852908
N5024HD,0.8041900599951096,0.18287512974625864,0.01043246660610056,0.0019325555340042357,0.0005697881185268829
N4826HD,0.9027167193912031,0.09312358451162647,0.0031676126407354163,0.0007570530141476327,0.00023503044228746455
N5032HD,0.8525948999876265,0.13620229951224472,0.009339973107680151,0.001464569170889469,0.00039825822155915174
N5041HD,0.8970552064902586,0.09907729302802912,0.0027303900061359672,0.0008784104817717016,0.00025869999380475375
N5043HD,0.9584894111796077,0.03859474189291377,0.0020441738895278587,0.0005998883108822426,0.0002717847270683519
N5044HD,0.2981559339448485,0.6359028818945236,0.049295670217352296,0.01272510989684771,0.003920404046427917
N5045HD,0.8181984698107267,0.1718699619268494,0.007755772403374063,0.0017828520087551693,0.0003929438502946184
N5004HD,0.9079636376422565,0.08746679783588426,0.003046246243219021,0.0010980506433373215,0.0004252676353029508
N5055HD,0.5097060268431008,0.40687879292780244,0.06323193215050536,0.01783470754642895,0.0023485405321623963
N5056HD,0.11559346818592454,0.45297374957537057,0.34266667992539934,0.06990333684392443,0.018862765469381274
N5057HD,0.634983701417842,0.34771990452119916,0.013986511028909172,0.0025289650430663202,0.0007809179889832749
N5059HD,0.6132274825993439,0.33902153746333324,0.035451271248034946,0.009496003273882832,0.002803705415405162
N5061HD,0.7722749363395657,0.21145973941684668,0.012077955108300698,0.003140092346362944,0.0010472767889239294
N5018HD,0.9066046999077729,0.08980324618467592,0.002500291911514896,0.0007895722492854407,0.00030218974675067385
N4896HD,0.7138158367958742,0.2647281719109243,0.016083637181306558,0.00408491588881166,0.0012874382230831907
N5064HD,0.7779230428439338,0.20180175439877238,0.015119067808265114,0.004297435674186352,0.0008586992748424849
N5065HD,0.3420546914126528,0.6174260355465598,0.03507408453983444,0.0047220202836410485,0.0007231682173117892
N5067HD,0.23163114808527857,0.6761422548942961,0.0719102789400564,0.015870568379104256,0.004445749701264598
N5070HD,0.03598660747430047,0.44569700027974496,0.45553261447929794,0.05712583534064342,0.005657942426013283
N5071HD,0.21664322460937308,0.6779639628631731,0.08907880378761387,0.01391113424975548,0.002402874490084455
N5072HD,0.2038491554440879,0.6844954578019141,0.09390273457266989,0.014758671300511799,0.0029939808808160857
N5074HD,0.7331353074953241,0.253967505506495,0.01081086435422087,0.0015907908991594497,0.0004955317448006301
N5075HD,0.9391463685303081,0.058288885107025366,0.0017984359508728353,0.0005194982399964669,0.0002468121717971602
N4923HD,0.842813730608745,0.14578315712849615,0.008123419911685841,0.002356896593614809,0.0009227957574582928
N5076HD,0.7716710666833586,0.2198352904311612,0.006584107690027857,0.0015783685848653475,0.00033116661058699474
N5079HD,0.060732945579453045,0.43125515898353645,0.3817510795559017,0.11470543835678848,0.011555377524320468
N5080HD,0.49956695599575424,0.46218715410736066,0.03127157534799187,0.005607747155810345,0.0013665673930828564
N5082HD,0.8088097434647071,0.16936064136248602,0.016516306962270955,0.003676922701888219,0.0016363855086476671
N5083HD,0.6632272857335746,0.2974567172177461,0.030419110922827404,0.00758952659469439,0.0013073595311574961
N5085HD,0.10241609573958552,0.549830931478214,0.31373460596843966,0.02844938426579387,0.00556898254796683
N5051HD,0.31124176419734445,0.6633575941786697,0.022992140437688283,0.001923952667255405,0.000484548519042179
N5039HD,0.04909877475426762,0.31031891040880943,0.44286683805663984,0.16987783494812456,0.027837641832158703
N5088HD,0.8802895556725379,0.11526589025947705,0.0033535445533989803,0.0007846604815988685,0.00030634903298717525
N5091HD,0.03942087398151991,0.9477278105815127,0.011741151553579115,0.0009436367451567114,0.00016652713823191444
N5093HD,0.009980499387961386,0.0584798314172161,0.2884897517646662,0.48151678039294293,0.16153313703721348
N5100HD,0.00629412992017295,0.048034467932427924,0.2630661780631055,0.6220427442742391,0.060562479810054394
N5103HD,0.08680720790541055,0.4390972018042881,0.36199095623311783,0.08435961139958596,0.027745022657597606
N5104HD,0.9487606137345063,0.0495514260609071,0.0013219443796108428,0.00029342964676759505,7.258617820835623e-05
N5105HD,0.7115057078007312,0.27133290925737436,0.010878009781420419,0.004220344206757336,0.0020630289537163773
N5106HD,0.7265128761564106,0.2591750093114428,0.010996465806042376,0.0026645469051386453,0.0006511018209656899
N5109HD,0.3325653621561124,0.6452707069223023,0.02000495904537402,0.001742163482858157,0.00041680839335323465
N5112HD,0.5280595547471422,0.429412268027402,0.03595405875310119,0.005264638216927006,0.00130948025542755
N5115HD,0.8546919604332905,0.135053872281628,0.008343941597020961,0.0016088350051699956,0.00030139068289039496
N5120HD,0.009923932931736833,0.056260725544865095,0.35533961957652704,0.5047472070574919,0.07372851488937908
N5121HD,0.41293693884623206,0.5304523717385695,0.04298897649641219,0.011499347695872067,0.0021223652229142246
N5122HD,0.5989790359505666,0.347572554219472,0.04181743290817337,0.009733898400873731,0.0018970785209143806
N8305HB,0.8502883321760231,0.14367875030875918,0.003962966269984586,0.0015640661991640661,0.0005058850460689528
N5126HD,0.02648885662770349,0.21870205599538073,0.4288166839914301,0.2721332001287401,0.05385920325674555
N5128HD,0.929569577496364,0.06742465890570025,0.00206300769713742,0.0007100309731810727,0.00023272492761730986
N5133HD,0.012318149311572064,0.08913275404734886,0.3657100077714214,0.5035771077673147,0.029261981102343116
N5135HD,0.8058822818536985,0.18167420029717812,0.009087121207829568,0.0026667855508242955,0.0006896110904693302
N5143HD,0.8188746926115537,0.17337800965711422,0.006633558326213839,0.0008807625611047952,0.00023297684401338422
N5144HD,0.4027920797954084,0.5419552636901083,0.047003310312685155,0.007137452101733564,0.0011118941000646324
N5149HD,0.17493566153674078,0.6042027508478037,0.16303247558934797,0.048517923276019385,0.009311188750088073
N5152HD,0.5167766922940807,0.45322838701440743,0.026771649853190686,0.0026117749999240406,0.0006114958383971615
N4394HD,0.1353878569127354,0.44560261159268605,0.32745964772113934,0.07363045160324033,0.01791943217019887
N5029HD,0.14805486103413856,0.5945422285065582,0.2169104254030119,0.0340692509310312,0.006423234125259995
N4368HD,0.9357657805330413,0.06200563073907651,0.0015578192253005605,0.0005217355865062301,0.0001490339160753191
N5013HD,0.34875674711219573,0.5526734070119316,0.06989488553776894,0.02175335212543389,0.00692160821266984
N5153HD,0.34901844354804507,0.5493927281978714,0.08846069369308199,0.010841917717975576,0.002286216843025875
N5157HD,0.8593873656811096,0.13521232806844374,0.003814068049736715,0.0011490764989290593,0.0004371617017807824
N5170HD,0.6943416159470512,0.2923748099375051,0.010909450850207615,0.0017686727203096659,0.0006054505449263677
N5172HD,0.8797965283755119,0.11133047425736282,0.006866675204706169,0.0015668892197662487,0.00043943294265296997
N5173HD,0.6901472103332471,0.26645682579440627,0.03512359097763419,0.006784032747990831,0.001488340146721658
N5147HD,0.6926554762966177,0.290067929894628,0.013874401847509205,0.002463255427307914,0.0009389365339372092
N5178HD,0.7153626986566289,0.25030454391609763,0.023845425049153865,0.008583658516211259,0.0019036738619083032
N5180HD,0.4082421577753457,0.5473663585528876,0.03193220057364745,0.009666995927030565,0.0027922871710888445
N5181HD,0.3675192671893686,0.5512532936193668,0.06658757452740947,0.012204151571163288,0.002435713092691878
N5182HD,0.8975575570026206,0.09902081230485245,0.0025846109911838097,0.0005451268128583834,0.00029189288848462184
N5183HD,0.07902127655783399,0.8898343450737386,0.028614940653496478,0.002236195539968265,0.0002932421749627353
N5185HD,0.1781630912092746,0.44727498199354915,0.27655269529050946,0.08635569912482824,0.011653532381838451
N5187HD,0.17671382390165216,0.4676021333571494,0.2653506400214053,0.07051038579977137,0.019823016920021894
N5188HD,0.1345008787392568,0.5051212170562738,0.21039732294043942,0.12962081949452436,0.020359761769505626
N5190HD,0.008225554813415468,0.06243606037819394,0.40946906266240923,0.48231027134858656,0.03755905079739469
N5192HD,0.47418726342344547,0.5155305415250451,0.009456525883879631,0.0005968540530875371,0.0002288151145423332
N5193HD,0.7395221075706407,0.23475901502919286,0.02194648357570311,0.0030482778250752384,0.0007241159993881604
N5197HD,0.8888091074237429,0.10513807436329817,0.005154959747299598,0.0007123944621369507,0.00018546400352226393
N5198HD,0.14339529384667912,0.46846324669961187,0.2401602678027748,0.11992896167554348,0.028052229975390787
N5199HD,0.6499202466503948,0.2839478720148045,0.04859549784759251,0.012628166329554557,0.004908217157653648
N5200HD,0.7518917484346481,0.23020957680415918,0.01395714505724594,0.002429796975155501,0.0015117327287911706
N5203HD,0.04493273620375351,0.21107814813046155,0.3993111677108952,0.29858302215513877,0.04609492579975096
N5209HD,0.07439047049291672,0.45470848679426223,0.337472209371666,0.12216085614289432,0.01126797719826066
N5212HD,0.8542971415224067,0.1408219088436059,0.0038499322926854778,0.0007516089071490454,0.0002794084341528731
N5215HD,0.4859311701468377,0.47041581369064134,0.035188266120237725,0.006706965515990135,0.0017577845262929741
N3574HD,0.8367257388928123,0.1517880156164412,0.00752902405266193,0.0028384629582663854,0.0011187584798181313
N4760HD,0.056707155834300624,0.47357548330570487,0.3397454949739525,0.0998929027256711,0.03007896316037097
N5225HD,0.7756680290123349,0.21256858717001817,0.009494653726455719,0.0019025444698821336,0.0003661856213091228
N5226HD,0.5041828619152607,0.43367725980718713,0.04874328596742718,0.010393011386464535,0.00300358092366049
N5227HD,0.7788093887744987,0.2073972215390227,0.010787023993964877,0.0022342015488158147,0.0007721641436978248
N5233HD,0.011388072482974725,0.07019082884671311,0.39070405463972774,0.39571067691204603,0.1320063671185382
N5238HD,0.8773106436358834,0.10930859823385121,0.009814658728865075,0.0023272650938469773,0.0012388343075533906
N5241HD,0.8023137548750315,0.18294669215463938,0.011786103914380936,0.0022012853286949947,0.0007521637272530325
N5243HD,0.005107774052059655,0.039787493909129994,0.381564184496218,0.5422841089823784,0.0312564385602139
N5246HD,0.7471113192048864,0.23169142660155242,0.015173980214321148,0.00406060632775556,0.0019626676514844653
N5247HD,0.0038890258108448756,0.016317571381157345,0.36448345735743387,0.602275543500833,0.013034401949730769
N5248HD,0.5892755088189253,0.32054772963588485,0.07101997611606835,0.013718883996678252,0.005437901432443153
N5253HD,0.5160876543591364,0.43092456680553526,0.0416439766093742,0.007968552774813568,0.003375249451140651
N5257HD,0.03385266593346704,0.1589947432033386,0.39106246241524384,0.34705563726570926,0.06903449118224116
N5259HD,0.021550001509999216,0.13178979637946683,0.31115963992888995,0.3083200819606374,0.22718048022100665
N5262HD,0.05933870036651229,0.6807142248453575,0.2415016937267071,0.01590469023304884,0.0025406908283744103
N5266HD,0.17199473906939,0.7174108784828558,0.09752840088598445,0.011749286475678607,0.0013166950860912733
N5270HD,0.5915392756141591,0.3943608241499261,0.011610014289982642,0.001907940729318157,0.0005819452166138489
N5271HD,0.4217938736192392,0.49361710056662933,0.06655044210916554,0.01407375172005566,0.003964831984910339
N5273HD,0.8528723590898312,0.13600613761560876,0.007598056080291341,0.0026567667815527852,0.0008666804327160645
N5274HD,0.9042315250157035,0.08932586037147755,0.005200959537147876,0.0009634129521969655,0.00027824212347385543
N5211HD,0.18919639691144605,0.582909951806533,0.15607044166446832,0.06414079575320591,0.007682413864346632
N4843HD,0.5476082901135274,0.3945479261325989,0.042515425825239726,0.010441741601408766,0.0048866163272250065
N5287HD,0.5761844817465022,0.3892163244173612,0.026389843133194996,0.006581760620175304,0.0016275900827664078
N5286HD,0.13778033188109742,0.3221942182774145,0.394773886741607,0.11693743430868381,0.028314128791197317
N5292HD,0.03593478167157836,0.16686218310721318,0.43679347492120746,0.3009262219067598,0.0594833383932412
N5294HD,0.819332106977545,0.17470860264165103,0.004329598612948841,0.001113526905298841,0.0005161648625563509
N5296HD,0.2770000143113447,0.5080241226667294,0.15461005256317162,0.0539192894731483,0.006446520985606067
N5298HD,0.835859503615067,0.15318950111759388,0.007903956915538536,0.0022259156999564363,0.0008211226518440119
N5303HD,0.8734075077008828,0.11899125819525953,0.005516345725114523,0.0013948235701400098,0.000690064808603277
N5305HD,0.09646066604888377,0.45228759143113445,0.3671573860005248,0.07276021712195634,0.01133413939750064
N5306HD,0.8571254770960904,0.13373231483198103,0.007579580561352339,0.0012082589063078285,0.00035436860426836303
N5307HD,0.052681705118619276,0.32046639137778093,0.43444179657104354,0.16338027268863184,0.029029834243924274
N5311HD,0.19907003218222455,0.6116141759344103,0.17161812865036116,0.015259952020201608,0.0024377112128024787
N5314HD,0.7802900217616344,0.20527772181901885,0.010459575271724492,0.002783142957062974,0.001189538190559452
N5073HD,0.06916089168791234,0.3659510007702045,0.39981061629432463,0.13989582989675725,0.02518166135080133
N5277HD,0.057243012651552586,0.23366515272407604,0.402281061932221,0.24878739723954343,0.058023375452607065
N4885HD,0.9273946863260194,0.06921420659626872,0.0025803716429667048,0.0005756461532845167,0.00023508928146072936
N5318HD,0.027172727914452764,0.41446346681232393,0.45049400937084016,0.09007245303687161,0.017797342865511493
N5321HD,0.7047573317659371,0.2717174614220592,0.01594882210315181,0.006228574909864015,0.0013478097989877435
N5323HD,0.9431126289216835,0.05538972226515071,0.0010917184245541646,0.0003274336476583444,7.849674095338567e-05
N5324HD,0.7426824522863339,0.23252292723254775,0.018898548995494837,0.004202705015167327,0.0016933664704562419
N5326HD,0.8095846301422013,0.17760560053555285,0.008788579133776066,0.0026372035004932582,0.0013839866879765122
N5327HD,0.6494709941915962,0.3399504614161939,0.007968093491150447,0.0019505737825541145,0.000659877118505388
N5329HD,0.10517916311020402,0.6396085222387445,0.21484383898197087,0.03209776403791317,0.00827071163116755
N5331HD,0.7706947282655832,0.20774311768461554,0.018814431307151696,0.002132411211892705,0.0006153115307569777
N5332HD,0.7218035579590403,0.24534141467990914,0.021644283944323287,0.008560725556498634,0.002650017860228638
N5333HD,0.850091171692377,0.14600089906107355,0.002967384960556798,0.0007412424000230131,0.0001993018859696848
N5334HD,0.028777893233902754,0.9357950713484786,0.03243288831980802,0.0024669481614414436,0.0005271989363692257
N5338HD,0.015274343985409191,0.10100353317175291,0.4548870567595733,0.2968552591131932,0.1319798069700715
N5339HD,0.05768697413763729,0.49039148806908817,0.3528313585667713,0.08007786144044075,0.019012317786062757
N3820HD,0.020560851546020633,0.1218333887480114,0.41746164182603285,0.288734134599849,0.15140998328008617
N5342HD,0.7970130937322283,0.19430676819307735,0.007157763060354167,0.0011872245074453348,0.0003351505068948383
N5345HD,0.6953731495454148,0.2749293606881414,0.024433730015974264,0.004340302097340909,0.0009234576531285396
N5346HD,0.7541406426181704,0.23753602052650397,0.005842644473867578,0.0018897368345679134,0.0005909555468901781
N5348HD,0.0098668161687634,0.0797609087631553,0.24056834476593025,0.4933979918777598,0.1764059384243912
N5351HD,0.5875303080685151,0.35327434325974744,0.04491178920195789,0.012219417767885524,0.0020641417018941164
N5354HD,0.006263314000135189,0.022370048772606545,0.2889695868454736,0.6685540266656752,0.013843023716109388
N5355HD,0.5925270531046093,0.3913674730967497,0.012421207818759888,0.0025749049042037694,0.0011093610756772825
N5362HD,0.899358720349717,0.09776533983124529,0.0022079589010693995,0.0004814177565320671,0.00018656316143633955
N5364HD,0.816595490298248,0.17175124615388052,0.009556828763711113,0.001583274080557019,0.0005131607036032226
N1264HD,0.025664877848788067,0.9033927748091527,0.0661848330158686,0.004207524871556406,0.0005499894546344522
N4985HD,0.3035327748804417,0.6047630594784201,0.06936641645591908,0.016275761246748652,0.006061987938470447
N5368HD,0.006872338127783902,0.0556054788142264,0.42247002581665444,0.46018037831488084,0.05487177892645445
N5371HD,0.8574799035536008,0.13486352508399793,0.005154551858886838,0.0019507828574919048,0.0005512366460225784
N5372HD,0.7362717498526807,0.2541450542619589,0.00797316886200588,0.0012402484753721934,0.00036977854798239765
N5373HD,0.4119744597664658,0.5739100531013973,0.011225565994755946,0.002060132214973437,0.0008297889224075543
N5374HD,0.57638822150161,0.40712492146593693,0.014271449390018795,0.0017880669102394128,0.0004273407321948833
N5377HD,0.6091220229141184,0.3763629643228035,0.012622887973636171,0.0014329792810458828,0.0004591455083961121
N5379HD,0.8108844746744653,0.17539384323207977,0.010845594761682962,0.002398870242701397,0.00047721708907057583
N5381HD,0.04566445975234904,0.3345528250466132,0.32950591812854774,0.23714772851105995,0.05312906856143016
N5383HD,0.1317592440658045,0.35899303799749044,0.3353329162432303,0.1417461824570738,0.03216861923640108
N5385HD,0.8688494149464683,0.12888309762990316,0.0017845223380107593,0.0003796158541437242,0.00010334923147391633
N5387HD,0.027423289094587355,0.2240032120312359,0.3542443023689196,0.3116002900773787,0.0827289064278786
N5388HD,0.054415766102701324,0.22830199051176006,0.3657684578256692,0.3234855112904184,0.028028274269451016
N5389HD,0.02645399918203539,0.6782349836097504,0.26830930360826283,0.023256466121745405,0.0037452474782059997
N5391HD,0.5991350861958643,0.3697228729905017,0.02636316307048736,0.003689831237605797,0.0010890465055408154
N5393HD,0.4778481239689961,0.5029046683613974,0.016924021356146058,0.0019432335851713755,0.0003799527282891128
N5395HD,0.7719628474299131,0.19572940523638824,0.024364413715731274,0.006405415528249634,0.0015379180897177678
N5397HD,0.7950174665054491,0.18927781804047894,0.01265112413613958,0.0024069509564578024,0.0006466403614745197
N5398HD,0.7980569068132541,0.18874058235921473,0.010549327303492671,0.0021315202012913937,0.000521663322746977
N5386HD,0.1313710993441605,0.7201249518033558,0.1391209383169792,0.007653437652978022,0.0017295728825266006
N2483HD,0.8462162428363956,0.142766440962503,0.007443853578325165,0.0024611465713613705,0.0011123160514151299
N5402HD,0.853068062454515,0.13764618006055665,0.00665618838232677,0.0018451595501858895,0.0007844095524154867
N5404HD,0.7058406034397022,0.26855156425376614,0.020722102760641823,0.003962373138193393,0.0009233564076964472
N5405HD,0.9274971603069323,0.06996609038319582,0.0019374898442191069,0.0004239387302348074,0.00017532073541788674
N5407HD,0.18514325819594618,0.5157227800106092,0.1845076617299801,0.09779821276855655,0.016828087294907965
N5414HD,0.47150468256597156,0.509151566568934,0.017262723871876377,0.001538772339629188,0.0005422546535888389
N5415HD,0.7755318973961759,0.21840119417826054,0.003976070795881676,0.0016623461789534708,0.00042849145072834443
N5416HD,0.11567768298324688,0.8130570696889627,0.06400167429022853,0.005673094169261179,0.0015904788683007412
N5421HD,0.7678430285858945,0.21762303057235902,0.011146385089088709,0.0028299708327824778,0.000557584919875404
N5430HD,0.8473637859071235,0.14673119195953643,0.0044479186012019315,0.001079706460513227,0.0003773970716248376
N5431HD,0.05298076662085983,0.8105171870420391,0.12815558353628964,0.007334631781042375,0.0010118310197689039
N5432HD,0.7158252837684159,0.2687571937941063,0.011168618906264624,0.0034858991333034284,0.0007630043979097291
N5437HD,0.9076061308318293,0.08733389879720628,0.004006924759492925,0.0007913824574894053,0.0002616631539820097
N4225HD,0.2384650009721171,0.6759169409357065,0.0687347606847794,0.014451374640581337,0.0024319227668156197
N5123HD,0.5496507122410729,0.4166402197673461,0.023541941985370185,0.008371821064863524,0.0017953049413472462
N9187HC,0.032282847707191364,0.2360692424527296,0.3797128096585537,0.29485597861076157,0.057079121570763613
