ncode,proba_0,proba_1,proba_2,proba_3,proba_4
N0001HE,0.8931869717828544,0.10277302328388678,0.002656533818103117,0.0010487567797825756,0.00033471433537300206
N0002HE,0.23342523180083577,0.7342947079703043,0.029272501303876958,0.002346029242999997,0.0006615296819828882
N0004HF,0.7375989771497098,0.2436288494316476,0.015064479353910368,0.002975003476544473,0.0007326905881876228
N0005HE,0.0028669937766229925,0.01240582181271777,0.33510508683106144,0.6340586343528221,0.015563463226775692
N0006HF,0.048231210542741154,0.4630531817275959,0.4221085713017564,0.05872337889935335,0.007883657528553193
N0007HE,0.24300850950822533,0.64024840059654,0.10269272123370651,0.011685312312103135,0.0023650563494250773
N0009HE,0.8552788453182535,0.13653044498821673,0.006663317945364985,0.0012523274641652164,0.00027506428399941106
N0009HF,0.7015742177292176,0.25915824887941624,0.026116061692057723,0.01046126462345991,0.002690207075848494
N0012HE,0.784186652326406,0.19443783664894856,0.01795557577276834,0.0027250296817454807,0.0006949055701316211
N0013HF,0.7893864404600063,0.19682192254331007,0.009072240929149041,0.00384495080966267,0.0008744452578719886
N0014HF,0.703534304027172,0.27010058184845764,0.021224804637541922,0.004031009877905754,0.0011092996089225864
N0016HE,0.9161035722335052,0.07980287115494086,0.0028044963501519743,0.0009281990164288275,0.0003608612449730433
N0017HE,0.7799200034869906,0.21128256847715238,0.006854528247478715,0.0015134493982213934,0.00042945039015692776
N0018HF,0.7612308667828687,0.22340124848852697,0.012071113394159531,0.0025844479016230346,0.0007123234328217391
N0021HF,0.8095676904889755,0.18353949401902572,0.005813676531335141,0.0008431070119695317,0.00023603194869389242
N0022HE,0.7731399846379636,0.21090463810819032,0.011866607252823028,0.0030157364985682117,0.0010730335024548231
N0024HE,0.5460397142136918,0.4012861338529505,0.04250325109910739,0.008160554389062926,0.002010346445187482
N0025HE,0.34419104230066866,0.4605821004736585,0.1475231432347041,0.03858102362902539,0.009122690361943273
N0025HF,0.11166564056155151,0.7130846440179786,0.16105302010761044,0.012012504871226171,0.0021841904416333535
N0026HE,0.16934397962626138,0.6057228605298934,0.2117272311551439,0.010888447730807962,0.002317480957893386
N0026HF,0.7617759691524528,0.22182846485606866,0.012640375129987804,0.002914307743257296,0.0008408831182333667
N0027HE,0.6737599368925571,0.29691594908835206,0.023848746057816245,0.004540767461675113,0.0009346004995995572
N0027HF,0.004938540683992961,0.03322361633585802,0.2982822424764061,0.6370932515545927,0.026462348949150255
N0029HF,0.13770884318351675,0.4572529071451254,0.2575865699579228,0.11506624732577045,0.03238543238766466
N0032HF,0.31373460813331444,0.527512973380645,0.10805121418470305,0.043867809547272235,0.006833394754065308
N0034HE,0.4360078597477329,0.4337850458710437,0.09570171406863283,0.027801108327991764,0.006704271984598808
N0035HF,0.8111784780729824,0.17803001215083172,0.007830657310942707,0.002325588915560817,0.0006352635496824708
N0037HE,0.30716544711050814,0.5413176449890151,0.12062468498298025,0.02481656088225296,0.006075662035243473
N0039HE,0.10449794225431823,0.770852517152188,0.11651890745816355,0.00682700839581232,0.0013036247395176916
N0040HE,0.3502867538318328,0.5695539279969521,0.06274702192678841,0.013263524103108132,0.004148772141318574
N0042HE,0.2137060416719197,0.45676747636180626,0.22304321383887554,0.0824171062207308,0.024066161906667733
N0044HE,0.48840883459433204,0.43420094260911346,0.05385926540783411,0.01901642579294619,0.004514531595774295
N0045HF,0.1150434322682891,0.8086671133158341,0.06433018483323656,0.009667673420138499,0.002291596162501871
N0046HE,0.14210963615029265,0.7540919049128549,0.0910048529170907,0.010501635213297923,0.00229197080646364
N0047HE,0.6260704744213574,0.3334416121809441,0.032488348539466326,0.0065259776832740386,0.001473587174958107
N0047HF,0.7980649463169186,0.18474565968760276,0.013953634766616508,0.002677374080665324,0.000558385148196792
N0048HF,0.687170413890999,0.28226708503279374,0.02474971685069331,0.004756482215398074,0.0010563020101159244
N0053HF,0.9429658935452963,0.05501462076481124,0.0015378611011059987,0.00035178135230807005,0.0001298432364783806
N0054HE,0.13035368913656348,0.7708050868418255,0.09208162557792399,0.0056209817399812834,0.0011386167037057474
N0058HE,0.38983504875719055,0.48401651557294273,0.09054766026776596,0.0291316647991521,0.0064691106029486824
N0058HF,0.8903003784979756,0.10122102521054906,0.00654095046591809,0.0015474894331106667,0.00039015639244659514
N0059HE,0.07624666880313927,0.31337241625020007,0.3314726468084661,0.22402041809166326,0.054887850046531274
N0059HF,0.4311202575846787,0.496479988517797,0.054904067988710434,0.013485901360254349,0.00400978454855949
N0060HE,0.08204811216179161,0.3885094908462857,0.3369483139174166,0.1595665322183816,0.032927550856124435
N0064HE,0.6262521266882066,0.3339504340551117,0.028412092435965347,0.00926764829619617,0.002117698524520124
N0066HE,0.546169248982921,0.3968259186129047,0.044107396486576175,0.010901569411516088,0.001995866506082048
N0068HF,0.019267547780962943,0.14049910445772001,0.33573349702519895,0.42149828694384855,0.08300156379226957
N0069HE,0.6407692078185031,0.34564162365165413,0.00996910155242548,0.002757054702816608,0.000863012274600534
N0069HF,0.062020840567767174,0.5772401551634705,0.3316124663094659,0.025063082836790075,0.004063455122506181
N0070HE,0.11944232472215022,0.4217979912167282,0.3130823589746566,0.12529172390202306,0.020385601184441944
N0071HF,0.39920220718883603,0.5229982444392424,0.05936516432718695,0.014249816106256127,0.004184567938478474
N0074HE,0.4657641551966205,0.4778684412243076,0.0477295829290753,0.007267093751513819,0.0013707268984826885
N0076HE,0.07211366594366073,0.3098400830798913,0.381394356378957,0.19852063749785243,0.03813125709963846
N0076HF,0.883841165798892,0.10998406979066659,0.004539347574985138,0.0012249304133668596,0.0004104864220893711
N0077HE,0.0058349021200571494,0.029125144587880798,0.33013501403806667,0.4145294159963675,0.22037552325762794
N0077HF,0.8277391495945079,0.1601604029425073,0.010435851911706272,0.0013213323279688623,0.0003432632233097689
N0078HF,0.8421362670650685,0.1475176461515471,0.008932727514865872,0.0011323958259853643,0.00028096344253329426
N0079HE,0.4383708287194601,0.5110919405332067,0.03448528251658311,0.010541569473754663,0.005510378756995432
N0079HF,0.8670001879320293,0.12825661324332466,0.003561684613676251,0.000859552126719494,0.000321962084250286
N0080HE,0.2809747667487676,0.6001072861656311,0.11109251744852384,0.006745500383135053,0.0010799292539423674
N0082HE,0.2974463026748789,0.592446345002988,0.100753455670144,0.008029437903066181,0.0013244587489229715
N0084HE,0.9078449211453951,0.08835453786956618,0.002475390642516691,0.0009231880212032256,0.0004019623213189544
N0086HF,0.1172548445244912,0.798768554483088,0.07872921717777805,0.004420377747866792,0.0008270060667758868
N0089HF,0.19289949709737664,0.7430792483305324,0.0588696212034988,0.004294346774421557,0.000857286594170727
N0094HE,0.4506792862584459,0.4358573646843462,0.07741032528432165,0.030481139383143275,0.00557188438974297
N0095HE,0.1456671728885165,0.7395768109029952,0.1066863347239835,0.006931369072031793,0.0011383124124730616
N0096HF,0.8096080360525791,0.17728178585772975,0.008582788808760282,0.0033806377386108614,0.0011467515423201364
N0099HF,0.37951464384124395,0.5759631560583207,0.0395332552244209,0.0040215426841015275,0.0009674021919129257
N0101HF,0.7759433526198849,0.21640251923807624,0.005533927060726011,0.001583650687496096,0.000536550393816609
N0102HE,0.2057627545506993,0.7017109437965893,0.0776595672274045,0.011974768744436825,0.0028919656808701674
N0103HF,0.004825930748133542,0.029867486059399245,0.22933398739351882,0.3952762929351846,0.3406963028637638
N0105HF,0.9590608434608233,0.03788255584542351,0.002224039338376334,0.0005633551336807722,0.00026920622169591507
N0108HE,0.3299442642046232,0.5961857056661464,0.058606809128900185,0.011738272759217391,0.0035249482411128983
N0109HE,0.02869129180700874,0.3196566357589795,0.49014638859204795,0.14406941754225255,0.017436266299711206
N0110HE,0.18716801315974535,0.5042606863308017,0.2522792873264598,0.048969070823159835,0.007322942359833344
N0111HF,0.8224651242261778,0.1697012384300702,0.006007322639219276,0.0013417274154567016,0.0004845872890760697
N0113HF,0.7712995316059607,0.22092652389318998,0.006196163530672384,0.0012150741229968443,0.00036270684718026856
N0114HF,0.19196633285518616,0.6473211039432665,0.14790628688973925,0.010955238459524742,0.0018510378522833826
N0115HE,0.5648522433791539,0.3717595944995967,0.048476861553446986,0.011969125484244742,0.002942175083557696
N0117HF,0.7399342773449018,0.24739448604497608,0.008703226166284406,0.0027153945402991855,0.0012526159035385234
N0119HE,0.6852783064930413,0.30124499120501813,0.011131023023753399,0.0019048055357524663,0.0004408737424347211
N0119HF,0.8712671976013608,0.11976217920713647,0.006080516879300116,0.002148292755416467,0.000741813556786029
N0123HE,0.37753770929718555,0.48111570461728714,0.10264315560387223,0.032729354754673506,0.005974075726981649
N0124HE,0.04682164047534007,0.45276026085081245,0.37215615991615936,0.09967724790580264,0.028584690851885364
N0125HE,0.8843762144175458,0.1118912941975357,0.0029715664634624773,0.0005762648874938517,0.00018466003396225226
N0125HF,0.34812464921078906,0.5193142415771361,0.11382869331317184,0.015330445657325378,0.0034019702415776032
N0127HE,0.017078017575299954,0.11804104228940196,0.37217111723698093,0.37614952450803585,0.11656029839028126
N0127HF,0.7769187777144556,0.21148126650324114,0.00764001463863314,0.0029419280809472297,0.0010180130627228576
N0130HE,0.914709848369642,0.08266296836892376,0.002031355018419548,0.0004447605280920858,0.00015106771492254
N0132HF,0.2632079253191725,0.6788496624285726,0.05128299103568178,0.005057787832000019,0.0016016333845732336
N0133HE,0.6368392945804022,0.3473819783857686,0.01141157848435411,0.0032214665029785747,0.0011456820464963537
N0136HE,0.7998937130148611,0.19290901469536062,0.005873853831564959,0.0009998931832510857,0.00032352527496222835
N0136HF,0.7854692481774374,0.19463991372580808,0.01610329688219607,0.0031312973858346298,0.0006562438287238355
N0138HE,0.04607476616539928,0.2985151002841701,0.35154385111079384,0.2587235000591244,0.04514278238051238
N0140HE,0.642800362295713,0.3263059093065606,0.022264868886629034,0.006323201668977108,0.0023056578421202104
N0140HF,0.7989652314323749,0.1869219550577179,0.011504292835118637,0.002140216778320012,0.00046830389646863884
N0141HE,0.02218999092739713,0.8348267477410106,0.1345137240019992,0.007315933597640281,0.0011536037319527259
N0142HE,0.7190409923742729,0.2510762385451687,0.02298994652473672,0.005350237044380427,0.001542585511441528
N0142HF,0.8630978454223639,0.13165145364264977,0.0034385808299776124,0.0012657818513357392,0.0005463382536730698
N0145HE,0.8969257461013875,0.10047549934689122,0.001951800535301034,0.0004868861822938537,0.00016006783412644075
N0147HE,0.7971594912221711,0.17749250243132902,0.01652536825428032,0.006263480881863026,0.002559157210356512
N0149HF,0.08697925147066585,0.850343326227249,0.05719655672674691,0.004450194525399879,0.001030671049938426
N0150HE,0.13111772954706882,0.4688966181600649,0.263602060818157,0.11999970603697396,0.016383885437735213
N0151HE,0.12689184456791153,0.4433680863731187,0.3240351674575353,0.09265953167891287,0.01304536992252163
N0152HE,0.664845532930874,0.29438138736494673,0.03217354043922233,0.007136985600827388,0.0014625536641295035
N0153HE,0.6117014125112783,0.33276219166436044,0.04431817795917873,0.009420642005211493,0.0017975758599709124
N0153HF,0.6566348275198741,0.3102517181807854,0.021897326479993727,0.008324837417033677,0.002891290402313059
N0157HE,0.8054655714819454,0.1834535482864973,0.00806320584392148,0.002320070912584527,0.0006976034750513173
N0158HF,0.6592539489268878,0.29538867545291336,0.03387306790457025,0.009311364000644973,0.002172943714983559
N0159HE,0.18471674429064783,0.5104791244974144,0.16932157191229943,0.11916976623854243,0.01631279306109593
N0159HF,0.21379914374079206,0.644400399463952,0.10887496206143081,0.02669685836856319,0.00622863636526183
N0160HE,0.885136777921469,0.10933041186858619,0.0041010910716779685,0.0010335273928489134,0.0003981917454178696
N0161HE,0.8922032336885908,0.10394491349417223,0.002691654177995475,0.000918391695718602,0.00024180694352291947
N0161HF,0.9091355818868168,0.08588861958901178,0.003425782732675678,0.0011020188105898155,0.000447996980906068
N0163HF,0.008761536893570641,0.04307202231726916,0.22550618553775287,0.4610964940467811,0.2615637612046263
N0164HF,0.2505919298120495,0.49814984063130846,0.19059215063064533,0.04778532257778166,0.012880756348215052
N0166HE,0.7449780512055522,0.23792932150206555,0.013765654097476512,0.00255863749926857,0.0007683356956371633
N0167HE,0.34966924006488,0.5749254656413678,0.06011729992204332,0.011751106931643959,0.0035368874400649466
N0168HE,0.035692213745862816,0.924074083082799,0.03698043856989858,0.0028060604330652585,0.00044720416837415916
N0170HF,0.9415024971928702,0.056201640734477996,0.0016808033637813774,0.00045160506151992663,0.00016345364735034597
N0171HC,0.8467208133743661,0.1440096534658462,0.006008251753044222,0.002376115289397721,0.0008851661173458491
N0171HF,0.6245840254629377,0.3582207690858493,0.014748151471500975,0.0018855647116597675,0.0005614892680522787
N0173HE,0.5020560441934492,0.4685613691911077,0.024511268337406293,0.0037414431404717377,0.0011298751375650455
N0175HE,0.2725513686841856,0.4581298470101417,0.1969341094419787,0.054369034715984386,0.018015640147709594
N0176HD,0.5380488332034292,0.43893222556831857,0.01994625377043712,0.0023222181099515427,0.0007504693478634693
N0176HE,0.9413703875527512,0.05232673817826696,0.0041476838062742384,0.0015505056210975972,0.0006046848416100797
N0181HE,0.5251829822770898,0.4227210206446085,0.04627510773104873,0.004468504469232965,0.001352384878019977
N0185HF,0.510968207887449,0.47872967317416937,0.009002111177660437,0.0009511184291914187,0.0003488893315298862
N0186HE,0.7819154706314756,0.2088436900285747,0.007143638666792569,0.0016142973460889394,0.00048290332706808585
N0188HF,0.1215072640338107,0.8070937827042002,0.06476435511556332,0.00554514221162964,0.001089455934796157
N0189HE,0.7235717018402579,0.24966190964514415,0.020259878951989524,0.004863053187816754,0.0016434563747916267
N0190HD,0.16249096031462787,0.6170054423096052,0.16686059192670438,0.04233988109826762,0.01130312435079494
N0192HF,0.32525614461744323,0.4689530497214084,0.1584087374102078,0.041486292888598085,0.00589577536234235
N0193HF,0.1476494256862783,0.43974626870287253,0.25978228067072057,0.129230259788427,0.02359176515170156
N0194HF,0.007450994735409095,0.05092677702373466,0.4061111973099106,0.4327498823346948,0.10276114859625093
N0195HF,0.1867634539371978,0.5656980561313115,0.18913312088760148,0.04786463305375536,0.010540735990133865
N0197HE,0.025691082812433107,0.9259906451437956,0.04242650441743746,0.0051127045582361206,0.0007790630680976875
N0198HF,0.4408842965499285,0.5422386387437632,0.014236908600628062,0.0019019864062129403,0.0007381696994673147
N0200HF,0.7380231848501794,0.23306718244766503,0.017355927786402398,0.00877520297876126,0.0027785019369919364
N0203HE,0.07560528906907607,0.6227871829333608,0.2600037473399602,0.034321093004820176,0.007282687652782898
N0205HE,0.5943860746825358,0.3809766184731311,0.020253519047310806,0.003486919150153855,0.000896868646868483
N0205HF,0.8782858166822974,0.11782644984623254,0.0028850675583678305,0.0007620128182969461,0.0002406530948053234
N0210HF,0.3792019679887412,0.5701053746288374,0.04073514324195636,0.007245732912914335,0.002711781227550759
N0212HE,0.30675741399973877,0.5699487230835838,0.10662073496457489,0.013136541894949177,0.003536586057153407
N0213HE,0.8062275518200075,0.17904924587816995,0.010524518967635874,0.0032684913568581456,0.0009301919773285191
N0215HF,0.5407782758978549,0.42286304119762097,0.02824943279986495,0.006432538797250922,0.0016767113074082803
N0216HF,0.3670915808173856,0.5824933779734043,0.043598736922947565,0.005489259978181761,0.0013270443080808914
N0217HE,0.049030999370917996,0.7875489732327975,0.14432851807211333,0.015989460387118976,0.003102048937052086
N0219HF,0.8583493349556397,0.13291427071509565,0.006456222605238511,0.0018143906757873383,0.00046578104823875616
N0220HE,0.04066233174930725,0.9303861967870924,0.02675384383364755,0.0018774822883216393,0.0003201453416312288
N0221HE,0.6953471412719814,0.28751002146915167,0.013512701200085043,0.0029733738929038074,0.0006567621658781979
N0222HE,0.8168538443800722,0.1630165514477439,0.013241347512306106,0.004999295483885444,0.00188896117599242
N0222HF,0.5369287246830139,0.4497243316969244,0.011311902266362191,0.0016278811595079779,0.0004071601941916357
N0223HF,0.10659078947116452,0.8173042502495195,0.06952354813073636,0.005407209511730386,0.00117420263684929
N0224HF,0.42393429649130115,0.493462763107008,0.06481515992027118,0.014739470178676394,0.0030483103027432873
N0225HE,0.9079500230823463,0.08695566842908402,0.003946065581159737,0.0008102578073119436,0.0003379851000979815
N0226HE,0.015019757011141163,0.08550577397756322,0.37986991962656635,0.31525843435641904,0.20434611502831027
N0227GZ,0.8814800925718498,0.11011385075630316,0.006441589714063269,0.0015192427141025174,0.00044522424368138424
N0227HF,0.8976806376925671,0.09866888681199884,0.0026548584590136153,0.0006698047007934484,0.00032581233562697535
N0228HE,0.06664881924543403,0.321306803317278,0.36527094271417815,0.19408665435157088,0.05268678037153894
N0229HE,0.5471114906055472,0.39886099130077124,0.04339773258020037,0.008458860910032107,0.0021709246034489617
N0229HF,0.8411336517188872,0.15229709362858396,0.004736675027381665,0.0013624856443599789,0.0004700939807871317
N0230HF,0.1624182641587776,0.5661631773585446,0.19971892161774277,0.05928218107215315,0.012417455792781841
N0231HE,0.4098536042525539,0.5699391003391256,0.017099092473126347,0.0025112493004954685,0.0005969536346987078
N0233HF,0.7345570430357922,0.23858398808356665,0.020455979277626494,0.005141806047138405,0.0012611835558762707
N0235HE,0.5718495853413599,0.37464897537311964,0.045099594320396626,0.006701058229831013,0.0017007867352927697
N0237HE,0.6799185980994846,0.30251067698439954,0.013462558500500274,0.002750779784824906,0.0013573866307906954
N0239HF,0.23707951108254743,0.6454489712063183,0.09676197172363163,0.01647865477040558,0.004230891217097212
N0240HE,0.7463408461907617,0.22544958177500418,0.02201184467176985,0.0048429778538279945,0.0013547495086362524
N0240HF,0.9258800031156985,0.07139987992000534,0.0020401901710640907,0.0005185014776576468,0.00016142531557456518
N0241HE,0.0670886589471626,0.559197043556983,0.3177388235692951,0.04634795061763708,0.009627523308922217
N0241HF,0.8492304212892524,0.13842786379030123,0.007429428814985857,0.0036768523393722217,0.0012354337660881764
N0242HE,0.6786210709758818,0.3051434511145084,0.0121487553580668,0.002682707796521887,0.0014040147550212483
N0242HF,0.748942212630307,0.2285622518013705,0.015267633032329083,0.005971937213840669,0.001255965322152669
N0243HE,0.44321008790911287,0.4077206136034385,0.11096869031381965,0.031710433507207716,0.0063901746664213055
N0245HE,0.10451726856575994,0.47870170502150505,0.30997295173436873,0.08362972487172722,0.023178349806639124
N0245HF,0.009291684177664527,0.05853286575631432,0.3837943642112628,0.4484623812215866,0.09991870463317187
N0251HE,0.35372440843676006,0.5805535544847509,0.053273350878679585,0.009933024499878016,0.0025156616999315153
N0255HF,0.7585859362281964,0.22302092364348552,0.014538751304925707,0.003075585597956732,0.0007788032254356396
N0258HE,0.7841799808153258,0.20203525059365807,0.010506359183479176,0.0025208557735183785,0.0007575536340185863
N0258HF,0.22172222219887477,0.5845653851104258,0.13592012839973105,0.04933110621794977,0.008461158073018648
N0259HF,0.3350030531472682,0.46514352615652144,0.15346934565709272,0.04026699035556221,0.006117084683555433
N0260HF,0.7888785186578682,0.19428955439690287,0.013351881648203254,0.0026718343195276262,0.0008082109774981084
N0263HE,0.8408778557546543,0.15146937739682434,0.00555345352297272,0.0015401622516869257,0.0005591510738616504
N0263HF,0.7821169309546157,0.21033215106255115,0.00579054347537558,0.001290723262358787,0.00046965124509879024
N0264HF,0.17717014642866494,0.6008931470859059,0.17641402641198678,0.03903180086147217,0.006490879211970243
N0267HE,0.08718404999932354,0.8253617710513309,0.07952532483765037,0.006852945851988361,0.0010759082597068446
N0268HF,0.3552286819670939,0.5135584381639217,0.08920337881695117,0.033792849409401714,0.008216651642631677
N0270HE,0.7999489711054523,0.1836600385947742,0.012367480753154442,0.00283537159243664,0.0011881379541824166
N0272HE,0.6252771572032498,0.32308144089245505,0.04287200788798491,0.007282171732356053,0.0014872222839540366
N0274HE,0.13971854076647378,0.5083903997696788,0.2773252563350636,0.061329915979918256,0.013235887148865588
N0278HE,0.5297708977198712,0.37065831512973113,0.07076123284471872,0.02344079004080049,0.005368764264878518
N0279HF,0.6430968608417144,0.3295203510965531,0.021647724607639807,0.0047486375169951385,0.0009864259370977169
N0283HE,0.6022438922491131,0.3544308546440939,0.03193759416239823,0.009026208667173801,0.0023614502772209495
N0286HE,0.8983211297116996,0.09865049178889644,0.0021113780997397487,0.0006691434388179136,0.0002478569608462399
N0287HE,0.4480305594970064,0.49504046027313764,0.04205005411510578,0.010445741117446424,0.004433184997303632
N0288HE,0.7435224289716945,0.23147905176166508,0.02058156950420075,0.0036307551881259565,0.0007861945743136998
N0292HE,0.139124010687488,0.7072583526914802,0.13476244571630114,0.015715689770546604,0.003139501134184184
N0294HF,0.7035211684347954,0.2714618014943265,0.019957674330825983,0.004172072685765942,0.0008872830542860583
N0295HF,0.8953841651398665,0.09787600005397631,0.005341966995600045,0.0010615021198130713,0.0003363656907441129
N0296HE,0.3651269104906484,0.5340248611268523,0.07762457295037588,0.019889029174349423,0.003334626257774048
N0299HF,0.3270106478985942,0.6508831107198827,0.0189841050529772,0.0025314699185722558,0.0005906664099736985
N0301HF,0.803095730762073,0.1841559880018413,0.009307229319870306,0.0026818383666206264,0.0007592135495946263
N0302HE,0.6598906531687937,0.3156856082561412,0.016510777677046746,0.006372120446245846,0.0015408404517724913
N0303HF,0.6745687827196636,0.29927420178421466,0.01943117602171334,0.004989842422504435,0.0017359970519040288
N0304HF,0.5669167497143053,0.3793378990431888,0.043395033553788556,0.00834904291189224,0.002001274776824948
N0305HF,0.14632815004414712,0.6213951776863845,0.20164434130430786,0.026041644035651502,0.004590686929508938
N0306HF,0.8201123432514039,0.17051995039652013,0.006790192531766747,0.0019519052695267658,0.0006256085507822768
N0307HF,0.050611512838964035,0.934283996807622,0.013931080095614487,0.0009221442043744535,0.00025126605342509203
N0309HF,0.08167667274116763,0.460258025718651,0.336445465881723,0.10758466310101185,0.014035172557446459
N0311HF,0.1672618157086169,0.7700979106591326,0.05853239995739745,0.0034022078766524945,0.0007056657982005656
N0312HE,0.6120491088112653,0.35325302371954026,0.028682580410911103,0.004828331086885693,0.0011869559713977042
N0313HE,0.7130554600434935,0.2588228739257778,0.022909252529606686,0.004188034073478746,0.0010243794276432326
N0316HE,0.8264616749867262,0.16747942000243604,0.004572718356832077,0.0010399942898347593,0.0004461923641710123
N0319HE,0.6930766824345651,0.2768884012537912,0.020908075157297517,0.007170735763149391,0.001956105391196762
N0320HE,0.8805837501652759,0.11237602247119353,0.004999616526317645,0.0014230291027291354,0.0006175817344839048
N0323HF,0.4609561291217584,0.45485987166717035,0.06773538522889101,0.01371105559897783,0.002737558383202508
N0327HE,0.7461285303422387,0.23270734936871246,0.015716325963487182,0.004433194518709658,0.00101459980685197
N0327HF,0.7948202473949835,0.18763193809749829,0.012826175046251886,0.0035896785050862834,0.0011319609561801177
N0330HE,0.6798863001689,0.2974481722919371,0.016289463847291234,0.005103142501991136,0.0012729211898806307
N0330HF,0.8490572428789476,0.13610962289269446,0.010992173995868092,0.002763658437900518,0.0010773017945895874
N0332HE,0.8427995625577337,0.1481375605754818,0.006380124690161179,0.0021333716438519763,0.0005493805327712324
N0332HF,0.324028916698311,0.6200085121136729,0.04433907642497066,0.009405512984812878,0.0022179817782324958
N0333HE,0.07997959127796861,0.38900172225946883,0.33694998232433426,0.16786404801136087,0.02620465612686748
N0334HE,0.18395326896169895,0.4900648928136683,0.21225039516486163,0.08095376217095819,0.03277768088881296
N0334HF,0.8843339693414238,0.10952105995744839,0.004360447226000733,0.00128635827510675,0.0004981652000203329
N0336HE,0.8950352094521851,0.1024348779687746,0.0018741967149199933,0.0004844380837855612,0.00017127778033470945
N0338HF,0.26992782029731244,0.5460499685352197,0.1342559996713226,0.039427925197730404,0.010338286298414791
N0343HF,0.763594991661269,0.2241380981908026,0.010642187079329773,0.0012665703683019769,0.00035815270029669746
N0344HF,0.729411322278644,0.2569732105797058,0.011888102013842865,0.001350759423551655,0.00037660570425567945
N0345HE,0.7472713969988364,0.23543874621309438,0.011280021010650574,0.00404260363954124,0.0019672321378774297
N0345HF,0.6701755178621815,0.30623150128824167,0.020601067244609646,0.0022329664410588117,0.0007589471639084706
N0346HF,0.8750773605986325,0.10955222907208935,0.01014515743334751,0.0036507568283767077,0.0015744960675539669
N0348HF,0.05836049388099396,0.9290584750941907,0.011383231783765836,0.0009483057971803874,0.00024949344386904855
N0349HE,0.8488053966767197,0.13920052391084814,0.008775246367000326,0.002603937231921036,0.0006148958135108476
N0349HF,0.640665718918571,0.34114489038922474,0.01533297138560362,0.002125535749761899,0.0007308835568385827
N0351HE,0.4787550156285879,0.4231836310424744,0.07317875973241728,0.020787288935463975,0.004095304661056432
N0351HF,0.7272010186172988,0.2578696653233192,0.013193758755323387,0.0013058254052803863,0.0004297318987781724
N0353HF,0.7484746634662348,0.23323171521873517,0.015680131199433157,0.002036515033737951,0.0005769750818589664
N0354HF,0.8512986503898338,0.1388798525993329,0.008085705116376723,0.001369007562067525,0.000366784332389068
N0355HE,0.3619984906290476,0.4999375245437735,0.11021937378006766,0.023566151966379588,0.004278459080731689
N0356HE,0.6871149798746958,0.29829844308249126,0.010520232318260566,0.002882831875534373,0.0011835128490179174
N0356HF,0.7643001689160298,0.19510886178309275,0.025128315060628625,0.010509912042905217,0.004952742197343593
N0357HE,0.4117424747202717,0.514984277625236,0.06285572296653032,0.008667511625138864,0.001750013062823077
N0358HF,0.49194075493346123,0.4774446669695166,0.02700226819843176,0.0028036126615783976,0.0008086972370119624
N0360HE,0.7077824032493183,0.28254394205177413,0.007541475383474673,0.001682063957841574,0.0004501153575913553
N0361HE,0.932897638967925,0.06528917945013837,0.0012881938983852485,0.00040087523191108026,0.00012411245164047107
N0363HE,0.8007820891752733,0.18811695130069647,0.008530455122415159,0.0019722783153466295,0.0005982260862683675
N0363HF,0.06714410776390699,0.2831532849035592,0.3441304371418455,0.24164835062498705,0.06392381956570135
N0364HF,0.04329144027386836,0.3030899833879486,0.3457716532685674,0.25510571507964747,0.052741207989968106
N0365HE,0.13107233968339566,0.3284028267209653,0.33145827021212726,0.1808861885798988,0.028180374803612997
N0365HF,0.10680996899633062,0.5865432828662446,0.27377749262647727,0.028471626583100547,0.004397628927846877
N0366HE,0.45876770722679083,0.4982546530379922,0.03364744418832209,0.007004731914443443,0.0023254636324513017
N0367HE,0.3800674840041136,0.5102695372071572,0.06922168293994532,0.03417198704780429,0.006269308800979626
N0367HF,0.10938907164164213,0.5552110355824696,0.28930518528791427,0.04012022678957832,0.005974480698395705
N0369HF,0.5038526126588464,0.4386116454767343,0.03879248442652096,0.013024877848637425,0.00571837958926108
N0370HF,0.762799704099322,0.2219307644171286,0.011238010738608206,0.003127500551333645,0.0009040201936074639
N0372HE,0.8729178766268013,0.121803539488014,0.00442910036334297,0.0006935221649980741,0.00015596135684343317
N0374HE,0.013800359804114318,0.09485998314286719,0.36786469085486945,0.49356306120121174,0.029911904996937348
N0377HE,0.8907129563202831,0.10287790675478584,0.004320332162104232,0.001572285591148166,0.0005165191716786524
N0378HF,0.8171516747250157,0.1721246680572138,0.008839933479552527,0.001486819833405929,0.00039690390481192763
N0380HF,0.6954093895221416,0.28799097417411,0.014394956419230276,0.0017985756096985921,0.00040610427481951395
N0381HE,0.8413975020602535,0.1445675545403705,0.011772490368940616,0.0017436431575430394,0.0005188098728921928
N0382HE,0.6546374476193504,0.32493111117567,0.013127050625836934,0.005811242631904941,0.0014931479472377305
N0382HF,0.48389939769727136,0.46982857884048607,0.03757868169579555,0.006950796991145622,0.001742544775301395
N0383HE,0.9105745354873817,0.08287041267908593,0.0044665173704697605,0.0015268321605100457,0.000561702302552729
N0384HF,0.3396242860509506,0.5562526016898501,0.07534873779871833,0.024440421314335235,0.004333953146145807
N0385HC,0.15341029144929713,0.6348378529614063,0.1863810234870314,0.020177865233871044,0.005192966868394251
N0385HE,0.8396734121072132,0.15504554718870225,0.003934588177487151,0.00099866219320553,0.00034779033339181595
N0387HF,0.027246288982199496,0.937469981387134,0.031988871962253064,0.0028312521665457627,0.00046360550186763574
N0388HE,0.927489021351181,0.06902056590380656,0.0025573212404305145,0.0006771610139987216,0.0002559304905831804
N0389HD,0.02461579485764113,0.9168684467423395,0.055355479146785416,0.002688926026610949,0.00047135322662294023
N0389HE,0.7726753609166518,0.2169891070067916,0.00757612012747354,0.0020957290531990937,0.0006636828958839098
N0390HE,0.15344831215986807,0.5333091649388011,0.20614522110664488,0.0784233817832347,0.02867392001145111
N0391HE,0.3427582478289005,0.5720056454005734,0.07242276578434272,0.00946459191647835,0.00334874906970516
N0392HE,0.6870896956628366,0.2997200983510695,0.01119188285811911,0.0015152428334368618,0.00048308029453790057
N0393HF,0.3066270097204297,0.46405251878017423,0.16316172938786566,0.05468494190119448,0.011473800210335911
N0394HE,0.6732348618128683,0.3111755168097376,0.01322996103439695,0.0018028327265821333,0.0005568276164149765
N0395HF,0.5915958662928241,0.383316863559099,0.02094929413155192,0.00323450365719148,0.0009034723593334636
N0397HE,0.6334975033052304,0.34677653512449474,0.016290887730612234,0.00258002928329928,0.0008550445563633034
N0400HF,0.12344021630710214,0.5678615321455265,0.214369499795865,0.08841588746177087,0.005912864289735531
N0401HF,0.21469065385531186,0.4627970206064959,0.19782383929572997,0.10098766708841893,0.02370081915404326
N0402HF,0.35687304687437715,0.5734083680723053,0.056995959065114274,0.010374191195138747,0.002348434793064518
N0403HF,0.8447607709327656,0.15066451672169173,0.0034684054972336773,0.0007793126050081227,0.00032699424330104873
N0405HE,0.69251850535602,0.2727993629486692,0.02647223463724257,0.006273915613940263,0.0019359814441281293
N0406HE,0.1865103848802825,0.6272725379620647,0.154749187337114,0.02587493693390149,0.005592952886637397
N0406HF,0.5113920064186412,0.4635981428858197,0.01841907451539572,0.004994250715513977,0.001596525464629374
N0408HE,0.7104684607071603,0.28111389340226006,0.0064756104176860365,0.0014727908622115626,0.00046924461068207425
N0408HF,0.21379762739855873,0.5263610259130834,0.20382902822518414,0.04356183162127058,0.012450486841903181
N0409HF,0.15428460194615543,0.6248266094278719,0.16382793886316455,0.04465037140935153,0.012410478353456642
N0411HF,0.10043745984348298,0.601430360308433,0.26881007097330745,0.024935856844027993,0.004386252030748545
N0412HE,0.48913392265899186,0.44192036503941157,0.05206566956595961,0.014244953461738732,0.002635089273898339
N0413HE,0.917270718373228,0.07913805668774324,0.002400461408036827,0.0008805183341615948,0.00031024519683051967
N0413HF,0.3543902920089146,0.6027922168007839,0.036592584760381075,0.004690770650412329,0.0015341357795081213
N0414HE,0.8730727309607762,0.12182538883589755,0.0035633681304780827,0.0011683167734123719,0.00037019529943589034
N0414HF,0.03088690875121148,0.7616712385627851,0.19423642765578106,0.010719743274669848,0.0024856817555525858
N0415HF,0.7194327645321035,0.24547317414016917,0.025489544903842754,0.007095816273819664,0.0025087001500648286
N0416HE,0.627250590984853,0.3451163526999594,0.02261255641589524,0.0037943188116205022,0.0012261810876716974
N0417HF,0.2572142452644938,0.5786153993553975,0.1144421428753902,0.042501647679708834,0.007226564825009543
N0419HF,0.09996663424890333,0.44940071887098226,0.2635483229289957,0.147724596755741,0.03935972719537772
N0422HF,0.7262674094254111,0.25896190544647274,0.011158656285057088,0.002689542633861377,0.000922486209197539
N0423HF,0.5771229056941589,0.3652706596800335,0.03754276723345812,0.014916004242783993,0.005147663149565644
N0424HE,0.415324002051941,0.49871686879332255,0.0718698159240351,0.01235141235672862,0.0017379008739726177
N0425HE,0.39245431134377096,0.5455145271044896,0.05263942851705714,0.00747952442742571,0.0019122086072565485
N0425HF,0.16361742034971077,0.5197039340047007,0.2522871496672188,0.05395179540959348,0.010439700568776309
N0426HE,0.5306856367809287,0.4393206425811015,0.021252123563544868,0.006969660039359367,0.0017719370350655326
N0429HE,0.8837011210984569,0.10852599414405917,0.0053791518507144585,0.0018802761783743393,0.0005134567283951785
N0430HE,0.6820747334499537,0.29808118149358603,0.01656404101532977,0.0025963361936237224,0.0006837078475067074
N0430HF,0.09398177246099244,0.3737731804557004,0.33756574634717457,0.16473728980187968,0.02994201093425297
N0431HE,0.38544582106814723,0.5693638047985252,0.03568994443733563,0.0071745594735104015,0.002325870222481476
N0431HF,0.031128052825292796,0.4089715758158122,0.5174423509848702,0.038787406688182015,0.003670613685842601
N0432HD,0.6973293348999123,0.2773131400453814,0.020700864578663283,0.003622434599592173,0.001034225876450878
N0432HE,0.39911154242629177,0.5326138460798554,0.052680503700252235,0.012271865954592853,0.0033222418390076677
N0433HF,0.028029825152454287,0.24145242473066647,0.57340824340512,0.1479828871063381,0.009126619605421184
N0434HE,0.8691529699282675,0.12508993555301903,0.004101846702741099,0.0012673697993312405,0.0003878780166409414
N0435HF,0.9009985487738881,0.09343620804418509,0.0037705803656729008,0.0013829123388234942,0.0004117504774304607
N0437HE,0.7017508815249426,0.282930028337285,0.01278808428617018,0.002028093401703182,0.0005029124498990136
N0438HF,0.04470176648481729,0.7268257919219611,0.21587325952079123,0.01059835886980294,0.0020008232026273404
N0439HE,0.896206627530676,0.09966308815457013,0.0026924943479686003,0.0011159965457052294,0.00032179342108005945
N0440HF,0.23169551909149147,0.4999082155927013,0.19839250664898708,0.058392556366862115,0.011611202299958137
N0441HF,0.4969763555204413,0.46280107188538666,0.03559965608747135,0.0037653100956520566,0.0008576064110486492
N0442HE,0.06737800218038631,0.27381780805744266,0.3516762272644875,0.27261969519011037,0.03450826730757314
N0444HE,0.8461846084132176,0.1475359936213888,0.004638346949100911,0.0012340774740517767,0.00040697354224086374
N0446HF,0.8397044848857105,0.1528940093403272,0.006126007685025638,0.0009719906827621154,0.000303507406174744
N0447HF,0.041685371578329244,0.8509957205607647,0.10021721453395119,0.006217860575793261,0.0008838327511618479
N0450HE,0.6403195601844092,0.33320434842061336,0.022206551502323403,0.0032691283549304596,0.001000411537723634
N0450HF,0.015591117571570497,0.07939269254234538,0.2869801303618094,0.44293679542027287,0.17509926410400198
N0452HE,0.3204968237758293,0.5776611027475418,0.07333048223382205,0.024114133527938383,0.00439745771486844
N0452HF,0.33307952773178473,0.572466281316115,0.07211329164688231,0.016758379691197256,0.005582519614020802
N0453HE,0.8717734555350649,0.12354354873945281,0.003148899749162592,0.0010868308570660225,0.0004472651192535237
N0455HF,0.14690964554218483,0.7907165689809814,0.05729694620568697,0.00422324724854157,0.0008535920226053602
N0456HE,0.6982819124226862,0.26396412141512005,0.027962348186103415,0.00798278729780742,0.001808830678282919
N0457HE,0.04056447316502083,0.8859949171098738,0.0679581722067141,0.004541839046199066,0.0009405984721923708
N0458HE,0.9547868992671583,0.04137630672486322,0.002736392032891401,0.0007401686296760388,0.0003602333454111455
N0459HF,0.1245976908089969,0.5026908187569753,0.2878702160241003,0.07454772087886168,0.01029355353106579
N0460HE,0.8019579872287483,0.1926881006340047,0.004337433824254863,0.0007604405282970793,0.00025603778469490094
N0461HE,0.27934641672902677,0.6246978309231841,0.07723527018751383,0.01487277473441847,0.0038477074258567714
N0462HE,0.7927309329505017,0.19087994083149548,0.01345439674710865,0.0023310656237848257,0.0006036638471092758
N0464HE,0.794233799092803,0.1934693032928716,0.010030838674369092,0.0017095399445211147,0.0005565189954350513
N0465HE,0.8301180753392791,0.16401643368990132,0.004645533013095157,0.0009055689631353777,0.00031438899458904895
N0465HF,0.26504108697392,0.4246676313900573,0.2282255158151588,0.07010608255834119,0.011959683262522714
N0467HE,0.1178402196041243,0.41944073414920036,0.30525620762649625,0.1374453337827342,0.020017504837445015
N0467HF,0.9355930510521077,0.06052932349556336,0.0026512648340742966,0.0008657699281121797,0.0003605906901423451
N0468HF,0.02286936673247251,0.08909622445146134,0.35734495755128953,0.41552070010008746,0.11516875116468923
N0470HF,0.8523357322077271,0.13983685997376857,0.006259850682859831,0.001186410725206387,0.0003811464104381369
N0471HF,0.5309343719277835,0.4106565819111342,0.04746725828780811,0.009063348770069994,0.0018784391032042151
N0472HE,0.727081247625485,0.2631657440031665,0.006902060414378573,0.002245022084546899,0.0006059258724230899
N0472HF,0.25474029415654464,0.5823053086409884,0.1335914025374132,0.024248384588680873,0.005114610076372947
N0475HE,0.07757886447959532,0.6875948974579181,0.22187744080210595,0.011222778275962565,0.0017260189844180175
N0475HF,0.6342958651605024,0.32073710360007013,0.03319329915432788,0.00943364317802529,0.002340088907074276
N0478HF,0.7666602366394242,0.22546823226156198,0.005625932023243175,0.0016036709646066263,0.0006419281111640972
N0479HE,0.2912668018774227,0.6076884182148958,0.08838983714767155,0.010536818644852163,0.002118124115157714
N0480HE,0.11637286503789634,0.4612327395168282,0.24806524744284514,0.13018366375654217,0.04414548424588833
N0483HE,0.6767224230887334,0.30511038734014967,0.014893003337603721,0.00254444291140657,0.0007297433221064008
N0483HF,0.12173546482087536,0.6577752908861803,0.19852377355029957,0.018005344552248618,0.003960126190396148
N0485HE,0.4882911477217946,0.4827667277586598,0.025344477703341,0.002930701803265473,0.000666945012939048
N0486HE,0.10552764533657469,0.8751622244853102,0.016764131778199166,0.001976463045928251,0.0005695353539876145
N0486HF,0.8118351069581861,0.17547455187988048,0.009878846168821002,0.0020795695038498493,0.0007319254892626611
N0487HE,0.8540266896010029,0.13706151586851484,0.006731253905755487,0.0016161764557450595,0.0005643641689816078
N0487HF,0.5833210826181505,0.3602358693714531,0.04055714672842987,0.01252005435682577,0.003365846925140884
N0488HE,0.024827193182097425,0.9421050761567654,0.02994984866858235,0.002587884127101468,0.0005299978654533493
N0491HE,0.827020245567255,0.16350116193219563,0.006552556243646689,0.0022007372175100234,0.0007252990393925375
N0491HF,0.814489285517824,0.17436766854047492,0.008825811332323545,0.0018571227039906365,0.00046011190538682977
N0492HF,0.9100353379161665,0.08679607428310146,0.002272505718346671,0.0006813579711883809,0.00021472411119696677
