ncode,proba_0,proba_1,proba_2,proba_3,proba_4
N4541HD,0.7023894640904488,0.2678711118605939,0.021203111936995568,0.0061704656097544405,0.002365846502207388
N4397HD,0.005783113925302636,0.037108798985528026,0.37544065844708036,0.5477113466212881,0.03395608202080095
N4544HD,0.8930551100926007,0.1022014102196088,0.0031312013414379444,0.001168143263273785,0.00044413508307859914
N4545HD,0.0594615793851505,0.24031287410822091,0.40218423309768714,0.2191717084318135,0.078869604977128
N4546HD,0.13766996974139253,0.7987655264463966,0.055643178762703256,0.006095069483170937,0.0018262555663365577
N4550HD,0.8517926514686719,0.13923551102961013,0.00574709803500189,0.0020378974640819195,0.0011868420026342062
N4551HD,0.7201515248640123,0.27080172955547954,0.006693508044345036,0.001743103328875248,0.0006101342072878295
N4554HD,0.07599493722892799,0.6522409397423662,0.23981922692833318,0.025136166754582887,0.006808729345789857
N4555HD,0.3142477945975659,0.5993362994529112,0.07359904241878339,0.0101006746494683,0.0027161888812712483
N4556HD,0.3504477823183648,0.47945440898993175,0.12707671946802426,0.03527157084750945,0.00774951837616972
N4563HD,0.41595547273729705,0.4906943817742052,0.07126287084161666,0.01861440285876091,0.0034728717881202273
N4567HD,0.8918736571037745,0.09974891760329889,0.004710282038948263,0.002468285876681262,0.0011988573772970888
N4561HD,0.8046814663361255,0.18745045356795226,0.005043084835568737,0.0019654549712497193,0.0008595402891037596
N4571HD,0.35787163230095287,0.577729624189751,0.049064386509044454,0.011402859902535449,0.003931497097716206
N4574HD,0.9535949449260768,0.0434097940085563,0.0017889360731341516,0.0008382173265831598,0.00036810766564970577
N4575HD,0.5044990924981821,0.44875107646909307,0.0364736600328783,0.008142888137105958,0.002133282862740526
N4579HD,0.22705974297713438,0.6320447408458167,0.10344687282540002,0.027400289825050113,0.010048353526598825
N4581HD,0.2144515337824598,0.6729073006253148,0.10105827569360991,0.008947884366647466,0.0026350055319679915
N4584HD,0.1549669807164773,0.7958591218768204,0.043374651200166904,0.004512767850856529,0.001286478355678698
N4578HD,0.8095520593886142,0.18130475176888902,0.006812761357582352,0.0016257384775792173,0.0007046890073352468
N4590HD,0.2033775568332816,0.70656791296043,0.07827073597146812,0.010130303658664772,0.0016534905761555689
N4593HD,0.019519868977068096,0.1807575439670787,0.47218493687363045,0.30193013727923046,0.025607512902992395
N4151HD,0.12593843331506352,0.4405397774507948,0.23683992821733788,0.15439587988026754,0.04228598113653616
N4594HD,0.8198324984910551,0.17014582966626393,0.006641397165212213,0.0022504831092142784,0.001129791568254478
N4600HD,0.37008605514347453,0.5753414316273555,0.0438149485911287,0.00859397664047588,0.002163587997565153
N4605HD,0.07399132228887888,0.40388929122283707,0.43221951880351694,0.07858411446090634,0.011315753223861007
N4612HD,0.3028731480682046,0.548181666620409,0.11248631161815005,0.03150886625689972,0.004950007436336634
N1701HC,0.19840064618312137,0.6695189184511436,0.09504694603509303,0.027084360490477615,0.009949128840164401
N3705HD,0.006135552356378827,0.027970114112439746,0.2655420256380885,0.37662915627419474,0.3237231516188982
N4589HD,0.6358577134625272,0.3148277452340002,0.03396659171087284,0.010475395041365614,0.004872554551234146
N4339HD,0.9189067624195022,0.07581689895438272,0.0032302768085639656,0.001288637586541033,0.0007574242310099507
N4615HD,0.020113992767955207,0.11703013288948749,0.2972302952743863,0.45597797138119084,0.10964760768698006
N4618HD,0.8904646159800793,0.10158203672442347,0.004625789124191085,0.002206505090100839,0.001121053081205596
N4624HD,0.6889583446789472,0.3011301891227618,0.007658331745347557,0.0016310157588504347,0.000622118694093142
N4626HD,0.7622231934348336,0.20950761302217552,0.021270955649717198,0.005120687182188926,0.0018775507110846662
N4628HD,0.06741187246872636,0.60247368903354,0.26382923815238774,0.05169625530092034,0.014588945044425419
N4638HD,0.07660301213911529,0.2577688772080021,0.30025469542833516,0.30151367850493654,0.06385973671961095
N4639HD,0.7665019754468859,0.208778214786589,0.01620339375685206,0.005676274326717411,0.0028401416829555433
N4642HD,0.911849113109294,0.08386818890817553,0.0027467066592126808,0.0010565832125554655,0.0004794081107622221
N4646HD,0.9273728178957219,0.06789937254995464,0.00306218793275441,0.001105349451990128,0.0005602721695791091
N4631HD,0.8430191787997965,0.14788445295647087,0.006522648503172352,0.0019274967094067804,0.000646223031153573
N4656HD,0.02787908691892001,0.13262962509151632,0.40628695338132037,0.3686313209073228,0.06457301370092045
N4658HD,0.8531602538558083,0.1321205399495007,0.010733457625438172,0.0027124648735901953,0.001273283695662689
N4661HD,0.8568481650066865,0.133666309173517,0.006179242199274932,0.002422891432818708,0.0008833921877031865
N4665HD,0.8494240497967919,0.13920221675959873,0.008160601955413547,0.002251555598068747,0.000961575890127243
N4667HD,0.8490217595782635,0.14300352044897074,0.004930518444643565,0.00200025457294825,0.0010439469551739146
N4669HD,0.746663120395068,0.24057611847767393,0.009293191382970602,0.002612535394824578,0.0008550343494630385
N4673HD,0.30486452743544334,0.5915619858993959,0.0812249290235269,0.017118417224409873,0.005230140417223819
N0760HD,0.08814108158397947,0.6500420569964899,0.22421149313639452,0.03208575757748778,0.005519610705648285
N4672HD,0.6678237630754947,0.281471794596899,0.03696951073799461,0.010777616700179791,0.0029573148894317977
N2593HD,0.8896277400696311,0.10205430081676588,0.004943810279579956,0.0023560405332629466,0.0010181083007601661
N4677HD,0.14775144023858688,0.6646243796933534,0.16622395411443017,0.018345869840739472,0.0030543561128902152
N4680HD,0.17668128107214412,0.6643118516974111,0.1296513964362499,0.023243483667175775,0.006111987127019124
N4688HD,0.010810507197167904,0.06656793597836741,0.3510772676945211,0.4857114456298262,0.08583284350011743
N4689HD,0.8396989482597529,0.15019836848829163,0.006526013109977792,0.0026976501144011255,0.0008790200275763552
N4691HD,0.15786694522327144,0.41425671320705654,0.26648072757397884,0.12339861269204425,0.037997001303648976
N4692HD,0.593527863092846,0.3612551532142186,0.03157895494968344,0.009311403546935468,0.004326625196316563
N4694HD,0.02842124777934166,0.2157592715388161,0.5365371092563224,0.1939827960205945,0.025299575404925313
N4695HD,0.0752897909300073,0.6553501952757187,0.24339730309138963,0.021550174242503866,0.004412536460380436
N4699HD,0.423538186083977,0.5298275555286194,0.034546779023707716,0.008596046711010212,0.0034914326526857844
N4703HD,0.4040624159956903,0.3727782037582256,0.12981273125758155,0.06991794380581007,0.023428705182692418
N4704HD,0.0035412063324170265,0.01983237245168297,0.41745273759806695,0.5404942124940035,0.018679471123829526
N4708HD,0.9359469892740404,0.06073539152365082,0.0020651394397563374,0.0008346087672125675,0.00041787099533991377
N4714HD,0.6069386845558683,0.3479369253460962,0.028303303556540135,0.011085321467168166,0.005735765074327393
N4721HD,0.07745012596863514,0.536333323780743,0.2745884351211831,0.09696697335632017,0.01466114177311849
N4722HD,0.8207331664985533,0.1723503338804392,0.004288473656100301,0.0018848223954216993,0.0007432035694854082
N4724HD,0.14952079934061607,0.74444736197342,0.09138775451492077,0.011445375839490289,0.0031987083315530925
N4726HD,0.0499269465981335,0.7584099918249567,0.17667790900459449,0.012004510244913127,0.002980642327402117
N4735HD,0.7884002020442603,0.20414162988279658,0.005179284421217654,0.0016022130412056289,0.0006766706105198194
N4063HD,0.49158903226702766,0.4204918497426892,0.057879843087529505,0.020704120655919516,0.009335154246834048
N4712HD,0.8194156018547597,0.1699201102129635,0.00774760772454297,0.0019310196491755364,0.0009856605585582985
N4738HD,0.20340946374713825,0.6817222124581486,0.09155564857972512,0.01810407329988978,0.00520860191509833
N4740HD,0.05460663513495012,0.33507988843793335,0.3289941620755609,0.21744495306836725,0.06387436128318841
N4742HD,0.03284455981458637,0.1309471493198784,0.49533695405660444,0.27268700986662997,0.06818432694230066
N4745HD,0.8451727142497066,0.1446270499767326,0.00747135180246758,0.0019927939417367494,0.0007360900293565968
N4747HD,0.7999172157299502,0.17503770758213139,0.016171762796976713,0.006212695645853981,0.0026606182450876277
N4750HD,0.7800207510573828,0.19621735441878727,0.016056627121712803,0.00570540790358329,0.0019998594985338298
N4752HD,0.004541958859838031,0.03815303920504766,0.4256720383716434,0.486401681181047,0.04523128238242396
N4754HD,0.8081888976610162,0.18581695414754665,0.00439619600465512,0.0011425597959454975,0.0004553923908363513
N4755HD,0.27341919234451595,0.6024093171874229,0.09743495939756049,0.021071493974197622,0.005665037096303025
N4756HD,0.48427489941233737,0.4817264950706671,0.02536731041695718,0.006310738066352419,0.002320557033685994
N4757HD,0.8658105616619127,0.12587787419098959,0.006164112008170669,0.001733077970943601,0.0004143741679834373
N4759HD,0.18331774873698553,0.7311144142293067,0.06953762219670541,0.012753014928736229,0.003277199908266088
N4762HD,0.23718437244915921,0.6294670516007865,0.11430185066708111,0.015960113592351964,0.0030866116906211904
N4763HD,0.5605036209063179,0.39774388528548676,0.027132561921929903,0.009873419522808615,0.004746512363456819
N4767HD,0.8467494054495505,0.13729836216883703,0.011161390182269382,0.003610833800314885,0.001180008399028267
N4769HD,0.07010232078689996,0.35964728231028775,0.42324533566716044,0.12992922996431808,0.017075831271333636
N4770HD,0.7850351113014417,0.19975687838247022,0.011207332918639543,0.002965872964973746,0.0010348044324746408
N4676HD,0.3257208923618306,0.5063536906868223,0.11881359495298602,0.036247641872311796,0.012864180126049273
N4614HD,0.745982911204278,0.21310513154769667,0.030678801519902103,0.007520115637007104,0.002713040091116175
N4774HD,0.3090495726692664,0.5746149713488233,0.09162620348293256,0.018872655981542415,0.005836596517435199
N4778HD,0.04294796271118082,0.2383388024875387,0.4442215036131859,0.23068468244725931,0.04380704874083531
N4780HD,0.006760830012326052,0.031636641534350154,0.2488627583259656,0.36983815758163924,0.34290161254571894
N4783HD,0.6241316590888943,0.35340200545195105,0.01710385241963886,0.003711923676797617,0.0016505593627182673
N4789HD,0.7899566638847529,0.18675385530749136,0.0158392091923934,0.005197419651867864,0.0022528519634943964
N4792HD,0.6200852196539097,0.3676370630419628,0.009775221252751525,0.0019172806034107488,0.0005852154479650344
N4793HD,0.03605362669876846,0.623222985314438,0.2788139873633299,0.048086714821863254,0.013822685801600317
N4794HD,0.007338973088939887,0.06973073161206253,0.35304121933582533,0.5404250642146126,0.029464011748559612
N4799HD,0.7202423205452688,0.25701969020795773,0.01710836119568161,0.004179625901800775,0.0014500021492910836
N4800HD,0.9209665240308905,0.07305952034536049,0.0037478399824950707,0.001503364144924332,0.0007227514963295602
N4808HD,0.09555572864518898,0.8298180688043373,0.06706950926054243,0.00593948019502593,0.0016172130949052746
N4809HD,0.5214502182837943,0.43651172523486137,0.029947365681345258,0.008177454018639707,0.003913236781359369
N4634HD,0.6860707991649502,0.27864369816146295,0.023854676689388628,0.008826343637585733,0.0026044823466125928
N4784HD,0.8750829811996282,0.11802232256226995,0.004673836928279175,0.0014804506820747046,0.0007404086277478
N4815HD,0.8851352720304831,0.10935236560859554,0.003529938329885851,0.001390837459762767,0.0005915865712726951
N4816HD,0.768859388784503,0.2119935659517835,0.013187266586286439,0.004511575834934941,0.0014482028424922036
N4817HD,0.4593998724787981,0.49271532046202055,0.03753914674312192,0.007482014745257004,0.0028636455708022667
N4818HD,0.8852887048885068,0.10691150765990468,0.004824453309548271,0.0018829499056993587,0.0010923842363410104
N4821HD,0.024255076549123088,0.9398864675815412,0.030595325051217214,0.004305622295156287,0.0009575085229623209
N4830HD,0.8801900358337805,0.10990710101174807,0.007319683141835787,0.0019531287348480563,0.0006300512777875096
N4748HD,0.8762254371329192,0.1164448084681623,0.004510647161272012,0.0020465339678200135,0.0007725732698262974
N4684HD,0.8169257933314162,0.17326680649398943,0.005954695186178343,0.0025766597926300968,0.0012760451957858556
N0389HD,0.02717672587825027,0.895625137187214,0.07007900291493785,0.005367621518513484,0.0017515125010842429
N4796HD,0.3570121931777899,0.5155278218430451,0.0975533299698267,0.023097625345130657,0.006809029664207558
N4834HD,0.004750670100292139,0.02745660052684529,0.40970669882870325,0.5379418492150879,0.02014418132907135
N4835HD,0.06674095021326387,0.9020101114984094,0.027594030981741197,0.0028628616144012195,0.0007920456921844251
N4837HD,0.684992763279945,0.30119840874132686,0.01095109553730458,0.002119888793593938,0.0007378436478296564
N4838HD,0.06555594367852459,0.8821610883650948,0.04572259813249784,0.00501109323280519,0.0015492765910776623
N4839HD,0.0397351646768735,0.6126372388020264,0.2981237125531301,0.040609404662854356,0.008894479305115709
N4842HD,0.7485579300038585,0.23189559605441948,0.013608312640172633,0.0044336102031663745,0.001504551098383131
N4844HD,0.9113265677351867,0.08444942702112297,0.0027827744106767756,0.0009873737855795274,0.0004538570474340929
N4846HD,0.13886581564585823,0.5672776253689944,0.21082016896618247,0.06411022107371564,0.018926168945249316
N4847HD,0.8198551840102898,0.17126305164223002,0.006114351447554448,0.002000968824620866,0.000766444075304818
N4849HD,0.3557233134593929,0.5804696787707767,0.046096485974197354,0.013298215081558235,0.004412306714074723
N4852HD,0.05120105691039118,0.7721396542645473,0.1610051056983627,0.012793419371063833,0.0028607637556348838
N4853HD,0.6085014002301431,0.36098949210341363,0.02350258041250644,0.005314475785436352,0.0016920514685005719
N4856HD,0.8716589053614325,0.12345423460519235,0.0033045932339336574,0.0010877376676994978,0.0004945291317421415
N4858HD,0.8979662005014701,0.09257164684003791,0.006208339782269851,0.002204648308627323,0.0010491645675948784
N4860HD,0.1777191888822911,0.7371762667886085,0.07091309810292419,0.010510194020563801,0.003681252205612429
N4861HD,0.8830816917089505,0.11207579356007943,0.00327614959384181,0.0010766239510036813,0.0004897411861247564
N4863HD,0.548039679763858,0.43754147167902413,0.010033618677076318,0.0029883994558873657,0.0013968304241541388
N4864HD,0.6552392348727992,0.33337070775550165,0.008063538026770789,0.002397498070166191,0.0009290212747621858
N4866HD,0.7688884609380899,0.21395576240183165,0.01133450730566259,0.004271312867306106,0.0015499564871097374
N4012HD,0.6889699209285429,0.29152127509584624,0.013889395830971523,0.004155147594849975,0.0014642605497893557
N4825HD,0.29760770179345697,0.5921839571978472,0.07358066332467351,0.028432080927460378,0.008195596756561981
N4875HD,0.03921509417739769,0.370727507433671,0.44049544646186034,0.11939553980908581,0.03016641211798522
N4878HD,0.024919297755857495,0.14580485208905525,0.3846309675589987,0.34642524559821175,0.0982196369978768
N4883HD,0.03705073100781592,0.6636537280996163,0.26769094244104674,0.027424884946349946,0.004179713505171127
N4884HD,0.6560797418376518,0.3082967250054234,0.02830441426087595,0.005925621185344517,0.0013934977107040929
N4887HD,0.2070652517694239,0.7040943528641539,0.07604540572968424,0.010532877415731338,0.002262112221006593
N4891HD,0.6039598860261333,0.3640220328234981,0.025353237398845752,0.005274813691686066,0.0013900300598367716
N4892HD,0.11187861649035825,0.7678060146085423,0.10404289083286525,0.013101225661435725,0.0031712524067984893
N4895HD,0.8294204906923263,0.15968797478238106,0.007735233261461731,0.002259851896599852,0.0008964493672310313
N4899HD,0.7226711575268635,0.2650725699597744,0.007799748034881137,0.0029298440094336483,0.001526680469047329
N4898HD,0.5111661851797098,0.442795222166556,0.03507546281718833,0.007704484895285273,0.003258644941260657
N4902HD,0.6599940217100392,0.2950777534421773,0.029570174188134374,0.011284586167823686,0.00407346449182556
N4904HD,0.11756715029098037,0.5970533535245349,0.23980320274530068,0.03756866317898044,0.00800763026020359
N4906HD,0.729813482747188,0.25641621991476676,0.010123901776983359,0.0026536796919398235,0.000992715869122095
N4909HD,0.6584562430084023,0.31435741383117854,0.019067518097219828,0.005928494163216067,0.002190330899983189
N4912HD,0.7033217877120167,0.27692966403565744,0.015979404104598936,0.0028967387708630178,0.000872405376863852
N4913HD,0.6794307569412867,0.30062913644167977,0.015672771029718716,0.003336961915689161,0.0009303736716256374
N4914HD,0.14294157177309305,0.7185793845708385,0.12170746976172879,0.014036828362453511,0.0027347455318863516
N4908HD,0.9149480683189392,0.08146557249656265,0.0024568459798660633,0.0007871472009092699,0.0003423660037227889
N4937HD,0.8581068452770103,0.13525978702351932,0.0045232526321265475,0.001431386608924681,0.0006787284584193606
N4938HD,0.9060424776407746,0.08898442255253408,0.0032291336305387414,0.0012011976842888337,0.0005427684918637517
N4949HD,0.8846367830343335,0.10834968907379999,0.004579713605277143,0.0016499453425078395,0.0007838689440815044
N4952HD,0.8029898078427341,0.17866828106121851,0.013124626092152569,0.0039589399328751025,0.0012583450710197436
N4954HD,0.37382592698918865,0.5690657869515238,0.0488540778297436,0.006379530121915252,0.0018746781076285843
N7917HB,0.8908153712770971,0.10409403157751873,0.003443286511174137,0.0010768717667761346,0.0005704388674339205
N4951HD,0.728004980567755,0.2570099545963334,0.010717826241537406,0.0031435616120341677,0.0011236769823400887
N0385HC,0.1846020841915018,0.5619833221626036,0.20668544475484552,0.03795033619342701,0.0087788126976222
N3920HD,0.31619731568990794,0.5608823415061385,0.10488495521975562,0.01441141745454991,0.003623970129648099
N9498GW,0.766866595225958,0.21834739786072427,0.011222913807428306,0.002631147541318884,0.000931945564570512
N4961HD,0.8954020334536097,0.10050049596812857,0.0029196521457617135,0.0008708912074702165,0.0003069272250298141
N4965HD,0.279142286669338,0.5793813147144483,0.10934513850041079,0.027468344376123756,0.004662915739679119
N4967HD,0.655258459743746,0.285977914921735,0.041279099151981156,0.012643116606843143,0.004841409575694869
N4968HD,0.3035293734700377,0.5169248089182933,0.1065329589777087,0.05285445556681991,0.020158403067140312
N4973HD,0.8326629493991085,0.1525103334994423,0.010511796257572877,0.003422402407409287,0.0008925184364673215
N4976HD,0.01630074704106329,0.1811326415208438,0.6891698017453389,0.09955545228673368,0.013841357406020197
N4977HD,0.35098309971721914,0.5896992054969928,0.04984420086667717,0.007600554522240822,0.001872939396870064
N4978HD,0.7178448818180228,0.24850506373645664,0.024154560805365738,0.0069263547328561525,0.002569138907298687
N4982HD,0.39439301320981074,0.5238991198565316,0.058434202369009654,0.017897302325535387,0.005376362239112603
N4983HD,0.13785652048108,0.4942012640634907,0.24847655697179885,0.10695330976393441,0.012512348719696129
N4984HD,0.8517477030461383,0.14207449701927818,0.004487666283314832,0.0011862300751089667,0.0005039035761597654
N4992HD,0.019407939091540986,0.19110323800662116,0.26362372560625386,0.44452134511509317,0.0813437521804909
N5000HD,0.660081324949288,0.2793669095825523,0.04477337196263821,0.01234713023086694,0.0034312632746545525
N5006HD,0.4374868449914098,0.5283686491847872,0.02586999890753144,0.006700269711762359,0.001574237204509157
N5007HD,0.7488136573251508,0.22508265707306707,0.01812351503458826,0.005592678851349135,0.00238749171584474
N5008HD,0.26418748220795973,0.5975013872550343,0.11713749374812968,0.01747734962585648,0.0036962871630196767
N5011HD,0.19793225478173557,0.7260824084819271,0.06338459005022956,0.009625183891379372,0.0029755627947283493
N5020HD,0.63561658309997,0.33638458711194563,0.020370405990056264,0.0051720099855161955,0.0024564138125118796
N5024HD,0.832269763026631,0.15517375653943255,0.00940678748657567,0.0023715982164132115,0.0007780947309477118
N4826HD,0.8863645538158653,0.10535526363829395,0.005232098159068536,0.0022824761245648878,0.0007656082622072588
N5032HD,0.8697520024196105,0.12134512925586845,0.006420691758106676,0.0017581080503257089,0.0007240685160886994
N5041HD,0.8602633029599869,0.131810256885136,0.0047494731948788125,0.002235597874438153,0.0009413690855600667
N5043HD,0.9440071895668675,0.04952437072638321,0.0044058185012454355,0.001273749661783831,0.0007888715437200096
N5044HD,0.37226960638406004,0.5533459567654753,0.055085422725115865,0.013812298981429954,0.005486715143918886
N5045HD,0.8110072664980562,0.1753830917059164,0.008941224853662751,0.003144222316425582,0.001524194625939071
N5004HD,0.8778230347440776,0.11261795417460119,0.0058374651296359,0.002745302523981661,0.0009762434277034548
N5055HD,0.5631625680852765,0.3705865543201752,0.04645934176994142,0.016326463048305272,0.0034650727763015092
N5056HD,0.13961264452442843,0.3694409672844058,0.31456428079545035,0.13220499077637968,0.044177116619335856
N5057HD,0.6484076861597712,0.33517867113629546,0.011934270016267809,0.003465745743821306,0.001013626943844345
N5059HD,0.5184751972674471,0.41072904677387495,0.05600443578765462,0.010725271412603763,0.0040660487584195885
N5061HD,0.5763626472722391,0.38155247607968173,0.03114655650015976,0.00811520693808586,0.0028231132098333824
N5018HD,0.8859085323778922,0.10698783271182248,0.004844588139050458,0.0015511565289648864,0.0007078902422698776
N4896HD,0.6813690990407383,0.2946332496566842,0.018603552755866743,0.003939017168773907,0.0014550813779367951
N5064HD,0.7541722601158308,0.22166860246947367,0.017472583588130523,0.005157581617642102,0.001528972208922787
N5065HD,0.5906921677084764,0.3803249822073477,0.020897258389540808,0.006509027204208737,0.0015765644904263223
N5067HD,0.23021369829410196,0.5961471354681951,0.12853416224842373,0.037270207541470625,0.007834796447808655
N5070HD,0.03890830907053052,0.47847949851188176,0.4278032346710053,0.04626483322100518,0.008544124525577323
N5071HD,0.14637269036430484,0.7534050727175878,0.08641262538742074,0.010789660149220604,0.00301995138146596
N5072HD,0.13864913927048192,0.7512948165637732,0.09302529429449626,0.01302725898056669,0.004003490890681966
N5074HD,0.7873307177426863,0.1930538460090103,0.014980152193781526,0.003243850101528789,0.0013914339529932196
N5075HD,0.9405478750666073,0.055115094717044406,0.002648190646374571,0.0011405657825747412,0.0005482737873989987
N4923HD,0.765911351718308,0.20514323867334575,0.01987699750913864,0.0063592314639502445,0.002709180635257336
N5076HD,0.7606321811127105,0.22723749595926135,0.009302522638488348,0.0020963562533804683,0.0007314440361592065
N5079HD,0.0345383911721215,0.28555926488568417,0.48679224695425344,0.1631546641630542,0.02995543282488677
N5080HD,0.6518757203361969,0.3261657744208303,0.013883727891601113,0.0059046619242308675,0.0021701154271409006
N5082HD,0.7426427217949074,0.2253965736083935,0.02190932783977831,0.006995591407290349,0.0030557853496304805
N5083HD,0.6507362358257498,0.31756620357809384,0.023690597939371612,0.006515790532364769,0.0014911721244200552
N5085HD,0.10186278987414583,0.6449831043096718,0.20955674590825618,0.03683158105287501,0.006765778855051083
N5051HD,0.29638785080769753,0.6447286038326251,0.05178789259413367,0.0054922547342518115,0.0016033980312918541
N5039HD,0.0426576142086323,0.25810438108006634,0.4488379461412131,0.18851057471110913,0.06188948385897925
N5088HD,0.8901002532606839,0.10455191658747165,0.003324389768281877,0.0013593988840309176,0.000664041499531586
N5091HD,0.0432198915620725,0.9421088342443473,0.012663440763843589,0.0015987901719099458,0.00040904325782676574
N5093HD,0.004377357326481704,0.031199705633439836,0.20977870431087514,0.6212742115160867,0.13337002121311664
N5100HD,0.014910259686776572,0.12613037813921235,0.33548951467751276,0.48725155132526643,0.036218296171232005
N5103HD,0.05785492648953532,0.35557121515306034,0.4029509812079301,0.14201572157512335,0.041607155574350733
N5104HD,0.9409021515365942,0.055871621404351306,0.002159785195476941,0.0007754518876055557,0.0002909899759719928
N5105HD,0.7461284210732234,0.2316755071593057,0.012994386307251256,0.006042598367273707,0.0031590870929460494
N5106HD,0.6418891266763708,0.33139367058109254,0.01900723273849645,0.005879894050743314,0.0018300759532969763
N5109HD,0.41473827583524836,0.5611898652216796,0.01963190187585229,0.0034862192286669947,0.0009537378385527821
N5112HD,0.5224719543616427,0.4044150493735603,0.0548272489134299,0.013686933255749547,0.004598814095617468
N5115HD,0.8737948408801873,0.11685468602720485,0.00660031816597232,0.0020406369539357518,0.0007095179726998409
N5120HD,0.00940077864505186,0.054915398853536204,0.33356499602546724,0.519992855641206,0.08212597083473866
N5121HD,0.5814743395017068,0.37898003264269936,0.026022142340484073,0.009721458212287504,0.0038020273028223166
N5122HD,0.5426648372906057,0.3816863906897677,0.05554063738040496,0.015857981652348068,0.004250152986873726
N8305HB,0.8480936528629456,0.1455256246871899,0.003807106502580907,0.0018819152552423425,0.0006917006920414201
N5126HD,0.07386979080767773,0.2949793937840092,0.3214963871134083,0.24448062768096288,0.06517380061394193
N5128HD,0.9025557519724974,0.09130812925798691,0.0039043790021752026,0.0016239893815920066,0.0006077503857487177
N5133HD,0.013633226534101383,0.13340154911109356,0.3891633654230964,0.41366499324683265,0.05013686568487597
N5135HD,0.8062525931191507,0.1803326273272809,0.010151187708335658,0.002373702233255389,0.0008898896119774073
N5143HD,0.8483777010626158,0.14553368254926136,0.004498232613347216,0.0011737551621616297,0.00041662861261399105
N5144HD,0.3461251482710969,0.5422809280115904,0.0904010130797603,0.01733571858008177,0.003857192057470594
N5149HD,0.22027174913505007,0.600486225164722,0.1437082322017463,0.02787866753677641,0.0076551259617050746
N5152HD,0.27966517148813486,0.6314110029384223,0.07567973678941993,0.011113120176074708,0.002130968607947967
N4394HD,0.12208398908084908,0.4069877727758384,0.33223037314384496,0.11891641303253281,0.01978145196693482
N5029HD,0.18408774066436934,0.557812412453266,0.19125669668780393,0.05392189428067808,0.012921255913882606
N4368HD,0.9358796943813933,0.06043820778196281,0.002177927274536299,0.001050694386069408,0.00045347617603822097
N5013HD,0.24518951439701595,0.6094402744092758,0.10459781138017678,0.02807072618585896,0.012701673627672501
N5153HD,0.24209128813902334,0.6111977554630288,0.12456583656854953,0.01703971819876888,0.005105401630629503
N5157HD,0.8601706790355192,0.13177972427178,0.0046200213347566835,0.0022073352249870645,0.0012222401329569717
N5170HD,0.6698721485492659,0.300293927304173,0.02208755400054466,0.005369460453758756,0.002376909692257592
N5172HD,0.7437400103210945,0.2207128688662386,0.028629448003632277,0.005360806749296754,0.0015568660597378306
N5173HD,0.7360810719322552,0.23542869187829082,0.022420802937233184,0.003825002341016482,0.0022444309112041824
N5147HD,0.6805429514925561,0.29529970501556213,0.015633081145005036,0.005708674779873328,0.0028155875670034134
N5178HD,0.7477751148968647,0.22286184252860622,0.022630262678537724,0.005056210467910076,0.0016765694280813485
N5180HD,0.5518592082360728,0.40211148524916895,0.035556222405913045,0.007619486702156278,0.002853597406688812
N5181HD,0.3936433118624453,0.4760334219497868,0.10490234598938439,0.020751265631686288,0.004669654566697212
N5182HD,0.8921716827226166,0.10157849678355932,0.004332435473256221,0.0012719225967564496,0.0006454624238113516
N5183HD,0.09674060629745515,0.8736180487083265,0.02520905592370932,0.0035547510181033978,0.0008775380524056057
N5185HD,0.24427187513167417,0.48056488335144393,0.2003130310804816,0.06272345148401323,0.01212675895238699
N5187HD,0.15795686118000932,0.4572992293057393,0.2656724020647832,0.08844068782665579,0.03063081962281253
N5188HD,0.18097589570004738,0.46503430760731307,0.18462560200930891,0.14225936382734877,0.027104830855981858
N5190HD,0.01290451141996281,0.09867897344910048,0.41731340005511736,0.4359134383845485,0.03518967669127077
N5192HD,0.6701930572664602,0.32030005134073614,0.007300456500670853,0.0016091350649999516,0.0005972998271328133
N5193HD,0.6564894231068331,0.3112736718427001,0.024979272873135606,0.005351452214388471,0.0019061799629426365
N5197HD,0.8851747605948453,0.10821914408983821,0.004905072469358327,0.0012255059195905092,0.000475516926367707
N5198HD,0.17523707674101333,0.48880759570048354,0.22642665094734468,0.08136861033138881,0.02816006627976961
N5199HD,0.6667834554286327,0.2720586018646815,0.0470836652358314,0.010512484083472955,0.0035617933873813715
N5200HD,0.7260836036974924,0.25281128270564585,0.015589980043359312,0.0038811207570377095,0.0016340127964648485
N5203HD,0.029192222217887375,0.11968695597437284,0.4232777117878035,0.3202663065087089,0.10757680351122743
N5209HD,0.03155793250868814,0.22144097294334691,0.5380297117597176,0.18879730421233087,0.0201740785759165
N5212HD,0.8060243397837892,0.18379742906059848,0.00725220718605983,0.002084103511780688,0.0008419204577715844
N5215HD,0.48931962227819153,0.473217400752303,0.028933461702727398,0.006904109080685573,0.0016254061860923562
N3574HD,0.7849436032157179,0.18992841713566874,0.014551813371332831,0.006735800533996744,0.0038403657432838742
N4760HD,0.07007914126604503,0.4194841609281523,0.38721023410914235,0.09648537341916148,0.02674109027749882
N5225HD,0.8427359529756163,0.14782488834944435,0.0071642454288065975,0.0016814765650718076,0.0005934366810610922
N5226HD,0.5560908123370966,0.3943676353756731,0.03537442461310852,0.011460040930322565,0.0027070867437992774
N5227HD,0.7172565614068673,0.2581496050624555,0.01762219278887597,0.005122617908243411,0.0018490228335579335
N5233HD,0.01562343862244277,0.09319683371844285,0.34662487720767243,0.36982288056258483,0.1747319698888571
N5238HD,0.8208010734817096,0.15886922399463888,0.01328198454365661,0.004496393460854275,0.0025513245191405034
N5241HD,0.7858324268998941,0.19304633295713974,0.015899118423473788,0.0036636745886953082,0.001558447130797028
N5243HD,0.008443139330976254,0.04751313292973445,0.3905738240264445,0.5216045468979025,0.03186535681494231
N5246HD,0.33707649385746985,0.5490267714908482,0.09515027419806676,0.014035251742104056,0.004711208711510954
N5247HD,0.0046077071542058165,0.01938852601764442,0.4207700783091503,0.5409210277305565,0.014312660788442875
N5248HD,0.676270280348472,0.2736812613208055,0.03675940287783956,0.009944984387950254,0.003344071064932709
N5253HD,0.5114502209436428,0.4459620861727306,0.029284342521862225,0.009653809853827007,0.003649540507937463
N5257HD,0.02383458838804703,0.13256907840339952,0.36615470822554586,0.36910245740536335,0.10833916757764428
N5259HD,0.030841138974388886,0.1397112664836453,0.3901129512627953,0.31750562212001504,0.12182902115915557
N5262HD,0.08827278327817455,0.7148994651913292,0.17502102350352722,0.018279847147943843,0.0035268808790253864
N5266HD,0.16292843824656977,0.6810767070575634,0.13661533958525116,0.01574271511740543,0.0036367999932101778
N5270HD,0.612563678427632,0.3656095195410575,0.016402348093686146,0.00403612299355847,0.0013883309440658024
N5271HD,0.5577095389264151,0.3699298321192031,0.056873033590415636,0.011149396578670092,0.00433819878529608
N5273HD,0.7743434240024614,0.2083628648863626,0.011769671250640585,0.00398210158113035,0.0015419382794048947
N5274HD,0.8769060117299762,0.11493477958667171,0.005591258963736604,0.0018449089271602255,0.0007230407924554156
N5211HD,0.24670409717844444,0.5860663754442298,0.11968988007972425,0.03961775154372987,0.0079218957538715
N4843HD,0.5545508724645398,0.3826667142528112,0.04163761154428337,0.015375093893698831,0.005769707844666703
N5287HD,0.5726458949295581,0.38535052075865894,0.030844827810066554,0.009220546376929234,0.0019382101247871354
N5286HD,0.15777200030747474,0.3003654674947536,0.36827376986841237,0.13022187203381805,0.043366890295541104
N5292HD,0.026705468495793992,0.1268628494894072,0.3747606008817659,0.35005707584403295,0.12161400528900002
N5294HD,0.8566384052262807,0.13388239597047744,0.00638503178515351,0.0022834383888641293,0.0008107286292241174
N5296HD,0.3677851047387243,0.4383844271324654,0.1320914953528855,0.050018523299853714,0.01172044947607121
N5298HD,0.7355686714163102,0.2391184376047185,0.017737029367590598,0.005388556523077423,0.002187305088303254
N5303HD,0.7829867744147148,0.19522940643811101,0.015285073573624644,0.004726346207631814,0.001772399365917635
N5305HD,0.1101773564896451,0.4458651842303574,0.3093193815489267,0.11488645052708955,0.019751627203981194
N5306HD,0.8203576255772278,0.16592366205968068,0.010804765179603144,0.0021713314508629926,0.0007426157326255117
N5307HD,0.0694522827123641,0.466952434526688,0.34108100673146374,0.10000275255662305,0.022511523472861155
N5311HD,0.2583162976457086,0.5797634600715145,0.1328666656446538,0.024160901136294863,0.004892675501828295
N5314HD,0.8306217504690541,0.15494509695826802,0.008868428165769111,0.0039002845886709466,0.0016644398182378097
N5073HD,0.09637371167216865,0.4080558215411493,0.34594606496933855,0.12560229787789906,0.02402210393944443
N5277HD,0.05959127561402849,0.24044936167891506,0.4313091313350264,0.19514860815823193,0.07350162321379795
N4885HD,0.9240197654846279,0.06908751233106372,0.004354477140165468,0.0017358913693516697,0.0008023536747911249
N5318HD,0.0422728632095309,0.3913666274603719,0.3979429627264628,0.13497335419895012,0.03344419240468425
N5321HD,0.7212858638728354,0.2547574302333985,0.017361736107172007,0.004635634680266006,0.0019593351063280765
N5323HD,0.9337870851005282,0.0632133546776222,0.0019874844812184703,0.0007003234208738052,0.0003117523197573401
N5324HD,0.6812062826376224,0.27809325430883086,0.02848767609931762,0.008461639261240293,0.003751147692988768
N5326HD,0.8012650959655079,0.18241224135990908,0.009884864888981968,0.004458608938813069,0.001979188846788042
N5327HD,0.6820507907588644,0.30248448411107315,0.010134064313741621,0.003790024497821698,0.001540636318499082
N5329HD,0.07105974114015766,0.5399367919672254,0.3386591299763468,0.0421297516776423,0.008214585238627845
N5331HD,0.7675227083464974,0.2121181740500655,0.015594107184259657,0.0036315778892479058,0.0011334325299295555
N5332HD,0.8041778820185348,0.17759009797549577,0.012682795337305439,0.004276867570642718,0.0012723570980214289
N5333HD,0.8345193902221903,0.15842260385646095,0.004958775456964465,0.0015598198339928158,0.0005394106303913598
N5334HD,0.027989833035830233,0.9426852245543783,0.025596928233095513,0.002848783768360271,0.0008792304083356916
N5338HD,0.024632853441480092,0.11404620815376346,0.39009958702326875,0.3638833645525873,0.1073379868289004
N5339HD,0.06204431437339926,0.497968671811942,0.3466800714389904,0.0755067883418731,0.017800154033795288
N3820HD,0.027498919857606212,0.10865354717722624,0.3322445142550271,0.3169508843783082,0.21465213433183225
N5342HD,0.8236385353325549,0.16643780897319263,0.007469392712330153,0.001936307796308806,0.0005179551856135847
N5345HD,0.7084215216237931,0.2555566330229705,0.02762773462853107,0.0061022186490226156,0.0022918920756829038
N5346HD,0.8108056139693577,0.17890574091401606,0.007383515051394832,0.002176661913369135,0.0007284681518624226
N5348HD,0.02227681847988739,0.12952482251311317,0.30704778940384786,0.4106635237024707,0.13048704590068086
N5351HD,0.678776664792903,0.27964984444073565,0.03178733529544555,0.007706597841591504,0.002079557629324382
N5354HD,0.0053691293145359305,0.025780206948361,0.3535837372504383,0.595969163311581,0.01929776317508386
N5355HD,0.5642372834384126,0.4195277617275337,0.011335936697112848,0.0032693066293746536,0.0016297115075661476
N5362HD,0.8745921148791586,0.11835762003366013,0.004777883069761612,0.0015921784040899066,0.0006802036133298831
N5364HD,0.7741391298601781,0.20863347155517203,0.01250940424750474,0.00355436125261512,0.0011636330845299942
N1264HD,0.0308998281256046,0.8201841731299618,0.13503458959652048,0.01176358519570271,0.0021178239522102256
N4985HD,0.2750230281817616,0.5892719979729063,0.09915823338502373,0.026160782720957884,0.010385957739350532
N5368HD,0.008385999681562653,0.07012823317728706,0.43747430871712795,0.4413941350161752,0.042617323407847324
N5371HD,0.8251804076176412,0.16274461461327214,0.0072987139503137306,0.003452536590440251,0.001323727228332715
N5372HD,0.7079836765115832,0.2747629923572616,0.01346600393931068,0.002909240399765689,0.0008780867920788843
N5373HD,0.566673694500845,0.4197888274691217,0.009194477175679396,0.0029597074490367086,0.0013832934053172573
N5374HD,0.5101684602098776,0.4475497904781714,0.03609853863310769,0.0046331310450386815,0.0015500796338046923
N5377HD,0.7702545814011544,0.21142803170775723,0.013354411794467206,0.0037000520302704664,0.0012629230663506977
N5379HD,0.7530222331036966,0.2246396895374654,0.01640830836670968,0.004694984213187404,0.001234784778940711
N5381HD,0.11358062398841731,0.40979506172797686,0.263930890357633,0.15272413958130157,0.05996928434467133
N5383HD,0.20982619236057187,0.3442646823852768,0.2620790102753881,0.1490080612521878,0.0348220537265755
N5385HD,0.8891708910926591,0.10728804692302667,0.0023382369346193217,0.000806440905635711,0.0003963841440591692
N5387HD,0.036693922209875454,0.28037295100982257,0.4030031612383552,0.21025461299731932,0.06967535254462741
N5388HD,0.03628066243687656,0.17439287706741946,0.3881393028319048,0.35025429594277957,0.0509328617210196
N5389HD,0.04132736873651871,0.7186917263776857,0.21309976444643952,0.0216517823413758,0.0052293580979802514
N5391HD,0.5666751130924157,0.39355677443377113,0.029682026841520687,0.0073960569108205395,0.0026900287214719145
N5393HD,0.44563133025510093,0.5243678457822472,0.023627007408979966,0.004859838473513633,0.0015139780801583119
N5395HD,0.6949982893546399,0.27216619844086454,0.02410183505418909,0.006695729896071338,0.0020379472542352184
N5397HD,0.7625714110531068,0.21230953280617734,0.01708107253304587,0.006255891620098161,0.0017820919875717635
N5398HD,0.7367819898502039,0.23898638008357503,0.01728137104087555,0.0050417874781238485,0.0019084715472216037
N5386HD,0.11498785749735672,0.7190122680058983,0.15132336043831346,0.012122084053512413,0.0025544300049189965
N2483HD,0.8185351532917384,0.16370989729088586,0.011246388763453847,0.004573958629787083,0.0019346020241349468
N5402HD,0.8096236468468027,0.1776350268496846,0.008376544630274782,0.002872457930520744,0.0014923237427172315
N5404HD,0.6313044385662058,0.30893610994379,0.04600829585932233,0.010681979674955587,0.003069175955726245
N5405HD,0.9136952940021007,0.0809574012556169,0.00348466947109279,0.0013293275078411892,0.0005333077633483705
N5407HD,0.24440837647953073,0.5181323841686221,0.15736385186703436,0.06709896872554515,0.012996418759267736
N5414HD,0.6332298193764465,0.35141988245804917,0.011793984429072576,0.002487549676946906,0.0010687640594849183
N5415HD,0.7888498200367304,0.2024971940030637,0.00535431108374338,0.002197069541720209,0.0011016053347421997
N5416HD,0.1131656924487005,0.7849336680051417,0.08697926806930267,0.010727132752476547,0.004194238724378504
N5421HD,0.7786600257075509,0.19777679135719078,0.016743225979280414,0.005490077680618039,0.0013298792753600613
N5430HD,0.8294961246666714,0.15638866835909987,0.009595479746957247,0.0034149646875593098,0.0011047625397121532
N5431HD,0.05852053464290852,0.7865091867119836,0.14052149987113466,0.012069326662931697,0.002379452111041576
N5432HD,0.7028970106248903,0.2749570793003454,0.01575823529079142,0.004770283092154627,0.001617391691818222
N5437HD,0.8046074320550672,0.17823487178036065,0.012741722114025808,0.003357179912620009,0.0010587941379263245
N4225HD,0.3914848713524418,0.525478799196221,0.06722219049787315,0.011708562331623847,0.004105576621840194
N5123HD,0.4753511521403484,0.47946341992494923,0.03201183833586746,0.009965015479302815,0.0032085741195322206
N9187HC,0.04190300206937337,0.22674376661610138,0.3524015328541628,0.31124454001907476,0.06770715844128784
N5439HD,0.13844391023201916,0.436424044518379,0.3280993616067804,0.08046569668308762,0.016566986959734
N5440HD,0.08805402911210948,0.6515677294834318,0.2355412535065271,0.01991093371774518,0.0049260541801864855
