ncode,proba_0,proba_1,proba_2,proba_3,proba_4
N4541HD,0.7467737357610137,0.22366943206935455,0.019851524188778745,0.006487275153500229,0.0032180328273527215
N4397HD,0.011469799287899242,0.05552811565647065,0.42731853717579993,0.46605458137733796,0.03962896650249201
N4544HD,0.8614695997523759,0.1305833806002134,0.004820996693160463,0.002082898207032674,0.0010431247472177006
N4545HD,0.09804247407587276,0.2548688067888946,0.3286016424980241,0.23244761684165755,0.08603945979555083
N4546HD,0.16332721918180645,0.7560440877133148,0.06817568135935738,0.009650209005047612,0.002802802740473988
N4550HD,0.8646868383421593,0.1242128339946764,0.006316225845728238,0.0029309535436901424,0.001853148273745866
N4551HD,0.6345672391361274,0.34392824486317697,0.01657857214738796,0.0035950384287958656,0.001330905424511625
N4554HD,0.07836196188486969,0.6123281262117793,0.2617883104879222,0.036009494658557614,0.011512106756871145
N4555HD,0.41050426025702624,0.5143088249748757,0.060150895464190696,0.011121801509078457,0.003914217794828783
N4556HD,0.3682582306714184,0.46377300622693185,0.12172562060483291,0.03714302173975993,0.00910012075705696
N4563HD,0.39257781008787357,0.49590111877543713,0.08579044485929035,0.019971145774990474,0.005759480502408367
N4567HD,0.8913107229239189,0.09819618059159933,0.0059518810518294435,0.0028847205133766566,0.0016564949192755846
N4561HD,0.8558981852950246,0.13572281824878848,0.005328360883656568,0.001937014963827877,0.0011136206087026127
N4571HD,0.2970661558976699,0.6007067423979736,0.07552645030219061,0.019862480632739522,0.006838170769426187
N4574HD,0.9493711179801808,0.045965705151377385,0.0026948270949021663,0.001244440483635528,0.0007239092899039075
N4575HD,0.524035878035522,0.42791132185275665,0.03420088091815603,0.010161875171937167,0.0036900440216281064
N4579HD,0.2507909237403231,0.6114702195931226,0.09973572460090831,0.027821213326420506,0.010181918739225552
N4581HD,0.18675599248066496,0.6967259494144052,0.09871191788624421,0.0138647729393132,0.003941367279372373
N4584HD,0.1490783065500447,0.7727515756163447,0.06763664817257754,0.007784783972353782,0.0027486856886792376
N4578HD,0.7453641826449938,0.2422435186897246,0.00870906226547211,0.002446878009969474,0.0012363583898399374
N4590HD,0.18677065051243358,0.716554561783197,0.08062673052042241,0.013003312948815767,0.0030447442351311037
N4593HD,0.0239591903622761,0.20209709246540267,0.3883261271025376,0.3522619476788654,0.033355642390918226
N4151HD,0.1394014347801852,0.4836889115676085,0.2248745009507244,0.11453798380986893,0.03749716889161298
N4594HD,0.827020775741353,0.15845136104876115,0.009269572086970278,0.003604235310795596,0.0016540558121200537
N4600HD,0.3839811218056462,0.5585189847198087,0.04649491542569923,0.007966103668101916,0.0030388743807440357
N4605HD,0.07877076090816006,0.39897229016859126,0.41792420162026234,0.09427023677891284,0.010062510524073627
N4612HD,0.3435746634153111,0.5216222186715698,0.0951936948642052,0.03235117999086647,0.00725824305804746
N1701HC,0.22651068249497022,0.6355388958942738,0.10208026535940162,0.024137781717020242,0.011732374534334105
N3705HD,0.007694362080094585,0.028562363263877375,0.18400991250487683,0.4317556488774638,0.3479777132736873
N4589HD,0.5824149065629709,0.3644928717304988,0.034996066299123246,0.012916372983459996,0.005179782423946914
N4339HD,0.9258971578760681,0.06748733506209759,0.003671472786903663,0.0019663355680168727,0.0009776987069139524
N4615HD,0.024817300075244776,0.11774095766015974,0.29111681893172237,0.47196756090325165,0.09435736242962148
N4618HD,0.88517953680905,0.10515865610114875,0.005654171076398155,0.002465172008300932,0.001542464005102144
N4624HD,0.5081396740318692,0.4749292675585041,0.012885728385127247,0.0028682884377760846,0.001177041586723144
N4626HD,0.7811016335965459,0.1966184154467269,0.014747464328452803,0.005686569887688571,0.0018459167405859708
N4628HD,0.061003245618543304,0.49156417811221975,0.3524584207216302,0.07651855797257194,0.018455597575034736
N4638HD,0.07546312917118578,0.25949284714613746,0.2933088074006236,0.28271638454231895,0.08901883173973428
N4639HD,0.7622526920103272,0.20804864534330753,0.018508633233014257,0.0073507170950707305,0.0038393123182805613
N4642HD,0.9097556878302101,0.08482971199394826,0.003384208631052209,0.0013085104664027885,0.0007218810783868646
N4646HD,0.9384616292380483,0.05664014142388997,0.002846258287804344,0.001277576184772721,0.0007743948654845896
N4631HD,0.8566542621698784,0.13104733325906273,0.008257646392257848,0.0029111437888849345,0.001129614389916014
N4656HD,0.027919555746796467,0.1336361441817577,0.42749398617047596,0.34321009630943,0.06774021759153978
N4658HD,0.8137724385325769,0.16953261204618308,0.011155872685927968,0.0035493163711162474,0.0019897603641957644
N4661HD,0.8404550309064426,0.14688727476775784,0.007550290049758885,0.0033783347096255664,0.001729069566415008
N4665HD,0.827016446266811,0.1574044483271201,0.010654019123768219,0.0033226421496200193,0.0016024441326805542
N4667HD,0.8423507414242679,0.14685643007137858,0.006481318746278808,0.002749046947360127,0.0015624628107146273
N4669HD,0.6837372065756951,0.2968390485278432,0.013534697054417873,0.00428226999887598,0.0016067778431678296
N4673HD,0.2387377714544495,0.5934122819598837,0.13491052135610762,0.023255074096294844,0.009684351133264359
N0760HD,0.07226305650834258,0.6484299945006098,0.23485949259702887,0.03603860119419616,0.008408855199822637
N4672HD,0.6550360268638269,0.2885937745283709,0.038597140089446244,0.013383812677647261,0.004389245840708708
N2593HD,0.8634793056597222,0.12495492846013682,0.006856842850828049,0.0029285850106549344,0.0017803380186580725
N4677HD,0.1973032585090158,0.6601041511441997,0.12134230906749707,0.016806860673432223,0.004443420605855175
N4680HD,0.19302955757164106,0.6076242335234266,0.16825773223023535,0.022765666382234994,0.00832281029246189
N4688HD,0.015535366213704278,0.06735614704606162,0.3934518149265238,0.4566982389830131,0.06695843283069716
N4689HD,0.8652300035697233,0.12488332916352318,0.005824830870061434,0.002481197180653612,0.0015806392160384029
N4691HD,0.15401783127503507,0.3827994344788466,0.2889124108157099,0.13740144378924218,0.03686887964116621
N4692HD,0.5438103269834197,0.40179326015668976,0.036472849743710414,0.012193627445025586,0.005729935671154428
N4694HD,0.03780249606018128,0.2103070472413818,0.5416529674273541,0.18452448694521895,0.025713002325863786
N4695HD,0.10401734196950102,0.6069772041311845,0.24427542408136524,0.03781738718365673,0.0069126426342925075
N4699HD,0.45966708128336337,0.4904116942511674,0.037090158738637365,0.009258372702361118,0.0035726930244706157
N4703HD,0.355448132749272,0.4262652884209026,0.11703942039448022,0.07285477825451965,0.028392380180825426
N4704HD,0.004689433709398818,0.019730140973944644,0.4025281029444142,0.5482519266519662,0.024800395720276137
N4708HD,0.9231978215629517,0.07221325756241087,0.0026643650961841042,0.0012660452652478386,0.0006585105132056543
N4714HD,0.49344920371127066,0.4462009444207534,0.040276917078559786,0.013273515150917747,0.006799419638498397
N4721HD,0.10604623298435692,0.5490672561275058,0.23821554666342876,0.08989398473986929,0.016776979484839253
N4722HD,0.8276512708585364,0.16456641481405238,0.0047672204569571,0.0019645705318988103,0.0010505233385555241
N4724HD,0.1652415141927675,0.6845818082069007,0.1267006774884954,0.018531395801227712,0.004944604310608828
N4726HD,0.03873901308919085,0.8000643037930277,0.14141627560758546,0.01637943703819459,0.003400970472001347
N4735HD,0.7621349359688295,0.22743325994012964,0.006639628112566881,0.002344792254967907,0.0014473837235058852
N4063HD,0.42193935055789145,0.4691616783236536,0.06615859579506819,0.029407328594542086,0.01333304672884483
N4712HD,0.7421079065637001,0.2422127737057152,0.01137476906307715,0.0027868954695092416,0.0015176551979983884
N4738HD,0.23049361342151922,0.6511569022345174,0.09034189908348911,0.020664829510805723,0.007342755749668478
N4740HD,0.06119637004135814,0.34148925028024746,0.3282706383483891,0.22420649871834528,0.044837242611660125
N4742HD,0.02694789241188737,0.12164768091343574,0.5425841154058509,0.23451816908395634,0.07430214218486958
N4745HD,0.8172011693509658,0.16742880770458896,0.01102699948953621,0.0029516537656619855,0.001391369689247123
N4747HD,0.7708371426659605,0.19732502686794648,0.021426313358439066,0.00724738123232153,0.003164135875332427
N4750HD,0.7460840280751769,0.22675344477459236,0.01683775796751914,0.007307053876965539,0.003017715305746016
N4752HD,0.008273280855131945,0.05226140339116722,0.45368341788474326,0.4362845600232409,0.04949733784571658
N4754HD,0.5481765687494776,0.4276368800386896,0.01842362687903519,0.004214892648653714,0.001548031684143837
N4755HD,0.2632791098008333,0.6046081230108422,0.10591858331026487,0.01950448313413593,0.006689700743923656
N4756HD,0.4653638411357426,0.49315454245139906,0.031193582568040525,0.007619322207902418,0.0026687116369154724
N4757HD,0.8559196288491984,0.13273290274518326,0.007966046897179394,0.0024145301921547286,0.0009668913162841246
N4759HD,0.30276899626924697,0.5942259911567963,0.08095360627506705,0.01673807724313023,0.005313329055759558
N4762HD,0.2991158418188116,0.550115971723668,0.1260311236456741,0.019150567861335403,0.005586494950510801
N4763HD,0.4977933967795405,0.4474633163574153,0.03570548935226641,0.011640892819529389,0.007396904691248253
N4767HD,0.7904239600700051,0.18907149060247969,0.013737064564893861,0.005069206946391033,0.0016982778162302138
N4769HD,0.06463449873014071,0.36905184336904895,0.43530374187546056,0.11718668782178723,0.013823228203562542
N4770HD,0.7839293520986874,0.19909299718354398,0.011758420498546763,0.0034635762313976947,0.00175565398782408
N4676HD,0.2508251100442266,0.5029943112835913,0.18152263617310824,0.052296281397725075,0.012361661101348814
N4614HD,0.46320587582682926,0.45429836425219955,0.06505638424199432,0.0134292020512826,0.0040101736276941975
N4774HD,0.303200948840183,0.6059155423976506,0.06853759710048578,0.016908087171118767,0.005437824490561892
N4778HD,0.04570000600732421,0.2790599178984921,0.40824120711435913,0.2327512789925665,0.0342475899872581
N4780HD,0.008813499003303644,0.04489009233277297,0.21461579787448573,0.4378120092337578,0.29386860155567995
N4783HD,0.5435465840956163,0.417879467543491,0.02939838417656912,0.006596131886851286,0.0025794322974723055
N4789HD,0.7702910881811781,0.1998639653083626,0.020366184010902445,0.006356317492812421,0.003122445006744461
N4792HD,0.47751774378152334,0.5023721441419357,0.016181370234959604,0.002786941116890845,0.0011418007246906507
N4793HD,0.04371161239461796,0.5539415577333161,0.29543814996734374,0.08566095105026084,0.021247728854461252
N4794HD,0.012021218413289379,0.07544773273890147,0.36741467236249553,0.5083151366282328,0.03680123985708086
N4799HD,0.7622099990440133,0.22092463394982573,0.011057496294714652,0.004139395444469716,0.0016684752669766441
N4800HD,0.9164532833963185,0.07625730648370177,0.004148608802407206,0.001907082958046913,0.0012337183595256284
N4808HD,0.09846361219908036,0.8101082408987126,0.07848667414205943,0.010050999009006764,0.0028904737511408866
N4809HD,0.5386404724587499,0.4056696123281785,0.038653662121269944,0.0119249406569211,0.005111312434880384
N4634HD,0.6707313132935354,0.2887628205477742,0.027527928236127566,0.00965935639312315,0.0033185815294395687
N4784HD,0.8878767565906776,0.10182835758253579,0.005971740613544628,0.0030020512998811255,0.0013210939133609023
N4815HD,0.882831303213173,0.11045502254668663,0.004233221349040587,0.00160376222246392,0.0008766906686358643
N4816HD,0.7468082989031068,0.22811743825233013,0.017578810738262653,0.005194440068044641,0.002301012038255802
N4817HD,0.4481045625274351,0.4876619937599842,0.047428001429653914,0.012570334446520745,0.004235107836406019
N4818HD,0.8931208322974828,0.09759647247020276,0.00528700600702269,0.00242236274563779,0.0015733264796538495
N4821HD,0.030259543242543246,0.9181305338321318,0.04208978461182096,0.007664552438274491,0.0018555858752294279
N4830HD,0.8734529484480619,0.11389036239235045,0.0086360001940571,0.0029481807524307504,0.0010725082131001122
N4748HD,0.8654302524054097,0.12595993200790792,0.005304868756776647,0.0020782953788560793,0.0012266514510498022
N4684HD,0.8138412382845971,0.17546299443109206,0.006441903176660354,0.002645931490637262,0.0016079326170134005
N0389HD,0.02662900402189163,0.8761175554825318,0.08696414948578061,0.008040513883752381,0.002248777126043625
N4796HD,0.3737280731752557,0.4802190889770147,0.11325710710138975,0.025727802860549466,0.007067927885790253
N4834HD,0.006691551127099508,0.027315416995937064,0.41419264961573204,0.5281981796669455,0.023602202594285932
N4835HD,0.06890748330344261,0.8829796657475557,0.04083782462836206,0.005703597424920879,0.0015714288957189015
N4837HD,0.5283806264737098,0.4507517613697448,0.016429837288135192,0.0031264747460548648,0.0013113001223553993
N4838HD,0.07085119276373095,0.8562320713539969,0.06040193747617588,0.009302836899632388,0.0032119615064638406
N4839HD,0.04217449300562332,0.6671696754053452,0.23960130090003104,0.04116679848141245,0.009887732207588113
N4842HD,0.7639130943092223,0.2159184743809609,0.013570501929246942,0.004792739926938268,0.0018051894536315939
N4844HD,0.9263781826461012,0.06857676351536808,0.003123398690285119,0.0012424690389300534,0.0006791861093155792
N4846HD,0.14945478119594646,0.5682575763571893,0.21517433482054862,0.04517546480321321,0.021937842823102332
N4847HD,0.7856821330506369,0.20193834316771503,0.008249682796683483,0.0029065301124964102,0.001223310872468355
N4849HD,0.31384490901410206,0.605708520419149,0.06003277309736453,0.014413593826069679,0.006000203643314605
N4852HD,0.0404467735846314,0.7523821814960213,0.18496875583320954,0.017244073979522934,0.0049582151066147155
N4853HD,0.4951203791621748,0.45977157130457963,0.034483131940861694,0.00818389044768125,0.0024410271447026207
N4856HD,0.8791093874552576,0.11255177942343296,0.004997254658838477,0.002119440156948831,0.0012221383055223333
N4858HD,0.8782148346951221,0.10930360909501971,0.0073096485160577375,0.003253098694192579,0.0019188089996080454
N4860HD,0.3169444839744845,0.610217305891683,0.05897600108718124,0.009208204314045476,0.004654004732605724
N4861HD,0.8720194042912925,0.12150147472887665,0.003947583448798074,0.0016661030396446347,0.0008654344913882546
N4863HD,0.4858599165457141,0.4917139071119282,0.015958065535919882,0.004518353025571926,0.0019497577808659007
N4864HD,0.6470542031935627,0.3352195400057056,0.012530220654660687,0.0036253091841211803,0.001570726961949729
N4866HD,0.8225391344724278,0.16117593051369772,0.010210360187416204,0.004051351752711909,0.002023223073746502
N4012HD,0.6612894162474126,0.31493139411727245,0.016166441179832885,0.005279172648538532,0.0023335758069436023
N4825HD,0.3290884727845368,0.5700081521439448,0.07089456938395876,0.021685058789214316,0.008323746898345339
N4875HD,0.04151321688587298,0.35031316109582283,0.47174170361258094,0.11564401208907886,0.02078790631664444
N4878HD,0.042502508320096784,0.20242831708274212,0.40020527919576004,0.2596054621070537,0.09525843329434724
N4883HD,0.04221525180641041,0.6163574404325987,0.2940271443045771,0.04036124502067935,0.007038918435734435
N4884HD,0.6199232426160334,0.3305855440473763,0.03625478554032016,0.010198824122989374,0.0030376036732809634
N4887HD,0.18502953691023177,0.69877104921408,0.09708524937778303,0.014949351369994814,0.004164813127910457
N4891HD,0.6476764307120966,0.31824502830576046,0.025805195249434372,0.006314825387213095,0.0019585203454954886
N4892HD,0.12755587311068103,0.7409772954338268,0.10941832129503912,0.01709250442389289,0.004956005736560246
N4895HD,0.8105462449529829,0.1740637200339434,0.010084235426963736,0.003635406317054706,0.0016703932690552803
N4899HD,0.8583618996048432,0.13018499598280256,0.006922237253484726,0.002852973098441854,0.0016778940604278414
N4898HD,0.5035863299990364,0.4509660240403736,0.032748189288464805,0.00935508116188979,0.0033443755102354304
N4902HD,0.664446558694865,0.2917027413635802,0.02870498194219663,0.010819263340549794,0.00432645465880828
N4904HD,0.15154732562181714,0.5698649668102607,0.2241905006050462,0.04271036003699893,0.011686846925876978
N4906HD,0.6850978933395611,0.2883562566497295,0.019082222760673118,0.005620004050381886,0.0018436231996544598
N4909HD,0.7868962683871293,0.19420658009734507,0.012250936761791531,0.0043448632169410546,0.0023013515367932428
N4912HD,0.6989627813872711,0.2787171202672447,0.01603254225129462,0.004661654518834245,0.001625901575355447
N4913HD,0.651545777493,0.32462643734527297,0.018289471874314088,0.003971693428520307,0.001566619858892748
N4914HD,0.12274784158171533,0.7083444300668151,0.14348496072771796,0.020585726836615893,0.004837040787135792
N4908HD,0.8930274810610676,0.10040765771423003,0.004334042432845492,0.0014247887239750862,0.0008060300678818394
N4937HD,0.8656281419070198,0.12641011319999773,0.005100108401901819,0.0018542803850521688,0.0010073561060284623
N4938HD,0.8948076452145485,0.09854425096398126,0.004119906463258906,0.001623315452409178,0.0009048819058020986
N4949HD,0.8616409588895337,0.1281082398622618,0.005723988730300893,0.0027662700883942246,0.0017605424295092263
N4952HD,0.7998042140263038,0.17769941595069438,0.015586866918626721,0.0050895040984663895,0.001819999005908819
N4954HD,0.3804833372779617,0.5620576369311295,0.04577370151304847,0.008624132570570181,0.0030611917072902732
N7917HB,0.8727614571447274,0.1202418698399403,0.0043183125127379185,0.001739160638902353,0.0009391998636923073
N4951HD,0.6837565758821545,0.29941958860263324,0.012319719656292163,0.0031447628193767663,0.001359353039543385
N0385HC,0.1357120670039872,0.5669655921706249,0.24186744983236594,0.043899903098989695,0.011554987894032195
N3920HD,0.4293787412346217,0.49686479756349194,0.05784187621164446,0.01203918250385357,0.0038754024863882687
N9498GW,0.7462118279747959,0.2346618388692045,0.013621503886020622,0.003835965977388014,0.0016688632925908205
N4961HD,0.881813758064598,0.11149790481255785,0.004438803337286327,0.0014868767154306434,0.0007626570701271696
N4965HD,0.32886633868445125,0.5172788259314177,0.12263161979472009,0.02501668769164677,0.006206527897764067
N4967HD,0.6229068195356862,0.32259541337673053,0.035320749800977956,0.013907487325378732,0.0052695299612266055
N4968HD,0.31984135295296057,0.500917837512735,0.0987323624678723,0.0607825313785017,0.019725915687930515
N4973HD,0.7771272896613154,0.20333373146680297,0.01365230024473508,0.004372518393371077,0.0015141602337753104
N4976HD,0.02663533542335774,0.2904434620594778,0.551259344621607,0.11393458294151602,0.017727274954041437
N4977HD,0.22818218545841498,0.6757453682315555,0.07962111563021372,0.013190998979959711,0.0032603316998560637
N4978HD,0.7070841006552816,0.25659183434097393,0.023933217324246827,0.008463397444442557,0.003927450235055029
N4982HD,0.3533253119582442,0.542841130327157,0.07421957465819487,0.021871849719636068,0.007742133336767932
N4983HD,0.2508649342487513,0.4958764492145807,0.16197009269934354,0.08009885391897471,0.01118966991834971
N4984HD,0.8682699103629788,0.12453200236637291,0.004491524767100058,0.0018309641923441376,0.0008755983112040606
N4992HD,0.020911385026291043,0.2174029386326651,0.34933768740925003,0.359756481770191,0.05259150716160277
N5000HD,0.6294491773087548,0.3060237668502719,0.0438288181907573,0.015199402216744061,0.005498835433471998
N5006HD,0.5361252960154176,0.4334924643291291,0.020903993057368817,0.006455886218209799,0.0030223603798747016
N5007HD,0.6688278218477304,0.29821225282818986,0.021971226979483602,0.007740489073919331,0.003248209270676594
N5008HD,0.19609041710490094,0.6113628348564508,0.16108988196352167,0.02610758470697679,0.0053492813681498465
N5011HD,0.23378060918720442,0.6739804935911078,0.0722440958715181,0.014363516732041268,0.005631284618128293
N5020HD,0.5648099325677903,0.39819294366870195,0.026980688394887976,0.006589601347857812,0.0034268340207619613
N5024HD,0.7941770156284058,0.189341586085214,0.011552019611555926,0.003552577101199848,0.0013768015736245261
N4826HD,0.8755179975832977,0.11497621407816491,0.006041509315885488,0.00240657542201963,0.0010577036006322886
N5032HD,0.8328234250240389,0.15441772861901032,0.008984169074209833,0.002626531631958781,0.0011481456507821948
N5041HD,0.8813245311346937,0.1085055601121501,0.00562789016855821,0.0030824893804479257,0.0014595292041503026
N5043HD,0.9340103695960554,0.058382969280002556,0.004606725062117507,0.0019555607995993124,0.001044375262225175
N5044HD,0.38669533330210615,0.532947595843103,0.05715603469381473,0.016293612470475855,0.006907423690500212
N5045HD,0.8009682127915937,0.18544710905336853,0.00857366464556477,0.0034907742121587978,0.001520239297314192
N5004HD,0.8826128198731301,0.10742096310479307,0.006156495404993643,0.0024939079716064586,0.0013158136454766878
N5055HD,0.5615338846784819,0.3760126653168359,0.0446751772728883,0.01407401680940615,0.003704255922387717
N5056HD,0.12382648177019204,0.3883268620823135,0.326472485533507,0.11136557862527242,0.050008591988715066
N5057HD,0.6592107248857004,0.3210824098868448,0.014162503280944849,0.004070513971383376,0.0014738479751267046
N5059HD,0.4916458139530873,0.44076185265968154,0.049497695408342576,0.013094221039319339,0.005000416939569341
N5061HD,0.5997361765641502,0.3513441914917747,0.03497285670760473,0.01029604669665039,0.003650728539819751
N5018HD,0.8865695008331708,0.10373904017659301,0.006063531759745418,0.00227913597909579,0.0013487912513948839
N4896HD,0.727476896231463,0.24433542204261768,0.020105610605684172,0.005801153320762663,0.002280917799472517
N5064HD,0.6878518275486586,0.28337188119031265,0.019525783310745132,0.0066928310593752085,0.002557676890908515
N5065HD,0.5471721899336829,0.4100837195286024,0.03091732320575808,0.009235347077417107,0.002591420254539526
N5067HD,0.2412640048150532,0.6126716927346708,0.10980640834429371,0.0273852727368554,0.008872621369126801
N5070HD,0.045334918407262066,0.4520954390303122,0.44222920718306086,0.05028943699840205,0.010050998380962888
N5071HD,0.17804444413519235,0.6969724252898116,0.10233147176981672,0.017301505064667478,0.005350153740511875
N5072HD,0.17175019100380665,0.6886667265354594,0.11487137686437457,0.018975911198314183,0.005735794398045312
N5074HD,0.7475677067500466,0.22991250835272276,0.015318000548333637,0.004886685712322062,0.002315098636574881
N5075HD,0.934107810644946,0.060732789676904694,0.0029136673605593875,0.0013754612646864426,0.0008702710529034866
N4923HD,0.7648582188990799,0.20109950208590152,0.022411970121267666,0.007833696373062674,0.0037966125206881805
N5076HD,0.7477658496328355,0.235945485262785,0.01223564912921705,0.0028343803178593214,0.0012186356573029773
N5079HD,0.036562767908088226,0.3310443107186462,0.4175161141203186,0.18768883309666268,0.027187974156284274
N5080HD,0.6561758102893425,0.3185412587210965,0.017196763334504622,0.00530130927966935,0.0027848583753871943
N5082HD,0.7978430233672927,0.17153263559295265,0.019568473927577174,0.007549003391327988,0.003506863720849547
N5083HD,0.6935132605595689,0.27578853884888566,0.02253243236594273,0.00619989453327045,0.0019658736923321637
N5085HD,0.13011858771323875,0.6041383536282932,0.22843219217777586,0.029228758881178662,0.008082107599513576
N5051HD,0.36076658149662916,0.5965783067956277,0.03552299677785844,0.005157346653218432,0.001974768276666262
N5039HD,0.05545066673120133,0.3024461700527584,0.40587010171630417,0.18996200678396338,0.04627105471577261
N5088HD,0.8935623221029045,0.10021785658784328,0.0038151546536252315,0.0014928319548237895,0.000911834700803059
N5091HD,0.04124469142931624,0.9359780132712305,0.01938718855421206,0.0025842581530652617,0.0008058485921758847
N5093HD,0.014036632616372505,0.05856130834979217,0.23058557315065764,0.5462899415537358,0.15052654432944174
N5100HD,0.014808296999723974,0.11673423250529984,0.40947832181668337,0.4176492344022341,0.04132991427605874
N5103HD,0.07312636731000269,0.3119210514652501,0.4081997976339998,0.15898997013752358,0.04776281345322375
N5104HD,0.9426910704662852,0.053165169678085,0.002425071023114463,0.0011408300214537704,0.0005778588110614038
N5105HD,0.7803678724632316,0.19765509540768914,0.011898962974542238,0.0066306542366707496,0.003447414917866452
N5106HD,0.6818396314653233,0.28909483733340585,0.020546398868363118,0.006284456977176456,0.002234675355731314
N5109HD,0.6571064301904056,0.3253482942700503,0.01324337061187173,0.0029976157319829533,0.0013042891956895645
N5112HD,0.48956316988784326,0.4405962557744503,0.0507991901547814,0.01363858183083268,0.005402802352092202
N5115HD,0.8440731691797696,0.14166609086219975,0.009479129717435985,0.0034399533317373996,0.0013416569088573066
N5120HD,0.012263339429419162,0.06514971601541739,0.2986529833712577,0.550263105574489,0.07367085560941679
N5121HD,0.5955618733197118,0.35488868284223707,0.03393756568932241,0.010809585794507694,0.004802292354221
N5122HD,0.5698920003262526,0.35524055533872656,0.05169250947197244,0.018918503879870985,0.004256430983177314
N8305HB,0.7910175292336704,0.19871479003560313,0.006724096289838952,0.00250303402811574,0.0010405504127718181
N5126HD,0.07773878005424338,0.28210589779629497,0.31276120971040455,0.26219976095681935,0.06519435148223769
N5128HD,0.9003664044202505,0.09270729129947516,0.004207281115577774,0.0017320453888666554,0.0009869777758298572
N5133HD,0.017940689664932792,0.14022722669999524,0.44793887285309036,0.3528802301402062,0.04101298064177554
N5135HD,0.7900260614701505,0.1887038875021527,0.014438092418926443,0.005143856459162067,0.0016881021496081615
N5143HD,0.8344038033882326,0.15684360934148553,0.006128458380214711,0.0017501687646584339,0.000873960125408742
N5144HD,0.2686996384154834,0.5977674849266479,0.11087544686798058,0.01744171210446816,0.005215717685420019
N5149HD,0.20976610567230278,0.621543877570304,0.13501673876327264,0.025378328888917247,0.008294949105203278
N5152HD,0.34113688436236134,0.5954572067715096,0.05127222737765284,0.009092170738508118,0.003041510749968056
N4394HD,0.13132014240804468,0.3909044671465399,0.3369941040145678,0.11104844574958736,0.029732840681260395
N5029HD,0.2327421977928543,0.6086206155345151,0.11848951220234408,0.02873616580122285,0.011411508669063805
N4368HD,0.9302878157758294,0.06485414964181045,0.0030095833799882892,0.0011915537467919821,0.000656897455579748
N5013HD,0.2852983413583318,0.5652823128365241,0.10175347494646357,0.033027452647842744,0.014638418210837889
N5153HD,0.5995863101222664,0.33052312477982915,0.0508501013269824,0.014222442649016821,0.00481802112190529
N5157HD,0.839357369201111,0.14961971410718414,0.006216477631610772,0.003156793964037523,0.0016496450960563594
N5170HD,0.5428959751493737,0.40086000824342616,0.04442027338139945,0.008728986753955593,0.003094756471845097
N5172HD,0.8205998622244026,0.15872716199326525,0.013407107697584474,0.005075235297700516,0.0021906327870470743
N5173HD,0.7008778944079288,0.26116824300218733,0.027858796664682023,0.007013117688921445,0.0030819482362803006
N5147HD,0.622443264364877,0.34382747894506854,0.02267493800676059,0.007213094876695301,0.0038412238065986867
N5178HD,0.756424306318767,0.21350374212797918,0.021726541450321633,0.006043587100655161,0.002301823002276827
N5180HD,0.48464906088474136,0.4637065477872584,0.03787035716109058,0.009634898100684445,0.00413913606622527
N5181HD,0.42921471711043513,0.44054797125223677,0.10272217327151001,0.02191784895890981,0.005597289406908184
N5182HD,0.8930797385865388,0.09996233540284008,0.004276010705637365,0.001640799362236296,0.0010411159427474968
N5183HD,0.09498898179551438,0.8614762319685786,0.035674015421078516,0.006211925080567114,0.0016488457342612765
N5185HD,0.36587328218668685,0.44495672258978125,0.12877370510367828,0.049153253982281854,0.011243036137571626
N5187HD,0.16517655261252367,0.4981357399111037,0.24734572961639542,0.06376210816484654,0.025579869695130625
N5188HD,0.16777352503069554,0.49888343088678294,0.192370996317909,0.12118684720206235,0.019785200562550332
N5190HD,0.013369096745764468,0.09239190444197373,0.4262382781270202,0.4294996584129225,0.03850106227231908
N5192HD,0.5309868672049576,0.45228795106267866,0.013185404594275236,0.0024326044271808563,0.0011071727109076878
N5193HD,0.6443203085808938,0.3190279713152361,0.027152250067674275,0.006929858420570912,0.0025696116156247954
N5197HD,0.8732788484617587,0.11732584861423513,0.006581107564344777,0.0019622735005473254,0.0008519218591139771
N5198HD,0.1932944453112895,0.49534176387147427,0.1955158180030624,0.09243455409904978,0.023413418715124066
N5199HD,0.540327494253867,0.3837567608085344,0.054040915163096885,0.01598854892462027,0.0058862808498815365
N5200HD,0.7526079016678817,0.22269944132088265,0.017327792391190422,0.004778091812213866,0.0025867728078313927
N5203HD,0.03959698097370708,0.13120072758500423,0.3848893283193058,0.3467011286229646,0.0976118344990183
N5209HD,0.0419724023545008,0.26143843017416313,0.4825919586577232,0.18793847630855456,0.02605873250505833
N5212HD,0.7873595124554226,0.19884910471433545,0.009398698398645064,0.0029359260940320384,0.001456758337564886
N5215HD,0.4897461234643066,0.4594838616133867,0.03827617325493922,0.008901699395502087,0.00359214227186546
N3574HD,0.7694829271335845,0.20363208457570522,0.014471482204945025,0.008053185633352637,0.004360320452412627
N4760HD,0.08259561875654849,0.39833717371432004,0.3932741095409247,0.09038935494945208,0.03540374303875459
N5225HD,0.820391058098967,0.1673334399061638,0.008864570285370401,0.0025307574469406943,0.0008801742625581649
N5226HD,0.5546512840509691,0.3788511874402603,0.04876176800197448,0.013481699418603858,0.004254061088192176
N5227HD,0.6965017496786995,0.2691951069632299,0.022872460091920736,0.007919517769993206,0.0035111654961565457
N5233HD,0.021296985446447664,0.08287957805710168,0.35662855782056385,0.3793382130294837,0.15985666564640302
N5238HD,0.7912582199116621,0.18118617630161757,0.01864723525383686,0.005864092753443749,0.0030442757794396902
N5241HD,0.7619956458179938,0.21428863412213242,0.017002231621001385,0.004706777379464662,0.002006711059407759
N5243HD,0.01245041314160848,0.07702824735405772,0.45965198770449656,0.41799816527891825,0.032871186520919034
N5246HD,0.7777731829080697,0.1953793246130511,0.018377060719705986,0.005973099862799114,0.002497331896374032
N5247HD,0.006628670266456092,0.025873265692502864,0.35291309121759634,0.5898188537160484,0.02476611910739632
N5248HD,0.6455070050995377,0.30144146786640535,0.03864375158471778,0.010462084647776815,0.0039456908015623095
N5253HD,0.4696692889990729,0.47272190426898353,0.03942317418776622,0.012122185222829778,0.0060634473213476035
N5257HD,0.0411866289020028,0.1594895386757277,0.31690657167713876,0.3728020356499167,0.10961522509521397
N5259HD,0.032065715634965235,0.10798147742516787,0.4328941141573081,0.2950660263251473,0.13199266645741162
N5262HD,0.1053280962763518,0.6373873231075087,0.22258767078712668,0.02856163041927945,0.006135279409733453
N5266HD,0.17129857153555345,0.6992692724937697,0.10658570809253518,0.018858385322741734,0.003988062555399943
N5270HD,0.640556843566237,0.3309642064799038,0.02035411854488355,0.005964269607262502,0.002160561801713051
N5271HD,0.4135388501672669,0.47030537139366363,0.0909131903383811,0.018970433722862334,0.006272154377826138
N5273HD,0.7711969925135251,0.20861488118103536,0.012720891657654651,0.004988666423502544,0.002478568224282224
N5274HD,0.8507349707700792,0.1378544640023945,0.0075400675379947565,0.0027590754607020023,0.0011114222288294078
N5211HD,0.5001357348668547,0.41564217282109345,0.05745673899844319,0.020767909791627483,0.005997443521981169
N4843HD,0.5427778941552125,0.38065642921687354,0.048602740859563065,0.01920041751962925,0.008762518248721778
N5287HD,0.6286231293658228,0.3288726257855171,0.030737986142431395,0.008787755459345228,0.0029785032468837374
N5286HD,0.15109709195387777,0.3079626531767567,0.36261718529689235,0.13711888048618076,0.04120418908629237
N5292HD,0.04455951102251959,0.160780069837699,0.32575151329060154,0.3572720848681379,0.11163682098104216
N5294HD,0.8298000874185175,0.15873618175589468,0.007441761684432755,0.002756997783108156,0.0012649713580469592
N5296HD,0.3724386400873721,0.4683948530616688,0.11328478975364213,0.03609620778154067,0.00978550931577636
N5298HD,0.7286483380067796,0.24973854594831496,0.015494297199191607,0.004195300442252362,0.0019235184034615315
N5303HD,0.7861515924759495,0.1952457532370481,0.012170577865655396,0.004503843918102583,0.001928232503244388
N5305HD,0.12027412024824781,0.4608868687011024,0.30240363994989183,0.09678890617228228,0.019646464928475525
N5306HD,0.8028698923919146,0.18342048736963737,0.00978314754154424,0.002679673685732363,0.0012467990111713503
N5307HD,0.05783364730444217,0.37225841970588985,0.4177052861329084,0.12339369712623699,0.02880894973052252
N5311HD,0.2690795652750355,0.5658484138674131,0.1359594614954504,0.022645393425701623,0.006467165936399398
N5314HD,0.8236967272011876,0.16223729071463938,0.008114784691681528,0.0039900051394871185,0.001961192253004394
N5073HD,0.09963076154077748,0.4350813203347069,0.3164271963112388,0.11301535562642832,0.03584536618684852
N5277HD,0.05782123613608461,0.22145016900074052,0.4360735320931863,0.2165571323982327,0.0680979303717558
N4885HD,0.929668371715835,0.06312017874511028,0.004309936875606063,0.0018604069139547855,0.0010411057494936302
N5318HD,0.039591123518930064,0.3651240480538572,0.45182742996179537,0.1166755975834983,0.02678180088191893
N5321HD,0.7412651903623657,0.2335407953195024,0.017266381430219517,0.005823744472892307,0.002103888415020104
N5323HD,0.9234824438836384,0.07222780246134695,0.0028299277287424413,0.0009242817931672222,0.0005355441331048851
N5324HD,0.6889648725921091,0.2710915524994617,0.028082742737801866,0.008572954634480498,0.003287877536147057
N5326HD,0.8348309060270834,0.1468046967291328,0.010590995551442908,0.005166684298092552,0.0026067173942482032
N5327HD,0.7071288984776782,0.2661866475792935,0.017607288696191294,0.0057942218400953,0.0032829434067415384
N5329HD,0.06991558902610025,0.6228607380788399,0.24613637353430504,0.04890653899342657,0.012180760367328266
N5331HD,0.7843533353705178,0.19115771525981648,0.01825704142392721,0.0044251522150366325,0.0018067557307019405
N5332HD,0.7347060110953865,0.2438118504582083,0.014883166376168466,0.004704425688961176,0.0018945463812754504
N5333HD,0.8360443241171098,0.15506710993291017,0.005901859903724588,0.002097330353703976,0.00088937569255155
N5334HD,0.025565964334343414,0.940886103698947,0.027309132851262345,0.004954920295498659,0.0012838788199486752
N5338HD,0.03700596061146766,0.1729291708350452,0.4143935136674423,0.2656490217676335,0.11002233311841132
N5339HD,0.06249113896754498,0.43711717240990355,0.3942613287064,0.08537568420802456,0.02075467570812703
N3820HD,0.027360158841628054,0.11096249130833448,0.3264869708481971,0.37505129089583694,0.1601390881060035
N5342HD,0.8067161330681837,0.18037887572074282,0.009524619833237711,0.002501287049601059,0.0008790843282344787
N5345HD,0.648342535920208,0.3117838839660577,0.028894841712934934,0.007976237842931541,0.003002500557867939
N5346HD,0.7498657961186422,0.23083673366168556,0.013020479309303274,0.004667718368911414,0.0016092725414576443
N5348HD,0.04196638988675728,0.18897302833979723,0.2949505548986254,0.3851826255708674,0.08892740130395263
N5351HD,0.6687765248115488,0.29014032472779683,0.02735197293954963,0.010864336083710022,0.0028668414373947005
N5354HD,0.007831157991747592,0.028619024019813696,0.34513005761886717,0.6013884699232372,0.017031290446334387
N5355HD,0.6018414057685209,0.3755089377493204,0.014627240181968159,0.005096889610723728,0.0029255266894669353
N5362HD,0.8688523967760617,0.12180497157705157,0.00541987802385102,0.0025227445938722326,0.0014000090291633152
N5364HD,0.7500086779959453,0.22615527728449267,0.0168229660435835,0.004778112756791868,0.0022349659191867213
N1264HD,0.03775402710647444,0.8034310616468086,0.13751122354455547,0.017709883060744426,0.003593804641417069
N4985HD,0.26360518766364066,0.6203713925767229,0.07984378762904364,0.02794940377479675,0.008230228355795895
N5368HD,0.014317042607039072,0.09287281980721225,0.4128222033587709,0.43233838684496123,0.04764954738201668
N5371HD,0.8143709502286037,0.16723598262565503,0.011775634760297967,0.0044459385699925375,0.002171493815450979
N5372HD,0.7080007242971882,0.2694262707550054,0.016594418000227307,0.004169194512290961,0.0018093924352878812
N5373HD,0.46966817639219693,0.5103561451847011,0.0141055316531725,0.004046064198342182,0.0018240825715872566
N5374HD,0.24963578013483076,0.6246605636317667,0.10898433332652659,0.012318344674922798,0.004400978231953101
N5377HD,0.5114045164356996,0.42919863850670387,0.0452311954360958,0.011026283462830343,0.0031393661586703466
N5379HD,0.7427419995539865,0.23367981425136025,0.016392327785109496,0.0054648227960599465,0.0017210356134838415
N5381HD,0.10188708311012698,0.4003733036633554,0.26983819729200686,0.17337549372439387,0.05452592221011677
N5383HD,0.19478418383798515,0.37154985730864276,0.2951672452074188,0.10625455928515312,0.03224415436080006
N5385HD,0.8572100432725737,0.13678210867357324,0.0038916173652396926,0.001346709901542976,0.000769520787070509
N5387HD,0.047729649884376286,0.2871070086849623,0.41748803277464336,0.17993357922959022,0.067741729426428
N5388HD,0.04789641892887176,0.2583426988615522,0.36031846385948035,0.282431753790774,0.05101066455932158
N5389HD,0.0366375877489428,0.7372012531659767,0.1953875068112219,0.024590292301080487,0.006183359972778111
N5391HD,0.506744045781464,0.44928098082235535,0.030633052767508575,0.009813192503792083,0.00352872812487989
N5393HD,0.46946473692863677,0.4949226109895969,0.027253655499593035,0.0059295506964376745,0.0024294458857356963
N5395HD,0.7061469369893476,0.2611197018926551,0.023266840443513334,0.007061549108038552,0.002404971566445428
N5397HD,0.7376052422826306,0.23551730649529523,0.017999504376761975,0.006118300173546431,0.002759646671765804
N5398HD,0.7198862564267435,0.25064347920818714,0.020058663302270623,0.006938763282181229,0.002472837780617472
N5386HD,0.13983709584681178,0.6615148562453061,0.1716617039830997,0.021978044350652797,0.005008299574129425
N2483HD,0.8023983561011853,0.1778536524566853,0.011574466001601863,0.005408160044422801,0.002765365396104642
N5402HD,0.8224669558238817,0.16249967098962392,0.008831519724080406,0.004002253442753404,0.002199600019660503
N5404HD,0.6027467415704133,0.345702659921007,0.036477776209898484,0.011425283916663842,0.0036475383820172764
N5405HD,0.907778674867501,0.08461924042116017,0.004893838118220731,0.0018314126251429478,0.0008768339679751353
N5407HD,0.2456713509702537,0.5284047907203984,0.1575229075132118,0.05315862926187523,0.015242321534260883
N5414HD,0.5168441135608707,0.46384991648907586,0.014713189194660477,0.003285713891064799,0.0013070668643281442
N5415HD,0.8755187730403622,0.11637940770303574,0.005137789311077977,0.0019925550779913395,0.0009714748675327681
N5416HD,0.1220451096159224,0.7863916469952676,0.07355574745626454,0.014029003052954176,0.003978492879591248
N5421HD,0.7345101215120303,0.24028213463626413,0.017942312613830076,0.005085653922030438,0.002179777315844896
N5430HD,0.800859878557574,0.1814933463259016,0.011031497682862301,0.0044675318967031565,0.002147745536958907
N5431HD,0.060224906256746424,0.7728297152437329,0.14897448813801048,0.013846934177618562,0.004123956183891744
N5432HD,0.7042061366696044,0.2627596597469692,0.02402904056614686,0.0063762338336377945,0.0026289291836418417
N5437HD,0.7553526877202554,0.22308263778271,0.01445960864146939,0.005030635403811115,0.002074430451754032
N4225HD,0.29093633268779917,0.6036972342903415,0.08182433612054492,0.01829480637069972,0.00524729053061468
N5123HD,0.5168447678088669,0.4379670174636301,0.030376851641952703,0.010353115350473483,0.004458247735076623
N9187HC,0.06200839041899784,0.3209480050413308,0.3135387357701046,0.24348699962242767,0.060017869147139045
N5439HD,0.17732028952041806,0.5396774418867929,0.20248101427550017,0.06256829350514242,0.01795296081214639
N5440HD,0.11610200801217295,0.609161492455442,0.24006031218116428,0.02721782319117626,0.007458364160044423
N5443HD,0.08263693977197711,0.3869024416063157,0.283985595619457,0.20196308720901004,0.04451193579324003
