ncode,proba_0,proba_1,proba_2,proba_3,proba_4
N4541HD,0.7150417090297524,0.2542531894002447,0.021308719213266793,0.006439589718952862,0.002956792637783262
N4397HD,0.007848378396310184,0.03745550673090228,0.34791945140175784,0.5689194725855922,0.037857190885437535
N4544HD,0.8159166358512983,0.17461000721534992,0.006306643693763675,0.002214286733549278,0.000952426506039104
N4545HD,0.0650971926074811,0.1970490662615516,0.4150594565139499,0.24219313775098988,0.08060114686602744
N4546HD,0.16121888076163948,0.7521780895875352,0.07607631455185801,0.008267985753638253,0.0022587293453291417
N4550HD,0.8481455827303981,0.1420810648691235,0.005734916745102651,0.0025750212794762276,0.0014634143758996947
N4551HD,0.6983132199420057,0.28904996093204705,0.009378309510558059,0.0022118569069346705,0.0010466527084546436
N4554HD,0.0867965245575525,0.6067856557877653,0.26243711340727766,0.0341529772298604,0.009827729017544052
N4555HD,0.39207694315229735,0.5512869098738143,0.04528417727696236,0.008659069198846774,0.0026929004980788644
N4556HD,0.34724021292475965,0.4911138660394007,0.11864135017670767,0.03363252425862715,0.009372046600504943
N4563HD,0.3915780641820546,0.4781951482664817,0.10306660903821098,0.022284670647140514,0.004875507866112431
N4567HD,0.8826782581647099,0.10793514992976101,0.005053026970154528,0.002861522385196836,0.0014720425501777322
N4561HD,0.8252693615726698,0.16722230107359415,0.004665066830989763,0.0019796243390968454,0.0008636461836495469
N4571HD,0.29579141973019957,0.6118895980464845,0.06692192907749994,0.018392338589070165,0.007004714556746077
N4574HD,0.946074941261847,0.0504838591672331,0.0020854138516500317,0.0008867568088328779,0.00046902891043718194
N4575HD,0.4874482767037569,0.46403610126281264,0.03822731409836838,0.007842004317792828,0.002446303617269133
N4579HD,0.19091307239340588,0.6235053499982096,0.14369226997373666,0.031387676838706524,0.010501630795941418
N4581HD,0.16669454580638407,0.7222599168630379,0.09885477183452149,0.00909319954083234,0.0030975659552240605
N4584HD,0.184042151637149,0.7303265535555469,0.07461912669105795,0.008547403308919614,0.0024647648073267067
N4578HD,0.8214929833941959,0.17145358102098904,0.004833083692334534,0.0015505804452095114,0.0006697714472709812
N4590HD,0.1986170183109119,0.699675126103938,0.087970502481144,0.011512101449233897,0.0022252516547721264
N4593HD,0.024202649811127408,0.19141942655129174,0.47620880781532904,0.2787426293680281,0.02942648645422368
N4151HD,0.1334007455557391,0.49855501865694574,0.21408819293864567,0.11827002623144837,0.035686016617221004
N4594HD,0.8309552819792332,0.15989764671281825,0.0057212662944685876,0.0022946562083141575,0.0011311488051658168
N4600HD,0.34632776683567273,0.584184153192766,0.053620668892705024,0.012036605953738394,0.0038308051251179534
N4605HD,0.08114133673106066,0.4190418234653642,0.411445796318249,0.07707900995904185,0.011292033526284346
N4612HD,0.5195229630642824,0.4015895891244676,0.05703403830188019,0.017386017411730563,0.004467392097639181
N1701HC,0.22185639924412137,0.6206640290570792,0.11024534677407374,0.03672893290087025,0.010505292023855445
N3705HD,0.006461637903344362,0.02228219561963856,0.18280165475196014,0.4060712745520635,0.3823832371729935
N4589HD,0.6399405492763122,0.3154393232829636,0.02926777072525226,0.011106041486414838,0.004246315229057217
N4339HD,0.932267718977129,0.06192755319208558,0.003254820857069002,0.0016890243330645357,0.0008608826406518526
N4615HD,0.02155828021229212,0.10780554540318431,0.30152097877430206,0.4606824491962454,0.10843274641397603
N4618HD,0.8665264221340514,0.12419909497963598,0.005346202753478745,0.0026415844825856717,0.0012866956502481804
N4624HD,0.5486935880231731,0.4367907325193136,0.010946509440695343,0.002522285762803608,0.001046884254014261
N4626HD,0.8233990201311278,0.1570823901639844,0.014446437856608303,0.0035468840492919192,0.0015252677989877285
N4628HD,0.07947258956191881,0.5359282983320883,0.32133724675204317,0.05031010055529498,0.012951764798654607
N4638HD,0.14819869149687417,0.29922652441737213,0.2765042129290327,0.21054763242838903,0.06552293872833184
N4639HD,0.7667851251989182,0.20584972696631998,0.017669260250650153,0.0062667817599144525,0.0034291058241972512
N4642HD,0.9110588129903228,0.08411641920218782,0.002963937820274577,0.0012336086807878193,0.0006272213064269138
N4646HD,0.9228857560989534,0.07278842847024508,0.002653157299678211,0.0010441013925735355,0.0006285567385497307
N4631HD,0.8562928120877379,0.134099983096607,0.006868107647542066,0.0019005971834335192,0.0008384999846794035
N4656HD,0.030720394695170603,0.13085535501449702,0.450025112314185,0.3075249492315859,0.08087418874456138
N4658HD,0.829258773163335,0.1516478667440054,0.01287716249044043,0.004297095656952609,0.0019191019452663985
N4661HD,0.8605959325977716,0.12973100047278258,0.00626611422122861,0.0022382262687511284,0.0011687264394660748
N4665HD,0.8181613108607889,0.16782138042264289,0.009694675476254782,0.002680211139217536,0.0016424221010958842
N4667HD,0.8365934727034917,0.15347010817897874,0.005907420623146379,0.002549844340640492,0.0014791541537425728
N4669HD,0.7650122153918829,0.22100316698593725,0.00926816920229327,0.0033420964301855973,0.0013743519897009612
N4673HD,0.22817056860212104,0.6006237700945077,0.13969420579031716,0.02458402203687888,0.006927433476175262
N0760HD,0.1841298732541072,0.6645419435948535,0.1250364413158886,0.020916103815213475,0.005375638019937177
N4672HD,0.6566170407179452,0.29352258888701344,0.036513427281501615,0.009864068103032139,0.003482875010507443
N2593HD,0.8797035813436611,0.10957042256536562,0.006402849350661236,0.002884719201799397,0.001438427538512496
N4677HD,0.14514165897167972,0.6494488003579649,0.18289453097814318,0.017525077414572793,0.004989932277639402
N4680HD,0.1584973978970852,0.6618015697454539,0.1451790960140833,0.025233957740840904,0.009287978602536688
N4688HD,0.01781915069843567,0.07358504634635903,0.3583314991545341,0.4405558160196834,0.10970848778098785
N4689HD,0.8622824433076332,0.12880542385374544,0.005551542192935178,0.002119194976661896,0.0012413956690242598
N4691HD,0.14810282336219993,0.396957150648059,0.2753717966418382,0.14845296849745482,0.031115260850448172
N4692HD,0.551285308533131,0.3872561716206413,0.04090193446550613,0.015031463899960297,0.005525121480761275
N4694HD,0.03471164944707332,0.23386952499188965,0.5416986382374935,0.17162186311048064,0.018098324213062938
N4695HD,0.07546072756073938,0.6672688590279852,0.224711117096888,0.026837682510093382,0.005721613804294197
N4699HD,0.3886647065718148,0.5496222824197149,0.044169508483790546,0.012503787829673216,0.005039714695006552
N4703HD,0.41514932736091165,0.38096531806758877,0.1182579392999612,0.06287205352947671,0.022755361742061744
N4704HD,0.004616617185219032,0.019461056099793924,0.3108186819388129,0.6490562756905714,0.0160473690856026
N4708HD,0.9250863229782842,0.0705474350652387,0.002891938451118225,0.0009662336899970483,0.0005080698153621864
N4714HD,0.5596972339206427,0.3857291138626373,0.037294155147930545,0.011654431996325017,0.005625065072464325
N4721HD,0.07160928552889152,0.5213000645385146,0.3125516136929758,0.08179114214484182,0.01274789409477617
N4722HD,0.8117499357060407,0.18044041519933626,0.005308463357542572,0.0017602764521721284,0.0007409092849080678
N4724HD,0.18297914933254694,0.688009531075056,0.10871913517652856,0.016004858322973572,0.004287326092894885
N4726HD,0.042135058558813894,0.7773501474613171,0.16625209409548014,0.010988084439595636,0.003274615444793239
N4735HD,0.7557819259294772,0.23324314885237973,0.0070170394911605065,0.0026064057450820776,0.0013514799819005015
N4063HD,0.4145071717882548,0.48114072223533794,0.06568905213219407,0.025961614516586323,0.012701439327627037
N4712HD,0.774108458022625,0.21444849903000643,0.008175628536243798,0.0022242064427711304,0.001043207968353676
N4738HD,0.23213745151917836,0.6289485059900934,0.11066835450297959,0.022134567431463862,0.006111120556284834
N4740HD,0.05542564801142842,0.2572489345878795,0.36372466825904914,0.2683222001676313,0.05527854897401156
N4742HD,0.02950849067882051,0.1408429231791249,0.526693830866394,0.2324397838188333,0.07051497145682727
N4745HD,0.8596767360862688,0.12825047794450758,0.008741963681883895,0.0022919773457822294,0.0010388449415574001
N4747HD,0.7891336390928435,0.1845602954907681,0.01704574659024765,0.006087587766250035,0.003172731059890847
N4750HD,0.7548210692835854,0.21998961860042823,0.0158072751243253,0.0069922263606000045,0.002389810631061034
N4752HD,0.006381482334209645,0.04552841922099106,0.45937359356902263,0.44272547525047695,0.04599102962529961
N4754HD,0.5047603354020405,0.47236345672969304,0.01840090383499497,0.00335768396453112,0.0011176200687403415
N4755HD,0.28086519319169856,0.5822702944748832,0.11175104664965946,0.018568310374819735,0.006545155308939048
N4756HD,0.45076422759917545,0.5077672303777944,0.030854574338224142,0.00777774957639181,0.0028362181084142283
N4757HD,0.8680122721074648,0.12194345700488941,0.006819122578254935,0.002298757838593813,0.0009263904707970128
N4759HD,0.2762314787122864,0.6608911852739423,0.047926550743883196,0.011255396576561199,0.0036953886933266842
N4762HD,0.24450930239017676,0.6396221635682167,0.09915023221437598,0.012955551113926728,0.0037627507133037295
N4763HD,0.530562015066002,0.41614565350232924,0.03689484433835551,0.01036421646328469,0.006033270630028496
N4767HD,0.8164565590048738,0.16553543193846418,0.01308087912373996,0.0036203185970222996,0.0013068113358998623
N4769HD,0.07743544298388709,0.36128468003175573,0.46976815760796514,0.0816261892025351,0.009885530173857017
N4770HD,0.8023632643041625,0.1800684811179739,0.012859365410871737,0.0033174177210795646,0.0013914714459122323
N4676HD,0.14251454615294792,0.5483424497026832,0.23959899574769464,0.05816977402867187,0.011374234368002287
N4614HD,0.5527114650474015,0.37438272669082606,0.055464606455566265,0.013110502841736824,0.004330698964469261
N4774HD,0.2675283704560953,0.6249306066424811,0.08204097985801367,0.0195658270154636,0.005934216027946171
N4778HD,0.03897659292171787,0.24474729684341753,0.4033298622695918,0.2788314669208003,0.03411478104447246
N4780HD,0.009538789816354833,0.04096560865818278,0.23162276219651176,0.42441342119475184,0.2934594181341986
N4783HD,0.6274113267070147,0.3429673266815309,0.022371188726273028,0.005538004973293254,0.0017121529118880598
N4789HD,0.7853046433330141,0.18913241930755698,0.017184711271698967,0.005602587551331354,0.002775638536398619
N4792HD,0.5089393355374608,0.472456813767931,0.014975061163044808,0.0026355045477598283,0.0009932849838035376
N4793HD,0.05125333922283846,0.4701802017994284,0.39529163973559145,0.06781655138352842,0.01545826785861319
N4794HD,0.008679554123824311,0.06340709825852205,0.35941204775370866,0.5405045472850236,0.0279967525789213
N4799HD,0.7589589681065981,0.2197363205847815,0.015127144929157552,0.004316170324631618,0.0018613960548311812
N4800HD,0.9094780420696624,0.08290594379990639,0.004745048497781353,0.001765969752841741,0.0011049958798080906
N4808HD,0.07895018471919031,0.8312336059386434,0.08082654472087598,0.0065859351358357075,0.002403729485454632
N4809HD,0.5348939620466118,0.41659089775983915,0.0344625928787751,0.009528636327065404,0.00452391098770839
N4634HD,0.7175681372684858,0.23718018814289402,0.03211367256470467,0.010172509135851921,0.0029654928880635456
N4784HD,0.876820387935145,0.11447885631980988,0.005431628549234439,0.0021463781247484676,0.0011227490710620364
N4815HD,0.8494535133010319,0.14318823203878045,0.004369191368192853,0.0020207345145971736,0.0009683287773975981
N4816HD,0.7606961594030559,0.21701712320825386,0.015943347598849363,0.0047196888485254345,0.0016236809413154953
N4817HD,0.3520301301116923,0.5903683720417633,0.042596781093269184,0.01084043784760913,0.004164278905666035
N4818HD,0.882718731889957,0.10851816166389903,0.0046932957877461,0.0024658342476499345,0.0016039764107478728
N4821HD,0.02735765806433721,0.9214548460691417,0.042620151056932024,0.007151676338789741,0.0014156684707993413
N4830HD,0.8667588052583732,0.12183450414953013,0.007788274640321272,0.0025382390892872775,0.0010801768624882076
N4748HD,0.8711961285321188,0.12187579765467894,0.0043468259080082245,0.0016774708356517346,0.0009037770695422257
N4684HD,0.8397515137775391,0.14954664270150755,0.006967629536564793,0.0024095469440589736,0.0013246670403296058
N0389HD,0.024471369631872453,0.8839284357326391,0.08256355071259797,0.0072870301851146934,0.0017496137377758085
N4796HD,0.3354510016161451,0.5459078617710398,0.09007861163024522,0.022192344560604656,0.006370180421965264
N4834HD,0.0053635720750050886,0.02285907947159617,0.38336181839297834,0.5683069960113649,0.020108534049055535
N4835HD,0.06068150447322487,0.9053595183103362,0.028857759589903893,0.0038932590909908985,0.001207958535544206
N4837HD,0.5619087633579386,0.41929070274794167,0.014757417005882158,0.002784836155574542,0.0012582807326630369
N4838HD,0.08123147354067502,0.8492047675485122,0.060584614524807505,0.006173950817723695,0.002805193568281541
N4839HD,0.04702765756775764,0.6832250371644832,0.21661376022567966,0.04317749984460272,0.00995604519747676
N4842HD,0.7359526501986247,0.241507800077972,0.016276439122117806,0.004525747286332908,0.0017373633149524725
N4844HD,0.9202058608112007,0.0752946963664191,0.0028501032826490497,0.0011580245792463149,0.0004913149604848232
N4846HD,0.14554619134788072,0.5518396833005987,0.23841898316708077,0.04634206097081738,0.017853081213622436
N4847HD,0.8068272871423694,0.1834710169170861,0.006475926795220672,0.002304632981391725,0.0009211361639320778
N4849HD,0.3542104346345288,0.5849792209989809,0.04355994806816767,0.012445175767454084,0.004805220530868538
N4852HD,0.05639452473815574,0.691389175723115,0.22871407910518818,0.016883644889059152,0.006618575544481998
N4853HD,0.6127254549264417,0.3511541725193163,0.02625472584168317,0.007634302760492536,0.002231343952066267
N4856HD,0.8800247343379743,0.11275370775987249,0.004914870122064543,0.0014739151321035,0.0008327726479851562
N4858HD,0.871704024683726,0.11762749553136709,0.006241205471577172,0.002887216649156397,0.0015400576641735571
N4860HD,0.23486308576125123,0.6484293103687895,0.09504272203384494,0.015378657923207098,0.006286223912907076
N4861HD,0.8799735050787676,0.11438685722729787,0.003493045976777002,0.0013650513926161407,0.0007815403245412708
N4863HD,0.4636683460052297,0.5144592063968607,0.01439555294754541,0.005229291803039635,0.0022476028473244437
N4864HD,0.5921871583155199,0.3930160419670819,0.010035011646795619,0.003360978006638119,0.001400810063964433
N4866HD,0.8056589939253883,0.1770721522368662,0.011176751695967964,0.004064196646226662,0.002027905495550609
N4012HD,0.700850069550207,0.27492808556810877,0.01669681702332413,0.005574630727370834,0.0019503971309893936
N4825HD,0.27843469136882637,0.5899951784558543,0.0994272610261702,0.023229062481519427,0.008913806667629903
N4875HD,0.04961125584590264,0.37687266868681907,0.4331737626562825,0.11762229022398103,0.02272002258701472
N4878HD,0.03909694301500578,0.17567406679636666,0.3720380713770972,0.31533207688244164,0.09785884192908881
N4883HD,0.05578514853159096,0.6067183035057057,0.29916691030552256,0.032358423398292514,0.00597121425888822
N4884HD,0.6117972556021759,0.3413593867549106,0.03727412527138046,0.007361549169275868,0.0022076832022570507
N4887HD,0.20577614371445754,0.7063340351472278,0.07466237579841659,0.010030523877559436,0.0031969214623386783
N4891HD,0.6726504498930853,0.29821279754875485,0.021616579428114697,0.005529858183562052,0.0019903149464830217
N4892HD,0.13009801571703422,0.7359440001118838,0.11169674427908217,0.018062530001638558,0.004198709890361394
N4895HD,0.8074060373540829,0.17825266865159792,0.009948172348001653,0.0030075599797019237,0.0013855616666156015
N4899HD,0.7645527135968551,0.22251728302236298,0.008417816324250609,0.0029698482035142642,0.0015423388530171446
N4898HD,0.5274856999032193,0.4230008190476107,0.038840006157169954,0.007265735942763309,0.003407738949236817
N4902HD,0.6096984184492669,0.35130539104555925,0.024486887486405647,0.011058558078857236,0.0034507449399111
N4904HD,0.13496517378475312,0.5822956353568881,0.23606730105309548,0.034586460771481156,0.012085429033782012
N4906HD,0.7538083759118145,0.22969064665466224,0.011476142980610584,0.0036361710789936143,0.0013886633739190238
N4909HD,0.7428470606114747,0.24263252050446768,0.008621595252499017,0.0036848611869227483,0.0022139624446360145
N4912HD,0.7086202071730135,0.26849884537086277,0.017565652568717092,0.0036329522651480707,0.00168234262225859
N4913HD,0.6311788858424644,0.34308294991832916,0.020050200425151665,0.0041225591575044344,0.0015654046565505017
N4914HD,0.15184257880108298,0.6642894729021975,0.1570232858977065,0.022143226557505846,0.004701435841507074
N4908HD,0.8887767831857929,0.1059277227599152,0.003531688455471302,0.0011374195179796817,0.000626386080840985
N4937HD,0.8440060532562974,0.14839179307752112,0.0046583721066412636,0.0019140011327841012,0.0010297804267559649
N4938HD,0.8788685536071142,0.11475182615854414,0.004082981741140523,0.0015297365229388093,0.000766901970262121
N4949HD,0.8561769029100011,0.1336247087813148,0.005900979062083278,0.0027594300067741257,0.00153797923982668
N4952HD,0.7897580791185499,0.18869140532179263,0.014355888571151929,0.005320502603068063,0.0018741243854376586
N4954HD,0.38185967588543435,0.5553689211587753,0.052402991770390095,0.007987943311447912,0.0023804678739523005
N7917HB,0.8867113171000877,0.10818289028570136,0.003358797290477279,0.0011366328793707239,0.0006103624443628294
N4951HD,0.7130515038564819,0.2750751245231624,0.007790559271032368,0.0026093225506294026,0.0014734897986940102
N0385HC,0.12119583854865247,0.5784745647675715,0.24093192309169,0.048810002434412025,0.010587671157673962
N3920HD,0.15638781024056422,0.5990272628903007,0.2127409775848268,0.026178704284194408,0.005665245000113851
N9498GW,0.7868244613418728,0.19593878780248616,0.012530713444816122,0.0034086514521876115,0.0012973859586373618
N4961HD,0.9168220791701898,0.07879725514457614,0.0030352484790394543,0.0008626985299727875,0.0004827186762218971
N4965HD,0.5094420048894551,0.4140013801186379,0.055694535333734356,0.0168272706665538,0.0040348089916187645
N4967HD,0.550960839158681,0.39231711510700934,0.03840084466541755,0.013927362724383274,0.004393838344508859
N4968HD,0.42280220464982715,0.4380818735708327,0.08298205278779464,0.03861312442848957,0.017520744563055905
N4973HD,0.792818054625531,0.18899393620852897,0.013122555516865513,0.0037824151641987565,0.00128303848487569
N4976HD,0.022589253374796607,0.2710438937300336,0.5869390938156458,0.10396499564610699,0.015462763433417
N4977HD,0.23330509435555122,0.6920626134232514,0.06036054708410996,0.011118057807016067,0.003153687330071369
N4978HD,0.6824317079397466,0.28236453308800896,0.02367578093391706,0.008335906198247785,0.0031920718400798302
N4982HD,0.39395075064088,0.5288657307676101,0.05464342776149874,0.0166939081528339,0.0058461826771772874
N4983HD,0.12843509161436506,0.5017949365115407,0.2688760277305305,0.08780546015950752,0.013088483984056355
N4984HD,0.8353306309505636,0.15784848652842884,0.004478008889955663,0.0015549171947235655,0.0007879564363283194
N4992HD,0.023126914766405517,0.19514231712930302,0.3227153080881107,0.40580495825543167,0.053210501760749096
N5000HD,0.641081941444806,0.2990304881216945,0.040467315085218204,0.014684601425478063,0.004735653922803259
N5006HD,0.3890599694689457,0.5639172384909099,0.03765712768869948,0.007416803804881494,0.0019488605465633252
N5007HD,0.699455718042554,0.27004490460542757,0.022116829895367084,0.005748832451224255,0.0026337150054271956
N5008HD,0.1950663374979843,0.5803309201696065,0.1941383979532133,0.02531011591263131,0.005154228466564475
N5011HD,0.22533121172192058,0.6936550976881071,0.06314986911639088,0.013874149866463435,0.003989671607117986
N5020HD,0.6025724759040786,0.36530772805813,0.024002634184765653,0.005618246409129611,0.0024989154438962067
N5024HD,0.8573130353327189,0.1301448238785166,0.0089591952851899,0.002612559690073075,0.0009703858135016299
N4826HD,0.8836484999268734,0.10753446747939667,0.005365797234700115,0.0024029858083399647,0.0010482495506896512
N5032HD,0.8530763047456388,0.13539730162309854,0.007850835887556692,0.002728147045133283,0.0009474106985726573
N5041HD,0.8535920481320883,0.13872076065049668,0.004818063151874122,0.0019382389604912101,0.0009308891050496624
N5043HD,0.944270713115441,0.04975785005277675,0.0036595539941094188,0.0014588358989815295,0.0008530469386913704
N5044HD,0.35584255779919327,0.5594178835139528,0.05353221638956853,0.02308953581095945,0.008117806486325735
N5045HD,0.7941912500893614,0.1906151613731766,0.009624293815753976,0.0037052264021339276,0.0018640683195739608
N5004HD,0.8921586985951783,0.09987772643481808,0.00481330830256358,0.0020620708659384018,0.0010881958015018904
N5055HD,0.5669033512460323,0.36391852002218233,0.04871544652846005,0.01698892639942693,0.003473755803898486
N5056HD,0.1330404005139817,0.42092929671728607,0.3075233791374622,0.10521684124796964,0.03329008238330044
N5057HD,0.6399904228282388,0.33722469948126504,0.017720344802080505,0.0037256868732714744,0.0013388460151439864
N5059HD,0.5635172113472131,0.3644721482769993,0.05426829410795131,0.012967223493152057,0.004775122774684203
N5061HD,0.657074260816054,0.3084018542296428,0.022882368651717985,0.008743056019425637,0.002898460283159633
N5018HD,0.8751194634727213,0.1168827841563834,0.005046161633446643,0.0019338327511603402,0.0010177579862882592
N4896HD,0.7279975182094609,0.246425587373812,0.01893569503301546,0.004855214310989208,0.0017859850727225887
N5064HD,0.729098349829851,0.24262889126181536,0.020634818538690397,0.005807770667356553,0.0018301697022866578
N5065HD,0.5436782510707199,0.41903208584165236,0.028080330943567943,0.006735427692110837,0.002473904451948885
N5067HD,0.22846518125252602,0.6209590941977515,0.1139893920165177,0.028609452448729075,0.007976880084475647
N5070HD,0.0439938092318763,0.5806238383695673,0.31146577999532815,0.05402663852095462,0.009889933882273619
N5071HD,0.16597945883417833,0.7011039101752962,0.11031424522961612,0.01750323416670042,0.005099151594209029
N5072HD,0.15959659077990762,0.7304255844959858,0.08782004777926372,0.016792553915715113,0.005365223029127619
N5074HD,0.7248528601154035,0.24586861703579627,0.022193171241980895,0.004844243028528821,0.0022411085782906123
N5075HD,0.9304843463536706,0.06464501274227615,0.002974149687746279,0.0011225295002958845,0.0007739617160111944
N4923HD,0.8315299797416583,0.14627519504228464,0.01444265423729333,0.0051369731746870465,0.0026151978040764683
N5076HD,0.7566495445277157,0.22749150048946862,0.011746522629139864,0.0029335291845885903,0.0011789031690871796
N5079HD,0.03762707954271711,0.3245388542680763,0.4112931203866945,0.20188306690802707,0.024657878894484925
N5080HD,0.48923106862414917,0.46688710837704533,0.03333030132209181,0.007565408964723482,0.002986112711990343
N5082HD,0.7569870678824512,0.2084800779516596,0.023287541249005148,0.008015135283400698,0.003230177633483493
N5083HD,0.6337690029020769,0.32250024389245757,0.03217713277895647,0.00846628092909247,0.003087339497416431
N5085HD,0.14890713105101597,0.581464035489485,0.23166407734468017,0.029429008958435077,0.008535747156383859
N5051HD,0.42832007086724705,0.5387101134534473,0.02702183586745941,0.004468733209599694,0.0014792466022464834
N5039HD,0.06179303265823655,0.3273845826520274,0.39182052336618617,0.18692406428400335,0.03207779703954656
N5088HD,0.8973227879421058,0.09735687497030501,0.003478052883139572,0.001259724731963813,0.0005825594724858664
N5091HD,0.03965296425962552,0.9400671275709369,0.017396915837376264,0.0021725184086538426,0.0007104739234074856
N5093HD,0.011774069503702984,0.05949072411843232,0.27710297555517954,0.47750258229606113,0.1741296485266241
N5100HD,0.016822267348574057,0.11964375306350418,0.3873614965573823,0.43492297821752046,0.04124950481301907
N5103HD,0.0803790054460146,0.39364006704577287,0.3484623594029987,0.13611492789224375,0.04140364021297013
N5104HD,0.9357284143140058,0.06031561532721289,0.002624197079078351,0.0009039663391012181,0.00042780694060181603
N5105HD,0.7202742093599659,0.2554655547451558,0.013204939516566183,0.006675208892573864,0.004380087485738195
N5106HD,0.6781022459796404,0.2927346243672015,0.02121171514619831,0.005760281704681338,0.0021911328022782817
N5109HD,0.43573657025395346,0.5357604090257319,0.02237458579140049,0.004478022668733058,0.0016504122601811364
N5112HD,0.4865407388334296,0.44633568380287514,0.0459031860535555,0.015663126096406826,0.0055572652137330595
N5115HD,0.8334715461044863,0.15313788925909894,0.00952350552594528,0.002720795961500227,0.0011462631489693685
N5120HD,0.01363447626621354,0.07570742777110466,0.3114356233475508,0.5139841250183722,0.08523834759675891
N5121HD,0.48437722328150695,0.45714494398691735,0.03780659147296721,0.01533534804650631,0.0053358932121022095
N5122HD,0.5716925618134121,0.3463208278930283,0.05649800213357869,0.020433880811294176,0.00505472734868668
N8305HB,0.8513516587851879,0.14041260541354086,0.005124263273362939,0.002040517606662828,0.001070954921245303
N5126HD,0.07407670099827075,0.26546106469837844,0.3078111530157938,0.2892248757265187,0.06342620556103824
N5128HD,0.8908481363571763,0.10209329079582782,0.004614506870907234,0.001610777624173327,0.0008332883519153487
N5133HD,0.016755408056347128,0.10260145478366561,0.41511189199116383,0.42960087471356523,0.03593037045525822
N5135HD,0.7836040149780008,0.19809097538403353,0.012928038138647173,0.003984599709687114,0.0013923717896313181
N5143HD,0.8037310092872483,0.18458249640678828,0.008903223582870693,0.00201946968714725,0.0007638010359454327
N5144HD,0.3840491336756852,0.5295412423664282,0.07145579265442403,0.011486241897127276,0.003467589406335279
N5149HD,0.1887305777111018,0.6475585397782604,0.1277544429847182,0.029131443798206254,0.00682499572771348
N5152HD,0.3885678798380132,0.5485710969334721,0.05365938797622285,0.006998135429794969,0.0022034998224970824
N4394HD,0.16631196850460533,0.4167467471661044,0.30111340167314093,0.09135957432207337,0.024468308334075997
N5029HD,0.1987662086923893,0.507700618831023,0.22085092814966895,0.05509126767736789,0.01759097664955073
N4368HD,0.9428985145200068,0.05358417384810473,0.002026758379328329,0.001013458393900841,0.00047709485865928073
N5013HD,0.2810415925730537,0.5427711691985526,0.11775936717052563,0.042740222752269096,0.015687648305598902
N5153HD,0.30008846599460254,0.5711283841442595,0.10373315322214241,0.018719986169805494,0.00633001046918999
N5157HD,0.8601829395616025,0.13090144454062083,0.005270430769078491,0.0023077673185394887,0.0013374178101586264
N5170HD,0.6568253818332552,0.3181132090049639,0.018450301533461173,0.004715405620160474,0.0018957020081591914
N5172HD,0.8590235214124731,0.1235437168442751,0.012305505571659629,0.0036432696000478293,0.0014839865715441276
N5173HD,0.6960785480937567,0.26678923429041246,0.027340630480397737,0.0069957513189152125,0.00279583581651796
N5147HD,0.6920850457961374,0.28304277095208147,0.01600009611003061,0.0057993740881528005,0.0030727130535977165
N5178HD,0.7648670215647415,0.21234140969130477,0.01583079646109456,0.00536314110250367,0.0015976311803555382
N5180HD,0.47873227679369645,0.47033240394986475,0.03577837123714645,0.010746864818076653,0.004410083201215564
N5181HD,0.3715692901139704,0.5064713593709321,0.09323066326995412,0.021813978878452878,0.006914708366690514
N5182HD,0.898778509423767,0.09424521236920966,0.004504811156393292,0.0015421562598483274,0.0009293107907816113
N5183HD,0.06604505773773488,0.9007588633832484,0.028711823145314293,0.0034848798851497375,0.0009993758485525232
N5185HD,0.205097333566801,0.5118079320218406,0.20191851982712694,0.06740002782930092,0.013776186754930567
N5187HD,0.18044231329439628,0.4562852552810912,0.2598080146279645,0.0774070513455339,0.026057365451014076
N5188HD,0.16961058032804693,0.511741303932369,0.17214768261441882,0.12503966240833755,0.021460770716827646
N5190HD,0.013648544336174177,0.08967778004586838,0.39391021174980917,0.4701150827637456,0.03264838110440274
N5192HD,0.5760035563324333,0.40983088374155585,0.011486087686181175,0.0019234363259047781,0.0007560359139248187
N5193HD,0.6923282015415019,0.2776987475586065,0.022996786263568613,0.004877072822869475,0.0020991918134534767
N5197HD,0.8935287756710361,0.09913568590253463,0.005396765367477626,0.0013503170547405317,0.0005884560042109946
N5198HD,0.2128195672572202,0.5181049115013951,0.16904101473700406,0.075660039674355,0.024374466830025598
N5199HD,0.6633108673786892,0.27717708754748754,0.043516173012598816,0.011496670098434716,0.004499201962789664
N5200HD,0.761875997117083,0.21810715413983753,0.012598679069611292,0.005090036392954006,0.002328133280513974
N5203HD,0.040396253720518444,0.14488737734503365,0.3531676485730973,0.36028571257401026,0.10126300778734035
N5209HD,0.03826110472402884,0.24597892266578644,0.5049494881289887,0.18474749114475986,0.026062993336436177
N5212HD,0.7885806748894314,0.19855656951267017,0.008992027425399193,0.0027626134293876298,0.0011081147431117745
N5215HD,0.47393541511412207,0.4801224562106076,0.03333029389084876,0.009618020165603655,0.0029938146188179422
N3574HD,0.8172714944599097,0.1626189285253602,0.011477043685333135,0.005576624229472546,0.003055909099924401
N4760HD,0.08916181410448798,0.44534882668661874,0.32080058902546293,0.11041946987017377,0.03426930031325648
N5225HD,0.8132329254393633,0.1743501294902474,0.009559416896751985,0.002003654715297353,0.0008538734583398853
N5226HD,0.5266307121624242,0.40957624711587476,0.04782026313021689,0.011530123802102499,0.004442653789381705
N5227HD,0.7371140885590676,0.23341803151493165,0.01996702234191981,0.006795539004285418,0.0027053185797956576
N5233HD,0.017814611650171657,0.09570983141607933,0.3083075392757942,0.39464385403076924,0.18352416362718574
N5238HD,0.7866545088101138,0.18690789988069392,0.01765776328354877,0.005846927156982047,0.0029329008686615273
N5241HD,0.7527317378557729,0.22181297895015317,0.019044303383728225,0.004366871363586925,0.002044108446758656
N5243HD,0.010563215657074325,0.06805428900613572,0.4468272526606168,0.44293325866000394,0.03162198401616926
N5246HD,0.7273172354364467,0.24530150891694694,0.016387249471187845,0.007004448598449897,0.003989557576968734
N5247HD,0.0061006884047240745,0.01962252362150072,0.30456654833024915,0.6520748084717122,0.01763543117181392
N5248HD,0.6875140557381223,0.2552177593412421,0.04095121117377514,0.01204670746803146,0.004270266278829035
N5253HD,0.49630093693235927,0.4455818060134688,0.04069059494867331,0.01115497692599242,0.0062716851795060514
N5257HD,0.041142527052956755,0.15499698967596764,0.33837607082910504,0.35540832708356207,0.11007608535840847
N5259HD,0.02484785542986432,0.08365022518441953,0.4224287498857841,0.3022002786310106,0.1668728908689214
N5262HD,0.1132997144732054,0.6585206770160973,0.20044166191666488,0.02299115616535761,0.0047467904286749045
N5266HD,0.15209512484303037,0.732503851923396,0.09663192945988415,0.01549011000537004,0.003278983768319432
N5270HD,0.6421735421833978,0.33541752857125734,0.015453369858016831,0.005275495925723893,0.0016800634616040938
N5271HD,0.4757852079020429,0.4245595038317508,0.07974280190545083,0.01463189399227498,0.0052805923684804724
N5273HD,0.7837469847389477,0.1963098255158239,0.01289833193293089,0.004938533262318972,0.0021063245499785307
N5274HD,0.8613815570292302,0.12852311517485976,0.006627694721109049,0.002474256778473371,0.0009933762963275435
N5211HD,0.2510286364313111,0.5454112802410976,0.14621447314116928,0.04835640998588312,0.008989200200538937
N4843HD,0.530626501966047,0.3952197614680721,0.049461645023494184,0.017041573421822487,0.007650518120564268
N5287HD,0.5797111770044858,0.3695353505309679,0.036342285404433905,0.011460113028242427,0.0029510740318699
N5286HD,0.15013453758776413,0.31035612737359675,0.36852344732887515,0.1358080349734229,0.035177852736341185
N5292HD,0.04369979163624746,0.15547847543582,0.32856903474611154,0.35276317404283375,0.1194895241389873
N5294HD,0.8400453557826656,0.15283964177397674,0.004327866558382721,0.001989980089464766,0.0007971557955099684
N5296HD,0.33226716596980604,0.4469136757181542,0.15662829134919196,0.05298934472875291,0.011201522234094964
N5298HD,0.7627150238411289,0.2181856275990197,0.013295449418639894,0.004219259996912054,0.0015846391442993356
N5303HD,0.8397635189154131,0.14527128004824577,0.009766280935432272,0.0032063115975048107,0.0019926085034040267
N5305HD,0.12440089134764805,0.39289933343167766,0.35825850579106694,0.10342952260757471,0.021011746822032835
N5306HD,0.7928169098041103,0.1924367974462354,0.010480295151708872,0.0030355132457766036,0.001230484352168839
N5307HD,0.050050217439456056,0.37706816583102754,0.44162096203489665,0.10988543749433162,0.021375217200288114
N5311HD,0.23999010083210626,0.5540556836345198,0.17804164973733388,0.022106708597403473,0.005805857198636506
N5314HD,0.8126210126169197,0.17483150662248348,0.00808447820454132,0.002877986653962263,0.0015850159020933828
N5073HD,0.09985293976090773,0.4547690656525262,0.30206956611246694,0.11159025509678741,0.03171817337731162
N5277HD,0.06416437725134058,0.22320146867722884,0.4308360521853808,0.22391047437895822,0.05788762750709147
N4885HD,0.9313985352773806,0.061145758183277714,0.004457586126218664,0.0020862528334203586,0.0009118675797026618
N5318HD,0.04665287541778802,0.3705331898225369,0.4379663586419892,0.1164117817902285,0.02843579432745737
N5321HD,0.7299755469504394,0.24881692513858988,0.014523852356015197,0.0047980141315811615,0.0018856614233741834
N5323HD,0.928010292178361,0.06853318302539464,0.0022603690073795214,0.0007901994358268585,0.000405956353037687
N5324HD,0.7249979223216573,0.24289812606294217,0.02255557613823278,0.007028391387423624,0.0025199840897441703
N5326HD,0.8501650484693773,0.13706573651734594,0.00751682813853173,0.0034359048277071472,0.001816482047037986
N5327HD,0.6764594621645347,0.30377076045280516,0.01255803619279335,0.0048605324527069985,0.0023512087371597413
N5329HD,0.13409826546040482,0.5528913392058054,0.27235637237853877,0.03083243225170466,0.00982159070354648
N5331HD,0.7955716540783192,0.1841506140328843,0.014990917767077656,0.0038408860704052233,0.0014459280513134977
N5332HD,0.7594488581414774,0.21739655151648893,0.015494780542389477,0.005847261268166758,0.0018125485314774814
N5333HD,0.8461358423678845,0.14561477832426808,0.005492639978643336,0.0019650424906516558,0.0007916968385524784
N5334HD,0.027584307790762177,0.9348942011790995,0.03256522117489599,0.003967310319576409,0.0009889595356661045
N5338HD,0.029942253468418403,0.15325646783419625,0.4138555303602551,0.3179804378658825,0.08496531047124783
N5339HD,0.0661311542638786,0.47585630807621354,0.3748959511134316,0.06516542141813793,0.01795116512833827
N3820HD,0.03407509835627346,0.11679083945321317,0.3812589997978499,0.3372384696172325,0.13063659277543122
N5342HD,0.822732268565329,0.16747666813219123,0.007233415276303969,0.0018876348043256857,0.0006700132218501816
N5345HD,0.6421584366877254,0.32110427675818587,0.027463768147048886,0.0067885842945056875,0.0024849341125340253
N5346HD,0.7955475157491217,0.19310128817606267,0.007304645126234121,0.00297845707662145,0.0010680938719599205
N5348HD,0.03399825997267718,0.18230193494195693,0.24846729746418023,0.43557119889205737,0.09966130872912833
N5351HD,0.673118449984935,0.2821747629807002,0.03201051519652305,0.010173109377021311,0.002523162460820534
N5354HD,0.0077000543967952395,0.025274650225779887,0.35770226822721907,0.5863956669282282,0.022927360221977604
N5355HD,0.5967977929071883,0.38095961554046437,0.015130642432890102,0.004702612163650916,0.002409336955806379
N5362HD,0.8781930478486093,0.11652219875738767,0.002970512447871106,0.0015648644974202949,0.0007493764487116845
N5364HD,0.7339039988658942,0.24372937591790653,0.016023054149843643,0.004575121604346281,0.0017684494620094486
N1264HD,0.033054765539187646,0.7974573860859311,0.15009810500635448,0.01610494372884399,0.0032847996396829574
N4985HD,0.24762503298173869,0.6236188627120901,0.09745071067495507,0.022709815833724365,0.008595577797491597
N5368HD,0.011115925918336041,0.08125966421868094,0.4784518559591661,0.38825836940526626,0.040914184498550735
N5371HD,0.8774881065017052,0.10744414030467907,0.009319124500134422,0.003635906511562474,0.0021127221819188862
N5372HD,0.7180711171096748,0.26453197211558155,0.01222917026121973,0.0035436001129952183,0.0016241404005285889
N5373HD,0.5019543884573521,0.4822354717180545,0.010990582569793142,0.00339925936298842,0.0014202978918117957
N5374HD,0.5897918636352965,0.37970775377520766,0.023641185016816987,0.004927416688971072,0.0019317808837078596
N5377HD,0.71092637219832,0.26291202717175327,0.018408562958881998,0.005576555744877538,0.0021764819261673135
N5379HD,0.7751687971098702,0.20297850234507972,0.01613160474762114,0.004166520861493214,0.0015545749359356614
N5381HD,0.10530534053879012,0.35137014715202153,0.26061291482266236,0.21606748742283266,0.0666441100636933
N5383HD,0.18204566970984734,0.3575444483166578,0.2786049178082425,0.14392944037909933,0.037875523786153
N5385HD,0.8496100450092909,0.1447323413649718,0.003859591573334997,0.001158296898515039,0.0006397251538870918
N5387HD,0.04624583837076914,0.2697424413464556,0.3870645762034475,0.22841382569036403,0.06853331838896372
N5388HD,0.051554506152003104,0.22061658624108263,0.39129948412254917,0.2824337802135473,0.05409564327081776
N5389HD,0.044803687390091364,0.7592948938618577,0.17483879223531307,0.015866802409077237,0.005195824103660713
N5391HD,0.5295251324586409,0.4278844337113384,0.03232553175418297,0.007412952056383172,0.0028519500194545675
N5393HD,0.41652869240591567,0.5402223064822517,0.03620620566745962,0.005287078158664479,0.0017557172857086494
N5395HD,0.6883959596733583,0.2739167219514142,0.027843437861028643,0.007506841376923214,0.0023370391372755316
N5397HD,0.7416494056347476,0.23210654797313052,0.017937216906171633,0.006307235837072114,0.001999593648877998
N5398HD,0.7165044868559091,0.25532552330996716,0.021174261306200128,0.005003276901052424,0.0019924516268713245
N5386HD,0.14144363970242554,0.7028072475272656,0.1386441724204294,0.013646035314549257,0.00345890503533032
N2483HD,0.8400701648169749,0.1430330557597711,0.010259422883470596,0.004541627748618342,0.0020957287911649585
N5402HD,0.8360450820671151,0.1495871643781735,0.009245967334811617,0.003199025258613102,0.0019227609612867708
N5404HD,0.5935869304908401,0.34886369576256127,0.043703908666637675,0.010999668693037114,0.0028457963869238045
N5405HD,0.9149381325748461,0.08034401668345932,0.002980352378045962,0.0011340512841333482,0.0006034470795154272
N5407HD,0.20571789486997522,0.5303855455841172,0.16498279290414353,0.07850441572279598,0.0204093509189682
N5414HD,0.5320240194695247,0.4511013201469949,0.012543140632388882,0.0031331460887686013,0.0011983736623230497
N5415HD,0.8301768479540441,0.16184849630329387,0.004827805778055127,0.002082313528846651,0.0010645364357601528
N5416HD,0.11039821488412827,0.7983975184928545,0.07666805188560281,0.010786812775837856,0.003749401961576547
N5421HD,0.7312176000169174,0.24208102057521977,0.019056881217042864,0.0056692292239445205,0.001975268966875262
N5430HD,0.8020202390330686,0.18013546313178344,0.012387948420736164,0.003955867419406352,0.001500481995005478
N5431HD,0.04575448255940188,0.7788561372222143,0.16040706815796468,0.011503980866213261,0.0034783311942058522
N5432HD,0.7045049085078011,0.2651427126205225,0.020912232119959625,0.007161882667003683,0.002278264084713069
N5437HD,0.7631144427664556,0.21915538855584865,0.011979776422236538,0.0038807508284309654,0.0018696414270283766
N4225HD,0.3370355321386712,0.5778331971664603,0.06759265623639231,0.013467330691968525,0.004071283766507626
N5123HD,0.6078032087305945,0.359480472267195,0.021256468734799378,0.008204147850535347,0.0032557024168759266
N9187HC,0.04532321322495648,0.2408286213945708,0.3245124708257517,0.31520282785949716,0.07413286669522394
N5439HD,0.14406133163759943,0.5776578535102361,0.21344506245988565,0.054543219991599605,0.010292532400679198
N5440HD,0.10391596448152142,0.6378907808954393,0.2231223675164191,0.028404067460522583,0.006666819646097667
