ncode,proba_0,proba_1,proba_2,proba_3,proba_4
N4541HD,0.7473411973875607,0.2197817052486262,0.02293619217625106,0.006358458222483882,0.003582446965078146
N4397HD,0.014990265785921775,0.059907646343321644,0.38042802335994075,0.5032228753660661,0.041451189144749705
N4544HD,0.9080167853009143,0.08543723431221154,0.0036939538607576984,0.0018948337197506177,0.0009571928063658891
N4545HD,0.060600644171211054,0.18434718689762822,0.3749649171467829,0.28823071636652364,0.0918565354178542
N4546HD,0.13943146122081856,0.7769704499726605,0.0747232327770465,0.006222682966862027,0.002652173062612554
N4550HD,0.842397163492968,0.14746430445360084,0.0051808603828155525,0.002589301678032051,0.0023683699925836216
N4551HD,0.7866464963556046,0.20319819507298764,0.006636912581943672,0.0022409738999844154,0.0012774220894795438
N4554HD,0.05751196092020412,0.6490005407097255,0.2542842732124207,0.029344550810225106,0.00985867434742459
N4555HD,0.41413905345072394,0.5522222851109722,0.02433394588827773,0.006232478506982634,0.0030722370430437095
N4556HD,0.4451206461652981,0.3522904172827065,0.15409992420083485,0.037356495291225894,0.011132517059934606
N4563HD,0.38213658118473165,0.47520069874382365,0.12043866589917991,0.016960703794042534,0.005263350378222155
N4567HD,0.8927646633644549,0.09727293816592361,0.00546553841052323,0.002913144267470206,0.0015837157916281023
N4561HD,0.8398857716181439,0.15348982509639686,0.0037913244129857628,0.001788599161782253,0.0010444797106913513
N4571HD,0.31164131822543345,0.5784210061060168,0.0789021657475102,0.02255364947838304,0.008481860442656496
N4574HD,0.9468162203888721,0.049432886234175,0.0020889358221850363,0.001080392077545437,0.0005815654772224628
N4575HD,0.5192455758298354,0.4413749077648321,0.03024421736379781,0.006661647960039465,0.002473651081495341
N4579HD,0.1977118672068689,0.6458807072685746,0.10858805652132969,0.0356374355702475,0.012181933432979292
N4581HD,0.2208698698399041,0.6676606816899242,0.0950190516990765,0.011769780299535687,0.004680616471559339
N4584HD,0.17108501703054052,0.7612769182090099,0.05698237186009391,0.008291120672445897,0.0023645722279099606
N4578HD,0.819122266433346,0.1737314261584011,0.004978311394164506,0.0013915090481930546,0.0007764869658952203
N4590HD,0.23981123626177694,0.6535839948439545,0.09517947939582713,0.009506809781345087,0.001918479717096272
N4593HD,0.026673503647785406,0.20118870194146854,0.4422313698772771,0.30459882930783916,0.025307595225629774
N4151HD,0.12619275939972732,0.4404567811503878,0.23651160107820882,0.15839054284260035,0.03844831552907588
N4594HD,0.8454879320482935,0.14502204351067013,0.005463531687204148,0.0027159666389853085,0.0013105261148469345
N4600HD,0.32163785828810476,0.6261664668118866,0.040226260832778346,0.008687661023243101,0.003281753043987352
N4605HD,0.069790767432714,0.33769540225818345,0.5084340487838512,0.07379504716448129,0.010284734360770023
N4612HD,0.3676015144629356,0.46042191291130896,0.12709053468003256,0.033846910616131536,0.011039127329591544
N1701HC,0.1798001242543181,0.7040720723457334,0.0852661866461136,0.02064539325653563,0.010216223497299236
N3705HD,0.009368605835755085,0.03553381623871655,0.26236760459784114,0.3384971238865395,0.3542328494411478
N4589HD,0.660110633682352,0.2913959855789813,0.029678495412069066,0.013968180373807874,0.004846704952789804
N4339HD,0.9042133975730939,0.08912929278243278,0.003257235000174773,0.002173486218670834,0.0012265884256274912
N4615HD,0.024967124002737283,0.0826191227118796,0.2637523332498091,0.532746781472519,0.09591463856305504
N4618HD,0.8898475496096979,0.10201059125980769,0.004204192056664518,0.0026564628214158096,0.0012812042524140306
N4624HD,0.4717809714551247,0.5158523055355196,0.009107609806357652,0.0022917979099170986,0.000967315293081022
N4626HD,0.7835080459365855,0.19593853673791087,0.014039966150989028,0.0049785933058464115,0.0015348578686681076
N4628HD,0.13179474652488,0.5447969697589584,0.25583308204223826,0.05154052468385679,0.0160346769900665
N4638HD,0.09801494757059051,0.32334642920560625,0.2583073520661322,0.2640759261506282,0.05625534500704282
N4639HD,0.796355298516225,0.17213516720485592,0.02001777018666869,0.007819041320121315,0.003672722772128918
N4642HD,0.854301936682402,0.13915369083263143,0.003919834989117676,0.001746380791330801,0.000878156704518182
N4646HD,0.9241962394192664,0.07125986150492702,0.0025660324831496563,0.0013873317087604454,0.0005905348838963159
N4631HD,0.8103296748493153,0.17345192085034183,0.01192177573073375,0.0028700544204812582,0.0014265741491279332
N4656HD,0.042729122928930593,0.12413145347733538,0.34283286610014396,0.3848934820873163,0.10541307540627375
N4658HD,0.8196172945951906,0.16212740797830782,0.012207464865442087,0.004116990669209298,0.0019308418918502787
N4661HD,0.8468464457867287,0.14119078607195254,0.007422607113616736,0.002601079554724471,0.0019390814729775116
N4665HD,0.802175797165384,0.1835599046675474,0.008955827568821385,0.0035092829737281405,0.0017991876245191118
N4667HD,0.8112553905478047,0.17942004011851428,0.005572728851464623,0.002283836141929277,0.0014680043402870765
N4669HD,0.6540055884746105,0.33021094075969454,0.010255877157285721,0.003896206593687344,0.0016313870147218986
N4673HD,0.2535120032027947,0.5743413619936167,0.13399081781061453,0.027862648430360504,0.010293168562613492
N0760HD,0.07729445893973634,0.6781934679547799,0.20257799338261895,0.03405540439774177,0.007878675325123272
N4672HD,0.6369786175002722,0.29947895127897345,0.04261039384658056,0.014609446397024797,0.006322590977148959
N2593HD,0.885208847063731,0.10544124683796537,0.005688981691623075,0.0021248375590663814,0.0015360868476141409
N4677HD,0.12507890072975583,0.6468304169165081,0.20148282375656837,0.02140879107863809,0.005199067518529717
N4680HD,0.15197476366809326,0.6680161902797974,0.14404770482137882,0.026499948617358,0.009461392613372593
N4688HD,0.015055077899202365,0.06056857769045835,0.3648310138805473,0.511083172307135,0.0484621582226571
N4689HD,0.8716449312712455,0.11877416661379728,0.005276030273074486,0.002772736832014735,0.001532135009867826
N4691HD,0.16704168106596234,0.43222221706103114,0.24821540385106713,0.11086298134370294,0.04165771667823633
N4692HD,0.6313586400528749,0.334133021966974,0.021406199642659503,0.008393574744111985,0.004708563593379427
N4694HD,0.03548940735515054,0.20766195270645083,0.6188029550944537,0.12199567085814295,0.01605001398580207
N4695HD,0.0763268652331689,0.6800906762264349,0.21633354169187002,0.022329625821552766,0.0049192910269734436
N4699HD,0.43039554687262216,0.5147241880207333,0.03851522261717142,0.011704600511340375,0.0046604419781328035
N4703HD,0.47000517892916127,0.34523507810834897,0.10122405907950602,0.06547572294296981,0.01805996094001391
N4704HD,0.0057107005302231735,0.01576143915782802,0.3053124656093785,0.6551527119808501,0.018062682721720267
N4708HD,0.9233696998322856,0.07265172654637125,0.0023361954093812404,0.0010683493391583827,0.0005740288728036226
N4714HD,0.5547483103163452,0.38368577428738854,0.04229372301059643,0.012019725216296247,0.007252467169373726
N4721HD,0.07572320462713926,0.5683322587307089,0.26381659028028426,0.078951475566411,0.013176470795456639
N4722HD,0.8636781955566489,0.13038265940320687,0.003780874388584692,0.0014987917333295431,0.0006594789182298517
N4724HD,0.17843263921530522,0.7144596036140046,0.08595950072405167,0.015932817383271847,0.005215439063366483
N4726HD,0.04482442470075483,0.773830725286683,0.16893100862512442,0.009576071662083874,0.002837769725353889
N4735HD,0.7131527610333724,0.27824388692141616,0.005105453352424942,0.0022078093215551556,0.0012900893712312284
N4063HD,0.5202365211339244,0.3649440140246561,0.0772408772138975,0.025628546343752726,0.011950041283769322
N4712HD,0.8571314525526998,0.1347407131555414,0.004559603037671416,0.0022273436071271,0.0013408876469603146
N4738HD,0.21576186170221895,0.6734911098978463,0.08802627436321264,0.016601493440153877,0.0061192605965683
N4740HD,0.06111803840589744,0.31756104497238397,0.38164352732563867,0.19338801793599844,0.04628937136008156
N4742HD,0.03412360875169959,0.1510539670496715,0.5028560614504978,0.26682543914327767,0.04514092360485349
N4745HD,0.7956092189796338,0.18769052498982047,0.012901229528386711,0.00253556615599373,0.0012634603461652775
N4747HD,0.8178968339695551,0.163360536306346,0.011043961576302016,0.004631918054929777,0.0030667500928670244
N4750HD,0.7503473654356192,0.21810248395013018,0.018211806706060017,0.01014959902555027,0.0031887448826402576
N4752HD,0.006983596323575447,0.04458576529824753,0.40088243394392314,0.5010611096942049,0.04648709474004895
N4754HD,0.47940150045644675,0.5018109714087393,0.014950790484908863,0.0029470127425515733,0.0008897249073536516
N4755HD,0.2483407334022992,0.5907445373574345,0.12966625712843652,0.023096654417796146,0.008151817694033675
N4756HD,0.5366641483632606,0.410581426663228,0.039083362045058516,0.009506777214175347,0.0041642857142775965
N4757HD,0.869602263574228,0.11961240838861191,0.007497659100593928,0.0024453547789511933,0.0008423141576150504
N4759HD,0.2331219741263152,0.6654317076449912,0.07173483093677573,0.021472562564919494,0.008238924726998598
N4762HD,0.28879933565821114,0.5816005648854518,0.10613210219646113,0.018673182328082176,0.004794814931793808
N4763HD,0.504626405178811,0.4454416445595086,0.03278000236952325,0.011575280339300264,0.00557666755285694
N4767HD,0.777144949811739,0.19604329862046493,0.018811292048331773,0.005609618426368207,0.0023908410930960932
N4769HD,0.04982652356560599,0.4746184877950139,0.3752888072438312,0.08435334494920539,0.01591283644634363
N4770HD,0.7704350254937721,0.20824846750222842,0.016997417447461225,0.003087458242031524,0.0012316313145066852
N4676HD,0.2711082344802915,0.4995469485500644,0.14500766497535225,0.06437479497632477,0.019962357017967183
N4614HD,0.5240256787940943,0.3993655103775586,0.05680916407813423,0.015516349115508456,0.0042832976347043005
N4774HD,0.3004154203821115,0.6001864832591292,0.07791948451053722,0.016136235278285612,0.005342376569936379
N4778HD,0.04746098381788028,0.2284535203015997,0.46032779354498055,0.23209813048342454,0.031659571852114834
N4780HD,0.009740349999513051,0.03162524256074933,0.20883016538022606,0.4033661897962365,0.3464380522632752
N4783HD,0.5700925873416699,0.40029305472838933,0.02235681787472293,0.005277744266285986,0.001979795788931987
N4789HD,0.8187579329093103,0.15896685089455603,0.012869001794240569,0.005777830978493591,0.003628383423399603
N4792HD,0.5097746327543315,0.4748285731816567,0.01213379248462169,0.002242928177334489,0.0010200734020556046
N4793HD,0.04335856586837557,0.49265441770800034,0.3552869910972213,0.08733548640149584,0.021364538924907032
N4794HD,0.009014618458026846,0.06446613599271941,0.4682096527931607,0.4345009906011354,0.023808602154957757
N4799HD,0.6989710456560507,0.275501345410244,0.018896179695602516,0.0047349086025053055,0.0018965206355973803
N4800HD,0.8913806646464273,0.10087714408805651,0.004594775116886565,0.001746929990002208,0.0014004861586273715
N4808HD,0.15235290416655928,0.7336871526515092,0.09789831450138922,0.012709296949975867,0.0033523317305664624
N4809HD,0.5755902111695208,0.3864958786800887,0.023215548208819155,0.008614560373437576,0.00608380156813363
N4634HD,0.7033858863823927,0.2642309138569707,0.022272773722089863,0.0073903791635708226,0.0027200468749760134
N4784HD,0.88421403963765,0.10558293214078457,0.006125634623274296,0.002679741461436685,0.0013976521368546896
N4815HD,0.910331904747505,0.08506549136606531,0.0025087432158070644,0.001212965847616423,0.0008808948230063479
N4816HD,0.7746767920390534,0.19779699899476805,0.018649304563429704,0.006608164076730533,0.002268740326018296
N4817HD,0.27918560791556085,0.6699093647531524,0.034724300925968066,0.011756901852401061,0.004423824552917714
N4818HD,0.9112455019918458,0.08166346839350362,0.004262237504131632,0.0018658771453543567,0.0009629149651648303
N4821HD,0.036145615334772896,0.9173464601407023,0.03868349969543477,0.006444176771987987,0.0013802480571018891
N4830HD,0.8807670540952506,0.1069683667380275,0.007586580398421759,0.0033628217835196053,0.0013151769847804709
N4748HD,0.8246739659175738,0.16498700802549202,0.005797535650016574,0.00293435984684683,0.0016071305600709753
N4684HD,0.8483459072049659,0.14241885905842988,0.005545597917836411,0.0022117650213597084,0.0014778707974080379
N0389HD,0.027881098674463242,0.9086934364676099,0.054445281924116296,0.007127122507308705,0.0018530604265018802
N4796HD,0.3490450017506308,0.5058648608888849,0.1057009909926558,0.028593859681841916,0.010795286685986545
N4834HD,0.00953784543335961,0.027151526142048736,0.39648898870579397,0.5425798620358769,0.024241777682920882
N4835HD,0.06455711047754428,0.8883869464383141,0.04096590050934171,0.004566889543696161,0.0015231530311037983
N4837HD,0.5079593258096148,0.47417798130138594,0.01385255775924919,0.0026445466120683814,0.0013655885176818243
N4838HD,0.07867983418478491,0.848824526766959,0.05971218177157663,0.009543217252118966,0.0032402400245605642
N4839HD,0.055717186969678124,0.6695973966131936,0.23050229405653788,0.033330285882872956,0.010852836477717438
N4842HD,0.7612792371434007,0.21821539223942343,0.014270973839487366,0.004606819771840782,0.0016275770058477841
N4844HD,0.9297193192163213,0.06682849298799315,0.0021761550626012067,0.0008136192238642754,0.0004624135092200743
N4846HD,0.15704544558575778,0.6026904795937721,0.17622748324297413,0.045447135055965614,0.018589456521530275
N4847HD,0.784455046951347,0.20552560390039473,0.0069750437382973115,0.0020467723825681548,0.000997533027392662
N4849HD,0.39143134402605734,0.5559877634457905,0.03500606773092309,0.012000496862858144,0.005574327934370846
N4852HD,0.06177631402877885,0.7098339630670624,0.20898680695427102,0.014342106128687289,0.005060809821200301
N4853HD,0.7424191541276064,0.2413228026669819,0.010361041957365631,0.0041361841687215335,0.0017608170793245175
N4856HD,0.8492863398676745,0.14334852610998153,0.004908068791765776,0.001559543061499278,0.000897522169078815
N4858HD,0.8658160633890557,0.12306183437809115,0.0064475758034344376,0.0028495812342013162,0.0018249451952174515
N4860HD,0.21054904035541466,0.7124191553400968,0.05912519623272685,0.012194046282944003,0.005712561788817885
N4861HD,0.8639975240033031,0.13038854834756275,0.003288989505417838,0.0014960573905107616,0.000828880753205483
N4863HD,0.6137091201488235,0.3700236546895451,0.009720148628024375,0.004254689898444048,0.002292386635163009
N4864HD,0.6909561999004645,0.2953026465456346,0.008384245886694152,0.0034156993930039297,0.0019412082742028443
N4866HD,0.8294295675076898,0.1543778101050401,0.009257458917719813,0.004281337880413349,0.002653825589137004
N4012HD,0.6810754557202813,0.288845817400046,0.02177250541786201,0.005832267885440315,0.0024739535763702155
N4825HD,0.3352928875852195,0.5497460776198401,0.0839380006259452,0.02172837573878981,0.009294658430205206
N4875HD,0.05015889980063515,0.2905989490431977,0.4896760740773361,0.1432636295530151,0.026302447525816015
N4878HD,0.03129588989717962,0.13495387312512017,0.43999709239627643,0.30240653574707216,0.09134660883435161
N4883HD,0.05333202674176968,0.6584092433653492,0.24391697642943352,0.036526422591144816,0.007815330872302653
N4884HD,0.6744491652224003,0.2788770561959454,0.038613298840104573,0.0058179813066581345,0.0022424984348917063
N4887HD,0.2519161626612671,0.6636405897237933,0.070304998318505,0.01062263594860008,0.0035156133478345683
N4891HD,0.6522720301341559,0.31331011840257916,0.027781326550292522,0.005062303473413298,0.0015742214395591952
N4892HD,0.1407454337533223,0.7115537894903482,0.11913187185567582,0.02369940390594177,0.004869500994711916
N4895HD,0.8022494870527611,0.18385923563926776,0.009319344577610893,0.0031098101684616823,0.0014621225618985131
N4899HD,0.8105748479096665,0.1767926863343645,0.007167113989263046,0.0032402859246741023,0.0022250658420319815
N4898HD,0.4461932652378045,0.5028616973254239,0.039045080685706106,0.007804950381224283,0.004095006369841227
N4902HD,0.6558038673936609,0.30058385209873967,0.02613325886875655,0.012544067188523399,0.004934954450319503
N4904HD,0.15239094021426425,0.5814618442933345,0.22771046656567134,0.026205528369637892,0.012231220557091957
N4906HD,0.8364159800103927,0.14974310953309045,0.00845033235714912,0.0036157054335814844,0.0017748726657863976
N4909HD,0.787662162392006,0.19231923085202388,0.011868448140841896,0.004843651947670578,0.003306506667457761
N4912HD,0.6772708343842295,0.2946699973474012,0.02264961167016464,0.0038523181263709436,0.0015572384718337256
N4913HD,0.6294268009482483,0.3442310233775788,0.02111667608386246,0.003675244625187851,0.0015502549651224993
N4914HD,0.16715723413489575,0.6344494028780937,0.17334502842403665,0.020241437150670456,0.004806897412303344
N4908HD,0.8947217476712233,0.10085596637584326,0.0025723332848628477,0.0011786458432941737,0.0006713068247763977
N4937HD,0.8538510487747183,0.1393815077418508,0.0037480753448332965,0.0020030765131984402,0.0010162916253992095
N4938HD,0.9256783337063763,0.06955232352747037,0.002935226737964103,0.001146805885508366,0.0006873101426808832
N4949HD,0.862579252237742,0.12975215407742796,0.004445988754263141,0.0019532044132780212,0.0012694005172891494
N4952HD,0.8181134652382842,0.16139893495673813,0.014137786608420685,0.004084140658427972,0.0022656725381292177
N4954HD,0.3618328948136901,0.5664560846977303,0.056552355004178836,0.011959828562006105,0.0031988369223946624
N7917HB,0.8655158434243703,0.1296240102701399,0.002932319425020698,0.0011941381435301318,0.0007336887369389371
N4951HD,0.8200206640222037,0.16963750933950164,0.005761300190348513,0.0029555551193901604,0.0016249713285559583
N0385HC,0.1023340341364572,0.567655335581039,0.2843042896570701,0.03330635481294005,0.012399985812493705
N3920HD,0.32286611201533366,0.5678545146966512,0.08961868161305295,0.014580111315780596,0.0050805803591817454
N9498GW,0.8091002446839072,0.17400320114580808,0.011855863463467516,0.003461862357527929,0.0015788283492891506
N4961HD,0.924727475362689,0.07222663299732086,0.0017270991875399208,0.0008847865812744491,0.0004340058711757649
N4965HD,0.307758578741402,0.5251455619454946,0.12215674178665854,0.03809004183768664,0.006849075688758311
N4967HD,0.6777867499538002,0.2687809825405277,0.034042871572061345,0.014230244200642055,0.005159151732968784
N4968HD,0.36443193431076687,0.4671865854610558,0.10072422894060962,0.05072595102537282,0.016931300262195033
N4973HD,0.8255934248876936,0.15951310179341924,0.010037159973185423,0.003517132373112818,0.0013391809725889047
N4976HD,0.02456044315736208,0.159527874489923,0.6931365027436371,0.10743902923515253,0.015336150373925347
N4977HD,0.19996536604760684,0.7094917889863562,0.07452149946245742,0.011320586067542668,0.004700759436036863
N4978HD,0.6885043356047349,0.2774348881473978,0.02010822574748158,0.00974094535536385,0.0042116051450218454
N4982HD,0.32007567572368656,0.5581092398720494,0.08855046947500994,0.02434316124660546,0.00892145368264871
N4983HD,0.15263202983975924,0.4194702728517943,0.2648194129745889,0.14525821412982476,0.017820070204032756
N4984HD,0.8653935614802726,0.12973132037815507,0.0031053741810848517,0.0011483568428499397,0.0006213871176373606
N4992HD,0.036338064336291866,0.19872629201652642,0.35361879539045593,0.35194603760445115,0.059370810652274564
N5000HD,0.6108509708447807,0.31232391597362025,0.05382039093385685,0.017202560086022303,0.0058021621617198385
N5006HD,0.5179066395844618,0.4562792239817037,0.01796025649697656,0.004983725028640469,0.0028701549082174576
N5007HD,0.7479308261390916,0.21934458982684926,0.022743992640982036,0.006990536417211246,0.002990054975865933
N5008HD,0.16342691884331698,0.6639235695675754,0.14794257309840375,0.01895780284040322,0.005749135650300806
N5011HD,0.3144374612312591,0.5993657793056799,0.07163502935512424,0.009144835617169344,0.00541689449076729
N5020HD,0.5577729058560938,0.412507700617841,0.02178713501955345,0.004900630951950886,0.003031627554560825
N5024HD,0.8556717175325984,0.1317233377233898,0.008815326288166628,0.0025956547749101185,0.0011939636809351467
N4826HD,0.9103477367203119,0.08297625484006556,0.003916579652720685,0.0017702956892639617,0.0009891330976378638
N5032HD,0.8526963484431531,0.13493727471302255,0.008649895366760673,0.0028350132609593803,0.0008814682161043391
N5041HD,0.8737259075867554,0.11771672329163352,0.005553557244891743,0.0019567974914465043,0.00104701438527286
N5043HD,0.9484624531255113,0.04510089483143986,0.004262387258594493,0.0012852228440377483,0.0008890419404167282
N5044HD,0.31389824700175967,0.6060411594184193,0.0554604973540304,0.017648970778356792,0.006951125447434015
N5045HD,0.8265877599237818,0.15998371200930545,0.008495495906455344,0.0036045577788271837,0.0013284743816304964
N5004HD,0.8861880682115193,0.10408048055018991,0.005629147127430393,0.002560467690878935,0.0015418364199813002
N5055HD,0.5651791910739618,0.3719481132769416,0.04410729661314704,0.014920991755169546,0.0038444072807801138
N5056HD,0.12204179375864757,0.461825068402829,0.3084963270290088,0.08125133552397958,0.026385475285534987
N5057HD,0.6866139531597647,0.29881071815048066,0.008354009555959344,0.003989526259012207,0.00223179287478296
N5059HD,0.525980791885264,0.4155316500255692,0.04203767581523787,0.01271274566311748,0.003737136610811538
N5061HD,0.4867025844515172,0.4409852500071496,0.05033341225357086,0.014629761279637186,0.007348992008124973
N5018HD,0.903574030451055,0.09182809879406235,0.0027439360087217614,0.0010608430757031197,0.0007930916704576587
N4896HD,0.6898142832789562,0.28626319775458003,0.016355894882433226,0.005723566423328911,0.001843057660701493
N5064HD,0.7102197590155279,0.2662434319296993,0.01444550871403294,0.0071274343842720415,0.001963865956467719
N5065HD,0.6874758795289635,0.2853931303872297,0.01789972529206009,0.006807519620427515,0.0024237451713191743
N5067HD,0.2822579291006685,0.5541626002397246,0.13161055382357323,0.024750308474341332,0.007218608361692239
N5070HD,0.06239759667054104,0.5241756086237347,0.3365829553498713,0.06386414092949176,0.012979698426361187
N5071HD,0.15620075338244774,0.705483660811599,0.11520116476178087,0.017829653243090895,0.005284767801081453
N5072HD,0.14911240413175883,0.7617138822747942,0.07311124266321387,0.010962901909338268,0.005099569020894809
N5074HD,0.7728475891284707,0.2022608279679726,0.01702293037124296,0.004518509555300126,0.003350142977013508
N5075HD,0.9463076929295589,0.04932571403889208,0.0022393162196645182,0.0013219210438479999,0.0008053557680364261
N4923HD,0.8318766262341513,0.1444710097701065,0.014245132588916949,0.0058517311280594335,0.0035555002787660663
N5076HD,0.7863400669380823,0.19896434277783984,0.011041979567037584,0.002510613480476042,0.0011429972365643963
N5079HD,0.030228661557279976,0.24606665896045618,0.45224847033484744,0.24987754177081556,0.021578667376600934
N5080HD,0.5910271614120542,0.37383601070913886,0.023492118257511806,0.007682172669372228,0.0039625369519229155
N5082HD,0.7048567067171406,0.24219954293089516,0.03539521007656623,0.01258344868958787,0.004965091585810061
N5083HD,0.7059531995010425,0.25084499615299916,0.031775428906048855,0.008353455279794477,0.0030729201601150356
N5085HD,0.1085494574525196,0.6444908706180179,0.2172983438954262,0.021245585847560682,0.008415742186475747
N5051HD,0.23377901450630933,0.6987903954859584,0.057754450185645456,0.0067147892690410825,0.002961350553045754
N5039HD,0.052130990317283944,0.2557138188565494,0.45330828538612217,0.21035515126350648,0.028491754176538094
N5088HD,0.9022266811521109,0.09270335857410725,0.003137617959874904,0.001227773285748745,0.0007045690281582015
N5091HD,0.050747168557950154,0.9349313410653253,0.011743673953871641,0.0016020314124492263,0.000975785010403789
N5093HD,0.03298873980583955,0.10306039030615996,0.21765510245022127,0.5560296594118306,0.09026610802594877
N5100HD,0.021561171399280876,0.11675218685957565,0.3848067784531914,0.43831388210070077,0.03856598118725132
N5103HD,0.062365605011094276,0.3042738392157398,0.4079849814845522,0.1802644622653923,0.045111112023221496
N5104HD,0.9356216339943877,0.06025859990292607,0.002717318395803786,0.0008879989799625017,0.0005144487269199268
N5105HD,0.7191228382179142,0.24866005799883242,0.017814897439145647,0.00890889041940764,0.005493315924700155
N5106HD,0.6801163433794728,0.2947937083706009,0.01689344093159315,0.006324337928517147,0.0018721693898160138
N5109HD,0.3695208660132652,0.6052109894372028,0.019592468087590055,0.003999740734748029,0.0016759357271941059
N5112HD,0.4893019142713303,0.4182384084360473,0.06584701596769946,0.01978915717082614,0.006823504154096721
N5115HD,0.8533843947189541,0.13399291543479386,0.008453388089750888,0.0029957274162543024,0.0011735743402467036
N5120HD,0.020231470141366097,0.06432037496761762,0.30929860673909143,0.5502731679424306,0.05587638020949418
N5121HD,0.7702871014628269,0.20713474828608588,0.013309821925708674,0.006122569589308077,0.003145758736070539
N5122HD,0.5990190096997741,0.3294681812425342,0.05381358298939379,0.013725399259076251,0.0039738268092216955
N8305HB,0.8407489146286798,0.14849034266572878,0.006993717520140474,0.002432129976057501,0.0013348952093935995
N5126HD,0.06820376365975445,0.40409815166826213,0.314906549980148,0.1616517087979801,0.051139825893855344
N5128HD,0.897469071610779,0.0954604057747085,0.004141149188795809,0.0018983898208598025,0.0010309836048570046
N5133HD,0.02138151260040206,0.14912117551034224,0.3659695345434996,0.42727997099702064,0.036247806348735506
N5135HD,0.793494977732076,0.19067870844026613,0.011802737470053313,0.0028526177258172965,0.0011709586317872793
N5143HD,0.8615115630744403,0.13035850323015905,0.006021106422896199,0.0013232849228085157,0.0007855423496958513
N5144HD,0.5559313351278747,0.37776456220000126,0.05186553991733953,0.010542340161674957,0.0038962225931094166
N5149HD,0.21371169090684475,0.6116331656411991,0.14155818036193432,0.025384764120630204,0.007712198969391552
N5152HD,0.21857808941318463,0.7076352206755732,0.06310962631085819,0.0075505300762298755,0.003126533524154123
N4394HD,0.13257117193743764,0.3817321855529485,0.36428000140165945,0.09107608773781606,0.03034055337013829
N5029HD,0.17857272609689978,0.6058941258822681,0.14718474564222833,0.05377896329553736,0.014569439083066425
N4368HD,0.922135896601159,0.07305190994226955,0.0030015331520667726,0.001136718591964023,0.0006739417125407128
N5013HD,0.2778418365606106,0.5814587126727514,0.10060651347921461,0.027752091785645465,0.012340845501777711
N5153HD,0.2917674646892075,0.5462271945418163,0.13857841813562685,0.01883404939101961,0.004592873242329666
N5157HD,0.8841858691746781,0.10712371761110791,0.005167749203781604,0.0022993863345448463,0.0012232776758873255
N5170HD,0.7042848548491704,0.26088382217452144,0.025466492139362112,0.00624800181439357,0.003116829022552255
N5172HD,0.8278263054160974,0.15399276118034966,0.011454669181041769,0.0045826341606394405,0.0021436300618717105
N5173HD,0.6408897003343578,0.3049786915135611,0.037409664195369216,0.01117931577051981,0.005542628186192165
N5147HD,0.5077771796747589,0.4598772603168039,0.02313698539358772,0.005754500614543993,0.0034540740003055326
N5178HD,0.7491350538281817,0.21857862418176996,0.022791232446992472,0.006990266522536331,0.0025048230205194956
N5180HD,0.4811597882259215,0.473689534456584,0.032452478333149785,0.009137962331423551,0.003560236652921057
N5181HD,0.4797465087617383,0.40887378825661086,0.08195465548833938,0.019780167865205017,0.009644879628106522
N5182HD,0.8851038789769896,0.10759063635085464,0.004641301777977011,0.0016164135121278648,0.0010477693820508268
N5183HD,0.09881908899621121,0.8716496649622598,0.02437059020597748,0.003874840834605015,0.0012858150009466118
N5185HD,0.30886185579062364,0.4300237546724363,0.1965294734362553,0.05174264959074241,0.012842266509942296
N5187HD,0.20062299738631423,0.46385710142240805,0.22889479984384206,0.07545293173225086,0.03117216961518462
N5188HD,0.15522399321850294,0.5391574782193173,0.16671567963786396,0.11366072126028305,0.025242127664032613
N5190HD,0.017561507322509325,0.1009244041196073,0.4658568221922056,0.38464819930276545,0.03100906706291214
N5192HD,0.5467962103726443,0.4410800674488274,0.009554635133807013,0.0015545925451993315,0.0010144944995219589
N5193HD,0.6365411569564626,0.32645452746345593,0.0265956119107751,0.008172746049150513,0.0022359576201557573
N5197HD,0.8482204664559757,0.1405757692458331,0.008298507931974591,0.0021058183805872516,0.0007994379856293442
N5198HD,0.140706748095681,0.541077866930791,0.1679709595852736,0.11550846114458373,0.034735964243670835
N5199HD,0.6064850427073739,0.319912823347114,0.05005703628869327,0.018227269367044156,0.005317828289774838
N5200HD,0.754599324157752,0.22303038003188072,0.013012060742832994,0.006328642936428661,0.0030295921311057727
N5203HD,0.04457245111122396,0.2001560995317126,0.31600671691874743,0.3416943457749764,0.09757038666333948
N5209HD,0.055968775128378084,0.29437785289678314,0.3595222806257585,0.2581065061182306,0.03202458523084965
N5212HD,0.8134106927588286,0.17645874459770047,0.006957589723910097,0.0020104484689965714,0.0011625244505643123
N5215HD,0.44671010416231033,0.5149363395089975,0.028421818876314286,0.006973595391087306,0.0029581420612906513
N3574HD,0.7935497132089511,0.1822795889832453,0.013377513550992527,0.006476887689583073,0.004316296567227942
N4760HD,0.07484511138994934,0.3581350926566055,0.4203148542326744,0.10511814510514801,0.04158679661562275
N5225HD,0.8312087594960235,0.15962386788489968,0.006023172951446353,0.0021408831956671883,0.0010033164719633
N5226HD,0.570616077238016,0.36814912144360795,0.04235327366445668,0.013250928691526533,0.005630598962392898
N5227HD,0.7371052959379086,0.23063779404596513,0.021367333415741617,0.007139739661392747,0.0037498369389916135
N5233HD,0.018906151791053514,0.10213259421834474,0.30249799690272655,0.4072274829247441,0.16923577416313118
N5238HD,0.8333057763815009,0.14923153923894453,0.011606753974295355,0.003728233966531416,0.0021276964387278133
N5241HD,0.8176129679024383,0.1575678281439348,0.017620953485188648,0.004973013493877771,0.002225236974560547
N5243HD,0.014937661512668024,0.06405904067516796,0.35201200782453435,0.5468247380090823,0.02216655197854739
N5246HD,0.7167144768372706,0.25785537899042016,0.014426492638495006,0.00682556029522932,0.004178091238584979
N5247HD,0.011300829387399298,0.02985049852348238,0.33755346662668706,0.5991612887980066,0.02213391666442479
N5248HD,0.6847401048891556,0.2565940258418176,0.045625836248069186,0.00910243470989325,0.003937598311064286
N5253HD,0.44924797414687634,0.49873154295404265,0.035523817856179224,0.010985108729414956,0.005511556313486833
N5257HD,0.04495812232523497,0.21985015293927462,0.3645337817054648,0.25815277893425004,0.11250516409577561
N5259HD,0.029010580273073638,0.09005365945143246,0.43675516067026365,0.3320238902270047,0.11215670937822544
N5262HD,0.073323720343993,0.7068065913247628,0.19576553486333062,0.019392168367179496,0.004711985100734194
N5266HD,0.17906126168895245,0.7070067954507466,0.09748849988467236,0.013652803514749044,0.0027906394608794866
N5270HD,0.5860824275287684,0.3916541909413604,0.015565146758333556,0.0042859440803134485,0.0024122906912242155
N5271HD,0.6085977340285422,0.3411964460491816,0.033674336833605475,0.011743724563902535,0.00478775852476819
N5273HD,0.7641442769313185,0.21830524287819109,0.010987377364367869,0.004476150975346258,0.0020869518507763488
N5274HD,0.8997506214290019,0.09216133934686115,0.0054035701011047816,0.0017294779304509451,0.0009549911925813015
N5211HD,0.2883066367076099,0.5285554088882811,0.13045818884324056,0.043825064819420174,0.008854700741448163
N4843HD,0.5889440440876581,0.3371836743293509,0.05005517117834929,0.015777118051622914,0.008039992353018662
N5287HD,0.5860430660866314,0.3729235220327581,0.030112610911089303,0.008859321733675785,0.002061479235845567
N5286HD,0.13716527842218754,0.31926638414284936,0.3951034333508709,0.09976160138115006,0.04870330270294218
N5292HD,0.05142720268694388,0.2184330442366395,0.35271873544529264,0.26868020831913586,0.10874080931198803
N5294HD,0.7975994824240039,0.19231452975330296,0.006695711185206039,0.002310983412798747,0.0010792932246882203
N5296HD,0.3602956910988005,0.44097657850711675,0.14175368153088527,0.048102563391980685,0.008871485471216769
N5298HD,0.6823519610154064,0.28978490701646664,0.01984511533051062,0.005090952197391982,0.0029270644402244177
N5303HD,0.7864745651893571,0.19206555081571497,0.013015517002587056,0.005652122836362848,0.002792244155978002
N5305HD,0.18340692615109472,0.4595640404158711,0.24953040868857768,0.08184562674959567,0.025652997994860743
N5306HD,0.8317796946014816,0.1533419534837843,0.009828235894844614,0.0037639481723404514,0.0012861678475488863
N5307HD,0.07084687838717767,0.4264068155419172,0.3372001174003595,0.1341101012963719,0.031436087374173645
N5311HD,0.39449952073760136,0.46894021391788787,0.11141537421324232,0.020713437044991678,0.004431454086276668
N5314HD,0.8365740956062672,0.15015387057545707,0.008237617791985228,0.0032194957689213963,0.0018149202573692852
N5073HD,0.0891538450951332,0.3855480435721094,0.37287526524282005,0.12682456806899345,0.025598278020943895
N5277HD,0.057065213788524874,0.22086275976543762,0.4270923090849433,0.218374094456978,0.07660562290411616
N4885HD,0.9127442866863521,0.08010238950211296,0.00424043768291694,0.0018240015706001297,0.001088884558017789
N5318HD,0.051104808409535595,0.4680419926422807,0.3583631493060225,0.09488514717095753,0.02760490247120369
N5321HD,0.8123071180041506,0.1680600149547053,0.012918458043765917,0.004644950613377813,0.0020694583840004657
N5323HD,0.9172743961025421,0.07823767162478644,0.002884256233838222,0.0010473190926934333,0.000556356946139882
N5324HD,0.6836030257467409,0.2734397744304832,0.03000779681583234,0.008920602859945177,0.004028800146998394
N5326HD,0.7706222434379526,0.2081663332297612,0.013767450335326472,0.004715816749189406,0.0027281562477702807
N5327HD,0.7109058680815025,0.26781555540917595,0.011631594161845926,0.006154804120019664,0.0034921782274560014
N5329HD,0.06292967875139784,0.6836712969003405,0.21618572287484192,0.028191993315846074,0.009021308157573783
N5331HD,0.7876496319685397,0.1858029206708286,0.02027497259206686,0.004385200985067484,0.0018872737834975516
N5332HD,0.7642588411978427,0.2076591020117957,0.02059101913228849,0.00489331847978614,0.002597719178286919
N5333HD,0.8462705681687125,0.14748316713342652,0.003825768393494172,0.0014871855295618156,0.0009333107748051426
N5334HD,0.02480112124269462,0.9462640820843157,0.025425105439768034,0.00266969959363707,0.0008399916395845852
N5338HD,0.029574628254340703,0.1458828400995642,0.37033802867081084,0.3355005119358857,0.11870399103939848
N5339HD,0.07691647919146272,0.5078978318914544,0.333254962819351,0.06761257154082559,0.01431815455690625
N3820HD,0.03114566122297388,0.1333116187392747,0.3334103596220305,0.3235721488420982,0.17856021157362273
N5342HD,0.5469613961748987,0.4081676133360635,0.03533528801468757,0.007674493131356651,0.001861209342993645
N5345HD,0.6847819009606969,0.27693129779881714,0.02887814132152523,0.00664625203781047,0.002762407881150262
N5346HD,0.7803074853985896,0.20646408865235866,0.008653864662144609,0.00286904023532185,0.0017055210515852556
N5348HD,0.03480052266574306,0.1785748937243413,0.19582730532911227,0.4830166140999141,0.10778066418088923
N5351HD,0.7378721794201565,0.23145267191323274,0.022064024827378532,0.0064187551126607375,0.002192368726571513
N5354HD,0.012317435917390462,0.03258247566384432,0.29698612389869944,0.6379849026728299,0.020129061847235893
N5355HD,0.5496955925083796,0.4317592296344783,0.011944998465991574,0.004486185394517879,0.0021139939966326425
N5362HD,0.9104652875062829,0.08353403616578207,0.003758855257431438,0.001422982798019346,0.0008188382724843186
N5364HD,0.7951561605199992,0.18298844037752235,0.01562237367201456,0.0042248672206944195,0.0020081582097695922
N1264HD,0.034943672139916594,0.8055162550825246,0.1417841051192024,0.013831582119276487,0.00392438553907987
N4985HD,0.31670051245599123,0.5667177558876482,0.0876057882082501,0.021128636207058352,0.007847307241052155
N5368HD,0.01696099931396474,0.11530398324851053,0.41597582432904956,0.3900653732653253,0.06169381984314975
N5371HD,0.8496458243687083,0.1333541382360465,0.010065120265827319,0.0045984407280113965,0.0023364764014065886
N5372HD,0.7219296027265523,0.2613023161895024,0.012596986005384678,0.0029692632562132865,0.00120183182234762
N5373HD,0.5521555355057498,0.43248751472813785,0.009771960363217215,0.0036197851765985933,0.0019652042262964958
N5374HD,0.5128735442701227,0.4443182011517114,0.03289104501117433,0.006861857530766673,0.0030553520362250177
N5377HD,0.6452462487173936,0.3239991900330472,0.02052122662445979,0.006578512008200206,0.0036548226168991787
N5379HD,0.7498674182671662,0.228092945051053,0.016062727642264834,0.003917363061588181,0.002059545977927723
N5381HD,0.0938140388523469,0.4582705983032312,0.23445329722294875,0.15222606522670393,0.06123600039476921
N5383HD,0.19113773636534775,0.42181238606337057,0.2244861083955647,0.13020720166691022,0.032356567508806756
N5385HD,0.8941425909460162,0.1023036659166965,0.0022017143269546647,0.0008957679348865811,0.00045626087544610704
N5387HD,0.047348287627064424,0.2775212707109983,0.4322733168420176,0.16967264011495511,0.07318448470496469
N5388HD,0.060734475128249525,0.16173275410041363,0.40716413043349,0.31773625309896397,0.052632387238882875
N5389HD,0.044829201968912186,0.7432481305204832,0.18598073032729967,0.019112135687882517,0.006829801495422478
N5391HD,0.6632129789889717,0.29551868963659045,0.031290918293970515,0.0066109446815865915,0.003366468398880727
N5393HD,0.7271449078711563,0.25726058985242567,0.01158030154872143,0.0026900027029779223,0.0013241980247188086
N5395HD,0.7515283713381694,0.20813491234189613,0.029729517265448202,0.0076842738774284,0.0029229251770575607
N5397HD,0.7717595542267341,0.19194195229119923,0.025807908164204998,0.0077806548917643,0.002709930426097324
N5398HD,0.7513890560597536,0.2103433413139424,0.025192088453612076,0.009543852963677355,0.0035316612090146786
N5386HD,0.1192476218452046,0.6950947487237643,0.169948353448982,0.012951611403278888,0.002757664578770358
N2483HD,0.8140306642837779,0.1627071235532016,0.013836702320071389,0.006049658790581079,0.003375851052368186
N5402HD,0.8499961372735024,0.1357572641834327,0.009222014737890362,0.0034087060665732925,0.001615877738601262
N5404HD,0.6215177640202595,0.29238894665996173,0.06303437765185069,0.016919095069900643,0.006139816598027577
N5405HD,0.9111593274517796,0.08343720797148478,0.003226512541425238,0.0014615919407246658,0.0007153600945857632
N5407HD,0.28474796504357774,0.4898096891636107,0.14329727215365384,0.06698419917847825,0.015160874460679383
N5414HD,0.444128421021719,0.5427549812360815,0.008918196186477908,0.002972151041528093,0.0012262505141934898
N5415HD,0.8512995295676279,0.140619996661335,0.004214865216996127,0.002671588629355185,0.0011940199246858866
N5416HD,0.12137470814762466,0.7994155119002004,0.06483766377886435,0.009714888073443681,0.0046572280998669
N5421HD,0.7225742184317772,0.24354543649579197,0.025308150523685808,0.006340045989292064,0.0022321485594530414
N5430HD,0.8612928645401887,0.12251692022859242,0.010023487228023714,0.004351383173389342,0.0018153448298056847
N5431HD,0.07466219224566317,0.6957897010342173,0.21210632951742178,0.013902513592020688,0.0035392636106770852
N5432HD,0.6264902736430372,0.34794246716611305,0.018074888357302376,0.005045183267378529,0.002447187566168997
N5437HD,0.7929862217519293,0.18349455958683894,0.015808529885843286,0.0052962695578631725,0.00241441921752535
N4225HD,0.18583198507082827,0.6073746934124101,0.16755624539616712,0.03199602145110036,0.00724105466949424
N5123HD,0.4570497106096814,0.4931368403054231,0.03507741963460585,0.010158518256653041,0.0045775111936366825
N9187HC,0.05320868409306234,0.1952687934545748,0.3138179586216144,0.3680809724219966,0.06962359140875198
N5439HD,0.20362371854107308,0.5408528790624276,0.15802236503489364,0.08313721976329982,0.01436381759830582
N5440HD,0.09872381830522438,0.734838430404531,0.14228230541304251,0.019442589810096094,0.004712856067105915
N5443HD,0.1303873128582789,0.3735789600432581,0.2870198516783805,0.16982809789159697,0.03918577752848554
