ncode,proba_0,proba_1,proba_2,proba_3,proba_4
N4541HD,0.6295105085797921,0.3419128516949397,0.017734677262012933,0.005932328775207485,0.00490963368804771
N4397HD,0.011893181871270886,0.06713942483858416,0.3767675704648377,0.4884030658835624,0.055796756941744706
N4544HD,0.9056444229257752,0.08781296307566407,0.004068360216355863,0.0016255281741266612,0.0008487256080784351
N4545HD,0.09125149938414934,0.19589095178572455,0.3756799598023775,0.23952283390614001,0.09765475512160851
N4546HD,0.1658183208093456,0.756604224908746,0.06714725848700658,0.007414478361127265,0.003015717433774626
N4550HD,0.8689052737966767,0.11930649240720936,0.008089832485814366,0.002226186750173376,0.0014722145601260485
N4551HD,0.6901094721864878,0.2970328938773482,0.007952816936575515,0.003424946456232785,0.0014798705433554627
N4554HD,0.07564560431729274,0.6308764260489658,0.24719877748356636,0.0331375905947539,0.013141601555421113
N4555HD,0.4241446198677464,0.5150568165118173,0.04335641613260036,0.012685986801303345,0.004756160686532672
N4556HD,0.37716504699636366,0.4569487349488889,0.11424865148226428,0.03959835475459665,0.012039211817886692
N4563HD,0.47319012921303233,0.41752130042025,0.08614542228006743,0.017779344742039058,0.00536380334461128
N4567HD,0.8856948092150182,0.10269335753000823,0.005394865513462003,0.0040262074415089244,0.002190760300002603
N4561HD,0.8113125258452665,0.17838255176372705,0.006232355799946181,0.0027425658241321776,0.001330000766928244
N4571HD,0.21319803497392226,0.6724176537014214,0.08074516760495962,0.022932100417069754,0.010707043302627044
N4574HD,0.958607002792259,0.0376208190354385,0.001994053559815463,0.0011283882731302844,0.000649736339356669
N4575HD,0.44747534342265316,0.5053844110122397,0.035714221517252294,0.008333414719732498,0.0030926093281224026
N4579HD,0.26234449185199143,0.598724988131698,0.09290541426728206,0.033509891671093715,0.012515214077934819
N4581HD,0.20531024336145562,0.6772650034144478,0.10125377914464521,0.011605448376726465,0.004565525702724962
N4584HD,0.16412710991862708,0.7754583986195017,0.049769856588408004,0.007497853724266264,0.0031467811491968163
N4578HD,0.7389300467133356,0.24887354181169483,0.008718887417818176,0.0024644906909282887,0.0010130333662230536
N4590HD,0.1765238703325557,0.7027133611238031,0.1032820607571143,0.01424679910701824,0.003233908679508431
N4593HD,0.031476742788753585,0.23313929674552888,0.4274605065720219,0.2709988365673423,0.03692461732635342
N4151HD,0.14154476645785372,0.4979275293166621,0.20985399379441685,0.11816895200817126,0.03250475842289606
N4594HD,0.7451551154956186,0.23877032007917812,0.01143879510407287,0.0033475700430086607,0.0012881992781217978
N4600HD,0.33755054869522005,0.595574567662689,0.05275449415633983,0.01085992626564908,0.003260463220102034
N4605HD,0.07852505512507527,0.3527260731004652,0.4668796561550028,0.08808741530346853,0.013781800315988203
N4612HD,0.3913114576552651,0.4985797490898021,0.07742288901140987,0.025789511626012496,0.006896392617510442
N1701HC,0.21656697611432887,0.6063895111078801,0.11754655820129355,0.04881583786620444,0.010681116710293105
N3705HD,0.010820965667236544,0.03845772582395819,0.19880233852189055,0.2983627741295091,0.4535561958574056
N4589HD,0.6255315263478286,0.30967824581143305,0.04510624587653672,0.014081689808280338,0.005602292155921183
N4339HD,0.9180783213207832,0.07516974151050729,0.0034233222000823204,0.002126278227942312,0.0012023367406848147
N4615HD,0.027338513693967996,0.11091394339945869,0.25349484349553475,0.4857893807671135,0.12246331864392514
N4618HD,0.8932917118754515,0.09772872940784692,0.0049879025410773745,0.0023472066272850938,0.0016444495483390552
N4624HD,0.492807690571754,0.4922157342658695,0.011427128463426972,0.0025558752946666643,0.0009935714042828016
N4626HD,0.7875804145916713,0.19077289534634911,0.015702382199854693,0.0041936559124569174,0.001750651949668168
N4628HD,0.07328037914267967,0.6046466886768495,0.267796452853103,0.04016806348436857,0.014108415842999421
N4638HD,0.10346583266332618,0.2599290189095752,0.29802278769996077,0.25001930218686347,0.08856305854027427
N4639HD,0.8035031673674602,0.17546369219298533,0.011713997126825767,0.006348388898719056,0.002970754414009605
N4642HD,0.9191543781150388,0.07581127893814615,0.003035526364064248,0.0013127561718335454,0.0006860604109172127
N4646HD,0.939601162085423,0.054954028393321155,0.003137466930139354,0.001540771785930692,0.0007665708051857581
N4631HD,0.8297011308424044,0.1589292544112939,0.0081358614416489,0.0023087680168734997,0.0009249852877792278
N4656HD,0.035394595602180445,0.13670392704380593,0.32107683765181466,0.4342595240827054,0.0725651156194935
N4658HD,0.8194681557609543,0.16059734538312415,0.01355144995253077,0.004389117180204121,0.0019939317231865974
N4661HD,0.8322805524550493,0.15337789501006477,0.008652786970203786,0.003486614267178371,0.0022021512975040525
N4665HD,0.8127607274079908,0.17192773296043415,0.011144039917036741,0.002572998198525166,0.0015945015160132908
N4667HD,0.869188182011129,0.12079926913101897,0.005640689235235214,0.002523568780929796,0.001848290841686994
N4669HD,0.6698231126317493,0.3127268754423898,0.011633414039718166,0.00410807750183962,0.0017085203843031434
N4673HD,0.23887025201304454,0.6123074086380317,0.11530627012593822,0.025920794555764914,0.007595274667220702
N0760HD,0.0811621315780157,0.67177564049007,0.21311444360470871,0.02759006937081652,0.006357714956388886
N4672HD,0.7403668912523989,0.21129941743990774,0.03312985292309988,0.011065336255004265,0.004138502129589343
N2593HD,0.8789327379292141,0.10958676178368963,0.0062519410305190495,0.003366992806780246,0.001861566449796888
N4677HD,0.16013072170999523,0.6666101383786374,0.15181876328954053,0.016812105971053374,0.004628270650773373
N4680HD,0.17229613792478696,0.676381671735142,0.11617775367749064,0.026089466448790823,0.009054970213789378
N4688HD,0.020071397390484535,0.10688155714453003,0.35261037906382103,0.4602166297424032,0.060220036658761175
N4689HD,0.8709455154660376,0.11893536707085321,0.005348003041259757,0.0029840068523064285,0.0017871075695429788
N4691HD,0.11272155452242251,0.39249464107365944,0.2743210478457056,0.17854926863862358,0.04191348791958872
N4692HD,0.6824885305846902,0.27067571647858585,0.0288029000339551,0.011895596833054169,0.006137256069714809
N4694HD,0.034039810881049966,0.2564716621337648,0.5462851017569273,0.1380880574065646,0.02511536782169329
N4695HD,0.08634745738129704,0.6455715844429887,0.2345528499417084,0.026024127732273035,0.007503980501732855
N4699HD,0.4509104303192141,0.4891904547663099,0.04049901482689684,0.013357069198056548,0.006043030889522639
N4703HD,0.39616551368063624,0.3751477352045215,0.12213347219784382,0.0779249572394829,0.02862832167751555
N4704HD,0.005101635198619564,0.017503951967257986,0.31940908184732875,0.6415451615154166,0.01644016947137704
N4708HD,0.932272880631115,0.06362426510700152,0.0021605589673212742,0.0012531542894490314,0.0006891410051131514
N4714HD,0.5675026155434147,0.3842349593065991,0.027486433274398616,0.013606893820057756,0.007169098055529832
N4721HD,0.057341308000994975,0.40956660164951425,0.418431203832282,0.09531301290081662,0.01934787361639218
N4722HD,0.8206982603885256,0.1720210960197904,0.00418327022951527,0.002131661282422306,0.0009657120797465813
N4724HD,0.1561358312464997,0.7443911709875909,0.0832986422217712,0.011481577025579294,0.004692778518558846
N4726HD,0.047483823727721676,0.7806073013701547,0.15586260280926878,0.012602611675731294,0.0034436604171234723
N4735HD,0.7976532914207751,0.1938574260722328,0.004514761161485044,0.002591408647698839,0.0013831126978082174
N4063HD,0.4597049305315046,0.40528718137207215,0.08636031150042663,0.03207635436438188,0.016571222231614696
N4712HD,0.76326841297673,0.2219142724579133,0.010437812908008203,0.0030032429027000416,0.0013762587546484754
N4738HD,0.21625677159405424,0.6866107869190947,0.06851405010656933,0.02157829454518539,0.007040096835096276
N4740HD,0.07392049527385976,0.33580640730559724,0.3274540325601557,0.21456517774763814,0.04825388711274926
N4742HD,0.03398258773215167,0.15068879842912553,0.4406434577190318,0.29451658482293797,0.0801685712967532
N4745HD,0.8589731906752994,0.12953140587300946,0.00789566911666455,0.002656590365164848,0.0009431439698615929
N4747HD,0.8637396047230127,0.11647494686822181,0.009932989356029693,0.00676884459554709,0.003083614457188823
N4750HD,0.8137675762605289,0.15324137013690883,0.019524332210408404,0.009242577704288976,0.004224143687865072
N4752HD,0.009538044435120277,0.047022864928829,0.4487482166231359,0.45739579407218134,0.03729507994073354
N4754HD,0.5634885500532457,0.422951755421756,0.009146447187626179,0.0030994897350446844,0.0013137576023273276
N4755HD,0.20697234540494128,0.6526326560346286,0.09812918620059524,0.03220587851095878,0.010059933848876285
N4756HD,0.4602698403100028,0.5007106972003473,0.027022952762293412,0.008917986469049463,0.0030785232583068335
N4757HD,0.8204574914005547,0.16752448513561297,0.008956244669132777,0.0022634360033683292,0.0007983427913314138
N4759HD,0.2801850214321691,0.6544273707129219,0.04529375632937027,0.014341458139045977,0.005752393386492889
N4762HD,0.18752856779737373,0.7147241459534891,0.08249065943549988,0.011076767102302475,0.004179859711334898
N4763HD,0.5655816337861005,0.38872135488057286,0.025474740829561214,0.012142501096191822,0.008079769407573715
N4767HD,0.7795267388684404,0.19470821058608506,0.019176680070878055,0.0048200498338691776,0.0017683206407272496
N4769HD,0.08450776922103556,0.4631811741324023,0.3436431474892071,0.09370285735093355,0.014965051806421546
N4770HD,0.8134234168015841,0.1693229960966609,0.011172328848317918,0.004226101534159006,0.001855156719278171
N4676HD,0.33193576067792785,0.5143617838959077,0.09374975953400831,0.04024998889528983,0.01970270699686637
N4614HD,0.5097422944596248,0.4099832242879531,0.06133579917407151,0.013680462735474744,0.005258219342875796
N4774HD,0.32229645101115995,0.594230991698231,0.06197033797552929,0.016787017344685826,0.004715201970393862
N4778HD,0.07394953867849478,0.26970824047033004,0.3551678475803016,0.2547306012188474,0.0464437720520261
N4780HD,0.011620432198783776,0.04144225817257792,0.20649666470293868,0.4033607391840084,0.3370799057416914
N4783HD,0.5735733270899073,0.38945290533267213,0.027074465992309938,0.00672425624166766,0.003175045343443074
N4789HD,0.8396335272846275,0.1386877400713919,0.011942333490008299,0.006384674561432306,0.003351724592539888
N4792HD,0.48958109161192054,0.4916149409600878,0.01488442275920215,0.0028551207309271236,0.001064423937862352
N4793HD,0.047272459266760256,0.5955732921397638,0.28185460277848084,0.05796377308250065,0.017335872732494293
N4794HD,0.012347927016640337,0.06608971720099074,0.45170600300541164,0.43255693588501476,0.03729941689194245
N4799HD,0.7217169193621282,0.25808820040312774,0.014520582538026738,0.003727676760121456,0.0019466209365957049
N4800HD,0.9251547129395942,0.06741545720087053,0.0037889785365144055,0.0022016111625114652,0.0014392401605093355
N4808HD,0.11166533372690798,0.8131435471666253,0.06346999657685969,0.00878966384214051,0.0029314586874666006
N4809HD,0.6043577839648521,0.35797453149829644,0.0233288359548146,0.008825933060188687,0.005512915521848214
N4634HD,0.6766007704179533,0.2832232575322858,0.028286142262466632,0.008870082498107118,0.0030197472891872086
N4784HD,0.8846481441248518,0.10458087312409535,0.0057614753954564725,0.003283854765602179,0.0017256525899942087
N4815HD,0.892091512839152,0.10025503095555502,0.004366757236864364,0.0021290934119058257,0.0011576055565229643
N4816HD,0.7978005189606566,0.1758135755232917,0.019099168059602274,0.0052494215365714155,0.0020373159198779187
N4817HD,0.3292014388933562,0.6227150484184192,0.03404462373128719,0.009534829497294492,0.004504059459643047
N4818HD,0.9132141426277082,0.07866539991708833,0.004253354568994298,0.0022832556970703737,0.001583847189138609
N4821HD,0.02082542132707401,0.9380013174312785,0.03416899744772702,0.005757064557295288,0.0012471992366252691
N4830HD,0.864592496512175,0.11891625458516196,0.011582576558548309,0.003217910924328204,0.0016907614197865723
N4748HD,0.8599453522286946,0.13106619430240957,0.00502782401889595,0.0026277797406764345,0.0013328497093235418
N4684HD,0.8134484164733701,0.1746999630386526,0.007652520523872603,0.002437532297714058,0.0017615676663907563
N0389HD,0.024231334385852336,0.8911573591723153,0.0750852506323786,0.007095205168025589,0.002430850641428084
N4796HD,0.6417841144549543,0.29656283325190747,0.04275667149578092,0.014076530761237865,0.004819850036119489
N4834HD,0.006106310718164698,0.021424189982144636,0.4719432875263435,0.48301096303804253,0.017515248735304453
N4835HD,0.05999558991872587,0.898952515484947,0.03414112372221522,0.005006299826095002,0.0019044710480169457
N4837HD,0.4644342403233351,0.5180592453825146,0.014036179163015597,0.0024614559267180356,0.0010088792044166725
N4838HD,0.06491071313638978,0.8636976585939031,0.05946572742727907,0.009406626000899618,0.0025192748415284057
N4839HD,0.06661753801758576,0.6712558516649865,0.2177999166082699,0.034029383550452215,0.010297310158705724
N4842HD,0.7000269388933533,0.27372494237312217,0.019387022206165734,0.004989756299448458,0.0018713402279103234
N4844HD,0.9360962124816997,0.059117377565664625,0.0029526017999381626,0.0011979392363219543,0.0006358689163756002
N4846HD,0.1379220908771891,0.5474693270443851,0.25193549536562426,0.04915976407517416,0.01351332263762734
N4847HD,0.7925422506071553,0.19806502437563872,0.006143946804836376,0.002116716974388923,0.0011320612379805948
N4849HD,0.37292265104246897,0.5609856372525999,0.0421977050637799,0.016722643193618106,0.007171363447533326
N4852HD,0.05683288997073123,0.6820941699918013,0.23420176549743105,0.017931938159068954,0.008939236380967512
N4853HD,0.5129863577263751,0.43790687301500814,0.03902883265660826,0.007263614934846701,0.00281432166716189
N4856HD,0.8942381364895079,0.09904783666065695,0.0036411201194245604,0.0020985183403875664,0.000974388390023041
N4858HD,0.8663490793576079,0.1233414056373847,0.005921476505682927,0.002693780011347303,0.0016942584879772204
N4860HD,0.2382544411121182,0.6457295551535382,0.09637967309876382,0.013239845180701041,0.006396485454878751
N4861HD,0.9083891436930136,0.08656396376678382,0.002533567880089901,0.0015047469490581705,0.0010085777110545634
N4863HD,0.4864266679871089,0.4977266674987832,0.009445747091685452,0.004396827771326022,0.00200408965109641
N4864HD,0.6850379772732665,0.2994152073554509,0.008927061988747431,0.0048866342988868414,0.0017331190836483521
N4866HD,0.8150213508937093,0.1704981636842105,0.008395249635528965,0.004140627135981863,0.0019446086505692205
N4012HD,0.6757309514157667,0.3027410479557665,0.014977110493587025,0.004696509093354917,0.001854381041524833
N4825HD,0.32064199963264517,0.5677278481756423,0.08126121127589439,0.022390745776743184,0.00797819513907501
N4875HD,0.04519525188587074,0.48019111030731715,0.35125502635467193,0.10054256108190836,0.022816050370232047
N4878HD,0.036208730326608735,0.14141434611634388,0.35829519051051617,0.3611472823463318,0.10293445070019941
N4883HD,0.05443259426203926,0.5171436279342592,0.38112729832697634,0.03996819699787807,0.007328282478847272
N4884HD,0.5506752718501488,0.4066038465271332,0.032651450359233516,0.006975416241406451,0.003094015022078082
N4887HD,0.2508491028256445,0.6655953406836622,0.0652917028809588,0.01339225128503657,0.004871602324697844
N4891HD,0.6863644005965936,0.2799111190846265,0.02523293828622366,0.006698866758921242,0.001792675273634956
N4892HD,0.15819853080055346,0.6979223187520376,0.11811325238255554,0.020648547189880722,0.005117350874972812
N4895HD,0.7589250586656414,0.2205057172240295,0.015264169300126454,0.003406035905063903,0.001899018905138813
N4899HD,0.788524036471676,0.19792650636917952,0.00747032918134179,0.004016483751009781,0.002062644226792912
N4898HD,0.5346746806771395,0.4193536421273656,0.034365526509658635,0.008525087830827255,0.003081062855008884
N4902HD,0.6318201691443736,0.31598766365050046,0.03257360210810587,0.01369791304053227,0.0059206520564876915
N4904HD,0.13043860957015668,0.6310513626657513,0.20136680596086934,0.02868431900428305,0.008458902798939716
N4906HD,0.785236648685362,0.1999424571967508,0.009721744115323708,0.0033670402481898016,0.0017321097543736633
N4909HD,0.7312265438234026,0.2506300326026838,0.010460747091972544,0.004480192010992863,0.0032024844709481635
N4912HD,0.6451593388983412,0.3276537644348091,0.019566372126342903,0.006138326654308876,0.0014821978861978664
N4913HD,0.6378397253332732,0.3295109351201481,0.025726979368469287,0.0049114496581898525,0.002010910519919599
N4914HD,0.13516405319056224,0.7290525886952736,0.1171426210936829,0.015128590095162264,0.0035121469253190474
N4908HD,0.9049467203946141,0.09014553928035039,0.002855800508025312,0.001347202831934293,0.000704736985075667
N4937HD,0.8815229374435704,0.11163917109464219,0.003940750368065174,0.0018098456070394628,0.0010872954866828718
N4938HD,0.8820581783059059,0.11137454907695915,0.004067418965261897,0.0017192916815010274,0.0007805619703721345
N4949HD,0.896503474418219,0.09586965844416147,0.004386778726044219,0.0019986067497700017,0.0012414816618052471
N4952HD,0.8175132584118066,0.16186861405590244,0.013874017526586468,0.004877064586685856,0.0018670454190186708
N4954HD,0.4024741367502561,0.5262606306264298,0.05584778214680291,0.011936535765123284,0.0034809147113878556
N7917HB,0.8966678098033717,0.0976297141607577,0.0036471797932986112,0.0013752251246841698,0.0006800711178877236
N4951HD,0.8191832926222051,0.16740653309196735,0.0078055204068534735,0.003434753332931414,0.0021699005460427212
N0385HC,0.13421726918205795,0.4805270292994797,0.3219716836902609,0.04874459653858336,0.014539421289618003
N3920HD,0.4446114892143731,0.45755320191870164,0.07420780021647352,0.01690339347034766,0.006724115180104184
N9498GW,0.7850267335170075,0.20006897273009958,0.010445726404007004,0.0028131724300262846,0.0016453949188598594
N4961HD,0.901364459608288,0.0932812305761513,0.0033840919037613944,0.0012907510812647587,0.0006794668305342132
N4965HD,0.36332232326020475,0.5156355668213082,0.09181289772839944,0.024153414046276366,0.005075798143811367
N4967HD,0.6154773576739212,0.34264529670305793,0.02502878720903669,0.012308793987276348,0.004539764426707798
N4968HD,0.20336761983806043,0.6145007537797548,0.10888479348249569,0.0554515838165393,0.01779524908314968
N4973HD,0.8504960823983145,0.13491318596501556,0.01014503310456469,0.003332261634021066,0.001113436898084055
N4976HD,0.02555023148309126,0.22166313312422695,0.6428937624617378,0.09459610233240189,0.015296770598542083
N4977HD,0.23827175536496972,0.6739555920007417,0.07439867832417038,0.00969128365355099,0.003682690656567272
N4978HD,0.6947397268143897,0.2646361804575495,0.024794089161142906,0.011869515021718128,0.003960488545199717
N4982HD,0.35382221757234245,0.5497996716820542,0.06858535546565302,0.020039363020589333,0.0077533922593610565
N4983HD,0.15359176446386968,0.4791656094349171,0.2380599560282267,0.11225136931628825,0.016931300756698273
N4984HD,0.8632093184899561,0.13100104820382955,0.0036016070496224534,0.0012940917252075236,0.0008939345313845298
N4992HD,0.03260071444988656,0.19814133486099395,0.3789855682477526,0.3477039216765495,0.04256846076481724
N5000HD,0.6923218774624935,0.24948836850290587,0.04028887828253231,0.012780428461543904,0.005120447290524346
N5006HD,0.47626988082380634,0.4862319043351248,0.025701120801527078,0.008520991870329458,0.003276102169212455
N5007HD,0.7668050308981006,0.20628374286895235,0.016860402590101752,0.007165937320460127,0.0028848863223852645
N5008HD,0.16733880762151734,0.6344624319239806,0.16661945719064752,0.025132766037923665,0.006446537225930859
N5011HD,0.2163796782068667,0.6936646577694335,0.07134982327477973,0.013001031779701397,0.005604808969218635
N5020HD,0.5268514568544302,0.43469038234420027,0.026909360186198935,0.008684444451863931,0.0028643561633065733
N5024HD,0.8055038898037274,0.1777161210218558,0.01199381458351431,0.0034636582838964694,0.0013225163070059286
N4826HD,0.9085445867182143,0.08320187068294917,0.004099710633785623,0.0027923151969664254,0.001361516768084509
N5032HD,0.9040907862239963,0.088093774209367,0.0049039551522136226,0.0022047754785796667,0.0007067089358433866
N5041HD,0.8468383275767122,0.14223157106851558,0.005923470064692209,0.0030325977567066432,0.0019740335333733776
N5043HD,0.9597172023623495,0.03483861010966973,0.0030793587958258444,0.0013534595939106882,0.001011369138244166
N5044HD,0.4880380765442459,0.4462978833850523,0.04400222145982521,0.014631252308932101,0.007030566301944396
N5045HD,0.8508683026020576,0.1367630254127607,0.007490835838412901,0.0031249077409393356,0.0017529284058293083
N5004HD,0.8690448237303297,0.119026637940281,0.0070478674030019315,0.0029550554162320972,0.0019256155101552684
N5055HD,0.5593843967662616,0.3693582383798003,0.05030320879581714,0.01685728240185595,0.004096873656265072
N5056HD,0.12465386754670535,0.38781318413202703,0.3492349682411144,0.09438097219760848,0.043917007882544726
N5057HD,0.7645613293205302,0.22147048399745273,0.009039402519892017,0.0036056889869811194,0.0013230951751440024
N5059HD,0.6032505938449776,0.3281420432849763,0.05168408439929666,0.012431529986187885,0.004491748484561588
N5061HD,0.30820105434596,0.5723990137012166,0.0947491495590915,0.018680018683433275,0.005970763710298546
N5018HD,0.8850908188644367,0.10307401655328514,0.006807790975490879,0.0034996304121082226,0.0015277431946791053
N4896HD,0.7940752889548683,0.18677581878617694,0.012006318861196217,0.004618272446037293,0.0025243009517212723
N5064HD,0.7311594244442834,0.2419839613441877,0.01750545006789123,0.0072719687078970936,0.0020791954357406
N5065HD,0.6203768813066582,0.3504342790329391,0.017806879192166242,0.008041470033995,0.0033404904342414637
N5067HD,0.28539191433950617,0.59796833786788,0.08392589695015638,0.026629685139296744,0.006084165703160582
N5070HD,0.055673765659237755,0.5039889942717126,0.36882735599643435,0.05538796731745097,0.01612191675516444
N5071HD,0.16506920560609253,0.6818410888813418,0.1295019948362455,0.01809544011009076,0.005492270566229349
N5072HD,0.17275092814594376,0.7349324130437854,0.07348781789290387,0.013885666994516387,0.004943173922850652
N5074HD,0.7473817195125032,0.23425666469050627,0.012457994271468256,0.003585830841766801,0.00231779068375547
N5075HD,0.9408661048599768,0.0542520858829486,0.0026843613982662153,0.0013853210020189747,0.000812126856789414
N4923HD,0.8435868919406547,0.12982293888222038,0.015220559456905721,0.007424453215913777,0.003945156504305454
N5076HD,0.7428019239163082,0.24025460156614808,0.012475675167707397,0.002895442738209113,0.0015723566116272918
N5079HD,0.03791083217639959,0.30699847464257113,0.4015238169220819,0.22911640767633717,0.024450468582610154
N5080HD,0.6822904517568794,0.2838319949426088,0.020919059359152198,0.009365288074203131,0.003593205867156524
N5082HD,0.7186652241171541,0.24209718755157245,0.025695896368010163,0.009034945313598344,0.004506746649664822
N5083HD,0.6650734940512896,0.29780156337532565,0.02585240661957691,0.00871418644669723,0.0025583495071105434
N5085HD,0.11571884647063613,0.6540549647817357,0.1861652039503299,0.033764428078115895,0.0102965567191822
N5051HD,0.34485859869529956,0.6233114551078017,0.025244475005260582,0.004765295167783584,0.0018201760238545927
N5039HD,0.04906318601056885,0.2531277339388422,0.502724012418832,0.15690973004607683,0.03817533758568011
N5088HD,0.9072258944111532,0.08715911887181403,0.0032433220561731303,0.0015275852625695628,0.0008440793982899534
N5091HD,0.04450452826533524,0.9346837384764829,0.01735720036091157,0.0025341988647905912,0.0009203340324798508
N5093HD,0.017652450234185126,0.0819156205979707,0.19236882644910386,0.6087248776746021,0.09933822504413818
N5100HD,0.016939334941929403,0.09891392655093809,0.3468018361398555,0.5000563697448485,0.037288532622428594
N5103HD,0.07491046543862727,0.3526931508260275,0.40102483489371704,0.12004804621994411,0.051323502621684114
N5104HD,0.9385108065029716,0.05726110796934832,0.002533416672372727,0.0009816492553776377,0.0007130195999298232
N5105HD,0.7423601758634836,0.23043127579353773,0.014163760372313648,0.007814309577937082,0.005230478392728083
N5106HD,0.6872057735761143,0.2820101307612654,0.02225917703879497,0.005668207967869488,0.0028567106559557734
N5109HD,0.40890281060445904,0.5624959286214323,0.022289059357681044,0.004455037582743851,0.0018571638336837767
N5112HD,0.5188067445503187,0.3921850056861293,0.06295513477249261,0.01837860382375978,0.007674511167299601
N5115HD,0.8102648698096272,0.17562944194502847,0.009790456251076664,0.002911143280327415,0.0014040887139403103
N5120HD,0.02632758638928229,0.1053309126842451,0.2500518075911957,0.4852915814274542,0.13299811190782268
N5121HD,0.6405869938845267,0.31888483361040515,0.02234821581379339,0.012537932647755773,0.005642024043518991
N5122HD,0.5656392626574674,0.3571272722444096,0.057252101516752196,0.016194405232577768,0.0037869583487929455
N8305HB,0.8800433922574458,0.11219080477886836,0.00414425786315664,0.002409597170361032,0.001211947930168038
N5126HD,0.08341307102490714,0.2523182697571527,0.33377301397566583,0.2609085032857672,0.06958714195650723
N5128HD,0.8958628293372191,0.09594043886378638,0.004386379316380201,0.002616465494542428,0.0011938869880719816
N5133HD,0.019720627355740553,0.13246881883744413,0.4055355094199219,0.3966244666751841,0.04565057771170934
N5135HD,0.8418109515857691,0.14152518138803563,0.01104940696774859,0.00392399384231126,0.001690466216135417
N5143HD,0.8322352115750438,0.16147917514260998,0.004041910592472693,0.0014586839089379938,0.0007850187809356322
N5144HD,0.2925834625594565,0.5968528758317309,0.08654929083473854,0.01809255112312491,0.005921819650949184
N5149HD,0.20777613206818546,0.6383552912393712,0.1193686371990082,0.026751008442819836,0.007748931050615313
N5152HD,0.2972670226165265,0.6092823486260693,0.07262594879510524,0.01601114474559308,0.004813535216705744
N4394HD,0.15379730106018333,0.3903405013925603,0.3473588307840688,0.08854809740778533,0.019955269355402153
N5029HD,0.1661052389086861,0.6182656675313506,0.1724902576446262,0.031177120459782236,0.011961715455554946
N4368HD,0.9253398398192269,0.06887095297804242,0.003279756066621353,0.0015484476310113832,0.000961003505098106
N5013HD,0.3277479589194996,0.5238956130044609,0.0918531830451791,0.03960601649470732,0.016897228536152966
N5153HD,0.2859702866655367,0.5968845546170292,0.09049899367637745,0.021452651811793906,0.005193513229262816
N5157HD,0.9011467043655101,0.09038104150616104,0.004220915637560956,0.0024778767484723227,0.0017734617422956308
N5170HD,0.5776531437684824,0.38443093561377206,0.02657536454640094,0.007464491074010108,0.0038760649973345173
N5172HD,0.866027856298148,0.1214341218662718,0.008088399841159537,0.0028314873885564237,0.0016181346058644567
N5173HD,0.6508180853550394,0.30862496097355113,0.029924475069530526,0.007018414124058348,0.0036140644778205415
N5147HD,0.46462340444522776,0.4796519081999931,0.04153637940867514,0.008560003443883798,0.00562830450222024
N5178HD,0.7222189720695377,0.2409688536720343,0.027006009957850217,0.006979345989189843,0.002826818311387883
N5180HD,0.4994119381195245,0.44424153730849897,0.03633568215990825,0.013940693561740419,0.006070148850327787
N5181HD,0.27746202327680564,0.5877437031257906,0.09667200586309646,0.027652691871941127,0.01046957586236621
N5182HD,0.8978253415439833,0.09392804744524441,0.004075786272396417,0.002661337608243326,0.001509487130132715
N5183HD,0.09050970995224404,0.8727494332514335,0.03083277509293643,0.00433697541951305,0.0015711062838730395
N5185HD,0.21751804981831782,0.4884399715635276,0.23454908413372105,0.0436971988571702,0.015795695627263226
N5187HD,0.21542278362337772,0.4349867583193748,0.2524410934840162,0.07063607851601204,0.026513286057219098
N5188HD,0.15799875270945554,0.513196411338616,0.17066657869252946,0.1315111711147759,0.026627086144623086
N5190HD,0.01973943361368004,0.10752529020955662,0.4385718037329797,0.4013431945274425,0.03282027791634111
N5192HD,0.515443731983207,0.469986128727099,0.011523273616735503,0.0021039912206529555,0.0009428744523056022
N5193HD,0.6724580768837662,0.3004276022816373,0.017268845583325355,0.007105016011024322,0.00274045924024691
N5197HD,0.8578322578992285,0.13121110124047874,0.008358239413873914,0.001858851022476319,0.0007395504239426161
N5198HD,0.22164493800820428,0.47693922218636686,0.16994256017723394,0.09986314184801999,0.03161013778017471
N5199HD,0.6333440476798629,0.29416336007843574,0.05226887711837593,0.015147054210115137,0.005076660913210312
N5200HD,0.7992829166825656,0.17948743329865027,0.014141864626925243,0.004528651580235494,0.0025591338116235035
N5203HD,0.045077030280054664,0.15961517939259945,0.3200555161397806,0.3621902083984703,0.11306206578909499
N5209HD,0.04775868891829407,0.22092291318879856,0.5261920297176679,0.1761006385602913,0.029025729614948315
N5212HD,0.7726568389277975,0.21217012029556723,0.011107674271519891,0.0026850143657480975,0.0013803521393672437
N5215HD,0.4627776526862431,0.4902315734666193,0.035255416253705804,0.0077061076337983665,0.004029249959633295
N3574HD,0.7925127543773591,0.18058552744223186,0.01430852208607776,0.007917394305625044,0.0046758017887063305
N4760HD,0.08544818833113531,0.47869782175008335,0.32150256202828426,0.08069312860865041,0.0336582992818466
N5225HD,0.5772983322437689,0.3868348121877392,0.02877504550963809,0.005082722186531707,0.002009087872322013
N5226HD,0.6417719650195889,0.30342067579100473,0.037941471119246166,0.012208104341151878,0.004657783729008338
N5227HD,0.6949491619007043,0.25286785389884564,0.03315231984236609,0.012771390478082418,0.00625927388000132
N5233HD,0.022411338435730697,0.10560901705892163,0.3859603686631203,0.3389920909392759,0.14702718490295144
N5238HD,0.846209115972312,0.1335253095780588,0.010631671284806396,0.005686393221768858,0.003947509943053791
N5241HD,0.778337625786154,0.19586243972945055,0.01895840427954974,0.004596121369801939,0.002245408835043812
N5243HD,0.016645323983408657,0.05774879019587504,0.3852265628008861,0.5158799271596992,0.024499395860130876
N5246HD,0.7764059556408728,0.20360703949233855,0.012207008150989102,0.004918101267769854,0.002861895448029756
N5247HD,0.006243519968050053,0.023636542017391793,0.33394848331167987,0.6210564452640279,0.015115009438850337
N5248HD,0.6137064612883224,0.3072309822929287,0.056301942434556614,0.017876842585336564,0.004883771398855691
N5253HD,0.5557113601225137,0.39028552581634374,0.03182125704137307,0.015111665969701081,0.007070191050068363
N5257HD,0.04493095386828753,0.16531675537943893,0.33110717532635514,0.3504029786886686,0.10824213673724968
N5259HD,0.0318471303567982,0.16229133947502655,0.3560680472513687,0.31126090633237824,0.13853257658442844
N5262HD,0.08611274761466348,0.6566777283905826,0.23303365342536836,0.019720616547920733,0.004455254021464936
N5266HD,0.1749745363765741,0.6968653142243604,0.10479714980338385,0.01853244411939114,0.004830555476290523
N5270HD,0.656687376717953,0.3183872908383772,0.0184579720216944,0.004147931309568793,0.0023194291124064917
N5271HD,0.40068493683843376,0.5016894581636177,0.06746560291408954,0.021696298893975893,0.008463703189882998
N5273HD,0.8010137462741852,0.17795016391013416,0.012621044274876973,0.006192378695384862,0.0022226668454188065
N5274HD,0.8472828342015002,0.1397564321599939,0.008416901827667479,0.003402756881567222,0.001141074929271281
N5211HD,0.3145570131606732,0.48854298296149445,0.12468023877011261,0.06056522901123051,0.011654536096489185
N4843HD,0.48302211988810917,0.4254300950577263,0.056527696139606315,0.025199013783165476,0.009821075131392791
N5287HD,0.5900760336296438,0.3551721372271258,0.04133757501918998,0.010071229511078264,0.0033430246129621984
N5286HD,0.17854958295542964,0.32912307274378805,0.31194560551693934,0.13309719719562127,0.047284541588221686
N5292HD,0.04968809614160111,0.16314044169479988,0.32682018288052905,0.34612888104132045,0.11422239824174953
N5294HD,0.7651228249341389,0.21773337097745984,0.012195103093505171,0.003650828555836092,0.001297872439060042
N5296HD,0.38891648728751055,0.46535384894519194,0.10116544072711592,0.03644287125554189,0.008121351784639552
N5298HD,0.7161644308508927,0.2616504605763546,0.015044314523896811,0.004953483030265575,0.002187311018590256
N5303HD,0.7919052981838131,0.18637126748914634,0.014553669010001243,0.0045157280200707325,0.0026540372969685697
N5305HD,0.13728856769739184,0.4048678065333134,0.3038013579382587,0.12372945887260667,0.03031280895842942
N5306HD,0.7986691175603298,0.18529068821301362,0.011087968463961892,0.0034176472346142263,0.0015345785280804535
N5307HD,0.06790297534245138,0.4357309425119266,0.3898637743449629,0.08012669019923563,0.026375617601423488
N5311HD,0.3005131664795257,0.5193090220504369,0.14722121399877897,0.02603534760447629,0.0069212498667820845
N5314HD,0.8745543119563152,0.11355658676273012,0.0064602976002306215,0.0032636393085848313,0.0021651643721390984
N5073HD,0.1147931023927605,0.33180703129203865,0.3890665556880017,0.13660106275153802,0.02773224787566116
N5277HD,0.0904929533182589,0.2995868690590533,0.35058578933829787,0.19630724743475647,0.06302714084963348
N4885HD,0.9295475350431376,0.06133079480691728,0.005111315231188396,0.0024035994767523552,0.001606755442004139
N5318HD,0.05602905453782356,0.33757406439751597,0.4803442773356636,0.09695606677036565,0.029096536958631132
N5321HD,0.7683254138514695,0.20338639153865445,0.02116394854418495,0.004853829152429141,0.002270416913262045
N5323HD,0.9305433538104673,0.06594882803711401,0.0020168616601642605,0.0008734185285653658,0.0006175379636888938
N5324HD,0.6405636362354558,0.3120835858528039,0.03316629976709917,0.009879161143753474,0.004307317000887685
N5326HD,0.817768796812028,0.16540773644000925,0.010075563577712108,0.004331556903396874,0.002416346266853875
N5327HD,0.6427713615105614,0.330558772074645,0.017023801040076572,0.0057321046317851156,0.003913960742931897
N5329HD,0.09071557506514003,0.61454561068701,0.2433940912029098,0.03937733528412562,0.011967387760814636
N5331HD,0.8042367729735438,0.17571054255850643,0.013924498492279867,0.004743611998185053,0.0013845739774847926
N5332HD,0.7552979753571958,0.2183590632956996,0.01893983316575708,0.005242001518117886,0.0021611266632296025
N5333HD,0.8597783937704196,0.1305643446254087,0.005833123643971849,0.0026778167750828013,0.001146321185117069
N5334HD,0.023181847710913542,0.943421741230094,0.028278853201287518,0.004080680337453765,0.0010368775202511768
N5338HD,0.02856750778377887,0.12954394395643365,0.3935336877323677,0.3507985316208067,0.09755632890661309
N5339HD,0.061484189628957714,0.5424183350095083,0.30852810667704367,0.06865243054327384,0.01891693814121651
N3820HD,0.04087472630740904,0.12532036922946765,0.38150119563792284,0.3000046252196041,0.15229908360559627
N5342HD,0.8226477554226708,0.16388770594065363,0.009872056611230064,0.002554160140178086,0.0010383218852676158
N5345HD,0.6902984734799891,0.2647547227832067,0.032575628902267326,0.010047569151358328,0.0023236056831782725
N5346HD,0.7477531603964077,0.23158798027261296,0.014549542718660902,0.0044169553672717765,0.0016923612450467284
N5348HD,0.03281119696091607,0.17131611310854428,0.29572522134078133,0.3915547655056967,0.10859270308406167
N5351HD,0.6709811905248121,0.2775874390910276,0.03869119142650032,0.009499443743989214,0.003240735213670708
N5354HD,0.0093099007433879,0.037598368121004706,0.3453375220241299,0.5904131575377303,0.01734105157374727
N5355HD,0.6037257523333367,0.3752734626406256,0.012849981498250595,0.0054714456070737594,0.0026793579207132134
N5362HD,0.8713660608891335,0.11929015908002648,0.0063521871683662225,0.002010196968790016,0.000981395893683705
N5364HD,0.6771491332283394,0.28630561726772524,0.02672565673537031,0.007099611442508642,0.0027199813260564143
N1264HD,0.028451228783587617,0.8062156019709905,0.15049083562561347,0.011408690466959923,0.003433643152848544
N4985HD,0.24234681144812212,0.6521582456875933,0.07676064594041358,0.01964423000499343,0.009090066918877435
N5368HD,0.019299383334097853,0.1022243102489605,0.44214593148472564,0.38212212693918995,0.054208247993026114
N5371HD,0.8435409417040548,0.13578451828788382,0.013266183206090357,0.0052134510298469435,0.00219490577212411
N5372HD,0.7341588865223584,0.24814939568604238,0.012851911254212586,0.003622734386820098,0.0012170721505664534
N5373HD,0.5706838919978436,0.41272936456541665,0.010071352726196274,0.004131404820495509,0.0023839858900480183
N5374HD,0.45995297208368935,0.49827342630565086,0.03312878557681723,0.0058827099307575065,0.0027621061030848743
N5377HD,0.6277656212584064,0.3443808703809721,0.016834572642649245,0.007611560132180042,0.003407375585792117
N5379HD,0.734021021000159,0.24449831160002283,0.014704576009328146,0.0049633032181614824,0.001812788172328543
N5381HD,0.09964202251913391,0.36286141092474433,0.2859266617293018,0.18813211554146786,0.06343778928535207
N5383HD,0.20971085823021243,0.40117008995985015,0.2259415720340526,0.13637102506789095,0.026806454707993598
N5385HD,0.8880127873962634,0.10793325261962905,0.0023058656865177353,0.0011220489530301698,0.0006260453445595412
N5387HD,0.0632192035036012,0.3269271796838832,0.3867275268017471,0.17298392455042333,0.05014216546034504
N5388HD,0.05236100785124667,0.17023752478202356,0.37512102595149116,0.3417842836632912,0.06049615775194735
N5389HD,0.03633100575393375,0.7830769841192345,0.1606147450423874,0.014869591825088924,0.005107673259355362
N5391HD,0.5247649423371481,0.43800221431437913,0.026628752535747865,0.006645675547933709,0.003958415264791289
N5393HD,0.46731080070737857,0.4934139833009565,0.028485224030088,0.00833056615377837,0.0024594258077985155
N5395HD,0.7288314714341599,0.23629611998361255,0.024697656018884875,0.007818529548625185,0.002356223014717501
N5397HD,0.7871834806866398,0.18235306748264946,0.020551018785014374,0.007635727053167437,0.002276705992528982
N5398HD,0.7632096303858291,0.20646318187320653,0.02008985260073833,0.007746561686562965,0.0024907734536629643
N5386HD,0.10173761652122651,0.6981342045777741,0.18192780059253294,0.014640459779946812,0.0035599185285197133
N2483HD,0.8547695190831973,0.1294841573776416,0.008112425643557797,0.004774369404185715,0.00285952849141749
N5402HD,0.8526440255261493,0.13449122669435312,0.005888164104626057,0.003993258770781339,0.002983324904090242
N5404HD,0.5994491218994193,0.3303106243768498,0.05197270201986635,0.01417631469423173,0.0040912370096327
N5405HD,0.8912052471330064,0.10184586706423636,0.0047103862654824915,0.00139701605065862,0.0008414834866161247
N5407HD,0.31949977620792297,0.48333702360208336,0.13551638367724006,0.04825731150656683,0.01338950500618676
N5414HD,0.5082877819116977,0.47213955910623595,0.013985845999532464,0.0037271715790856428,0.00185964140344828
N5415HD,0.8590937497513699,0.13156369192407077,0.004691316194994337,0.0031078885429284705,0.001543353586636457
N5416HD,0.11225554563759055,0.797581966661622,0.07555675474972487,0.009794414902860439,0.004811318048202109
N5421HD,0.6910578095002244,0.27693633464325534,0.023220697003477817,0.0063617637304908435,0.0024233951225514482
N5430HD,0.8572023556578208,0.1297265496126887,0.008856002819223253,0.002765471480981111,0.0014496204292861936
N5431HD,0.053014485241669525,0.6921377266217799,0.23301655123428233,0.01724222242158476,0.004589014480683474
N5432HD,0.6930442192858508,0.2737235191432057,0.02402500226323022,0.00649753499551074,0.002709724312202699
N5437HD,0.7304133665086394,0.24364143838031824,0.017172899941545756,0.0061707420531530305,0.002601553116343651
N4225HD,0.25179961220612096,0.6349786242496993,0.08171426938855307,0.024559533986519732,0.006947960169106771
N5123HD,0.5017509272437439,0.4432916741935468,0.03905225165139097,0.011158716494284057,0.004746430417034245
N9187HC,0.0533922157845828,0.23847433524010195,0.37046632561569137,0.2638457286526885,0.07382139470693543
N5439HD,0.2306552148690468,0.4925348745169377,0.1965838860613249,0.057292204473565984,0.02293382007912455
N5440HD,0.09669929764571335,0.6608815613204091,0.21233519339921247,0.022037103234046857,0.008046844400618255
N5443HD,0.06056431332800534,0.3188021535447806,0.43326570680537,0.136783264586588,0.05058456173525586
