ncode,proba_0,proba_1,proba_2,proba_3,proba_4
N4541HD,0.7571269035884188,0.22166724557747955,0.015720804372508168,0.00404708945827134,0.0014379570033220303
N4397HD,0.015432016257756113,0.053042292934755556,0.47318394293967053,0.41067828034949955,0.04766346751831825
N4544HD,0.895885766299488,0.0985355761448121,0.003917020781713432,0.0011313679945288745,0.0005302687794575699
N4545HD,0.06564512711715802,0.2165687886317601,0.3901039282768564,0.2521753377560113,0.07550681821821414
N4546HD,0.20676730442913946,0.7090639245742956,0.07511569126282967,0.006242034343578153,0.0028110453901570654
N4550HD,0.8966352569322282,0.0966357873721377,0.0032135435550010505,0.0020974013407790443,0.001418010799854012
N4551HD,0.743415048305419,0.24494953223849775,0.00883822869778474,0.002015945022575274,0.0007812457357232032
N4554HD,0.07375740680850809,0.6822484457538194,0.21196678676331412,0.02454486801610113,0.00748249265825746
N4555HD,0.2575074398720345,0.6838643115113624,0.046276871447307674,0.008746742085621158,0.003604635083674137
N4556HD,0.3313031571072708,0.49747333070692873,0.12072694104273196,0.041810122671430736,0.00868644847163774
N4563HD,0.4504394820249503,0.44568018692972033,0.08463778470284457,0.015195973034525644,0.004046573307958941
N4567HD,0.9211706803316282,0.07006809137375065,0.005536246643472916,0.001801148218089461,0.0014238334330587631
N4561HD,0.8011190052145799,0.19196594057958014,0.0041395700361263384,0.0019161571660329816,0.0008593270036805014
N4571HD,0.31097459911192804,0.58442510746415,0.06466174260640531,0.027540684667184873,0.012397866150331883
N4574HD,0.9514654351829391,0.04601878730869418,0.0014509936355041335,0.000713998358731862,0.0003507855141305386
N4575HD,0.4903048730047193,0.4769071474776909,0.023956056018260962,0.00662439346381104,0.002207530035517908
N4579HD,0.12206327185270728,0.7102351006620192,0.11519871201458595,0.038610584685620786,0.01389233078506664
N4581HD,0.22498340574214917,0.6603229538528933,0.09843183062134711,0.012375750552644388,0.003886059230966168
N4584HD,0.21401987554660537,0.7287592122571734,0.048212624404299464,0.006181784013068566,0.0028265037788532017
N4578HD,0.8292437972058451,0.16408512574769887,0.004638882102089982,0.0013869474316117907,0.0006452475127542704
N4590HD,0.19270498413574308,0.7287643575111532,0.06718991383669493,0.009311742331950255,0.0020290021844585676
N4593HD,0.019145985356841574,0.22980792320735483,0.47272802413164783,0.2555149222597118,0.02280314504444396
N4151HD,0.11443221620137216,0.5420598128226245,0.19228827937959458,0.1249230150659294,0.026296676530479426
N4594HD,0.8056257896686603,0.1840643937556379,0.006096388189663053,0.0027627682090778675,0.0014506601769607957
N4600HD,0.386606969235984,0.5721608614860555,0.03116589622184859,0.007220579268925464,0.0028456937871864795
N4605HD,0.1009484570709925,0.483273231972681,0.3313129049209501,0.07363936063058109,0.010826045404795365
N4612HD,0.5564869601954593,0.37061745901205234,0.04544101168641123,0.020529806138735278,0.006924762967341869
N1701HC,0.256509054761649,0.6254679533428918,0.08224793230278173,0.0203146982722233,0.015460361320454141
N3705HD,0.009176551136916974,0.03191530447849186,0.2315422840177515,0.39162046595003286,0.33574539441680673
N4589HD,0.6676598457828691,0.2884512223584188,0.028252570192433192,0.011063917580997883,0.0045724440852810445
N4339HD,0.9342970060383782,0.061615222713995076,0.002208509254712178,0.0011477646137401168,0.0007314973791743136
N4615HD,0.03391600282536744,0.1393754259730735,0.2790283293472141,0.44982264181944503,0.09785760003489978
N4618HD,0.8769350641337036,0.11724086070867115,0.003202135847981959,0.0016658683966960651,0.0009560709129473637
N4624HD,0.49117106137625766,0.4957917259552901,0.009458572711857037,0.0026555896950898722,0.0009230502615054266
N4626HD,0.8065045758594794,0.1793588971749156,0.009806115465387075,0.002793796898994188,0.0015366146012235605
N4628HD,0.09844223102705782,0.4967018514203748,0.33154338032119907,0.060542381640502324,0.012770155590865799
N4638HD,0.13864891311210376,0.2772713006423236,0.2482776438590649,0.27442963815424937,0.061372504232258325
N4639HD,0.8097927190020816,0.17443455597625845,0.009917573482058389,0.0033054954494083945,0.0025496560901931095
N4642HD,0.9146878197081317,0.0819066295624697,0.0020165892106426405,0.0010047947120370646,0.0003841668067188151
N4646HD,0.9527918920079775,0.04449477917711522,0.0018446240689395338,0.0005027412167157815,0.0003659635292520577
N4631HD,0.8284813325803568,0.16162484455942044,0.006763070547384197,0.00239353155411553,0.0007372207587229381
N4656HD,0.04506745323675636,0.11979290743658474,0.42218519136039745,0.3632813981684936,0.04967304979776784
N4658HD,0.8247758421107889,0.1512999650771482,0.01743043954371561,0.004926993509901152,0.0015667597584461158
N4661HD,0.8620042997242492,0.12924214747069798,0.005383208051151375,0.002206816147244088,0.0011635286066574056
N4665HD,0.8131055634093136,0.17486564081732897,0.008656543617539697,0.0022878979995373237,0.0010843541562804123
N4667HD,0.8606106984102629,0.13384214508626735,0.0033956399351576425,0.001300804255984537,0.0008507123123275923
N4669HD,0.7350350629775567,0.25455697179493236,0.007171522532256086,0.002114069774929258,0.0011223729203255403
N4673HD,0.22583195309446558,0.6185361487507239,0.12351962442613863,0.025303502521674574,0.006808771206997296
N0760HD,0.1796766981252339,0.6073973689944839,0.17292697981092908,0.032494387599675954,0.00750456546967701
N4672HD,0.6417462829308375,0.28654406377490965,0.05152384647395532,0.016063466181980252,0.004122340638317273
N2593HD,0.8586532049107675,0.13221633527068302,0.0055602193678727305,0.0022776650621709068,0.0012925753885057942
N4677HD,0.1755350523610123,0.6135300916459498,0.1866639978511298,0.01835567076989793,0.005915187372010251
N4680HD,0.1640132193947398,0.6349092512854986,0.1619840537573739,0.031194794873036825,0.007898680689350948
N4688HD,0.017949098059793892,0.09664573607715456,0.3361512252199271,0.43271208433868286,0.11654185630444154
N4689HD,0.8444908685034321,0.1477418805315542,0.004532605162602413,0.0021942778106331046,0.0010403679917781953
N4691HD,0.1588256497213931,0.3774863488192002,0.2447627194413416,0.17820378097150072,0.040721501046564426
N4692HD,0.5758563271873979,0.3775658286989479,0.030715908523560608,0.010783158395770572,0.005078777194323165
N4694HD,0.031181105161957785,0.19969584059216547,0.5876871936275794,0.16385748307864942,0.017578377539647944
N4695HD,0.09567769916334554,0.6210824982087693,0.24886423516860784,0.02826153170408485,0.006114035755192489
N4699HD,0.41704368324318514,0.5243412805433528,0.04561488112857468,0.0090203854284575,0.003979769656429766
N4703HD,0.4648148641064714,0.3372033890117033,0.10945843502956762,0.0706397664214354,0.017883545430822247
N4704HD,0.0056778043256864785,0.015647268745590772,0.3371792712414781,0.6284972839144451,0.01299837177279946
N4708HD,0.9265897744000658,0.07027523648437159,0.0017433901145294285,0.0009079157173081547,0.00048368328372488256
N4714HD,0.612173713030039,0.3335392631648931,0.03513482107378134,0.01312551386792634,0.006026688863360139
N4721HD,0.06345215924522021,0.463938649366986,0.3598535883307409,0.10030541854131814,0.012450184515734757
N4722HD,0.783130951225746,0.21094887601682832,0.004145782391040975,0.0011260104377801463,0.0006483799286045094
N4724HD,0.13585025521427496,0.7663320646645319,0.08572020491571557,0.009672975021870978,0.0024245001836067023
N4726HD,0.04887681062239774,0.7823208512572497,0.1529311879621723,0.013287595330058851,0.002583554828121288
N4735HD,0.8147521316355142,0.17681381541736513,0.005585620862118485,0.0017469284939749016,0.001101503591027322
N4063HD,0.5094833831494977,0.4080256743670626,0.05304774031259,0.021305645922786654,0.008137556248062991
N4712HD,0.7755635611372147,0.2134884423340976,0.007949104892037236,0.0020799861490927466,0.000918905487557757
N4738HD,0.1953563772998132,0.6918487589142054,0.08774516180630536,0.020428876972793886,0.004620825006882174
N4740HD,0.04298140680485351,0.2863755848766433,0.3294203089617746,0.29619888066125954,0.045023818695469044
N4742HD,0.025203755519796672,0.15595042236331239,0.48869533945627447,0.257386863485084,0.07276361917553249
N4745HD,0.8472807479208021,0.13901908045513564,0.01021065640190987,0.002509185318344684,0.0009803299038077878
N4747HD,0.8405873732933988,0.14021148713105644,0.01311647183250917,0.004013697609191731,0.0020709701338439265
N4750HD,0.7704856680423258,0.19833374196207754,0.02014719585121839,0.008510166752945176,0.002523227391433076
N4752HD,0.007842984132632763,0.05773738765879216,0.4086420074269751,0.49157179662147554,0.0342058241601244
N4754HD,0.5185294149982227,0.46600207240188807,0.012234334718887163,0.0024460438836673174,0.0007881339973348559
N4755HD,0.21537131144143115,0.6372183249535999,0.11717950081429479,0.022831688534846375,0.007399174255827747
N4756HD,0.4838273129804432,0.4665061343138895,0.039001233097673796,0.007559856162941559,0.0031054634450521164
N4757HD,0.816610945374396,0.17384774429726815,0.0071437798796364265,0.0017645714124122323,0.0006329590362871477
N4759HD,0.26383425667637983,0.6753174349814991,0.045423068019371744,0.011176468776142189,0.004248771546607025
N4762HD,0.26752836783399164,0.6436334654607401,0.07289421923405806,0.01341901642364327,0.002524931047566987
N4763HD,0.5098540623265927,0.43862820255557006,0.03445489337133846,0.01156813786132439,0.00549470388517434
N4767HD,0.8829491487821016,0.10170464796201475,0.010374271564025943,0.0037649391825775903,0.0012069925092802415
N4769HD,0.07357918451912976,0.4159450898187214,0.40920971765255276,0.08797020225494766,0.013295805754648395
N4770HD,0.7581789453827636,0.22156791472633539,0.015343610399215803,0.003246351602801812,0.0016631778888836332
N4676HD,0.13865801492031934,0.620215157961382,0.16681230125023971,0.060937620357480314,0.0133769055105785
N4614HD,0.5198840138181547,0.39724876747160076,0.06573461450506789,0.013234412580712411,0.0038981916244641376
N4774HD,0.26798859610100445,0.6282912277746315,0.08161134062485914,0.017438545714514857,0.004670289784990043
N4778HD,0.06771150152099056,0.25991415049505306,0.3853028842476236,0.2525472941111968,0.034524169625136
N4780HD,0.010118799996010227,0.038305148700068126,0.25528144699196703,0.3902054552641799,0.30608914904777473
N4783HD,0.6090789165047417,0.36429463242988425,0.01981130176638227,0.00492729781295656,0.0018878514860352661
N4789HD,0.8240083386894145,0.15084619063912372,0.018882624273973136,0.0041680078218141415,0.0020948385756743974
N4792HD,0.4508557490955383,0.5329973798024018,0.013484520696983441,0.001996523808020362,0.0006658265970562071
N4793HD,0.04470757545777935,0.5974386502007799,0.2622687508379595,0.07785537023403402,0.017729653269447213
N4794HD,0.009443946014486688,0.06231016908896387,0.36900880947458886,0.5384264681373653,0.020810607284595183
N4799HD,0.8125706029165317,0.16836668000307298,0.01390434858272841,0.0036823450223894467,0.0014760234752775893
N4800HD,0.9424127030976048,0.052615517269150994,0.0025767659989743077,0.0014526457570508688,0.0009423678772187868
N4808HD,0.09619163137870683,0.819286991920851,0.07497248110897602,0.0068958098269192546,0.0026530857645466984
N4809HD,0.5733807390681028,0.3815124183394321,0.03224090691335549,0.00837104591866184,0.0044948897604477275
N4634HD,0.6153499956937786,0.33773996223906055,0.032683180515498456,0.01060383931590029,0.0036230222357623017
N4784HD,0.8739374339839857,0.11471910328486232,0.006947098271776726,0.002669988703036306,0.001726375756339
N4815HD,0.878826104587235,0.1164510088471431,0.0024990164923942,0.0014703348613383114,0.0007535352118894128
N4816HD,0.7624536381829218,0.21716326633971836,0.01381928181427832,0.004747494558787543,0.0018163191042939908
N4817HD,0.3126468274760494,0.6009403463725393,0.06965593176720171,0.012468721650713464,0.004288172733496005
N4818HD,0.8996156016762485,0.09217104101382426,0.0045728595290404845,0.0022187684372229994,0.001421729343663574
N4821HD,0.02243783143549407,0.9367535936747972,0.0338902987661915,0.005791948591548937,0.001126327531968462
N4830HD,0.892214578814622,0.09882158150968139,0.005570841641032298,0.002340004362543359,0.0010529936721208977
N4748HD,0.8709733389392534,0.1228135750965946,0.0037771449532269137,0.0014139489055264942,0.001021992105398611
N4684HD,0.8241661089425611,0.16720402930375203,0.004690715897098712,0.0024624341601241673,0.001476711696463875
N0389HD,0.021407200940859752,0.911736608824028,0.05987133898962196,0.00504380461396913,0.0019410466315212737
N4796HD,0.45688567581887707,0.3873397485698103,0.11703724328514095,0.03261526495615044,0.0061220673700212915
N4834HD,0.006706211927278877,0.027873448265041807,0.4316724756302364,0.518142238522662,0.01560562565478101
N4835HD,0.07767198408498711,0.8860866863569856,0.030359038691196702,0.004253194531018145,0.0016290963358123434
N4837HD,0.5312258146663725,0.45171503832239307,0.01377776255711447,0.002297254783518073,0.000984129670601694
N4838HD,0.06381155925391495,0.8611831650893884,0.06419838329978902,0.007636012196018325,0.0031708801608891415
N4839HD,0.038461174601288624,0.7599368109837815,0.16408606302962248,0.029871226441506304,0.007644724943801123
N4842HD,0.78834263125846,0.18823983969901772,0.016125445592453266,0.004996078408495808,0.002296005041573176
N4844HD,0.9298263793160781,0.06705474485836191,0.002199320756366779,0.0005631766956505079,0.0003563783735423315
N4846HD,0.16328358031984155,0.5236827468992707,0.2524504879213103,0.045636742687840105,0.014946442171737373
N4847HD,0.8010709012421433,0.19068340047365467,0.0061007801771044865,0.0015068776705465976,0.0006380404365506067
N4849HD,0.3544978402454681,0.5846906821350788,0.0440525878823184,0.012284457484409756,0.004474432252724931
N4852HD,0.05428767280563396,0.6707005915179289,0.24789600165470888,0.02127256614066041,0.005843167881067877
N4853HD,0.6427903324794424,0.33701790155115613,0.01527711985366676,0.003587059104681677,0.0013275870110531465
N4856HD,0.8716636603675246,0.12170351464046246,0.004112264506362441,0.0016705965893403585,0.0008499638963100191
N4858HD,0.8439671365572516,0.14613475644818102,0.006487436341710133,0.0021946932951031743,0.0012159773577540152
N4860HD,0.24547542271319914,0.6424586713756658,0.08555768358603667,0.0194531363088106,0.007055086016287659
N4861HD,0.899542675018511,0.09675882959212884,0.0023051715662785383,0.000920273636288976,0.0004730501867927488
N4863HD,0.40873964031454396,0.572249405974076,0.013265072867478862,0.0037649677208747958,0.001980913123026496
N4864HD,0.510309982725196,0.46993908461828177,0.015241464859292602,0.0031800696246675024,0.0013293981725621474
N4866HD,0.8059341528733132,0.18012917898361763,0.008910700770060976,0.0034487637611656974,0.0015772036118424416
N4012HD,0.7011294440686205,0.2810608342488469,0.013248058628398687,0.0030146211258507017,0.0015470419282830866
N4825HD,0.23441137124250855,0.6594136922949442,0.07282063141388544,0.02405353494941037,0.009300770099251506
N4875HD,0.05405182275784927,0.3984678811612148,0.44619380176159695,0.08030812393199745,0.02097837038734151
N4878HD,0.03074550597206972,0.1377624381266343,0.35415029529624886,0.4093576995370473,0.06798406106799978
N4883HD,0.04333810437746176,0.6493826815680355,0.26377233198787303,0.03662416316875669,0.006882718897873061
N4884HD,0.6234406818949418,0.3485277645158888,0.021323079671366922,0.005050318450703346,0.0016581554670990534
N4887HD,0.22646804394364206,0.7084982289992621,0.05386906833792759,0.008290040261496602,0.0028746184576715237
N4891HD,0.6743605008353867,0.2972833732466006,0.02132363847328184,0.005161818797514512,0.001870668647216446
N4892HD,0.13791128003234898,0.759685557684645,0.08373121181485794,0.015101633512940473,0.0035703169552076773
N4895HD,0.8357950971621473,0.15052501002767776,0.00980976477330119,0.00285366625721067,0.0010164617796629388
N4899HD,0.7936462869725609,0.19571194288836488,0.006966199521461569,0.002237405404281454,0.0014381652133311227
N4898HD,0.43999971488068523,0.5180052414972808,0.03222196569823931,0.006564579445414026,0.0032084984783807037
N4902HD,0.6608625906024312,0.2740389222542509,0.04195452374373013,0.017105184860456802,0.0060387785391310695
N4904HD,0.14894691277449318,0.5718536978117712,0.24013538553522704,0.032235325789761314,0.006828678088747361
N4906HD,0.7378084160850639,0.24489203555462846,0.011937784572788605,0.003992881796048797,0.0013688819914703333
N4909HD,0.7606808878394629,0.22230675518515222,0.009547699610402905,0.004704191839075869,0.0027604655259061564
N4912HD,0.6867804091212512,0.2878571011189316,0.020520508690059405,0.0035658830560453755,0.0012760980137124021
N4913HD,0.5471175987428486,0.42697096957684066,0.02188009786515342,0.0029451781279086755,0.0010861556872487001
N4914HD,0.13088584441957526,0.7188357931147175,0.12445832104119799,0.02187456630600593,0.003945475118503433
N4908HD,0.9039629487140092,0.09266949832968986,0.00216113953492002,0.0007440194903313754,0.0004623939310496116
N4937HD,0.8767754626598151,0.11854783380669058,0.0027562711351824132,0.0011614192948511122,0.0007590131034607291
N4938HD,0.8896569021792358,0.10544057791863959,0.003400380576714049,0.0009935216323519365,0.0005086176930586662
N4949HD,0.8577278069448475,0.13538409170050603,0.003922824159125764,0.0018850768149660585,0.001080200380554725
N4952HD,0.7973222930422094,0.18279112833523606,0.014220317069451286,0.004119707010412487,0.0015465545426906575
N4954HD,0.35282317179696165,0.5957656210444509,0.041462490709254556,0.007842016720262694,0.00210669972907028
N7917HB,0.895636567183943,0.09967800233141688,0.00272165272150001,0.0011796880944758919,0.0007840896686642795
N4951HD,0.7683940898585558,0.2185332189936968,0.008713887454452778,0.002720296327305356,0.0016385073659892458
N0385HC,0.11313445912229604,0.5944039518402164,0.24268061582137837,0.03941561824768422,0.010365354968424842
N3920HD,0.15834691587701358,0.6182929988919567,0.18476323958205845,0.032377257708125835,0.006219587940845562
N9498GW,0.8015390137865824,0.18366354866044218,0.010804268704845315,0.0030628908919791494,0.0009302779561508852
N4961HD,0.9184148643788538,0.07847792807798322,0.002197812959091798,0.0006013707766185229,0.00030802380745270945
N4965HD,0.5118490389803199,0.4312552051997384,0.043826303640362475,0.010247735737533582,0.002821716442045758
N4967HD,0.586695985641777,0.3623835004646605,0.031830182840446294,0.013225372136279993,0.0058649589168360714
N4968HD,0.4168086656018548,0.46130684781945974,0.07038098114287021,0.03539310774699454,0.016110397688820492
N4973HD,0.8463921574509624,0.1391224387717933,0.010374339308838186,0.0029254586653018615,0.0011856058031041467
N4976HD,0.031167310764292445,0.3109361270479294,0.5577640128748953,0.07810330833501812,0.02202924097786467
N4977HD,0.2602511853965186,0.6463904590305872,0.07712620088541652,0.012022370193489925,0.004209784493987693
N4978HD,0.7258484616122869,0.24755532633837024,0.01561251098741856,0.007635479616077989,0.0033482214458463756
N4982HD,0.35158029853468953,0.5682594385317585,0.05794583508594026,0.015951098993391786,0.006263328854219858
N4983HD,0.1579440654774163,0.4627551631772474,0.26029050522273656,0.10657833761492538,0.012431928507674404
N4984HD,0.8481374468941691,0.14651623742994796,0.003630909755943295,0.0010523118393028004,0.0006630940806367215
N4992HD,0.024799237898174294,0.15758285328113153,0.3277179078871482,0.44043735121834887,0.049462649715197225
N5000HD,0.6246680160407254,0.30771391678065974,0.048807251104888705,0.014144404831711543,0.004666411242014558
N5006HD,0.3699251377154659,0.5777921022874447,0.0412238193711198,0.008765470359888462,0.0022934702660811048
N5007HD,0.7430151624241795,0.22915878234841322,0.018714130084845834,0.006901179394709338,0.0022107457478519866
N5008HD,0.24976258112368963,0.5504848005436898,0.16391106822580118,0.03078518416143629,0.005056365945383101
N5011HD,0.15655481824812817,0.7689681622173978,0.06127900970600477,0.009850726148146097,0.0033472836803233115
N5020HD,0.6289595993184031,0.33448676582567466,0.02517322598546351,0.008565170786299295,0.0028152380841594523
N5024HD,0.8603991387594386,0.13000240895879922,0.006662845411406989,0.0021916769191666166,0.0007439299511883862
N4826HD,0.8961898589952993,0.0974743136865485,0.003757402180223121,0.0017822869993437576,0.0007961381385852965
N5032HD,0.8708826214782829,0.11813591012039056,0.008048683568552378,0.002113058504985582,0.0008197263277884137
N5041HD,0.8444655258809362,0.14787874014936234,0.005093188952482561,0.0016877742719962447,0.0008747707452226922
N5043HD,0.938554082862848,0.05563187895980973,0.003769188013377884,0.0012573749513167505,0.0007874752126478706
N5044HD,0.3352214666254316,0.5640243886374176,0.07287077671209323,0.017810210840109413,0.010073157184948152
N5045HD,0.8241515152443437,0.15874628392468162,0.012320955064775277,0.0032866484974307464,0.001494597268768581
N5004HD,0.8741033839912882,0.11831293182882371,0.004142299738979896,0.0022540409435920076,0.001187343497316128
N5055HD,0.6205107567419315,0.3274208411032679,0.036859145090378714,0.012208069035124416,0.0030011880292975172
N5056HD,0.12925335051259032,0.37475522494796687,0.3470773782261473,0.10888100793190333,0.04003303838139212
N5057HD,0.600204772773596,0.38008294371635376,0.015116965805426796,0.0033619507785648153,0.001233366926058685
N5059HD,0.5298690784521005,0.42828764420490756,0.031110317661159473,0.0077094189049114175,0.003023540776921011
N5061HD,0.6821402537835686,0.2833740335959454,0.02252487997367017,0.008081127764822456,0.003879704881993333
N5018HD,0.8975581518468573,0.09546112958729097,0.00456071126043712,0.0014456099927148706,0.0009743973126998096
N4896HD,0.7198031439240761,0.2540261918113898,0.02011799516671411,0.004301524581327677,0.0017511445164922778
N5064HD,0.7070084755802002,0.26120713783788957,0.021068564759928687,0.008440798151710428,0.002275023670271176
N5065HD,0.33734428018954826,0.5934136252926664,0.05850703631061546,0.007665981973451295,0.0030690762337185658
N5067HD,0.21527420881265116,0.6551464271340548,0.10723959132452264,0.01788440767280033,0.004455365055971149
N5070HD,0.05859903218333154,0.5335645357521605,0.343286177958575,0.05201424029287504,0.012536013813057878
N5071HD,0.19581473158383492,0.6810694660723849,0.10530536619940457,0.012536988724105186,0.005273447420270291
N5072HD,0.17874492629100217,0.7267386298582117,0.07767631893011165,0.013117313994366962,0.003722810926307423
N5074HD,0.5836238159575007,0.390698791600461,0.018187855593594243,0.0047881653293239505,0.0027013715191201064
N5075HD,0.9325853424914181,0.06385464002398349,0.0020075243282893923,0.0008677240789696175,0.0006847690773395261
N4923HD,0.8140620667011099,0.16118108664326825,0.014654266669331938,0.00617516106333472,0.003927418922955107
N5076HD,0.6800963178512358,0.30587677210358694,0.010575999748179295,0.002629628182823288,0.0008212821141746248
N5079HD,0.047225247801449544,0.3605771807048088,0.36467297422684314,0.19281649732603562,0.034708099940862734
N5080HD,0.4711396947142955,0.46625397591089374,0.04762598527414322,0.010818107878709056,0.004162236221958359
N5082HD,0.7220888528267959,0.23848300106750503,0.02692572532763104,0.00851360712960478,0.003988813648463256
N5083HD,0.6606131546235979,0.2977600276702505,0.030942999899898772,0.008303214606248959,0.0023806032000038405
N5085HD,0.18108938167311958,0.6411413283004618,0.1479944148587135,0.02255758571539693,0.007217289452308168
N5051HD,0.2554348945239503,0.7039572343436462,0.03553096031334824,0.0035499757824148967,0.001526935036640555
N5039HD,0.05438497011559559,0.3047529834416268,0.4234362421090869,0.19031932786072908,0.027106476472961452
N5088HD,0.9228269574426703,0.07333167210439691,0.0022883995078640017,0.0010450888314068208,0.0005078821136618845
N5091HD,0.036525168464137184,0.950830510934819,0.011003691499291118,0.0011984593040816327,0.00044216979767108605
N5093HD,0.015495794216672187,0.0776840287128058,0.22982017931243276,0.5901999973409893,0.08680000041710001
N5100HD,0.01692546679211488,0.13421929589835394,0.36011314157144675,0.4559250053288131,0.03281709040927143
N5103HD,0.08319058040696142,0.4210175274454826,0.33447052141981787,0.12139255200033619,0.03992881872740185
N5104HD,0.9490819652307901,0.048459562638977854,0.0014344654447399508,0.0006588279090692136,0.00036517877642281555
N5105HD,0.7062841661939064,0.27337701019551697,0.010704812273750109,0.006058938977275742,0.0035750723595507385
N5106HD,0.6481074655691154,0.3185414993669104,0.02226139163719934,0.00862816980436761,0.0024614736224072183
N5109HD,0.38701603262645473,0.5834520219332595,0.025111920223149096,0.0031960881523016415,0.0012239370648349894
N5112HD,0.4692579416963623,0.44500287059374805,0.061247318496186164,0.01790898865898602,0.006582880554717429
N5115HD,0.8150419781980205,0.1733369831325477,0.00848470676445416,0.0022843304203424807,0.000852001484635426
N5120HD,0.02103184452731485,0.09818405889782329,0.3249072632180617,0.4865403328773379,0.06933650047946231
N5121HD,0.38358785550249747,0.5580110011898497,0.04167307390233883,0.011746304670993584,0.004981764734320279
N5122HD,0.4890508759520681,0.3940078675787356,0.08629557562188664,0.025314340202228103,0.005331340645081385
N8305HB,0.8804932866415291,0.11402494282428909,0.0033259538696312234,0.0014416713554009203,0.0007141453091495391
N5126HD,0.0807858312755822,0.31743562701971817,0.2799647115400343,0.24023473430183645,0.08157909586282899
N5128HD,0.9213164917807686,0.07372298977924077,0.0025983291801653947,0.0016098511338735702,0.0007523381259515856
N5133HD,0.015646295716706924,0.09317246393006581,0.4674859782732427,0.3920110163642253,0.031684245715759375
N5135HD,0.8413299921882712,0.1452552128946465,0.008796454343079596,0.0035729266444131927,0.0010454139295894896
N5143HD,0.8120634609799033,0.17702197275862575,0.008034530070650447,0.002095216114069872,0.0007848200767504712
N5144HD,0.4377472419369902,0.4887534679868309,0.059327101586638654,0.011125841531816666,0.003046346957723456
N5149HD,0.15316883975160644,0.6759543159378878,0.13664288779604952,0.029404388695088105,0.004829567819368006
N5152HD,0.4367318226981526,0.5047762369986754,0.049502086204312165,0.006408555161437566,0.002581298937422537
N4394HD,0.20467426992043922,0.472349051631078,0.23580951881453419,0.06788514253517643,0.019282017098772388
N5029HD,0.10794631334007312,0.6124594913830796,0.22466069406086356,0.04434467594467859,0.010588825271305039
N4368HD,0.9325980982403048,0.0640454630691008,0.0017656383686222357,0.0009330206269478565,0.0006577796950243392
N5013HD,0.2635139501735844,0.5944616707642746,0.09605658927559252,0.0341804647874937,0.011787324999054872
N5153HD,0.30133325299071,0.6151785302697417,0.06817494530764943,0.011387317414702634,0.003925954017196185
N5157HD,0.8430016707669256,0.14702309130822977,0.0056387347878743745,0.0023268495389968417,0.002009653597973599
N5170HD,0.6925957788343466,0.2845439525495145,0.017274542429586162,0.0035293156644618127,0.0020564105220910655
N5172HD,0.8423251200008806,0.14524144107608392,0.008331721651709527,0.002874742546077346,0.001226974725248527
N5173HD,0.6763065821728506,0.284164596643129,0.03029759467066416,0.006329986848084036,0.0029012396652722742
N5147HD,0.7049734785826564,0.26554895061749223,0.019189530755690323,0.006508637286600675,0.0037794027575604643
N5178HD,0.8232522527793861,0.15891127457016196,0.012693430237859876,0.0037098912786402284,0.0014331511339520757
N5180HD,0.538436085076187,0.418814089836237,0.027772195783710353,0.010812508276180877,0.004165121027684709
N5181HD,0.3975002048946383,0.49492908838708255,0.07515440345859536,0.023343281543797407,0.009073021715886418
N5182HD,0.9067789195096609,0.08841572752403906,0.0027140712112488073,0.0012861847323171062,0.0008050970227341883
N5183HD,0.05429796901299427,0.9250565145426015,0.016971111300000407,0.0028908576354052624,0.0007835475089984867
N5185HD,0.23715819649015699,0.49481950581628037,0.1982582093695537,0.053530820931171744,0.01623326739283707
N5187HD,0.18322296226494034,0.558421835089031,0.16952172544217653,0.06391216895974502,0.024921308244107102
N5188HD,0.1777506574601167,0.5073877057175514,0.16499989216125577,0.13114264132523426,0.018719103335841723
N5190HD,0.017904542662245716,0.11149789770595753,0.3333021583985194,0.5061138343507039,0.031181566882573494
N5192HD,0.44860430478015106,0.5400409945022226,0.009129499877523236,0.0015837502857766095,0.0006414505543264404
N5193HD,0.7465078558291405,0.22229959681504885,0.022253678659760884,0.006397721288537259,0.002541147407512449
N5197HD,0.866141191308561,0.12611496709982975,0.005382605386507178,0.0017926741024987824,0.000568562102603229
N5198HD,0.2088795145323315,0.53702596083312,0.14690293333581997,0.07970826875203035,0.027483322546698028
N5199HD,0.6410576421840152,0.28543033934237844,0.053786555058447316,0.013576308529466145,0.006149154885692856
N5200HD,0.7829040497893041,0.19638469748243328,0.014252235027248542,0.004597017521652851,0.0018620001793613666
N5203HD,0.045268513317914476,0.16394454307865133,0.44297513481314876,0.26903489393900376,0.07877691485128148
N5209HD,0.057345073907094604,0.33453462247321697,0.4291655248481874,0.15298488541585267,0.025969893355648473
N5212HD,0.8271833837806806,0.1589318369854271,0.010098294578275923,0.0026739970556165726,0.0011124875999998824
N5215HD,0.4783063043320852,0.4738538555138604,0.036451472287939,0.008783756740205855,0.002604611125909524
N3574HD,0.8005142501527323,0.1767146266949221,0.010758549326256221,0.006984526324879446,0.005028047501209872
N4760HD,0.07689584048845766,0.45744794143932405,0.3539190670352628,0.08519945859837225,0.026537692438583248
N5225HD,0.7841797201425477,0.20231720069227052,0.010352922045351112,0.002226494779940618,0.0009236623398899815
N5226HD,0.6909845051037689,0.2589967955756217,0.03554289956977172,0.010624116587390155,0.0038516831634475964
N5227HD,0.788258131889997,0.1839850226135589,0.01738412194406659,0.00743840594434998,0.0029343176080274635
N5233HD,0.024452277310599936,0.09526965522611255,0.39284237761996493,0.3152473148690844,0.17218837497423833
N5238HD,0.798833044444758,0.17761352093560173,0.014379988285292628,0.005959401551121745,0.0032140447832257296
N5241HD,0.7932147393266329,0.18707930075581555,0.014669075900191005,0.0037027976763632886,0.0013340863409973987
N5243HD,0.016460687977666515,0.06928869871062976,0.37690846384319143,0.510130358104879,0.027211791363633418
N5246HD,0.7293785738924473,0.24531269562199798,0.016358605975888625,0.005990019326071221,0.0029601051835947555
N5247HD,0.008251394653444972,0.01797702300446409,0.3244189276138466,0.6309149945095892,0.018437660218655047
N5248HD,0.7232136055249834,0.2223519711788105,0.03930633829085845,0.01093718744263135,0.004190897562716427
N5253HD,0.48070685133035734,0.46893991882844277,0.03607077468582248,0.009365113452130959,0.004917341703246384
N5257HD,0.039131086368547015,0.1505408028240007,0.4435612037477899,0.2926670821116771,0.07409982494798531
N5259HD,0.024745569220515233,0.08668896117502224,0.5091487781360289,0.28288834967490295,0.09652834179353066
N5262HD,0.10067090871376523,0.6597178524623147,0.2129338696793969,0.022091766318541393,0.004585602825981694
N5266HD,0.13565198588967806,0.7541585388243839,0.09046752137548317,0.016207570145012555,0.003514383765442233
N5270HD,0.6848480356646919,0.29341312319495166,0.01619163394515076,0.004056707545087591,0.0014904996501179492
N5271HD,0.4196979102642096,0.45561743708532665,0.09997413744618616,0.017309669381884968,0.007400845822392421
N5273HD,0.7796131438311636,0.20506086231898385,0.010302257046121917,0.0030938066507136875,0.0019299301530168048
N5274HD,0.8909943535734385,0.10033750515660297,0.006245014213503934,0.0017340572608703832,0.0006890697955843346
N5211HD,0.21766848627264831,0.5656715353572607,0.15813193538155895,0.045087457662748194,0.013440585325783912
N4843HD,0.5959230727687715,0.365395013733385,0.024204319325853523,0.009434513995991623,0.005043080175998322
N5287HD,0.6276162543450541,0.3322650709975336,0.027637231604216727,0.009954391189527206,0.0025270518636684816
N5286HD,0.13914687529658937,0.2895483384509968,0.3472485426804637,0.15540613888276175,0.0686501046891884
N5292HD,0.041894080056098855,0.13642690680716105,0.39145352022337154,0.3394359939775137,0.09078949893585488
N5294HD,0.8512467654887999,0.14329244794502952,0.003362461846087105,0.0013649434675691101,0.0007333812525145905
N5296HD,0.2942295030470314,0.4520303566059453,0.2035538765640619,0.04113468797711469,0.00905157580584683
N5298HD,0.6825445294096537,0.29690043004860894,0.013711923545922567,0.004833354900435195,0.002009762095379623
N5303HD,0.8243203335836548,0.15729003084747184,0.011433188372270621,0.00487047158752962,0.0020859756090732947
N5305HD,0.13059690340883068,0.5282337256404134,0.21794091103134478,0.0994160681783588,0.023812391741052343
N5306HD,0.8174951254276707,0.17020498557670727,0.008382290611376807,0.00271910670800031,0.0011984916762449232
N5307HD,0.06347050727603837,0.3946913311823591,0.38020441666824034,0.13218893505173734,0.029444809821624836
N5311HD,0.21943621132512744,0.5904059538123456,0.16300023694435098,0.021847602594364246,0.005309995323811815
N5314HD,0.7851361280911281,0.20085361037783567,0.009065773560024996,0.0034796436645837306,0.001464844306427518
N5073HD,0.11869062774985645,0.46235960168757806,0.30157161428574386,0.09723127486223951,0.02014688141458218
N5277HD,0.07390096559549898,0.284804784733914,0.36629729007948364,0.18649739446331542,0.08849956512778791
N4885HD,0.9310955633242686,0.06337533339552044,0.0031641514950869654,0.0015022512225351492,0.000862700562588742
N5318HD,0.0362883689101157,0.31799347913882436,0.5254910338711891,0.0979952361049448,0.022231881974926024
N5321HD,0.7809217633405089,0.1972665215386786,0.015785428624189312,0.004099454533843467,0.0019268319627797335
N5323HD,0.9318198224517243,0.06580173377629557,0.001516640803921552,0.0005789375102376507,0.0002828654578209749
N5324HD,0.7565185998234739,0.2162719947694955,0.01854763596815439,0.006568184834471358,0.0020935846044048446
N5326HD,0.8600297448673234,0.12810940103456955,0.006819646823996329,0.003137525076991181,0.0019036821971195345
N5327HD,0.6386201436609878,0.34180694691930724,0.01312368064883978,0.004039991381801226,0.0024092373890639315
N5329HD,0.09878931756335263,0.6535049148733449,0.1965851349524795,0.040800926536383404,0.01031970607443949
N5331HD,0.7613586216867049,0.21608002664350673,0.01696894602477907,0.004387672090702169,0.0012047335543072747
N5332HD,0.7969423278168515,0.1879262531500156,0.010952967570229974,0.003026585498957407,0.0011518659639454918
N5333HD,0.8403349569119187,0.1533671594061282,0.004370210201843262,0.00135821360478456,0.0005694598753253188
N5334HD,0.022220221498234993,0.950719009467366,0.023704066257706394,0.002585343837152062,0.0007713589395403594
N5338HD,0.03129823906231375,0.16413372641529675,0.4524174046811016,0.26008852362136486,0.09206210621992302
N5339HD,0.06136573329082096,0.5472442705813472,0.2988833128653747,0.05680203100805163,0.03570465225440553
N3820HD,0.044269326427063424,0.13626708596370707,0.3897074838523813,0.27668901772157584,0.15306708603527244
N5342HD,0.8443729375448791,0.14657909266225952,0.006747575094278242,0.0016859867491970603,0.0006144079493861181
N5345HD,0.5766163576783729,0.3854087779189392,0.026546671995840734,0.00875617389116428,0.00267201851568312
N5346HD,0.7893551610030045,0.20075075748978843,0.006267698157114519,0.0026713565678806663,0.0009550267822117926
N5348HD,0.02586411981660063,0.16120607058390388,0.25918244448070465,0.4696515749260239,0.0840957901927669
N5351HD,0.6803723043958185,0.278800725424827,0.02999334014191337,0.008318214500234504,0.002515415537206691
N5354HD,0.006058360853329561,0.01592725031994728,0.2793778799213239,0.6855210242815931,0.013115484623806167
N5355HD,0.5577105866962204,0.41742624348073826,0.016400345389829776,0.0050892714485549695,0.0033735529846566294
N5362HD,0.9197324418661291,0.07703802170506868,0.0020203309995870515,0.0008081706011712597,0.00040103482804389114
N5364HD,0.7336680350194007,0.24184671697935595,0.017292596742236925,0.005024805903615861,0.002167845355390549
N1264HD,0.041061012462314736,0.7840923185858449,0.1514564460524014,0.01938935982249353,0.004000863076945443
N4985HD,0.2690066467285914,0.592546431744705,0.10438100474135029,0.02632407946758964,0.007741837317763444
N5368HD,0.014814185847124333,0.08074278863596251,0.5292268359989081,0.3440033721111599,0.03121281740684508
N5371HD,0.8683067838765459,0.11842152543817941,0.007765423739944321,0.003351477989677549,0.002154788955652551
N5372HD,0.7686910769420054,0.2153428039902793,0.0114040291039619,0.0034412222768491867,0.0011208676869041126
N5373HD,0.5237693783075903,0.461406138404153,0.01075246428017864,0.0024941450349885027,0.0015778739730895857
N5374HD,0.5603285251919016,0.4160133015762092,0.017960469252220477,0.0038103199496123175,0.0018873840300563192
N5377HD,0.6099680579378192,0.3602875473990095,0.022559860824635517,0.005423639065236413,0.0017608947732992825
N5379HD,0.7569447810991814,0.2222091331065396,0.01610009336480824,0.0033698522634681223,0.0013761401660028175
N5381HD,0.13426518077756025,0.44747304836642376,0.21632653561706033,0.15417063643815204,0.04776459880080359
N5383HD,0.21102398750367962,0.3809015687154577,0.2586069344927221,0.12123379083110788,0.028233718457032736
N5385HD,0.8632866970654668,0.13310572800496515,0.002351615443099697,0.0008199150387394571,0.0004360444477288862
N5387HD,0.0587690922665984,0.27502464855936476,0.40847828741226233,0.1910126906375746,0.06671528112419993
N5388HD,0.040250945826756424,0.1832774929522968,0.36305275296653844,0.3698510378843308,0.04356777037007755
N5389HD,0.034513995445565396,0.7780714479811227,0.16732892506308852,0.016094371451591285,0.0039912600586320575
N5391HD,0.4013536481129937,0.5503101905817093,0.036366252688762764,0.008635274380192575,0.00333463423634164
N5393HD,0.49861761530582516,0.47116830189795567,0.02285239787511702,0.005060735599007292,0.0023009493220948756
N5395HD,0.7288580467805849,0.22792495559606646,0.02964204182160984,0.010570136704591289,0.0030048190971474265
N5397HD,0.7554250480786721,0.22084175598402553,0.014515334969781316,0.007343152072372787,0.001874708895148353
N5398HD,0.7674716150238595,0.21009648064563569,0.01599804623110829,0.004573647937011024,0.0018602101623852675
N5386HD,0.12511239979041494,0.7274958197144958,0.13137504959231663,0.012929603766552257,0.003087127136220407
N2483HD,0.852704118456859,0.1312102678383509,0.00974237618350012,0.004411782711049104,0.001931454810241018
N5402HD,0.8419581870192683,0.14545611478774467,0.0075078985611470575,0.003344057863891855,0.001733741767948009
N5404HD,0.6369391145411055,0.30440809950367886,0.040144254845881334,0.014637286273001334,0.0038712448363331133
N5405HD,0.9227266150456025,0.07334035253772538,0.0026613417605891353,0.0007382784858655816,0.0005334121702172497
N5407HD,0.27165963629359285,0.44671704976167703,0.1952365538837294,0.07369013917445837,0.012696620886542321
N5414HD,0.45370646330786485,0.5319005763258653,0.011134554953852526,0.0023348062473971232,0.0009235991650202243
N5415HD,0.8058709936728959,0.18641598746913315,0.004522576022329809,0.002126142572503468,0.001064300263137765
N5416HD,0.11829255886550157,0.8175927489106035,0.052658309482122634,0.008428634066374108,0.0030277486753983356
N5421HD,0.7880426622314074,0.18629336487881692,0.017187399202103184,0.006110137809444269,0.002366435878228188
N5430HD,0.8161834758139757,0.16992054724137692,0.00947577259742707,0.003325501887422619,0.001094702459797816
N5431HD,0.04622117909920936,0.7943857674037552,0.1458015312901385,0.009956110308571301,0.003635411898325832
N5432HD,0.7116080005166947,0.26351149377200095,0.018828474267151264,0.003968927804352461,0.002083103639800599
N5437HD,0.8083143457330128,0.1720508084187349,0.013840828548673651,0.003916977316847469,0.0018770399827311923
N4225HD,0.28063266295489037,0.6218012877629051,0.07915227041184499,0.013905430537988997,0.004508348332370597
N5123HD,0.528934263403849,0.4317475685290978,0.02630571830548608,0.008860302623833463,0.004152147137733694
N9187HC,0.04937205678960827,0.2551626850553401,0.332914617315336,0.29361003552897746,0.06894060531073812
N5439HD,0.18601896312566257,0.577188155221126,0.1697494444949565,0.05538179646743896,0.01166164069081594
N5440HD,0.1312731862043698,0.6635017791104488,0.177221891313641,0.022590459556622106,0.005412683814918172
