ncode,proba_0,proba_1,proba_2,proba_3,proba_4
N4541HD,0.7072814153405356,0.2636987959765145,0.019854932227088062,0.005508420486246593,0.0036564359696151317
N4397HD,0.008744383829817178,0.04686590666472792,0.3125375159058549,0.5899388500904793,0.04191334350912081
N4544HD,0.8849701131651585,0.10815205339557173,0.004213006044807955,0.001735217318435131,0.0009296100760267201
N4545HD,0.07610175089957023,0.22768224170655177,0.40885397499137716,0.2037768319717394,0.08358520043076148
N4546HD,0.15220112278607004,0.7534523131216754,0.08207288839424853,0.00933224634539461,0.0029414293526114806
N4550HD,0.8537428348248532,0.1356478774506823,0.005578055433715769,0.002994724277720962,0.0020365080130276656
N4551HD,0.8224885947245225,0.16831756301401632,0.0060153433071526135,0.0020771264421222636,0.001101372512186221
N4554HD,0.07323586951820048,0.6405406898195094,0.24487408651303652,0.032740712769567686,0.008608641379685813
N4555HD,0.4866787945786867,0.46631067888282257,0.034720952604336906,0.009112956912438417,0.003176617021715377
N4556HD,0.3628199129529221,0.45896687952168547,0.1346193173168736,0.03403115887337215,0.009562731335146771
N4563HD,0.4247007153860656,0.4747804537535091,0.07724174659613821,0.018146367313813454,0.005130716950473504
N4567HD,0.9073386286817919,0.08154832977449401,0.006426671371213561,0.0030296089251229097,0.00165676124737768
N4561HD,0.8082862244197021,0.18047586849983366,0.006981939450637753,0.00284484947585667,0.0014111181539697465
N4571HD,0.3214879350516176,0.5931947950128759,0.06315414893168295,0.015276916299442705,0.006886204704381007
N4574HD,0.9517349938850926,0.043822794439034606,0.002469365203630123,0.0012915279881343862,0.0006813184841081894
N4575HD,0.49854619041253545,0.45310680505692863,0.03652228307852763,0.008331624153050943,0.0034930972989573395
N4579HD,0.2077615461165668,0.6373034043273047,0.11364213485491176,0.03010886816215017,0.01118404653906655
N4581HD,0.18328407579437306,0.6860514005060927,0.11388580420039106,0.012728304847339665,0.004050414651803451
N4584HD,0.15785435700933606,0.7721826660848436,0.05941811300146858,0.007456557875472426,0.0030883060288795067
N4578HD,0.8047886039771626,0.18500030469190476,0.006946731567125524,0.002247510677686343,0.0010168490861208331
N4590HD,0.18677082424748612,0.6936127151612642,0.10031694579038263,0.01635722325076634,0.0029422915501008946
N4593HD,0.024461132386491086,0.19058614505996524,0.43615660239119936,0.3170984662892891,0.031697653873055315
N4151HD,0.14010410679345256,0.46504128045717896,0.2170184239908744,0.13972925424602925,0.03810693451246479
N4594HD,0.8311994808113614,0.15721751699528677,0.007112610772486747,0.002885741039512463,0.0015846503813524402
N4600HD,0.3721871671788399,0.5511244730768416,0.0623499836829917,0.010401673629282855,0.003936702432043987
N4605HD,0.09971662579374162,0.4056986080415069,0.38502548640638445,0.09852001864080591,0.011039261117561027
N4612HD,0.3794336041094589,0.4860662098777808,0.09893509064372286,0.027167118222382027,0.00839797714665536
N1701HC,0.22158087348826297,0.6169600375000651,0.11633317639002642,0.033455620539323494,0.01167029208232208
N3705HD,0.008629650293469552,0.028754203672320067,0.2108848337935826,0.39987250927981044,0.3518588029608174
N4589HD,0.6409479343018197,0.30583665510422864,0.03752577114270552,0.011132454999050263,0.004557184452195765
N4339HD,0.9169539188267796,0.07637469571081439,0.003707091417800929,0.0019037857621509386,0.0010605082824540419
N4615HD,0.02951641387252286,0.11764549615735727,0.30671797034930176,0.4270756100837265,0.11904450953709159
N4618HD,0.8943519934199927,0.0966110199268259,0.004821758243104072,0.0027213679482072954,0.001493860461869881
N4624HD,0.5272321757516198,0.4576385322076394,0.011137368996602552,0.002792407501039778,0.0011995155430985364
N4626HD,0.769518519388929,0.20776367069517107,0.015947356437341992,0.004695110068411917,0.0020753434101460013
N4628HD,0.10463375818776101,0.5597236632971757,0.2574469210068544,0.06396417360689625,0.014231483901312628
N4638HD,0.07355944921693448,0.29883294238202424,0.28429906196340143,0.2735405230371278,0.06976802340051208
N4639HD,0.7520705214003428,0.21559996476091728,0.020715341793359685,0.00717201316997352,0.004442158875406758
N4642HD,0.8883427345758859,0.10445457277520649,0.004368073322666974,0.0018749271345798256,0.0009596921916609786
N4646HD,0.9298733825289257,0.06474503194852604,0.002894792708735997,0.001625864362852149,0.0008609284509602506
N4631HD,0.8235256326046653,0.16319967263548318,0.009575878039630678,0.0024514931980804565,0.0012473235221406123
N4656HD,0.02776951857829568,0.13002567422267794,0.36867705321571514,0.3910049028093773,0.082522851173934
N4658HD,0.7807174212639184,0.19931073865721108,0.013204559132360887,0.004641160135766515,0.0021261208107432026
N4661HD,0.8466661659489567,0.14147884598438995,0.007101187453171922,0.00318467318599067,0.0015691274274909394
N4665HD,0.8285204964187161,0.15802878217745794,0.008971319580411315,0.0029529275839706485,0.0015264742394439088
N4667HD,0.8243346767341201,0.16494773446903851,0.006250062167816376,0.0028051760070244226,0.0016623506220006226
N4669HD,0.681784814809982,0.30041049995862457,0.012513337595015814,0.0037001052086278264,0.001591242427749731
N4673HD,0.17776602920644824,0.6766232928686042,0.11492275794042346,0.02325828887939377,0.0074296311051304
N0760HD,0.07603003035628687,0.6296411708301258,0.24545663357340072,0.038280696867742506,0.010591468372444016
N4672HD,0.6856121546090168,0.2659720822635982,0.032111614437334325,0.012104976814201349,0.004199171875849331
N2593HD,0.8743479611039592,0.11376159301247595,0.006649797369518701,0.0032854645814097347,0.0019551839326363797
N4677HD,0.1310507082744231,0.6916499177691983,0.15357360999572664,0.019429904136083594,0.00429585982456829
N4680HD,0.18812641591571538,0.6311572609495641,0.14985659893919528,0.02407626735772746,0.006783456837797864
N4688HD,0.01610130861808313,0.0651196314367318,0.3924143690413753,0.4725187132401175,0.053845977663692236
N4689HD,0.8508426147439183,0.13901202952112188,0.0063084627436994145,0.0025421146808196795,0.0012947783104406052
N4691HD,0.19678218492454924,0.4168249020649519,0.24132372454065493,0.1061679409088409,0.038901247561003195
N4692HD,0.5430293611922026,0.404562872757344,0.03455602616761481,0.011720623776264524,0.006131116106574113
N4694HD,0.03375215942814934,0.20794475765612244,0.5552390307413065,0.17437105075337678,0.028693001421044872
N4695HD,0.0753112526025327,0.6497556472004624,0.24203928147251058,0.02617757064596146,0.0067162480785330075
N4699HD,0.44270944880278773,0.48454735903631424,0.05405694296735173,0.013572117784545912,0.005114131409000515
N4703HD,0.43074234141369216,0.3671014677353883,0.10712602287125196,0.07020782947191936,0.024822338507748475
N4704HD,0.005474021637987571,0.019310826310127885,0.3048035737346472,0.6484649966493404,0.021946581667896956
N4708HD,0.9209539769660819,0.07299668510038022,0.003446946841567106,0.001745943202106316,0.0008564478898645938
N4714HD,0.5288134712594725,0.4205803599790744,0.03269244352826907,0.011844268353961114,0.006069456879222845
N4721HD,0.07242356887742402,0.47149044236701804,0.33943350189730265,0.0957548232314271,0.020897663626828256
N4722HD,0.854030204502894,0.13853250777678072,0.004587518629532737,0.0018554191857345181,0.0009943499050580086
N4724HD,0.14337960737635172,0.6972452018223637,0.13546251533102432,0.0187617046060451,0.005150970864215068
N4726HD,0.04443227023735634,0.7818302411179965,0.15695173185979697,0.012979823558387041,0.003805933226463101
N4735HD,0.7547146727711682,0.23351802345532463,0.007727469552089126,0.0026506668455857463,0.0013891673758323105
N4063HD,0.5481673225765069,0.3651231060199349,0.05618458760137648,0.020212869263670993,0.01031211453851083
N4712HD,0.8415959022798941,0.1469363344998614,0.007309982758861598,0.0027281663697529728,0.001429614091629902
N4738HD,0.22199221163811214,0.654855802758766,0.09216512670602849,0.02270711857309341,0.008279740323999944
N4740HD,0.06505437996535293,0.30749365295091025,0.3393471752880892,0.23485674057448194,0.053248051221165625
N4742HD,0.031462934519044014,0.14484574684678558,0.5041677425295983,0.25269543340003225,0.06682814270453981
N4745HD,0.8171029245843148,0.16867846319916996,0.009649921006954148,0.0033204992969215275,0.0012481919126395272
N4747HD,0.7848482096022112,0.1835412771982798,0.019765988168303016,0.008095151640894983,0.0037493733903108443
N4750HD,0.7547675641300435,0.2152765015694757,0.018053587849859176,0.008678941143202602,0.003223405307419036
N4752HD,0.007140577018484172,0.04945095237683539,0.360434694436326,0.5415566462529535,0.04141712991540095
N4754HD,0.555228386761442,0.4217701997452435,0.0178594700664591,0.003713833539837282,0.0014281098870180756
N4755HD,0.24977808894028394,0.5966266912108525,0.12200601503658964,0.0233623153106775,0.008226889501596378
N4756HD,0.44554307213060174,0.5060535300565663,0.035538084071660536,0.009337025992456041,0.0035282877487154683
N4757HD,0.8652655837359646,0.12185595928124722,0.009272029677882033,0.0026028237464218867,0.0010036035584842168
N4759HD,0.23409769530236021,0.6781579104469969,0.06708501896312709,0.015236189261912442,0.005423186025603301
N4762HD,0.2633059615252495,0.6137369536339358,0.10313120704054246,0.01549899468159745,0.00432688311867484
N4763HD,0.5009571818225595,0.45013922155884245,0.03191504818969221,0.011118112295299302,0.005870436133606433
N4767HD,0.8026066591122556,0.17592147125680413,0.014598333067479208,0.005190562801150039,0.0016829737623109977
N4769HD,0.054717831325156834,0.3650592413655348,0.4485567597081362,0.11684818702535683,0.014817980575815506
N4770HD,0.8009677908271746,0.1825117980270787,0.01089159181312423,0.0040307736828441645,0.0015980456497782397
N4676HD,0.2773687663030882,0.5072566642982176,0.14758770722685186,0.05413294614067688,0.0136539160311654
N4614HD,0.5090893012167343,0.4027430968245816,0.0663987786280829,0.016434080117353016,0.005334743213248223
N4774HD,0.31624608031636287,0.5919885292102726,0.0697192824549202,0.01567901631182891,0.0063670917066155405
N4778HD,0.04280095927396483,0.231897118989346,0.3943902318218243,0.293049755529734,0.037861934385130844
N4780HD,0.009688447526434954,0.03955175457437387,0.20928962737576032,0.4342984299859335,0.3071717405374974
N4783HD,0.5771846667706593,0.39007688598638124,0.02371722729889617,0.006242889503705623,0.0027783304403577853
N4789HD,0.7913948276125874,0.18234491385164492,0.016888827018468854,0.006234743596996125,0.0031366879203026123
N4792HD,0.4947681253436076,0.4870921023810077,0.013929287482446363,0.0028519061117779436,0.0013585786811603235
N4793HD,0.03920569357128959,0.5204826668629521,0.348390253288156,0.0731889346542507,0.01873245162335163
N4794HD,0.01161043970394368,0.07473244235546105,0.3510994881451011,0.5262349101949507,0.03632271960054341
N4799HD,0.7314960915911495,0.24857654645732916,0.013217328514018864,0.004555329892691946,0.0021547035448105955
N4800HD,0.9123779786880288,0.07999204394479394,0.004276944658869829,0.0019677694497313237,0.001385263258575977
N4808HD,0.10367200010053121,0.8083796193080656,0.07638714249194041,0.009045411913449047,0.0025158261860139704
N4809HD,0.540732827987915,0.40837216335898124,0.034134917866819436,0.011443783732778144,0.005316307053506201
N4634HD,0.6658065155318399,0.2912064547176744,0.028447844956718052,0.010888704470261377,0.0036504803235063556
N4784HD,0.8864511838802744,0.10322971409105382,0.006438182804399612,0.0024414710114905214,0.001439448212781597
N4815HD,0.8881865452633655,0.10534398265600924,0.003786769136256507,0.0017509322925800166,0.0009317706517884773
N4816HD,0.7693900595531883,0.20946203544980616,0.015059554877340947,0.004328783971075333,0.0017595661485891056
N4817HD,0.33938514601821174,0.5948320099719361,0.05125106595700852,0.010141207946553748,0.004390570106290033
N4818HD,0.8826164283926918,0.10635957964518415,0.006483410017801529,0.0028157995910401126,0.0017247823532824868
N4821HD,0.027591942084034437,0.9251149095122995,0.03919641421262327,0.006405600616243404,0.0016911335747995116
N4830HD,0.8573999652230069,0.12972249963398053,0.008331621697787573,0.0032074007189679143,0.0013385127262570855
N4748HD,0.8554206472174128,0.13506248881271224,0.005721686959827938,0.002447398016675147,0.001347778993371814
N4684HD,0.8307072880207571,0.15769155353186368,0.007201051723435834,0.002617436601624347,0.0017826701223189613
N0389HD,0.02547083274589629,0.8738799737722108,0.08905616152072285,0.008870954160382477,0.002722077800787591
N4796HD,0.29801700645825646,0.5340703882122236,0.12470191748429137,0.03540922313304682,0.007801464712181795
N4834HD,0.00792806203731405,0.02970345382438149,0.42243238269754063,0.5181578147401209,0.021778286700642947
N4835HD,0.07662877358761669,0.881840136474729,0.03590091849274441,0.004230897509449728,0.0013992739354600475
N4837HD,0.5487237398804555,0.4318424421657487,0.015032667818410238,0.00287656920360637,0.0015245809317792807
N4838HD,0.08121741791138715,0.8524924531920263,0.05571500158227852,0.007733624363959457,0.0028415029503484563
N4839HD,0.0433671146690381,0.6946872484364469,0.2102726549159619,0.04149143171560662,0.010181550262946672
N4842HD,0.7508727449385358,0.22351133560240272,0.016711290173589105,0.006431564063827982,0.002473065221644274
N4844HD,0.9146960668751752,0.07942570564872874,0.0034970668585193342,0.0015544209652285368,0.0008267396523479696
N4846HD,0.16137414315302478,0.5467550285118346,0.21587707089346256,0.056227500127871324,0.01976625731380675
N4847HD,0.7785639590298515,0.20754097496519053,0.009666461643963353,0.002947853493820063,0.0012807508671745125
N4849HD,0.3617400238512549,0.5551108685014455,0.06234281590452212,0.01522669774978616,0.005579593992991219
N4852HD,0.04285732705381743,0.7368591946550535,0.199488870014348,0.01655106320624463,0.004243545070536323
N4853HD,0.6888605914933903,0.28491024022571126,0.018419890498546858,0.005631137034483587,0.0021781407478681037
N4856HD,0.8786053789278778,0.11414063585299956,0.004298161103493163,0.001953474030470011,0.0010023500851592962
N4858HD,0.8701835866251544,0.11558301829822011,0.00826772084892542,0.0038461082026309316,0.0021195660250691592
N4860HD,0.17801228937253588,0.7304548369866906,0.0728333823804735,0.013223083557326149,0.005476407702973865
N4861HD,0.8682367561859887,0.12496588564566874,0.004269930549127352,0.001608853706222021,0.0009185739129930421
N4863HD,0.5522158248155942,0.42984184688058114,0.011420137228877924,0.004225988723025206,0.0022962023519215707
N4864HD,0.7077981377277764,0.27830273138079364,0.008964628123878805,0.003203658463396744,0.0017308443041544684
N4866HD,0.8197315671271191,0.16461579596300335,0.00962799936891425,0.003945823246550431,0.0020788142944128114
N4012HD,0.6197803266888415,0.3527545897673758,0.018692303582409815,0.006039154908952355,0.002733625052420614
N4825HD,0.3137296698619594,0.5606675275848934,0.09104798397318313,0.02444802521704258,0.010106793362921319
N4875HD,0.05052522327425461,0.34971033214003205,0.4550907630764207,0.12347183192751979,0.021201849581772927
N4878HD,0.03690415217188552,0.18979223873889015,0.4002507622085065,0.26955396244460894,0.10349888443610902
N4883HD,0.041471590233236245,0.5456183134596169,0.37167286689837514,0.03473389995023476,0.00650332945853704
N4884HD,0.6144582802521404,0.33884911289647357,0.03440086576562574,0.009286739821219425,0.0030050012645408456
N4887HD,0.1986906995615936,0.6992543952323881,0.0860027952271278,0.012308892315036414,0.0037432176638541714
N4891HD,0.6728856046616196,0.29372531016878645,0.024861817175839906,0.006150311755091575,0.002376956238662575
N4892HD,0.13608418076510356,0.7337183841472773,0.10686111039136284,0.018226738513793393,0.00510958618246274
N4895HD,0.8371714600621891,0.14835454003400922,0.009299282904166479,0.0035414662436760737,0.0016332507559590583
N4899HD,0.7673742472189965,0.21725485489084345,0.009636549374445141,0.003762424907552611,0.0019719236081623087
N4898HD,0.5149808439750596,0.43588175214169905,0.03794825990980667,0.008004480260269425,0.003184663713165289
N4902HD,0.6431896232450953,0.30975220596295844,0.029793910712028745,0.012143431358948083,0.005120828720969269
N4904HD,0.1260561792234161,0.6151599567558391,0.21174863222961443,0.03643546471827783,0.010599767072852373
N4906HD,0.7140742206773333,0.2672301866229671,0.012534410745053485,0.0042663952375811024,0.001894786717064982
N4909HD,0.7958260909116781,0.18919958513900076,0.009238017925647584,0.00350345409828973,0.002232851925383707
N4912HD,0.6983742108219884,0.27761161741516577,0.017189171874777122,0.0051792094158771935,0.001645790472191474
N4913HD,0.6199951013457249,0.354971865755911,0.018914296455737816,0.004404064282927404,0.001714672159698798
N4914HD,0.14651089475774637,0.7102075711062833,0.12099556969696638,0.018152713583370495,0.004133250855633467
N4908HD,0.922023839817096,0.07311368514081043,0.003018328811990723,0.0011804728427521794,0.0006636733873507308
N4937HD,0.8586121682155458,0.13254299100783665,0.005526948591406437,0.002112959328217571,0.0012049328569937027
N4938HD,0.9049229934000806,0.08863433230455398,0.003863480745772739,0.0016587198473325365,0.0009204737022602182
N4949HD,0.8796650893742368,0.11093077478574541,0.005467124529503202,0.0025301195462043053,0.0014068917643101993
N4952HD,0.7791650559344308,0.19795754443744373,0.015654138499479813,0.004896745612496443,0.0023265155161490956
N4954HD,0.34072400853496443,0.5813251387690468,0.06282313337327479,0.011593211406554829,0.003534507916159101
N7917HB,0.8602922007080155,0.13228657792020393,0.004594447561679331,0.001836890215434075,0.0009898835946670639
N4951HD,0.7469304542528765,0.2370425720195565,0.010710833734017967,0.0034030891512145394,0.0019130508423343914
N0385HC,0.1101948528618564,0.5959316041617845,0.23174400814651133,0.048479008082679416,0.013650526747168308
N3920HD,0.2825766194215192,0.6209231049151644,0.07700934579232092,0.015560683587725442,0.003930246283269998
N9498GW,0.7443069681474147,0.23738217129740882,0.013135832412628052,0.0033641972700562185,0.0018108308724922371
N4961HD,0.9145641468172087,0.08042975325479244,0.0031998014098626906,0.0012189216272998134,0.0005873768908363755
N4965HD,0.3069725461693266,0.5304207632588048,0.13508766260180385,0.022055092311314237,0.00546393565875046
N4967HD,0.6424440105598901,0.3009630547924542,0.03669389070225304,0.013805895778913817,0.006093148166488813
N4968HD,0.4064327232439235,0.45547798903007675,0.08681006730677485,0.03717561782707204,0.014103602592152719
N4973HD,0.8012279964973665,0.18132455137932812,0.011967029255250426,0.0040012901162088145,0.0014791327518459908
N4976HD,0.02265547602346697,0.2500669009395928,0.5969954374255672,0.11295189691832239,0.01733028869305079
N4977HD,0.1987955025166944,0.7166015736816177,0.07013822722909634,0.011357410268113696,0.003107286304477624
N4978HD,0.6756953308113717,0.2860051237699529,0.02416229115950723,0.01035820385846435,0.003779050400704022
N4982HD,0.37705136990603144,0.5374610384704236,0.05608361567725555,0.022377815891345673,0.007026160054943786
N4983HD,0.1477235287162604,0.5026400959358803,0.23901144446030909,0.09619528304758439,0.014429647839965733
N4984HD,0.8641780542411617,0.12881279116067484,0.004353967679696544,0.0018419545055379193,0.0008132324129291234
N4992HD,0.027897936026196852,0.1713065997429502,0.32514954601321405,0.4058565228447148,0.06978939537292407
N5000HD,0.6195397332785665,0.32105632037079584,0.04002022471485185,0.014044224619671445,0.005339497016114423
N5006HD,0.5293310786292421,0.43354546744315414,0.027729340831735897,0.0071203125981910715,0.0022738004976766645
N5007HD,0.692688082320661,0.27186668413851367,0.024010924788020558,0.00741152320937032,0.00402278554343443
N5008HD,0.1687498466591652,0.666551485491237,0.1315824849913943,0.02805578922510963,0.005060393633093908
N5011HD,0.2985560341034078,0.6471885998790413,0.04246081389661825,0.007882891810348866,0.003911660310583871
N5020HD,0.5836305155179327,0.38412459956160244,0.022187299729706633,0.006759788362486352,0.003297796828271908
N5024HD,0.8365268051782432,0.1480108621999441,0.011102626755356178,0.00303165646966981,0.0013280493967868317
N4826HD,0.9028976459577578,0.08798298675553827,0.005109418120127693,0.002545441676485253,0.001464507490090931
N5032HD,0.8296909721735457,0.15510399820627416,0.010461496200703716,0.003294980265591168,0.0014485531538853806
N5041HD,0.8592217846200302,0.13092616519995803,0.0058769277710229275,0.0025763997587858207,0.0013987226502028688
N5043HD,0.9306396365166305,0.061783437685098086,0.00441756897542824,0.0019855768987216203,0.0011737799241213303
N5044HD,0.3816864580987737,0.5376899329945555,0.057194777772837456,0.01560213333388026,0.007826697799952962
N5045HD,0.7621186760695295,0.21588918280534594,0.01426034089378243,0.005498618002943233,0.0022331822283986865
N5004HD,0.8774112809323532,0.10962199505827196,0.00745783731916738,0.0034781691193425356,0.002030717570865047
N5055HD,0.5794712605940243,0.352943235626727,0.04966409814139628,0.013987847532585992,0.003933558105266282
N5056HD,0.12853163016408023,0.36037918907238986,0.3306294437712628,0.12956448427748832,0.05089525271477883
N5057HD,0.6713007278261682,0.30793828498222575,0.015307248985922499,0.0036929105298135483,0.001760827675869897
N5059HD,0.5168788366296965,0.4022979071503215,0.05882928134373956,0.01471143865711073,0.007282536219131693
N5061HD,0.5548596722706487,0.3900392114080929,0.04083096966825193,0.01048060449505471,0.003789542157951618
N5018HD,0.8845300413695323,0.10655419717262189,0.0053799070413632745,0.0021416569934962645,0.0013941974229863172
N4896HD,0.6926891859065799,0.27292250576957394,0.02633698434988428,0.005614780605641672,0.0024365433683202578
N5064HD,0.7247123231742653,0.24313343681654495,0.021160506485291077,0.00810545728602586,0.0028882762378729027
N5065HD,0.5581663367502611,0.40332510981605524,0.027720856499063928,0.007819199079448428,0.0029684978551712685
N5067HD,0.24946172671430009,0.6038952737096729,0.1095739501948937,0.027798374528309255,0.00927067485282396
N5070HD,0.045788074797699786,0.48944435737816355,0.3974583908334317,0.05467566219770289,0.012633514793001956
N5071HD,0.16357112093994133,0.6997776806461766,0.11475194728528114,0.016979438864149245,0.0049198122644514945
N5072HD,0.131471443936205,0.7441764697115162,0.10193694817033241,0.017029680548573078,0.00538545763337326
N5074HD,0.760965486475498,0.21578707934521446,0.0158738457891468,0.004760837539869808,0.0026127508502708785
N5075HD,0.9345621388875104,0.06023432516931642,0.0028626745642257845,0.0015072501764306606,0.0008336112025167313
N4923HD,0.7914657403268149,0.1747627937285106,0.021269832950188416,0.008474536524093242,0.004027096470392838
N5076HD,0.7662451380126581,0.21669162262263705,0.012230652122859276,0.0033169178473954368,0.0015156693944499888
N5079HD,0.032114325765617666,0.29517194601971813,0.42287667169911825,0.2253253684570807,0.024511688058465184
N5080HD,0.6409811632500079,0.33099219232539057,0.018009339104637014,0.006583111218233259,0.0034341941017313493
N5082HD,0.7588016799856577,0.2042830839589525,0.023502506506462875,0.009166943243705488,0.004245786305221244
N5083HD,0.6740035582894353,0.28834920182963863,0.025360944530258826,0.009359147710763708,0.0029271476399035357
N5085HD,0.10251849918020002,0.6414005996255415,0.21902059016998882,0.0268241111645499,0.010236199859719726
N5051HD,0.24775870977011666,0.6872751320658467,0.056272192597164025,0.006360180855311227,0.0023337847115615195
N5039HD,0.05394328089958994,0.2780976967178491,0.4233494150820552,0.20151802153981233,0.04309158576069357
N5088HD,0.8962807727336498,0.09709297847948761,0.0037971311778106417,0.0017211115175157475,0.0011080060915361185
N5091HD,0.053184201457317726,0.9255685730940263,0.018013526284095006,0.0023600119241402296,0.0008736872404206345
N5093HD,0.018168193258568725,0.06997978211896229,0.23563661266372501,0.5410800644959572,0.13513534746278671
N5100HD,0.01830644007028761,0.1365368583827424,0.33750751786247124,0.47542077877386735,0.03222840491063139
N5103HD,0.06205423979557781,0.3673529028646493,0.36822612811307853,0.1551392520134156,0.04722747721327889
N5104HD,0.943071209168799,0.05232618411579299,0.0026788684614624026,0.001248122259694889,0.0006756159942507511
N5105HD,0.7626924150496717,0.210002727996471,0.01583928991002565,0.006983932141104681,0.004481634902726935
N5106HD,0.7255129413019699,0.2469051795175949,0.018405696253996923,0.006626903033526097,0.0025492798929122908
N5109HD,0.43711411588309146,0.5306020837048327,0.025920481837393032,0.004530907081325697,0.0018324114933571712
N5112HD,0.5133610233359678,0.41991742293834505,0.047815482920335405,0.013505972874527988,0.005400097930823618
N5115HD,0.8315368084782319,0.15549302334814033,0.00844527548472959,0.0030963311254466218,0.0014285615634515231
N5120HD,0.012245772641993169,0.07149987400193018,0.2698057034591977,0.5725460865768626,0.07390256332001643
N5121HD,0.7721912103947285,0.20319351408724415,0.013364908641491867,0.007190001895637028,0.0040603649808985355
N5122HD,0.5450964036953584,0.3666780165962864,0.06298724656486401,0.01972074365935707,0.005517589484134196
N8305HB,0.8488363589724687,0.1416137601657443,0.006022446304906894,0.0023405256089263746,0.0011869089479538007
N5126HD,0.07012874962083339,0.27680488826556987,0.33891699252625823,0.2667060978619831,0.04744327172535547
N5128HD,0.903125605296117,0.08967532881661862,0.004310848292108633,0.0017720721889546145,0.0011161454062012374
N5133HD,0.01702154362476161,0.13339454964117986,0.4591213450631012,0.3520121275561905,0.038450434114766716
N5135HD,0.7789996154561893,0.19967753304307292,0.015151177427159436,0.004313214523101205,0.0018584595504771548
N5143HD,0.8264356344124134,0.16298514637944408,0.007663920673379095,0.0019690841278131505,0.0009462144069503638
N5144HD,0.4578901841302572,0.4591580870427042,0.06417468195107283,0.014187919756062924,0.004589127119902591
N5149HD,0.21638697689002181,0.5737007761068795,0.15374717127793908,0.04422314845698159,0.011941927268177933
N5152HD,0.32163615856225447,0.6005940204481737,0.0658829107143252,0.008644313818910851,0.003242596456335844
N4394HD,0.15300598211576977,0.39949811164022125,0.31602432558548743,0.1072340049276248,0.024237575730896826
N5029HD,0.1965937505087562,0.5734389441401575,0.17387058145767126,0.04101579644799989,0.01508092744541516
N4368HD,0.9190664512925912,0.07480290069223136,0.0034386975372976613,0.0017123893457090024,0.0009795611321707452
N5013HD,0.29766886042077617,0.5483563157668873,0.10587660659274063,0.03483360744393132,0.01326460977566461
N5153HD,0.2666045350880128,0.6076873503417345,0.10282059721029248,0.017756426664772486,0.005131090695187766
N5157HD,0.8605329435245842,0.13022527348745258,0.005136807009718073,0.0025030576847365634,0.0016019182935084466
N5170HD,0.5994304362722275,0.3571809394056388,0.0326994708685217,0.007579462504464587,0.0031096909491474555
N5172HD,0.851702548131171,0.1312676471487537,0.011129132072294672,0.004138812416906077,0.0017618602308744067
N5173HD,0.7247667919686145,0.2366487974299553,0.028272802506894647,0.006707550538378965,0.0036040575561565548
N5147HD,0.6213164587573421,0.3485847530056237,0.018837392433071084,0.007202180961447592,0.004059214842515706
N5178HD,0.707918440229753,0.25513202510924443,0.026983859051518348,0.007152837161651617,0.0028128384478325204
N5180HD,0.5095644777269752,0.43108471985969793,0.04378155507924184,0.011380852502135313,0.004188394831949828
N5181HD,0.36898922367951736,0.5024297274597276,0.09800626945207186,0.023109287982756337,0.007465491425926737
N5182HD,0.9004726401695986,0.09238991701427766,0.004362201652656211,0.0016556493796643452,0.0011195917838033433
N5183HD,0.11957682984002672,0.834565293177424,0.03841746614513026,0.005467526593906997,0.0019728842435120684
N5185HD,0.24296670939986326,0.5112490831043615,0.16724512341168235,0.06270014906432766,0.015838935019765205
N5187HD,0.1862366977834035,0.477463089466521,0.23588289775428797,0.06908778528798437,0.03132952970780307
N5188HD,0.21899589840610684,0.5231571623056669,0.1440868965375774,0.09491497978389553,0.01884506296675331
N5190HD,0.014518092482044309,0.10326620058087192,0.39100827291757584,0.44958232335482157,0.04162511066468642
N5192HD,0.5557485819251464,0.42871620628972096,0.011810201368540238,0.002576007633517289,0.0011490027830750927
N5193HD,0.7075966281411337,0.25833259547449783,0.02508810425474733,0.006668391706096871,0.002314280423524289
N5197HD,0.8648971886037199,0.12444522278015673,0.007291445178929446,0.0022754635809426344,0.0010906798562514176
N5198HD,0.1984132329118638,0.4890186182292017,0.19862503553730834,0.08122779108421027,0.032715322237415904
N5199HD,0.6137958275480776,0.3136064325173294,0.05023890757268061,0.01682198302632056,0.005536849335591812
N5200HD,0.7476864213807703,0.23003835537364078,0.014083303094637241,0.0051703542301104995,0.003021565920841174
N5203HD,0.03882252572998264,0.17252146867052334,0.3159858193369686,0.3779742874670961,0.0946958987954292
N5209HD,0.03575017760508582,0.24580224717984092,0.4380963324951447,0.2557733532087918,0.02457788951113691
N5212HD,0.7928058717894748,0.19450584812524793,0.008408698480010204,0.0029213679577778763,0.0013582136474893298
N5215HD,0.5098556717984905,0.4398772255181522,0.03622566932681922,0.010342138369362788,0.003699294987175337
N3574HD,0.8324543499807507,0.14302916645168984,0.013395372387509987,0.00706071696908207,0.004060394210967322
N4760HD,0.07710505268824577,0.4466411572788405,0.34256343815808427,0.09744538251810887,0.03624496935672056
N5225HD,0.8146593896837259,0.17359742208786247,0.008351805121043979,0.0023608535111612596,0.0010305295962062628
N5226HD,0.5617002363394532,0.3756000677688813,0.044065633159522555,0.014350211830041504,0.004283850902101489
N5227HD,0.7203404634044717,0.24792581897245575,0.02060269963845739,0.007532821978835027,0.0035981960057802987
N5233HD,0.020282363910315137,0.08248145228130563,0.31011649807942315,0.3883489575423326,0.19877072818662336
N5238HD,0.7969095066386171,0.1759197113035714,0.01730436807965575,0.0064645449279163115,0.0034018690502394433
N5241HD,0.7693363113214581,0.20765094163049783,0.015727078293317133,0.0048352556937447284,0.0024504130609823175
N5243HD,0.012171278926967323,0.07963232840740679,0.3968970347702212,0.4806949347070593,0.030604423188345352
N5246HD,0.7673514553403818,0.20334937289575486,0.0194027528918026,0.006410252312311616,0.00348616655974922
N5247HD,0.0072205130387306546,0.02393301017181386,0.3024373242164734,0.6432616027515904,0.02314754982139168
N5248HD,0.6190266801849341,0.319343652712564,0.04463450442784239,0.01267578809546874,0.004319374579190749
N5253HD,0.4888465382971417,0.45503075956859046,0.03729183626046245,0.013174971969511035,0.0056558939042941955
N5257HD,0.042782969657921006,0.19370751101213127,0.31429387174196427,0.3309548423225762,0.11826080526540718
N5259HD,0.032438143383524916,0.10787063040236596,0.4134373467239539,0.3010873975815083,0.14516648190864684
N5262HD,0.07465644409834289,0.6921808854163591,0.20839322291979348,0.020627697439795607,0.004141750125708849
N5266HD,0.1675082100905053,0.6878996484373597,0.11898043413957302,0.021047900127168943,0.004563807205392998
N5270HD,0.6141812875353572,0.35639062595075444,0.021553999048094238,0.005561379428372602,0.0023127080374215248
N5271HD,0.5712436371514682,0.35044709238728355,0.059016086418157074,0.014007105983859994,0.005286078059231203
N5273HD,0.7987528509924009,0.18283400689888554,0.011536186980549708,0.0041937732997302975,0.0026831818284336183
N5274HD,0.8682625122394104,0.12050280731223063,0.007627550897868556,0.002626564404332194,0.0009805651461582778
N5211HD,0.2857315474175394,0.5261599734525939,0.12668940147534033,0.052295715737271965,0.009123361917254418
N4843HD,0.5609188991878116,0.36419000372844906,0.04810924245620681,0.017633837150263575,0.009148017477269028
N5287HD,0.648201302765577,0.31381538682392446,0.026688623883187268,0.008544530291972368,0.002750156235338861
N5286HD,0.1132636714435668,0.282618363532831,0.44010389143263334,0.12475522789224097,0.03925884569872793
N5292HD,0.04089713014908049,0.18696650615502758,0.32509269636203053,0.3372934389966595,0.1097502283372019
N5294HD,0.8502959141516022,0.1402176107734637,0.005829358970995667,0.002401906398037945,0.0012552097059001467
N5296HD,0.35948156003244125,0.45230289865380524,0.13001784581249728,0.04492409780371014,0.013273597697546062
N5298HD,0.7136203400332294,0.2578856048285824,0.0188491337606059,0.00652770098337603,0.003117220394206253
N5303HD,0.7999598499078233,0.1825880194119819,0.010624017827290087,0.004632672698948716,0.002195440153956076
N5305HD,0.16769315468153598,0.4590942665812803,0.24495506999913164,0.10805018106784246,0.02020732767020975
N5306HD,0.8133923945839577,0.16754508945223734,0.013703778916584525,0.0035782780870842732,0.001780458960136231
N5307HD,0.05824397212170766,0.4175036678882205,0.39121078592515607,0.10798955327440184,0.025052020790513885
N5311HD,0.3554260858006102,0.5105331348587909,0.10890986940707295,0.019961019920161693,0.005169890013364289
N5314HD,0.8389774874834718,0.14402227221615224,0.009809953359091446,0.004502379143308549,0.0026879077979757547
N5073HD,0.09817729534406526,0.44080006198939653,0.3036051540105087,0.1297759754992074,0.027641513156822256
N5277HD,0.06292770913779414,0.2239006854242385,0.438504992313583,0.18809588737116847,0.08657072575321596
N4885HD,0.9233715817947731,0.06810113919766332,0.004903598026233762,0.0022621394138944532,0.0013615415674354736
N5318HD,0.03656921124127907,0.3503640829029063,0.4689170048551295,0.11762373866188428,0.026525962338800668
N5321HD,0.7261542863968613,0.24775115689661897,0.01733807450561797,0.0064051998011405795,0.002351282399761257
N5323HD,0.9223872862141462,0.07345562450012422,0.002502969961518517,0.0010728139677031792,0.0005813053565078512
N5324HD,0.6650509078094979,0.2946335797081381,0.02844859087847833,0.008179734021386564,0.003687187582499044
N5326HD,0.82926090536078,0.15118914085928375,0.011553714950489345,0.005551685983462512,0.0024445528459844513
N5327HD,0.6689463378942442,0.30751970073260937,0.014854815532198487,0.005552465238554303,0.00312668060239355
N5329HD,0.08443212214068468,0.5875487235011286,0.2774298794569197,0.04129231669991177,0.009296958201355142
N5331HD,0.7930495243977714,0.18507949465391596,0.01566952453848759,0.004436011530531498,0.00176544487929371
N5332HD,0.7451130530349166,0.22849342083951898,0.018175174300984833,0.005902350444955156,0.002316001379624396
N5333HD,0.8336438808222328,0.1560293100256857,0.006680969185239057,0.002421927161919566,0.0012239128049227792
N5334HD,0.02743830614681864,0.9418812869276488,0.025899643565202142,0.0036830993977714265,0.0010976639625588432
N5338HD,0.03375583985637837,0.16346809205159224,0.3841667233176146,0.29879983565434726,0.1198095091200674
N5339HD,0.07663453241139963,0.5565107303954074,0.27493143024152955,0.07558807124048778,0.0163352357111755
N3820HD,0.02909179430221295,0.10890206712159804,0.36953198358809225,0.2893036702280962,0.2031704847600006
N5342HD,0.5980839763224746,0.3629797425110085,0.03096581901013885,0.006054665586214046,0.0019157965701639594
N5345HD,0.6680326470952735,0.2899798719269243,0.029803891042829975,0.00924175227415184,0.002941837660820332
N5346HD,0.7857914310629271,0.20259934755055364,0.007680471452548221,0.0025804181557534988,0.0013483317782173338
N5348HD,0.0357763546287779,0.19675160520974921,0.28561727254385216,0.3876330413978241,0.09422172621979656
N5351HD,0.6868861363601344,0.26578532394152365,0.03409229734801782,0.010396823051839197,0.0028394192984848837
N5354HD,0.008652710971018628,0.031153965202197938,0.3044961424264982,0.6362941618429454,0.019403019557339914
N5355HD,0.5978140437463053,0.3761718187109453,0.01708649695624842,0.0059347096908618545,0.002992930895639239
N5362HD,0.8922280690756089,0.10101228768863811,0.004042468367903297,0.001764339401444515,0.0009528354664050985
N5364HD,0.7426985178206899,0.23330309629287413,0.016993209506890226,0.005147749681322695,0.0018574266982230984
N1264HD,0.03312444747548206,0.8025218068917644,0.1448149388668495,0.0159790705773961,0.0035597361885077914
N4985HD,0.28317755019925156,0.5891608190705283,0.09096557063283162,0.02594533935290504,0.010750720744483494
N5368HD,0.013672204086271945,0.09201408716893761,0.44359933308439564,0.41111138280072845,0.039602992859666404
N5371HD,0.8236849340403046,0.15856737754428293,0.01044026857929912,0.004851899247252406,0.00245552058886108
N5372HD,0.7218743357290074,0.2576524775911816,0.014927392069302327,0.0037669720340779943,0.0017788225764308364
N5373HD,0.5766381810600284,0.40585432621641027,0.01101532121403881,0.004546048318908493,0.0019461231906141476
N5374HD,0.4674869841876556,0.49583896232034635,0.028605991608829505,0.00575375059980358,0.00231431128336502
N5377HD,0.7283777472508314,0.24798883106612296,0.01712035799471594,0.004716865263742642,0.0017961984245870716
N5379HD,0.7210274454397135,0.2527279310708369,0.01877195784357362,0.005462458399642919,0.0020102072462328735
N5381HD,0.11178663019106333,0.42613652604500024,0.24408739922944814,0.16214650654978846,0.05584293798469982
N5383HD,0.18443501615910363,0.37190641765374927,0.28848699210178935,0.12637277372403724,0.028798800361320525
N5385HD,0.8665440667538594,0.12749219915904017,0.004088161572945594,0.0012454320653825799,0.0006301404487723618
N5387HD,0.04715261526457408,0.2818280634682933,0.39330998401791006,0.2069138849964551,0.07079545225276743
N5388HD,0.06450851334113283,0.20344172973080196,0.38876430413015656,0.28143499465271715,0.061850458145191516
N5389HD,0.03630993814998157,0.7243517055510446,0.21378717379823547,0.020129495611830982,0.0054216868889074765
N5391HD,0.5837292223448958,0.37217901811032567,0.030880574145445178,0.009153705162969176,0.004057480236364217
N5393HD,0.733549137160366,0.249735839298738,0.012083438266372457,0.0032763261891644462,0.0013552590853589909
N5395HD,0.6964405963608227,0.2655476687341202,0.02861141808203518,0.00667191879068341,0.002728398032338309
N5397HD,0.7382324297163245,0.23260525961268258,0.02011836492001562,0.0065328587526599065,0.002511086998317422
N5398HD,0.7387333424559559,0.23388213294373314,0.018657435332629407,0.006039947811795237,0.0026871414558863244
N5386HD,0.1082321300952984,0.6923430652774153,0.18191390991325507,0.013465858394977357,0.004045036319053796
N2483HD,0.8340617705288431,0.1469433080548459,0.010747347477668662,0.005304618589074938,0.0029429553495674715
N5402HD,0.8218998882636805,0.1637720998783122,0.00844886040315781,0.0036806299454420805,0.002198521509407146
N5404HD,0.6102785611597925,0.33057653734907394,0.04251115924587078,0.012227282645439973,0.004406459599822792
N5405HD,0.9150197512134628,0.07899384907430985,0.0037438612326673214,0.0014656322744360868,0.0007769062051240759
N5407HD,0.2488645743422648,0.5218799435910648,0.14730158572199464,0.06636548158385995,0.015588414760815694
N5414HD,0.508408727012671,0.4723613847745298,0.014364413809542863,0.003339091713799013,0.001526382689457345
N5415HD,0.8214352071178755,0.16803443029780568,0.006427862995195346,0.002709592887723435,0.0013929067014000717
N5416HD,0.0961836261176944,0.8211033996009593,0.0666331514720675,0.011832109697301675,0.0042477131119770814
N5421HD,0.7325837964833508,0.23837455603870625,0.02007643412309649,0.0062013200247844884,0.002763893330061933
N5430HD,0.8193003707238444,0.16071895026119395,0.012607673926530436,0.0052679917024530684,0.0021050133859781463
N5431HD,0.05092263303393152,0.7499192150997743,0.18178010814966167,0.013994193931180232,0.0033838497854524314
N5432HD,0.7116893166589178,0.25596977768077045,0.02403371847762676,0.0058235975117738575,0.0024835896709112437
N5437HD,0.7393435298114627,0.23377704961058954,0.01892238949932809,0.005363628464860646,0.002593402613759056
N4225HD,0.1586633834517835,0.6370407394595496,0.16099363129561817,0.034718807013552316,0.00858343877949644
N5123HD,0.5588012915271944,0.39592298697881445,0.030771389411822715,0.009912674196352675,0.0045916578858158745
N9187HC,0.06394820056100994,0.2460394916088816,0.3085076574902781,0.30838827771859795,0.07311637262123256
N5439HD,0.14970558566444586,0.5001459053845253,0.2534412293791833,0.07991794153423222,0.0167893380376134
N5440HD,0.07882378158248624,0.6747162814599825,0.21593554295593118,0.024511250333182296,0.006013143668417679
N5443HD,0.10256291981154848,0.37748486164046546,0.30824511776143076,0.16683153195636058,0.04487556883019481
