ncode,proba_0,proba_1,proba_2,proba_3,proba_4
N4541HD,0.7164171708335715,0.2600903032152544,0.016638383722676394,0.004227050643572889,0.00262709158492473
N4397HD,0.01525690241997421,0.06605025625486846,0.42077806635217396,0.4560074538499454,0.04190732112303806
N4544HD,0.8930925460133555,0.1015584566100259,0.0028812270934266706,0.0016994239011619847,0.0007683463820299836
N4545HD,0.08930105490983596,0.22681962047570078,0.43199735164439146,0.1727211144196356,0.07916085855043611
N4546HD,0.11440192231586895,0.8184609096945946,0.05931934950902639,0.005940917764481707,0.001876900716028372
N4550HD,0.8375305986079117,0.15220877955207784,0.006647323760389787,0.0021057737655042243,0.0015075243141163099
N4551HD,0.7909743233164447,0.19878653177241165,0.007553415475783909,0.0017954431594950392,0.0008902862758645455
N4554HD,0.05896298553564485,0.6505997082596165,0.25183330930476405,0.029015776097996642,0.009588220801977942
N4555HD,0.43521679129985585,0.514840563038621,0.037638129543805396,0.008842938479791103,0.0034615776379266364
N4556HD,0.3681109633027055,0.429832686079667,0.1345232003183768,0.056105473743180395,0.011427676556070175
N4563HD,0.4137514297993823,0.4575750876582631,0.10120856069879124,0.022511519846594996,0.004953401996968367
N4567HD,0.9029261555610195,0.08686720163969348,0.005396050245302769,0.0028113484289965717,0.0019992441249877166
N4561HD,0.7907931935635725,0.20129041914143717,0.00489496067255311,0.0018853575323978123,0.0011360690900393806
N4571HD,0.36755093074875556,0.5433893507829513,0.06746925536974552,0.01427602841280872,0.00731443468573904
N4574HD,0.9443434222639185,0.05282844230127401,0.0014628243444514616,0.000835677613798522,0.0005296334765573135
N4575HD,0.412918464285702,0.546166279243798,0.03345895108267044,0.0053230234980858274,0.0021332818897437543
N4579HD,0.21250833184946175,0.637250003575884,0.11451855269643028,0.027670378807154533,0.008052733071069436
N4581HD,0.13547583483892617,0.7889170251612145,0.06596368379384326,0.006832291480452757,0.002811164725563136
N4584HD,0.10658216496182822,0.8476462814832785,0.03823842299761099,0.005102804076738011,0.002430326480544455
N4578HD,0.7960889226183966,0.1978690731931385,0.0038696436113654607,0.001623945019702399,0.0005484155573971531
N4590HD,0.14971258524466627,0.7478405352191433,0.09251316332400208,0.008125414056263894,0.0018083021559245286
N4593HD,0.023245526520510252,0.1747090480529629,0.4729060551844569,0.29286541678860367,0.03627395345346623
N4151HD,0.13111595746828306,0.4192925899517049,0.3170018328085148,0.0989253885058055,0.03366423126569196
N4594HD,0.7869644880480597,0.2046380799509105,0.005625896394192509,0.0018842478419448284,0.0008872877648924746
N4600HD,0.33828188378191315,0.611904118571324,0.03797935269039002,0.00923034081641499,0.00260430413995793
N4605HD,0.06747076957297156,0.37031681880963785,0.4864085470556634,0.06590146775723447,0.00990239680449273
N4612HD,0.365437173863434,0.5301446963965764,0.07663671075685062,0.02296353633105007,0.004817882652088963
N1701HC,0.1475365137614604,0.7095318326272979,0.10544229014267935,0.024500385298217103,0.012988978170345134
N3705HD,0.009437908927535526,0.036970865574786585,0.20338034222656842,0.4105451550154207,0.33966572825568864
N4589HD,0.6056623269542842,0.3487032822662311,0.03375411800279668,0.00876205381058166,0.003118218966106305
N4339HD,0.9299573996145344,0.06434508334774769,0.0031522865434552095,0.0015387532244384057,0.0010064772698245197
N4615HD,0.03159654124267076,0.0953713124260852,0.2629215049694407,0.49385218147840343,0.11625845988339985
N4618HD,0.9034238670423052,0.08925378105596071,0.003960682299350805,0.002104677381384241,0.0012569922209990972
N4624HD,0.42559089703997116,0.5629872319215424,0.008614580087023628,0.001920285198695718,0.0008870057527669645
N4626HD,0.8114063629299264,0.17053533379261687,0.012571634001708543,0.004354016220425285,0.0011326530553231442
N4628HD,0.0654623504134651,0.5316240149764946,0.3454718666195514,0.045665674161155426,0.011776093829333634
N4638HD,0.07788577731775499,0.3464323509296028,0.2751267068896826,0.22870864181428374,0.07184652304867606
N4639HD,0.8121827085331103,0.16974468251982963,0.012062194232373334,0.003567624150583063,0.0024427905641037934
N4642HD,0.9110495797136646,0.0849772641020828,0.002249210873204617,0.0011378736849652572,0.0005860716260826013
N4646HD,0.9509754133493726,0.046126944189561175,0.001615343778889033,0.0008903759914320832,0.0003919226907450049
N4631HD,0.8401506561034275,0.15088345848385554,0.006141936718931568,0.0019571888568179867,0.0008667598369673736
N4656HD,0.03786206466322649,0.13931132351217126,0.3500139254013692,0.3983082161938861,0.07450447022934692
N4658HD,0.8168039381087173,0.16627353670230546,0.011787939300569063,0.0035563504471565342,0.0015782354412516623
N4661HD,0.8464736944012183,0.1426462778166554,0.006274475741717417,0.0029610000947468155,0.001644551945661929
N4665HD,0.8313314426838916,0.1575014547815441,0.008209185384628177,0.0018182357327715638,0.001139681417164511
N4667HD,0.8408284597479575,0.15229154495089964,0.004125016805339582,0.0015798157838862266,0.001175162711917203
N4669HD,0.7095788807779227,0.27708650281500213,0.008879811463336204,0.00328759876206148,0.0011672061816774665
N4673HD,0.16456587092477964,0.6857027707956289,0.11686018272177658,0.023472745365654718,0.00939843019215999
N0760HD,0.07457925267634799,0.5866567872648828,0.3112655303406699,0.02053363320046207,0.0069647965176373085
N4672HD,0.7048419355554056,0.24736072220454103,0.03385865833743447,0.011075068312587678,0.0028636155900311376
N2593HD,0.9177631559981126,0.07380264723875575,0.004577229307929688,0.0023812795651356527,0.0014756878900662814
N4677HD,0.13726907381606604,0.7375260088233778,0.10805443204599703,0.013563391747672297,0.0035870935668868243
N4680HD,0.1913022027558257,0.6544119287951417,0.12355748235615578,0.021505187674602043,0.009223198418274748
N4688HD,0.012611134659058137,0.0839275453663549,0.39026420432013964,0.4466556466282425,0.0665414690262049
N4689HD,0.8755209437846826,0.11693619410136559,0.004560600231623553,0.0018859785875912755,0.0010962832947369453
N4691HD,0.215120786862175,0.3984561130543668,0.22409360209212176,0.12177449408999427,0.040555003901342083
N4692HD,0.6142200498652546,0.3570828007236738,0.01741371405745247,0.007253086144435307,0.004030349209183894
N4694HD,0.03338063458904281,0.1949160820737934,0.5590305450332704,0.19127244398258963,0.021400294321303776
N4695HD,0.06774648791650846,0.6618602782320725,0.24174182167123337,0.02322653621110331,0.0054248759690823595
N4699HD,0.44661173123312603,0.47934493386125265,0.056637552880664466,0.013178285744522534,0.00422749628043424
N4703HD,0.3478814151746023,0.43026303232468044,0.11615195286076867,0.07797165232890427,0.027731947311044152
N4704HD,0.004035218829342592,0.012936595618407562,0.337484663070281,0.6351246814029019,0.01041884107906687
N4708HD,0.9505102675240128,0.0465858749125421,0.0017382352751647266,0.0007272791550124984,0.0004383431332678374
N4714HD,0.6697665695501592,0.2932324385963381,0.022350145604138397,0.00918587490248714,0.005464971346877086
N4721HD,0.08816973614978546,0.4503384718868864,0.3309424802687087,0.11695641716455846,0.013592894530060736
N4722HD,0.8485312829881648,0.14621654733684053,0.0031423089856680193,0.0015521039687535966,0.0005577567205731585
N4724HD,0.2095101332215948,0.6648851258347195,0.10643175867287148,0.014627540134727928,0.004545442136086199
N4726HD,0.05540759149611836,0.7110647878109199,0.21918732637449662,0.011663374627184935,0.00267691969128024
N4735HD,0.7581236777335616,0.23648407123382045,0.0031067336997749563,0.001480532323391929,0.0008049850094511329
N4063HD,0.3751826211161499,0.5134736332008369,0.07082354140157644,0.028146478978357658,0.012373725303079038
N4712HD,0.8230224168514059,0.16810975177380702,0.006758080882731853,0.0013332586309205937,0.0007764918611346936
N4738HD,0.22704645251738287,0.6590796371174076,0.08925578245170378,0.018768802490857835,0.00584932542264798
N4740HD,0.050369061254247074,0.2432649798227775,0.45348571694663503,0.20831162159558972,0.044568620380750656
N4742HD,0.03418712045380735,0.15731909726692653,0.4298697993715158,0.29401303665329154,0.08461094625445867
N4745HD,0.8627577653638875,0.1276007705891494,0.006839712349080798,0.0017840117502391365,0.0010177399476431232
N4747HD,0.8553395466097823,0.13015158261416288,0.009543585888023258,0.002805931080309007,0.002159353807722844
N4750HD,0.7620659388382435,0.20950640051489636,0.01607294667637533,0.009079115091138772,0.0032755988793460185
N4752HD,0.006673425564337693,0.042560164149450734,0.4495634217901238,0.47159256277371003,0.029610425722377473
N4754HD,0.581572363436014,0.4051378021354739,0.01064134554453878,0.001894744485604686,0.0007537443983685775
N4755HD,0.23971727827859735,0.6329567797297773,0.09457622990090768,0.0250123492956681,0.00773736279504954
N4756HD,0.45814024576859086,0.504120082503825,0.026896893110034577,0.007739670658633419,0.0031031079589161066
N4757HD,0.8647782832656271,0.12799676994767287,0.0052200580766250315,0.0014483197324527883,0.0005565689776221996
N4759HD,0.22020528693827363,0.7086571685881481,0.056095421831515925,0.011340560445101917,0.0037015621969606533
N4762HD,0.2863753745429819,0.5935031666122509,0.0994932373782008,0.01721606094657278,0.003412160519993671
N4763HD,0.5513716357871817,0.41164616829063566,0.024785253182494797,0.007760352855296776,0.004436589884391065
N4767HD,0.8476965305507654,0.131634090940433,0.014233818594335607,0.004497107663676728,0.0019384522507893494
N4769HD,0.06117195648349491,0.3192539473611073,0.47292803860827765,0.12921873270828851,0.017427324838831523
N4770HD,0.8252571351357785,0.16260751867150752,0.008716990189791003,0.002306108248613232,0.0011122477543097594
N4676HD,0.20034997372485902,0.5754687643670885,0.17760899552819523,0.03507610737364021,0.011496159006216962
N4614HD,0.5552668167776463,0.3632622467830129,0.06232046019500928,0.014624868904740282,0.0045256073395912285
N4774HD,0.2907553070770975,0.5840824218880963,0.10065059588958071,0.017597247944640015,0.006914427200585209
N4778HD,0.03331859570840358,0.20006749591020195,0.4290373698854249,0.2990880011493271,0.03848853734664234
N4780HD,0.009190647480964577,0.03231141373288486,0.19914360312616708,0.45262749796984475,0.30672683769013875
N4783HD,0.5831135662675586,0.3874085033024212,0.02202297288136833,0.005517788429811422,0.0019371691188404944
N4789HD,0.8849216849033187,0.10183606846788604,0.008875455414465754,0.002378236443962885,0.0019885547703665262
N4792HD,0.42556843018321877,0.561348174247875,0.010837501113745315,0.0016277685549083,0.0006181259002525683
N4793HD,0.03090887533587027,0.5564280696044763,0.33820904606112057,0.052942797932847355,0.021511211065685404
N4794HD,0.009642814207288962,0.051920614289499616,0.5142537334469508,0.40063235949174647,0.023550478564514116
N4799HD,0.7611864401369929,0.22061048127677096,0.01327830589571103,0.0032645748091635037,0.0016601978813617034
N4800HD,0.9289380483942925,0.06705535910177506,0.0021096275705356775,0.001075485805109182,0.0008214791282874759
N4808HD,0.12740661212091547,0.8096424516247794,0.05393105254101222,0.006840033280520613,0.0021798504327721706
N4809HD,0.6390184200667599,0.33226279508267903,0.018745444193551907,0.005939976504098686,0.004033364152910467
N4634HD,0.7786226431008223,0.1911004652537091,0.02176890730928151,0.006212265583643434,0.002295718752543878
N4784HD,0.9081017199878159,0.08416299562599477,0.004297350440642838,0.0023195405726748,0.0011183933728716408
N4815HD,0.9000264098856393,0.0955407054405551,0.002635179315341642,0.0011161465405695916,0.0006815588178944965
N4816HD,0.7751954762062706,0.20136913404584478,0.017784648856887995,0.003972639185878603,0.001678101705117923
N4817HD,0.254782724947758,0.6728999766247952,0.05372786022551087,0.014456605158435812,0.004132833043500197
N4818HD,0.8984080910323338,0.09464364971936053,0.004048855165291246,0.001720833583813623,0.001178570499200749
N4821HD,0.019498574708562498,0.9427587971059097,0.032222461287059766,0.004630943055840611,0.0008892238426274107
N4830HD,0.8687307493673108,0.1198165972062243,0.007675053875049391,0.0026961160710821425,0.001081483480333556
N4748HD,0.8856082731185954,0.10903164303066427,0.002970432344517698,0.00144544653129354,0.0009442049749290799
N4684HD,0.8529663706736491,0.1389986331399602,0.00476067111914065,0.001993483491356713,0.0012808415758932899
N0389HD,0.02454909841434213,0.9163020244669612,0.05112863246100367,0.006337654121771726,0.001682590535921561
N4796HD,0.34568400154777806,0.5174956080019328,0.10207551238329446,0.02998212400488285,0.004762754062111692
N4834HD,0.00767632742727072,0.025534323085324915,0.49864643629395927,0.45200066335491323,0.016142249838531724
N4835HD,0.068406198459303,0.8995303845883945,0.026852575488984703,0.003930203480943296,0.0012806379823744696
N4837HD,0.44363919905542265,0.5444015044037287,0.009264899841305324,0.001850413770535931,0.0008439829290073333
N4838HD,0.14133235459885782,0.7873752294485625,0.05868525212082158,0.009364022940873405,0.003243140890884761
N4839HD,0.044920608924135075,0.7187062761616638,0.17970787527452947,0.04742254242470291,0.009242697214968766
N4842HD,0.7938014886456449,0.1869867450297888,0.013400752130364445,0.004615414268499792,0.001195599925701875
N4844HD,0.9324629739933914,0.06426464359197545,0.0020094950170236217,0.0008245599986606658,0.0004383273989489894
N4846HD,0.15737923693593503,0.5518561484881327,0.22689300157650225,0.04399121511747319,0.019880397881956988
N4847HD,0.8034216543998163,0.189173880083948,0.005360895642532845,0.0014266837829442186,0.0006168860907587635
N4849HD,0.23702989049846365,0.6840649171902611,0.054665675109751045,0.014773614266500723,0.009465902935023357
N4852HD,0.04044220226120958,0.7733985948294634,0.1695035699963634,0.011995437111337813,0.004660195801625777
N4853HD,0.7075536058708868,0.2721141101367571,0.015237056019956702,0.003680260140111668,0.0014149678322877934
N4856HD,0.8909440736170295,0.10496873648403228,0.0024720523382949712,0.0010230191509023546,0.0005921184097409203
N4858HD,0.9043916479482401,0.08794857713577013,0.0044463363504682425,0.002129746764695747,0.0010836918008258777
N4860HD,0.4176416599399829,0.5334744838969532,0.03694413270936235,0.007427648701805469,0.004512074751895983
N4861HD,0.8758481832350887,0.11928570684644926,0.002667128907073076,0.0014033101638141641,0.0007956708475748297
N4863HD,0.4640294810956333,0.5098551573362685,0.01922264709910159,0.004819887999586475,0.002072826469410059
N4864HD,0.8075574347117984,0.18103681681307662,0.008404426530822401,0.001977443764647395,0.0010238781796552852
N4866HD,0.7659394646859152,0.2193408030838588,0.009895098265781317,0.003005768789653531,0.001818865174791089
N4012HD,0.6240830540379375,0.3558674115600411,0.013759292088215242,0.004405974239328885,0.0018842680744771913
N4825HD,0.2901846484324767,0.6031471799842992,0.07157007766230582,0.025766781259100854,0.009331312661817314
N4875HD,0.038009887611516226,0.4520546432458562,0.3960728552063304,0.09557575325472022,0.01828686068157692
N4878HD,0.038541480724999494,0.18497730426111073,0.35793130145144286,0.322280520886096,0.09626939267635086
N4883HD,0.03087018467027801,0.5735331006246662,0.35976239487443873,0.029909009383529753,0.005925310447087325
N4884HD,0.6194212761351493,0.3383050557544162,0.0330487642414251,0.007133087906859793,0.0020918159621496103
N4887HD,0.23675260977442397,0.6811705394210794,0.06455386950342387,0.013042311064651205,0.004480670236421701
N4891HD,0.7366078262059116,0.2341299684186711,0.022502812059638163,0.004483201629264841,0.002276191686514296
N4892HD,0.11562114219442163,0.726055987698321,0.1351455630744374,0.017739085835531427,0.005438221197288421
N4895HD,0.8296431594687389,0.15465184534161439,0.01118383572775999,0.0033979947595736302,0.0011231647023131701
N4899HD,0.6554195502751211,0.3334412504758635,0.007180392727461102,0.002240562034752351,0.001718244486801992
N4898HD,0.4999682494355409,0.4583917778873715,0.033343752768296514,0.005620242258892816,0.002675977649898455
N4902HD,0.6324235268024438,0.32133228025156696,0.026856900805734343,0.014752950260011435,0.0046343418802433645
N4904HD,0.15635959821574333,0.5812242945428338,0.22060365741963553,0.03206774120330978,0.0097447086184776
N4906HD,0.7441894066671927,0.23958706877291103,0.01144010117893023,0.0034151515636186235,0.0013682718173474598
N4909HD,0.7680487345958998,0.2212711068990866,0.0067013873939462485,0.0027544563770825104,0.0012243147339846504
N4912HD,0.6034340387596713,0.3736518822495807,0.017572285991405524,0.003916764470678944,0.001425028528663736
N4913HD,0.6256209360725775,0.3478479085899581,0.020879412542762574,0.004002143587748539,0.0016495992069532257
N4914HD,0.15389155007331656,0.7056762353982114,0.11420739260630693,0.021938304753724207,0.004286517168440709
N4908HD,0.9099682451026906,0.08633960439595002,0.002279067933514681,0.0009405376896119106,0.00047254487823268453
N4937HD,0.8615052971505215,0.1337460521846304,0.0029250610869239416,0.001193337700463707,0.0006302518774603806
N4938HD,0.878120342368605,0.11710106459068148,0.0029904868053106494,0.0011297132351922097,0.0006583930002106427
N4949HD,0.8940531237974376,0.09871959507102311,0.0043998210910481525,0.0016427574099557934,0.001184702630535408
N4952HD,0.8174602720389214,0.167158167852461,0.010986148222504814,0.0033049904724156164,0.0010904214136973442
N4954HD,0.41229468358563215,0.5399105446266153,0.039188585128854606,0.006181387766083646,0.0024247988928144423
N7917HB,0.8909438967240727,0.10479491447085416,0.002609466705001877,0.0011177072965659488,0.0005340148035051427
N4951HD,0.7841189255831515,0.20267333830814638,0.009363908466215747,0.0024248988469310756,0.0014189287955553068
N0385HC,0.12038505634091336,0.6024650498102347,0.21806860358865676,0.04837167132489943,0.01070961893529584
N3920HD,0.47261819029703034,0.45595401728558893,0.05807571380662735,0.009627757015908593,0.0037243215948448358
N9498GW,0.7249999857311408,0.2562081666944966,0.013649672210738015,0.003381327526277999,0.0017608478373464694
N4961HD,0.9019881854419015,0.09390382517305552,0.0026639902831282094,0.0009032796856092176,0.0005407194163052841
N4965HD,0.3594636222378561,0.5136422332477207,0.1092815437372778,0.013452628023063455,0.004159972754081845
N4967HD,0.6327177689145443,0.3191821869688264,0.029915552459619715,0.013074703590766346,0.005109788066243331
N4968HD,0.19395490158568232,0.5374018126212908,0.16886780902000686,0.08149919396728378,0.01827628280573621
N4973HD,0.840637535258144,0.14268128239834246,0.012196273973218015,0.003406390725271828,0.0010785176450236085
N4976HD,0.023061694768831582,0.21114646397897835,0.6459628503595451,0.10005682995763399,0.019772160935011118
N4977HD,0.20438712466596204,0.6972717628583182,0.08270807148235412,0.011222089237519675,0.004410951755846156
N4978HD,0.688492875994966,0.2786710105952132,0.02266589576941966,0.007548570873439766,0.0026216467669612498
N4982HD,0.423517163652198,0.49951022990987964,0.056000873140003696,0.014244451932162096,0.006727281365756627
N4983HD,0.1353598807996974,0.4669933688779829,0.29888179370921114,0.08641363350447251,0.012351323108635898
N4984HD,0.8591462865941325,0.13763063781754986,0.0019632644753634666,0.0007225174001684687,0.0005372937127856597
N4992HD,0.023006753586823407,0.19170120078625505,0.2990056198090765,0.43339271646968985,0.05289370934815522
N5000HD,0.5987717948287878,0.3490401651195533,0.034506064255566946,0.014153967701142543,0.0035280080949493713
N5006HD,0.6164180926868534,0.3596128118137979,0.018569226646763984,0.003889827082106047,0.001510041770478471
N5007HD,0.7942428063111594,0.18056022600644017,0.016639576785387643,0.005474016196309139,0.003083374700703692
N5008HD,0.14310793857327572,0.6615074495069245,0.16839596606441906,0.02250033817972859,0.004488307675652153
N5011HD,0.3835605106678099,0.5679528628852415,0.037874991857065984,0.006743574690725193,0.003868059899157423
N5020HD,0.6102492603749631,0.353935941470264,0.025019272906564666,0.007588434182475172,0.003207091065733095
N5024HD,0.8345491291469344,0.1555843291804391,0.0070376030066309605,0.0019812656079297706,0.0008476730580659142
N4826HD,0.907100034816476,0.08580445595364479,0.00420633409095749,0.0017915074310274955,0.0010976677078941546
N5032HD,0.8962698754595894,0.0946909602813019,0.006055789909007322,0.0019955222445061866,0.0009878521055953894
N5041HD,0.877764858395071,0.11538425003423627,0.0043281529317844274,0.001602856995978567,0.0009198816429298424
N5043HD,0.9601866759037716,0.03556956661129983,0.002578879828594264,0.0009682898862062995,0.0006965877701281056
N5044HD,0.383332810832689,0.5408941153860602,0.05041675909974105,0.016838724692667097,0.008517589988842677
N5045HD,0.8661272485321719,0.12488341323789706,0.0054289895738445434,0.0027776555105855144,0.0007826931455010677
N5004HD,0.8972652772702466,0.095971496818752,0.003920857087429711,0.0019093463766011154,0.0009330224469705911
N5055HD,0.5710758958697112,0.3412762345527567,0.06843400938371283,0.01557117883899817,0.003642681354821105
N5056HD,0.180192641555278,0.41499161154452147,0.2690894396803729,0.10317644882429519,0.0325498583955324
N5057HD,0.6793965619211764,0.3032296101209629,0.012869531311209938,0.0033420150301273965,0.0011622816165233391
N5059HD,0.5141544227215763,0.42077605206583224,0.04923006874743199,0.010383139030397072,0.005456317434762419
N5061HD,0.44170634576728857,0.5011796483933184,0.0430007098041021,0.01016274684189354,0.003950549193397281
N5018HD,0.8955145831784227,0.09736303986554919,0.00412628604126981,0.001926148902133747,0.0010699420126246521
N4896HD,0.6527752288012009,0.32817785276832645,0.013627116144442994,0.0040025591208246395,0.0014172431652051227
N5064HD,0.7703778421521245,0.20220069327060336,0.018218378295112518,0.007273710489714228,0.00192937579244546
N5065HD,0.5999600450777514,0.3699050220683305,0.02429224522196568,0.004216211795528424,0.001626475836424009
N5067HD,0.2430510603318815,0.5945104892376746,0.12187242145079051,0.031109326325631664,0.0094567026540217
N5070HD,0.055947186127295045,0.40011151423654373,0.45684969182372354,0.07647143096358147,0.010620176848856215
N5071HD,0.1490788189320293,0.7290089336279839,0.10574732108880973,0.011912069333014693,0.004252857018162296
N5072HD,0.15037848904169687,0.7374250797234697,0.09488727690708014,0.01285804255365479,0.004451111774098546
N5074HD,0.7066452600133021,0.2738538604209888,0.012601736797639929,0.004654315556929577,0.002244827211139685
N5075HD,0.9534320722566145,0.04350323343494609,0.0015730475581682702,0.0009807831828936328,0.0005108635673778217
N4923HD,0.8333292068052467,0.14586762775350595,0.011749736849187632,0.005913486842904279,0.003139941749155446
N5076HD,0.7810137404408265,0.20360772595327575,0.012157780920332473,0.0022051677622614584,0.0010155849233038005
N5079HD,0.04835566844935705,0.3541873900364763,0.402431480866055,0.17191431416979547,0.02311114647831609
N5080HD,0.61798463337043,0.357374487739151,0.016247759332140666,0.006195091305771735,0.0021980282525066583
N5082HD,0.8126721527372155,0.16136358382226765,0.016518647874742987,0.006965079826470373,0.0024805357393034642
N5083HD,0.645915184480179,0.3138255069525908,0.03238336554620783,0.0061001922020619,0.0017757508189605
N5085HD,0.1359272834596365,0.5179996874610923,0.3081122167576757,0.027708788671503257,0.010252023650092246
N5051HD,0.3392719218714142,0.6274550670214526,0.027128271533670884,0.00452045794867307,0.0016242816247893997
N5039HD,0.043496128940205575,0.30690139337472055,0.4400352938935802,0.1769137398226961,0.03265344396879765
N5088HD,0.9191001225179237,0.07697618305682201,0.002272357817642437,0.0011111785542051826,0.0005401580534065654
N5091HD,0.042638897284013294,0.9477924553872569,0.00764886942231831,0.0014216073854617073,0.0004981705209497325
N5093HD,0.02731904460244762,0.07736823583247134,0.2990090507232472,0.4311468708525811,0.16515679798925284
N5100HD,0.01017962246219562,0.09036153436833515,0.38735594991472516,0.48308102083107435,0.02902187242366968
N5103HD,0.054783538629106766,0.32812338102921246,0.43438961342462346,0.13319177409829205,0.0495116928187654
N5104HD,0.949851744445315,0.047514600562523865,0.0014576057546432572,0.0007779481412084086,0.00039810109630973795
N5105HD,0.7929472674579581,0.1866020000940008,0.010601837659098287,0.005542577529331355,0.004306317259611414
N5106HD,0.5684373243830916,0.39605199754547393,0.027726445512702952,0.005229710686627576,0.0025545218721039213
N5109HD,0.4461873934747925,0.5347962366169353,0.015614547953430251,0.0022393385621696927,0.0011624833926723438
N5112HD,0.40314391669233246,0.5062873298926202,0.07068777796678667,0.01462389288342794,0.005257082564832764
N5115HD,0.8738621697900085,0.11657795367103362,0.006465927297656874,0.002300713848908899,0.0007932353923921587
N5120HD,0.017490901586067805,0.09275931191643888,0.27482533780391555,0.5399715220441569,0.07495292664942095
N5121HD,0.6424260864116723,0.32579825235115384,0.020611822657736818,0.007510786880935223,0.0036530516985018072
N5122HD,0.4286371070972584,0.46385584296272997,0.07976810804588089,0.021797491156208913,0.005941450737921848
N8305HB,0.8442633837714352,0.14461647016192686,0.0074675911295310005,0.0023113705769568955,0.0013411843601501495
N5126HD,0.08287837353432585,0.381459772476167,0.29183403878643516,0.20093662857694847,0.04289118662612344
N5128HD,0.892814227624289,0.10190953078145869,0.0030824883832922556,0.0013361560682450858,0.0008575971427149758
N5133HD,0.0172693900632565,0.10931774707487416,0.5052529195202637,0.3260941032711505,0.04206584007045508
N5135HD,0.7921546222259374,0.1908173844236456,0.013045572315779675,0.002830341146970868,0.0011520798876663715
N5143HD,0.8109631477831722,0.17952835938410297,0.007226611525351316,0.0015136225728939947,0.000768258734479379
N5144HD,0.40388911725962245,0.5075227047585243,0.0659434771217264,0.016340347510710326,0.0063043533494165005
N5149HD,0.20034579831999294,0.6398580208345538,0.11798897531357633,0.03425571446264671,0.007551491069230279
N5152HD,0.3241783665733433,0.5911654200174821,0.07076626567661243,0.011452389331745203,0.002437558400816924
N4394HD,0.193445792791489,0.42075698854536786,0.2929810934660897,0.07870187625249361,0.014114248944559846
N5029HD,0.2148488317697089,0.6417645461490996,0.100833617464409,0.031361801883971925,0.011191202732810745
N4368HD,0.9430449128943561,0.0538606735805817,0.0017124302562252116,0.0009053021462423368,0.0004766811225944428
N5013HD,0.24921365417890146,0.5951517753600487,0.10805801309996015,0.03253712544071321,0.01503943192037646
N5153HD,0.3704516262667001,0.5344973834680712,0.07566904055335422,0.01528292548690303,0.004099024224971438
N5157HD,0.901278609312812,0.09195420500685345,0.003948214538080697,0.0015828969950341383,0.0012360741472194937
N5170HD,0.6204279148175686,0.3347728336945356,0.034075187987772156,0.007568734344777926,0.0031553291553456635
N5172HD,0.8185544121678023,0.1682566051888887,0.008777361683601909,0.0030804389846941717,0.0013311819750129407
N5173HD,0.602862881468189,0.3553291970462328,0.0285490583388779,0.009899498866436016,0.003359364280264178
N5147HD,0.5766847685930688,0.3943882514667975,0.018947586293180337,0.006346818125699052,0.003632575521254351
N5178HD,0.7268863419685164,0.24683900698061745,0.018288022141661163,0.006184065693068052,0.00180256321613681
N5180HD,0.5403609327495513,0.4084630886198171,0.03769060853820827,0.009947386713118933,0.003537983379304416
N5181HD,0.4551005283500862,0.4396944505269743,0.08023503108318797,0.017718910644830423,0.007251079394920978
N5182HD,0.9148899625812733,0.08068003423129898,0.0022039592117400536,0.001388970745659161,0.0008370732300283987
N5183HD,0.07497942691851261,0.900932680880937,0.019856763048465346,0.0034729124816233877,0.0007582166704618159
N5185HD,0.29813513720794504,0.4292254059876154,0.19306621080888556,0.06753116668326967,0.012042079312284312
N5187HD,0.16775188392378054,0.4579442281413855,0.26624899748153225,0.08195629919920885,0.026098591254092775
N5188HD,0.18013883541477177,0.45430791970180334,0.21505228851781744,0.12954998872639453,0.02095096763921284
N5190HD,0.012051023114087145,0.0841858641360815,0.4027050554184579,0.4669154769813297,0.03414258035004387
N5192HD,0.43558964419406804,0.5543428306871679,0.007940067299829576,0.0015310836446244815,0.0005963741743099803
N5193HD,0.6973949934300305,0.27626925478658415,0.01768481240384438,0.006418154367186019,0.002232785012354913
N5197HD,0.8687334638671302,0.12439076672070533,0.005110112733296544,0.0011854882724824424,0.0005801684063854221
N5198HD,0.1839053372420097,0.5443902129730254,0.15729277352406223,0.08951464509006875,0.02489703117083404
N5199HD,0.6426146901369019,0.29779458242212314,0.03998907117249232,0.016063163957814,0.0035384923106686057
N5200HD,0.739776285365095,0.24341843846899944,0.011290178410137552,0.0036667129831522115,0.001848384772615845
N5203HD,0.03022054531518912,0.12206419156091881,0.4471740840390392,0.31998865648265995,0.08055252260219298
N5209HD,0.03287784721135799,0.2292540846742931,0.5515214804198125,0.16843908698197735,0.01790750071255906
N5212HD,0.7986905510874984,0.18930872741870408,0.008533406109716488,0.0022413130677430776,0.0012260023163379451
N5215HD,0.5200117491556369,0.44102653921521595,0.030778925529235463,0.006239518985937912,0.0019432671139737595
N3574HD,0.8568878235457325,0.12421294685579383,0.011074881672492237,0.004948583089408413,0.0028757648365730793
N4760HD,0.09369144596136014,0.5088527928484442,0.289895742064721,0.08417992987710758,0.02338008924836711
N5225HD,0.8507419860360068,0.14051961083180436,0.006772604378238133,0.0012457184621016582,0.0007200802918488957
N5226HD,0.4949684987463346,0.4358437675410769,0.05556399154072965,0.009272223220923819,0.004351518950935069
N5227HD,0.7415911147398273,0.2256560979846994,0.021182089114817625,0.008232453340967337,0.003338244819688169
N5233HD,0.025597044968200353,0.09999247893260425,0.3447061742628065,0.3283747341444743,0.20132956769191448
N5238HD,0.8129427703151647,0.1720527356798236,0.007871688960799683,0.004104606961681044,0.003028198082530956
N5241HD,0.7804393948161901,0.19812244747978897,0.014552784707330273,0.0050016158578961075,0.001883757138794613
N5243HD,0.013459116402739873,0.08888880212099882,0.5161990975848433,0.35293676953785585,0.028516214353562185
N5246HD,0.7910411719657358,0.18869004180852378,0.01330084797985344,0.004502530191963548,0.002465408053923432
N5247HD,0.0067150308443594785,0.020946480020579823,0.26668658208225476,0.6920462331496294,0.0136056739031765
N5248HD,0.5836075970695468,0.36329343207327824,0.04308292413824899,0.007118238695797549,0.0028978080231285143
N5253HD,0.548090239346258,0.40681890954122246,0.029559516167205053,0.010347862598119062,0.005183472347195429
N5257HD,0.031627453234523636,0.12307764600757888,0.4098621101002389,0.33763631569408226,0.09779647496357625
N5259HD,0.03611513974232157,0.14074288706012378,0.49520805947543173,0.2182480209686744,0.10968589275344856
N5262HD,0.05611765259365604,0.6335062817797592,0.28411823234050243,0.021227793939659814,0.005030039346422426
N5266HD,0.1275754158258153,0.7337134126280678,0.11469841811683448,0.020214743158217714,0.0037980102710646656
N5270HD,0.6281581185631124,0.33999061797142727,0.02499179120175996,0.004525207160189675,0.002334265103510722
N5271HD,0.47509242792874107,0.41769520261127296,0.08316091408305427,0.01743506024724556,0.006616395129686066
N5273HD,0.7908258358345491,0.1881040519466683,0.014535289282866794,0.004159802783037085,0.0023750201528788045
N5274HD,0.885001918930658,0.1066272889433795,0.005378688807495626,0.002333940171726494,0.0006581631467402091
N5211HD,0.2776149665839301,0.5145003513524853,0.1500341090792899,0.04694118559809118,0.010909387386203426
N4843HD,0.551853912644363,0.3819975705493067,0.04444343210650734,0.014392034957848637,0.007313049741974197
N5287HD,0.6415972395910322,0.31308043301018385,0.03459459533966194,0.00759078878034994,0.0031369432787719323
N5286HD,0.1626345134158387,0.32877679824769335,0.34399878898803127,0.12416247021884481,0.04042742912959185
N5292HD,0.029557616132283946,0.11697978218202278,0.43621199852297315,0.3168274491240711,0.10042315403864902
N5294HD,0.6397983880843614,0.34799311602446137,0.008988497937037859,0.0022821705601696355,0.0009378273939697473
N5296HD,0.23531870744312147,0.5176380338282659,0.17410002300929592,0.0615800014344519,0.011363234284864812
N5298HD,0.6668382857011382,0.30369287930993405,0.021661834641108317,0.0055389485013415665,0.002268051846478011
N5303HD,0.8019308197943198,0.17924356499877886,0.01292204651863336,0.004063712166155674,0.0018398565221121196
N5305HD,0.10646735051356483,0.36793128602062414,0.41109340568875263,0.09676813226470199,0.017739825512356484
N5306HD,0.8135663285919166,0.17216417883814242,0.009673056062341702,0.003580061349498165,0.0010163751581009582
N5307HD,0.057746536501921165,0.48483011385177965,0.29974299134511256,0.12266234044024374,0.035018017860942885
N5311HD,0.26257284693721805,0.5747468636766151,0.1255104337518448,0.030305540121310242,0.006864315513011831
N5314HD,0.8672378224042755,0.12343818282976067,0.0052224763485912845,0.0026384709934645268,0.0014630474239081073
N5073HD,0.0794932677046174,0.3979427864637031,0.33296399926700315,0.16389832418109293,0.025701622383583474
N5277HD,0.0698111865451364,0.24165055449648293,0.3848888701384141,0.23445573167050332,0.06919365714946309
N4885HD,0.9386285103084953,0.05618573429184431,0.0027356464654493683,0.0017290297760566675,0.0007210791581542055
N5318HD,0.03610817152898131,0.2910394106734928,0.5223649964699872,0.11993670737064363,0.0305507139568951
N5321HD,0.7143469305473212,0.2591382868010932,0.01967231093888548,0.004915449851233771,0.0019270218614662704
N5323HD,0.9111411038087907,0.08648980175590898,0.0014546156248423407,0.0006152052350443036,0.00029927357541383455
N5324HD,0.7582829034556946,0.2204351897901738,0.013136236174480063,0.006039859698603537,0.002105810881048143
N5326HD,0.7883947533502217,0.196334175560692,0.010511713679894492,0.0032393418015808227,0.001520015607611053
N5327HD,0.6943147515495349,0.2878212280713989,0.01032989509503132,0.004420896411356286,0.003113228872678606
N5329HD,0.1375964845461664,0.5605034017450695,0.25443352435454525,0.033194670986473815,0.014271918367745088
N5331HD,0.7158122175079038,0.2591110083939838,0.020381570752257272,0.0035666223302895724,0.0011285810155653264
N5332HD,0.7342196303516757,0.2470014630000879,0.013598198880038926,0.003480619555504495,0.0017000882126931244
N5333HD,0.8114290623607836,0.17982932900875911,0.006379891344411994,0.001654792915558125,0.0007069243704872966
N5334HD,0.025953037280502946,0.9544337795516191,0.01580283744933496,0.003103084716792558,0.0007072610017504012
N5338HD,0.033047980362864646,0.16013114076536852,0.3217962926645793,0.3469362273834077,0.13808835882377982
N5339HD,0.12218323072816262,0.6123031196816167,0.20690909904461904,0.041809868408846526,0.016794682136755196
N3820HD,0.03470746385256706,0.1063701737184486,0.4089964538877971,0.30577538349535555,0.14415052504583173
N5342HD,0.8170628864703889,0.1749767032737993,0.005795813201707793,0.0015495602752439836,0.000615036778859896
N5345HD,0.6803269439150647,0.2752184416167104,0.033875463184942785,0.007852623028220006,0.002726528255062079
N5346HD,0.8451629184425283,0.14691029498552394,0.0053046520660034865,0.0017165180821413864,0.0009056164238028594
N5348HD,0.03364915518414016,0.20608899708940395,0.28412546041156117,0.33568580992918545,0.14045057738570915
N5351HD,0.6400679555711888,0.31262624981229126,0.03329472475105755,0.011353642032773842,0.0026574278326885062
N5354HD,0.008799964520395996,0.02474012733710018,0.3150644558679197,0.6398469265992609,0.011548525675323208
N5355HD,0.5681610675307402,0.4100446474992896,0.013518937229051798,0.004782014339926782,0.003493333400991463
N5362HD,0.8026278065303746,0.1902254692078694,0.0049830152343379565,0.001358644106546666,0.0008050649208713542
N5364HD,0.7254567670235739,0.25704075562345396,0.011498299974652208,0.00442993483826527,0.0015742425400546828
N1264HD,0.04096442605477062,0.8370341902335708,0.10933754450377131,0.010242523262138158,0.0024213159457490553
N4985HD,0.2593210475145831,0.6226658670954205,0.0841672455491096,0.023920941806967473,0.009924898033919397
N5368HD,0.017127441055726365,0.1353935260323481,0.4728823002255743,0.3306411835383341,0.043955549148017074
N5371HD,0.8474206642179075,0.13921976072540726,0.007233845522644843,0.003949004505550884,0.002176725028489522
N5372HD,0.74884280745496,0.23628791963575468,0.010495986846050217,0.003138364399892692,0.001234921663342321
N5373HD,0.44060135387565685,0.5413987724209984,0.013801724437018575,0.0024454475367190263,0.001752701729607279
N5374HD,0.45757666691272086,0.5109781475669731,0.024296127041556172,0.004976986438948304,0.002172072039801436
N5377HD,0.6727660255667778,0.3053749279147279,0.014922955551718419,0.004739178123052169,0.0021969128437235074
N5379HD,0.7071715129501854,0.2647712892008999,0.020777864631925526,0.005604352915411246,0.0016749803015778566
N5381HD,0.08958005385444043,0.4268467605414149,0.23334118042845023,0.20678373681650333,0.043448268359191224
N5383HD,0.21175440310900073,0.34710732706480757,0.29319411809538337,0.11893847928482983,0.02900567244597849
N5385HD,0.8778634172711676,0.11918182963623597,0.0019103407132408342,0.0007086563941507792,0.00033575598520485853
N5387HD,0.05760100719913509,0.3619461193613384,0.35687864190570545,0.17164322351746691,0.05193100801635404
N5388HD,0.03953359095205227,0.18005436911969092,0.40800069468158007,0.3095899819885851,0.06282136325809161
N5389HD,0.0294315115476118,0.7975162828987084,0.14885001783968607,0.01963413492511118,0.004568052788882657
N5391HD,0.5291950336700496,0.4173043391890042,0.037377565065560184,0.012165468951091548,0.003957593124294437
N5393HD,0.5003063070862545,0.4775621534567705,0.01584851105439758,0.0048325705641838225,0.00145045783839358
N5395HD,0.7189869559299774,0.25115176729596916,0.019668003757487677,0.007406288329042264,0.002786984687523448
N5397HD,0.6964578600852566,0.2728625413849058,0.020940474944591846,0.007078575167710015,0.0026605484175358366
N5398HD,0.6922722175152756,0.2774481797012613,0.022225754742013704,0.00562970371334363,0.002424144328105738
N5386HD,0.13174718293514875,0.6991428193699785,0.15434746415110193,0.011769934905469707,0.002992598638300951
N2483HD,0.8449834469305133,0.1399849354438657,0.008974755913898246,0.0038211418378909017,0.0022357198738316214
N5402HD,0.8034968375964188,0.18553500328745448,0.0067539460755536365,0.0025313407106367144,0.001682872329936344
N5404HD,0.6271523775796339,0.32311782963707936,0.03447393022239876,0.010904739404819912,0.00435112315606812
N5405HD,0.8908503360913949,0.10390704735595284,0.0032256776080272663,0.0014339483479646421,0.0005829905966603827
N5407HD,0.18108796544061054,0.5432041069410196,0.19319452445724655,0.06807814668826567,0.014435256472857571
N5414HD,0.46112886472705117,0.5276224126953781,0.00846701284516167,0.0018598314878451713,0.0009218782445639301
N5415HD,0.8247264715630713,0.1688099287793342,0.0037656835870436924,0.0017860906726285654,0.0009118253979221822
N5416HD,0.10995580163576851,0.823794686914494,0.05367200732079721,0.008934552813964314,0.0036429513149761512
N5421HD,0.7261041947466894,0.2480021553036,0.01844922785370557,0.004961906069554979,0.002482516026449984
N5430HD,0.8112193772919876,0.16921271120326198,0.013839696920005399,0.003794688429618466,0.0019335261551267655
N5431HD,0.040648658197268525,0.8174329104887111,0.1275236070052841,0.011524528237445385,0.00287029607129078
N5432HD,0.6864621794463928,0.28328407319536214,0.02124233689554696,0.005951743077597608,0.0030596673851004674
N5437HD,0.7617907443577535,0.2232073297045711,0.010056376921862342,0.003016001930881764,0.0019295470849312816
N4225HD,0.24421720816886097,0.6808927690968414,0.056250751196704585,0.012995638593672908,0.005643632943920256
N5123HD,0.5006293081920455,0.46442099393442365,0.02459228656511375,0.007355355618726993,0.0030020556896900863
N9187HC,0.043844416453308555,0.25210697380523195,0.35035834091215656,0.27231312956185233,0.08137713926745047
N5439HD,0.19292784990065406,0.5812402325145252,0.15777795534099506,0.05446073995120289,0.013593222292622893
N5440HD,0.084916433440773,0.6421565735751442,0.24146409358340942,0.02674971781863348,0.004713181582039993
