ncode,proba_0,proba_1,proba_2,proba_3,proba_4
N4541HD,0.74004115972207,0.23627763085789247,0.018118867098198713,0.00391669652919086,0.0016456457926480443
N4397HD,0.006621490477396134,0.03962655108149528,0.3199612701397754,0.5958920238936778,0.03789866440765536
N4544HD,0.8707166764152825,0.12446116545089338,0.003416486836778319,0.00101647916968009,0.000389192127365787
N4545HD,0.06639263442673142,0.21942360378996217,0.4519428087731582,0.19651230415986687,0.06572864885028133
N4546HD,0.15916096504731897,0.7749781976298958,0.05942647497133349,0.0049578389593804475,0.0014765233920711323
N4550HD,0.8579571578217212,0.13434108543898496,0.004533513077960083,0.002051336896816514,0.0011169067645171154
N4551HD,0.7238808528645504,0.2662974615928799,0.007792305176009441,0.0015095890124643583,0.0005197913540958955
N4554HD,0.07722372792994123,0.6806299144495757,0.2173411448572492,0.01946195230335025,0.005343260459883585
N4555HD,0.48419846729210547,0.4717012186019367,0.033620121188749894,0.008184021700562148,0.002296171216645627
N4556HD,0.3232463747623519,0.4911848725255698,0.13755412937514042,0.04071754306708597,0.007297080269851918
N4563HD,0.4098352787005918,0.4493550345320831,0.10307898230686255,0.032021072905218315,0.00570963155524436
N4567HD,0.9077056173770787,0.08480986900563389,0.004690532400958216,0.002033551965271335,0.0007604292510577986
N4561HD,0.781279184352944,0.21023069447691614,0.006116254961923289,0.0015762544185057273,0.0007976117897111269
N4571HD,0.30980805456738525,0.610028563219981,0.06192315333019706,0.013964349724815672,0.004275879157621144
N4574HD,0.9526585589054763,0.04469019980730479,0.0018129845470383767,0.0005682037771506771,0.00027005296302966953
N4575HD,0.5102320954242066,0.4553075842946769,0.028797888249938317,0.004154298042899721,0.0015081339882785487
N4579HD,0.21947422891914156,0.5967084929613713,0.13863380832992395,0.035114702506550084,0.010068767283013062
N4581HD,0.1839439695405187,0.7202228229599434,0.0888312432107486,0.005301724955174283,0.001700239333614865
N4584HD,0.1431733133728845,0.8029807657964614,0.04879309973637052,0.003768271265033128,0.0012845498292505374
N4578HD,0.8006412677037944,0.1901714662243001,0.007272882623956382,0.001454259456279533,0.0004601239916695224
N4590HD,0.19058832113888352,0.6967778658450984,0.10359831036299282,0.007874858482373195,0.001160644170652088
N4593HD,0.021079966690439215,0.18486469744001366,0.47787749102056604,0.285954942953614,0.0302229018953671
N4151HD,0.10023966832036475,0.45933203733485617,0.25615912092469445,0.15443275438081297,0.029836419039271752
N4594HD,0.8255850302207841,0.16585802366622332,0.005520021736199737,0.002284782469843877,0.0007521419069489298
N4600HD,0.6515411842271354,0.31923694716769213,0.020737412976353266,0.006522409313194944,0.001962046315624322
N4605HD,0.06070621237307532,0.3889349624263689,0.4569724701893607,0.08348848842067702,0.009897866590517914
N4612HD,0.2825554745915599,0.5957075116745035,0.09535807368227893,0.022231358289132242,0.004147581762525351
N1701HC,0.23047192499197683,0.6587928663052877,0.07833554800599858,0.02144906091112658,0.010950599785610391
N3705HD,0.004891028201170341,0.0195955607032843,0.19568066302376963,0.3658237731401009,0.4140089749316748
N4589HD,0.6534098567153379,0.30168039214268205,0.03278569100521525,0.008664480883454813,0.0034595792533099537
N4339HD,0.9422444580125012,0.054300395519204014,0.0022336371890638593,0.0008204061250095028,0.00040110315422159506
N4615HD,0.019982070685593253,0.0876559963010133,0.3268638864258709,0.44629834377475813,0.11919970281276443
N4618HD,0.8955639718110797,0.09747280539579692,0.003941712305891455,0.002164219920146069,0.0008572905670857645
N4624HD,0.5763558171404594,0.41281675311728294,0.008695938438555482,0.0016705834430450978,0.00046090786065721594
N4626HD,0.8069844286235853,0.1735099234032384,0.015724785126884175,0.00293683586773692,0.0008440269785550728
N4628HD,0.06595606402546401,0.6535734344487909,0.22518657647413562,0.044792072181862805,0.010491852869746614
N4638HD,0.06977388358784413,0.283402982255946,0.3220362289076384,0.23673850438723912,0.08804840086133228
N4639HD,0.7640912808956897,0.20800449278620797,0.01871527470590301,0.0062541153315623915,0.002934836280637059
N4642HD,0.9061799984396126,0.08978011854822025,0.0026247560969204753,0.0010710183386317734,0.0003441085766150932
N4646HD,0.9289667537949123,0.0673958621241105,0.002468815229137395,0.0008305494113093162,0.00033801944053045435
N4631HD,0.8368443752317731,0.15220389011522467,0.00783718595546857,0.002363564371212461,0.0007509843263210976
N4656HD,0.025800091318959353,0.13870067158126867,0.4262005054266664,0.34025864669985184,0.06904008497325376
N4658HD,0.841479898275593,0.14305911535892765,0.010294149875656603,0.003927379146604146,0.001239457343218775
N4661HD,0.842744192971357,0.14959401408584866,0.005023915428863714,0.0018669416046829333,0.0007709359092476336
N4665HD,0.8383150272873119,0.1514262867131351,0.0075161188310286665,0.0020558853622003035,0.0006866818063241975
N4667HD,0.8581598889966413,0.13489197723171686,0.004118407577775855,0.002011357558425467,0.0008183686354403443
N4669HD,0.7472214885734692,0.24107962509154154,0.008149210793429873,0.002454460527002067,0.0010952150145575117
N4673HD,0.22174134618491292,0.6146535159563548,0.1383579345318042,0.019011012290846688,0.006236191036081442
N0760HD,0.07179911555896575,0.6542197135240618,0.23725638410987954,0.03142761879146556,0.005297168015627275
N4672HD,0.6561526167841123,0.29226071410361587,0.03976776063797821,0.009358759814051773,0.0024601486602418674
N2593HD,0.8495048869403233,0.1398575249215847,0.0067048564186283814,0.0027968740002963384,0.0011358577191672309
N4677HD,0.1350365091332484,0.6397103678759583,0.2087227256787853,0.014101578206477911,0.002428819105530159
N4680HD,0.284796210776979,0.5822894213715919,0.10793475221944081,0.019501593112793734,0.005478022519194544
N4688HD,0.012314371727089216,0.06423124808477527,0.3832082870742758,0.480418839190109,0.05982725392375069
N4689HD,0.8537124053713399,0.13853758395707044,0.005248079071226345,0.0018238007707448893,0.0006781308296186563
N4691HD,0.12681412768523195,0.35832717301391825,0.3296070658306181,0.14832453829778577,0.036927095172445794
N4692HD,0.5997518031288597,0.3639709636752287,0.023421500332711755,0.009352995662628438,0.0035027372005715296
N4694HD,0.03443841676319312,0.2354182661076537,0.5287094127537112,0.1777070954117808,0.023726808963660983
N4695HD,0.08464921309890892,0.6249563386731893,0.2690521732508244,0.01640455588880403,0.0049377190882731094
N4699HD,0.40053022474050404,0.5377866704598984,0.04613264897132509,0.012544267624431867,0.0030061882038405754
N4703HD,0.45947789987041787,0.3660407800384705,0.1008063760995304,0.05619971926604293,0.017475224725538495
N4704HD,0.0029080944601987944,0.015703804314809538,0.30314383653720445,0.6567360175116189,0.021508247176168373
N4708HD,0.9217066648555302,0.073853240159854,0.0031059500869319405,0.000995944065836744,0.00033820083184711217
N4714HD,0.5815635509007647,0.3755628900957507,0.027916970731838256,0.0096917485280873,0.005264839743558969
N4721HD,0.09040575914035884,0.4910342882476839,0.3135709464065301,0.09024395826854455,0.014745047936882496
N4722HD,0.7541440226502366,0.2380453954302038,0.005343752126567614,0.001901351699874854,0.0005654780931170207
N4724HD,0.13457589573842585,0.7195020703691778,0.13168342184236348,0.011554970790633641,0.002683641259399222
N4726HD,0.03916765175977487,0.7957826491434701,0.15014189442854195,0.012739694107359086,0.002168110560853903
N4735HD,0.7734698237001655,0.21955507700378454,0.005158556751350621,0.001283226498441071,0.0005333160462583251
N4063HD,0.4649805110456046,0.42612806095901734,0.06781044395674818,0.030727137405279083,0.010353846633350714
N4712HD,0.8153822665159364,0.17472357453853443,0.007066831489253511,0.002168816538783992,0.0006585109174916399
N4738HD,0.21298358512810742,0.669437994413868,0.0945423391577308,0.017233485184749466,0.005802596115544252
N4740HD,0.03233186947263452,0.25894113711031225,0.3799224770148209,0.27471081848813067,0.054093697914101596
N4742HD,0.02384275693201131,0.11248529472947796,0.5722121347045739,0.23467464277768169,0.056785170856255215
N4745HD,0.8196429129964667,0.16925567412657483,0.008667331017254974,0.0017496921627412607,0.0006843896969621404
N4747HD,0.8558650370338241,0.12589068615120294,0.01166949951981099,0.0046048038162577075,0.0019699734789041146
N4750HD,0.8004036687439504,0.17691526999199222,0.015485201388887542,0.005707941001159229,0.0014879188740105744
N4752HD,0.004092163881243775,0.030394269131677937,0.4044703357410225,0.522802307331373,0.03824092391468274
N4754HD,0.4784391170014407,0.5023930686733916,0.016476207792023103,0.0020690020679493097,0.000622604465195064
N4755HD,0.24904081856352445,0.6405612385119489,0.08444963446767452,0.020725876794557042,0.005222431662295088
N4756HD,0.44901224787901134,0.5099881841362527,0.03202615100944011,0.007137171342061724,0.0018362456332341852
N4757HD,0.843816097948384,0.14772661964343634,0.006441180182237722,0.0015554316552313246,0.00046067057071088187
N4759HD,0.20480840836880265,0.7193614973805863,0.06155294824829247,0.011187750104329668,0.0030893958979889206
N4762HD,0.24004416860770847,0.6278390000245025,0.11809360863476548,0.01153194968696768,0.0024912730460558133
N4763HD,0.5523206232239286,0.4068110961400805,0.0282720242961589,0.007843906631259135,0.004752349708572966
N4767HD,0.8184708473483945,0.1648586288800514,0.012395500629995225,0.0033511306729680553,0.0009238924685908668
N4769HD,0.05845310454526311,0.36289728317445946,0.47990436162772643,0.08677407536027604,0.011971175292274799
N4770HD,0.7802138433090393,0.20380743196459306,0.011687012668686849,0.003360483882525666,0.000931228175154986
N4676HD,0.24316842383243278,0.5657853765457653,0.14557501611237164,0.03663466033823183,0.008836523171198507
N4614HD,0.48880508317809296,0.436507811611533,0.05918717008374155,0.012319137111756744,0.0031807980148759363
N4774HD,0.2769453900339344,0.6162384054524698,0.08693888835277355,0.014995511051241315,0.00488180510958098
N4778HD,0.037272732906445234,0.20875579175675882,0.42610512887039487,0.2843989077578175,0.04346743870858352
N4780HD,0.006702768215250441,0.031493490680015966,0.22595740483354365,0.40304877817448936,0.33279755809670064
N4783HD,0.5976153278204508,0.37798758852744824,0.01987142604994192,0.0035222158670481737,0.0010034417351109251
N4789HD,0.8564715394409655,0.12872167475463986,0.00958720901375216,0.003672866465473262,0.001546710325169322
N4792HD,0.534651899121838,0.4493019373571166,0.013896875353708458,0.001609684678515563,0.0005396034888214695
N4793HD,0.0359262553808384,0.5937671511648378,0.2872437407052376,0.06856871337580397,0.014494139373282323
N4794HD,0.008662501567975508,0.05934492873584225,0.4473701402216284,0.45704573089012385,0.027576698584430105
N4799HD,0.7177647505786239,0.263189751209319,0.013569698149888211,0.004203894392672145,0.0012719056694968588
N4800HD,0.9058427708693018,0.0880924360715345,0.004110697512169405,0.0011957436098582988,0.0007583519371361416
N4808HD,0.12133864929593362,0.8097875473814926,0.062163985169117544,0.005344081602894642,0.0013657365505616015
N4809HD,0.6340932469377367,0.33159506963596713,0.02392011928806211,0.00702568809783268,0.0033658760404014364
N4634HD,0.7351010735759953,0.2245662972827687,0.02985293955845084,0.008303340030934216,0.002176349551851016
N4784HD,0.9001408753728816,0.09217898064453087,0.0049214407772148125,0.002048762864133735,0.000709940341239131
N4815HD,0.8944017743591879,0.10164958744345087,0.002442620935720277,0.0010723045167247462,0.0004337127449161604
N4816HD,0.7792028314662727,0.20376130312414112,0.011771273462618359,0.004210528116093092,0.0010540638308749197
N4817HD,0.36626286548268705,0.5732018125570554,0.0460101006620311,0.010716046769825564,0.003809174528400993
N4818HD,0.8859709966363363,0.10695557444260742,0.004243463384443568,0.0018463896680982234,0.0009835758685144385
N4821HD,0.028777368495175256,0.9242944098499891,0.042204132372407305,0.003957038847265762,0.000767050435162493
N4830HD,0.8575609453890841,0.12998004423819548,0.009656506901536271,0.002172887760258059,0.0006296157109260447
N4748HD,0.8708297719297734,0.12344656560340753,0.0033358474422684895,0.0017151380414473386,0.0006726769831033168
N4684HD,0.8529692768987905,0.13805464207619303,0.005616077720174684,0.002526945119656127,0.0008330581851855134
N0389HD,0.02752785522904634,0.9076691067902324,0.05869599118082938,0.0049257110125169815,0.001181335787374902
N4796HD,0.3111018497760859,0.517170907791788,0.13327774132930312,0.03177003788043682,0.006679463222386223
N4834HD,0.0052056037239381165,0.025465355451007143,0.39398994470090276,0.5562528851737487,0.019086210950403148
N4835HD,0.08001557373349016,0.8848473678414991,0.03177356315435515,0.002720108531896241,0.0006433867387593377
N4837HD,0.5679078095023616,0.41766853680674665,0.011520993448898117,0.0022008232284126336,0.000701837013581011
N4838HD,0.06765048020488275,0.8803618628144093,0.04621459468220313,0.004228543422604112,0.001544518875900499
N4839HD,0.04940180351621097,0.6677123033873141,0.2439889728988748,0.0316050797133626,0.007291840484237478
N4842HD,0.7340911086755548,0.24303918322398615,0.016481222876964737,0.004875971831267046,0.001512513392227521
N4844HD,0.9350599558920066,0.06194760301992946,0.0021743085781158653,0.0005984122417057406,0.00021972026824240948
N4846HD,0.14735882414945098,0.5418099240388766,0.24005460189927175,0.05332853475002734,0.01744811516237344
N4847HD,0.7937761212915497,0.19668237864777788,0.0070445855992296,0.0018990213585427997,0.0005978931029000772
N4849HD,0.39276084234040737,0.562786431462221,0.02811699544803701,0.012898414094375503,0.003437316654959174
N4852HD,0.056525119652116006,0.7482290463587495,0.18039588128072945,0.011852388202505995,0.002997564505899037
N4853HD,0.6085974074952757,0.3608392925457964,0.024317983033333726,0.004748737000578766,0.001496579925015328
N4856HD,0.8824973487492471,0.11171391000389763,0.0038787809905484424,0.0014577266898305708,0.00045223356647629953
N4858HD,0.8917309328739453,0.10037170802272204,0.0052020559115286994,0.0019015659341607358,0.0007937372576431934
N4860HD,0.2011510668096671,0.7105037947884969,0.07396198976014473,0.010303004280355476,0.004080144361335954
N4861HD,0.820421537158935,0.17364954101071636,0.0043366360146934665,0.0011629247096384692,0.0004293611060167789
N4863HD,0.5595141226347367,0.4229233740895069,0.012614290325242436,0.0037032956343484996,0.0012449173161654483
N4864HD,0.6513416091194085,0.33400335301265066,0.011362350732367507,0.002402263696209075,0.0008904234393642315
N4866HD,0.8337690848626669,0.15090165784788212,0.010685340291767681,0.003530161806374438,0.001113755191308949
N4012HD,0.7182923526651619,0.26119086332589864,0.015808677871601763,0.0034620034902948784,0.0012461026470427748
N4825HD,0.3079709356540293,0.573205258630253,0.07810681532830728,0.029737167745085512,0.010979822642324931
N4875HD,0.03804342643891632,0.35463516357099834,0.4726892793429938,0.11068440611485321,0.02394772453223818
N4878HD,0.03150195405303748,0.15166992093296858,0.4116870588672193,0.2936829569690912,0.11145810917768352
N4883HD,0.0404310564988332,0.6575095856751417,0.27091312680221846,0.026641266579976477,0.004504964443830114
N4884HD,0.6358833294087747,0.33011652544882814,0.027097939075158724,0.0056463026836869375,0.0012559033835515252
N4887HD,0.1763952896801804,0.7544373602931531,0.06158308104715671,0.005830658265670215,0.0017536107138396934
N4891HD,0.7114829229186531,0.26320287282348054,0.019651455167707093,0.004561040993163785,0.0011017080969954742
N4892HD,0.11385415922998822,0.7632812032448116,0.10602390863851321,0.013993185463574868,0.0028475434231120364
N4895HD,0.8351376362277062,0.15454002737452716,0.00721675652914598,0.0022674726984644638,0.0008381071701562304
N4899HD,0.7264334759882055,0.2581942702524581,0.01038878005692347,0.00363017264814224,0.0013533010542706298
N4898HD,0.4931951726498365,0.46047517447847497,0.03717737459220144,0.007053490367607079,0.0020987879118800528
N4902HD,0.6392995686047763,0.3196169478147698,0.027506037372018816,0.010555207136370556,0.0030222390720643856
N4904HD,0.13778130213919973,0.6209106102409214,0.2085598385601267,0.023351329583036123,0.009396919476716009
N4906HD,0.7740732994648091,0.2119598319448863,0.010299717536400738,0.0026708045354223416,0.000996346518481381
N4909HD,0.7459018069761006,0.2376074320454036,0.011269202258565586,0.0035891464934918586,0.0016324122264383396
N4912HD,0.6859022481028316,0.29417096458992503,0.01569402969488631,0.0032297075738822686,0.0010030500384748688
N4913HD,0.6322577607739872,0.3466395078972447,0.017953111612617614,0.0024832894652927024,0.0006663302508580761
N4914HD,0.11759558208267135,0.7435412712920736,0.12059167973974699,0.015683337778361603,0.002588129107146497
N4908HD,0.8854203058501853,0.1101500350604551,0.003295990657739679,0.0008027145090254918,0.00033095392259463745
N4937HD,0.8614816479349011,0.132845992522264,0.003628308760008784,0.001422420785733455,0.0006216299970926465
N4938HD,0.8909157813962534,0.1047941478975473,0.0028685809580050927,0.0010566114710040461,0.00036487827719019925
N4949HD,0.8674865888330402,0.12270414821197749,0.006830676696636796,0.0021386774557028507,0.0008399088026427116
N4952HD,0.8049077087550707,0.17579848937339068,0.01325226454125632,0.004660556910090082,0.0013809804201919942
N4954HD,0.629177235676832,0.3421991459874656,0.02240800913217098,0.004878783367544568,0.0013368258359868147
N7917HB,0.8549405618044287,0.1405570012232675,0.003250044752875476,0.0009217722079319914,0.0003306200114963037
N4951HD,0.7259295961444151,0.262070440859541,0.00905273674575463,0.0020208937410768004,0.0009263325092125513
N0385HC,0.12871102999828415,0.5560861944354987,0.27156585107776265,0.03458311053170551,0.009053813956748992
N3920HD,0.3072937375807114,0.6027639524846681,0.07700170228251314,0.010690971829870723,0.0022496358222368145
N9498GW,0.7538555023568456,0.23230341213470002,0.010088545768597164,0.0028888371094263413,0.0008637026304307914
N4961HD,0.893122535933984,0.10314021024700008,0.0027562062096831846,0.0007368476360369022,0.00024419997329589886
N4965HD,0.2761804082993564,0.567233469686546,0.1362746351537484,0.017376769951875704,0.002934716908473426
N4967HD,0.6628365422156902,0.2791586569025712,0.04075019129103924,0.013674614483750621,0.003579995106948725
N4968HD,0.3957491834162555,0.46785592288043637,0.07946014307731765,0.0431840034041301,0.01375074722186039
N4973HD,0.8317912905070612,0.1561711415992315,0.008480868145702173,0.0027832755191269667,0.000773424228878092
N4976HD,0.0214347199200985,0.27463600340812694,0.6120523775357617,0.07772459877223195,0.014152300363780849
N4977HD,0.24710808037757798,0.6817630460932314,0.06160555712148282,0.007387295291769499,0.0021360211159384126
N4978HD,0.7155653652515136,0.2498059943039738,0.022348503098170863,0.009592698553234196,0.0026874387931074693
N4982HD,0.4409257325545804,0.4746327140100507,0.061715677543664076,0.01795248881207926,0.0047733870796255375
N4983HD,0.09979253585342228,0.5031841559982908,0.2712611903065179,0.11174309444025379,0.014019023401515143
N4984HD,0.8350001954106363,0.15933628556988133,0.004211716735291634,0.0010256494111289206,0.00042615287306155275
N4992HD,0.014908380400268704,0.16789284412260716,0.3295500815647077,0.43159012963218657,0.05605856428022994
N5000HD,0.629971947433354,0.3107152000432686,0.040777710417174956,0.014956412832584719,0.00357872927361774
N5006HD,0.5293906213572125,0.4429816906204462,0.02182977828050346,0.0045832432910131215,0.0012146664508246232
N5007HD,0.7312302040966322,0.2463812086641124,0.016275023317989176,0.004677691168222648,0.0014358727530438076
N5008HD,0.15697093603268752,0.6682415325891407,0.156951721209157,0.015335370684394745,0.0025004394846201068
N5011HD,0.2166007268919027,0.7191966979368764,0.05227829436497222,0.008976826974717021,0.002947453831531722
N5020HD,0.6359619048162575,0.3364367592831741,0.01976644216278022,0.005508082417278568,0.0023268113205096317
N5024HD,0.85063555103233,0.14047412656735245,0.0067658587254170385,0.0016517377601509892,0.0004727259147494017
N4826HD,0.8924164994865621,0.10061381887720557,0.004424367307416178,0.001865499568545642,0.0006798147602706905
N5032HD,0.8330767541507247,0.15466202998629897,0.009406836238559148,0.0021719146531147034,0.0006824649713025695
N5041HD,0.8953668089997806,0.09901019039742376,0.0037556639732790977,0.0013324035097142604,0.000534933119802286
N5043HD,0.9430097542035971,0.05142403161623308,0.0038794439459461307,0.0011332807709186644,0.00055348946330518
N5044HD,0.3334830566161772,0.6023445385805223,0.04408040948227809,0.014959510212858863,0.00513248510816348
N5045HD,0.7788386302317701,0.2065008342082718,0.011346156704642072,0.0024407611125633814,0.0008736177427528362
N5004HD,0.8792571016978596,0.1102309687242333,0.007395883034708638,0.002277436651073603,0.0008386098921248532
N5055HD,0.5815071055626093,0.3544276938709382,0.04638016850169235,0.014823896668906652,0.0028611353958536627
N5056HD,0.16823801172196723,0.4064635348722876,0.31579149293257314,0.08707654638823754,0.022430414084934548
N5057HD,0.7949457602371205,0.1941735266044342,0.007938401381889748,0.0021124968871904597,0.0008298148893651968
N5059HD,0.5307207937377679,0.39974854626135664,0.05285473945883498,0.012607992130157291,0.004067928411883201
N5061HD,0.6523244694745334,0.3169490247500732,0.02350966906396079,0.005294300476653774,0.0019225362347788642
N5018HD,0.8853025029224922,0.10908016055171163,0.003302909041119085,0.0016611429339972042,0.0006532845506798372
N4896HD,0.627622302478866,0.33790753262813894,0.02822239646333988,0.00494723569559337,0.0013005327340618127
N5064HD,0.7622106104056542,0.21525643539865236,0.016509905278398324,0.00488494942613679,0.001138099491158238
N5065HD,0.72580611727726,0.25093511433462046,0.016401450266417057,0.005298266965021505,0.001559051156680989
N5067HD,0.23929899537629634,0.5928612708308493,0.13321284372735964,0.028518103087993015,0.006108786977501962
N5070HD,0.04411671513523548,0.52203424631695,0.3865634168489582,0.04095649846245844,0.00632912323639801
N5071HD,0.14315289634432682,0.7524055804048015,0.0923620053174589,0.009335518865149134,0.0027439990682638082
N5072HD,0.14508439997991257,0.7383451837879046,0.10269491267246139,0.010492944246542216,0.003382559313179266
N5074HD,0.776332809517603,0.20249429162515628,0.0162243253077323,0.0033220864407655344,0.0016264871087429398
N5075HD,0.9270014598085625,0.06910103600661172,0.002391723218680054,0.0010918120656064018,0.0004139689005393063
N4923HD,0.7737404847536115,0.1983941193028349,0.018287554507309126,0.006882807546627882,0.0026950338896166628
N5076HD,0.71791881644848,0.268271948029184,0.011058490655042844,0.0020635671352973194,0.000687177731995903
N5079HD,0.03595114807102595,0.3016378490322887,0.4639262771078872,0.1767565057901282,0.021728219998669994
N5080HD,0.5416461493125777,0.43319249497421797,0.017308251326520547,0.005399405651950259,0.0024536987347336617
N5082HD,0.7965343061640314,0.1776461286518163,0.017133565750429295,0.006333903314603666,0.002352096119119309
N5083HD,0.7190165038869206,0.24514223494035808,0.025365269704914106,0.00900483740431712,0.0014711540634901106
N5085HD,0.11094022329452956,0.6297516245792603,0.2247684928973857,0.028104959693987974,0.006434699534836564
N5051HD,0.367119589707806,0.6023805137490382,0.026995146913862112,0.002544007378734872,0.0009607422505589111
N5039HD,0.04357331634152661,0.2718219657251055,0.44019520819689284,0.20965466911726047,0.03475484061921465
N5088HD,0.887241039585071,0.10819580209367688,0.0032509123402277534,0.0008874800107346036,0.00042476597028989126
N5091HD,0.05835208625200434,0.9231364041168297,0.016745746936278286,0.0013987981096329667,0.00036696458525461485
N5093HD,0.009405262470698736,0.049137912381703445,0.21170249848548617,0.5632764010875537,0.16647792557455784
N5100HD,0.01489812353648195,0.12535170484560842,0.444473189703421,0.37887016655730266,0.03640681535718605
N5103HD,0.07073816726407732,0.3382714505064916,0.38841340297780996,0.15002556914555218,0.052551410106068897
N5104HD,0.9569716159912779,0.040436616632777166,0.0018821569132203171,0.0005008714920726843,0.00020873897065181417
N5105HD,0.7687673784722113,0.20538864573585436,0.015538380701719557,0.007475369642180639,0.002830225448034043
N5106HD,0.6828604749112002,0.2934018362636931,0.01759149010828264,0.004623793722892435,0.0015224049939315978
N5109HD,0.44904392407857047,0.5296378346338113,0.01858556566574288,0.0020047625819167854,0.0007279130399586427
N5112HD,0.5401714827411563,0.40919469289695287,0.04023015768684323,0.007924665382705915,0.0024790012923417023
N5115HD,0.8481359195496041,0.141519130078189,0.007484402686716856,0.0021342417757480524,0.0007263059097420344
N5120HD,0.008168804544602889,0.05135709206805621,0.28266124830508693,0.5811413985750962,0.07667145650715794
N5121HD,0.47904889353201924,0.47049167736119557,0.036457165366953107,0.011339457529335514,0.002662806210496496
N5122HD,0.5159929648414137,0.38442229411163137,0.076982724826483,0.01985555592557233,0.002746460294899705
N8305HB,0.8740918607608664,0.11948466599835549,0.004228851020027659,0.0016632573434470558,0.0005313648773035645
N5126HD,0.04996591674473511,0.2812658406581335,0.3590238773911635,0.2502334959178737,0.059510869288094306
N5128HD,0.888262058742258,0.10660048968376297,0.003711646576691773,0.0010278907547590925,0.00039791424252804433
N5133HD,0.01570263953927257,0.10151593251137361,0.49198853295828493,0.34182042779019994,0.04897246720086893
N5135HD,0.8247110751598027,0.16096572313107466,0.010616403377279104,0.002918845398749605,0.0007879529330940642
N5143HD,0.8550704081791618,0.1381520405093052,0.005180394894418935,0.001169440193924402,0.0004277162231894025
N5144HD,0.35068064729267523,0.5539017505952978,0.08008387062977394,0.012168999001904256,0.0031647324803488635
N5149HD,0.20737882818418907,0.5988501542254266,0.15311952564156125,0.03316405848062573,0.0074874334681972726
N5152HD,0.32042048016526053,0.6116504218104623,0.05964522285775347,0.0068274918171824005,0.0014563833493412071
N4394HD,0.1336125495734668,0.39265021455749644,0.3433904870873515,0.10496911575144086,0.025377633030244377
N5029HD,0.14344982709865037,0.6029434328300185,0.18926987745730414,0.05021738505074495,0.014119477563282093
N4368HD,0.9208708027602418,0.07519334000541368,0.0026389078732706444,0.0009909115000433521,0.00030603786103045906
N5013HD,0.26356765256519527,0.6094529634000239,0.09058631740204891,0.026512725071314098,0.009880341561417897
N5153HD,0.29546787535628044,0.5851322196261016,0.10305126351242506,0.013100480866968795,0.0032481606382240053
N5157HD,0.8507110221145617,0.14070449526401954,0.005334505677739226,0.0022661507718353254,0.0009838261718440196
N5170HD,0.6720478731499513,0.29793670274843265,0.02313499687142669,0.005218939480697161,0.0016614877494922084
N5172HD,0.8463317777954391,0.1414670407333298,0.009020927548546347,0.002301677676944832,0.000878576245739822
N5173HD,0.6475598778296655,0.3207874566003694,0.02456794035546941,0.005352425797518866,0.0017322994169767143
N5147HD,0.6154096732284662,0.3590257425824001,0.017372004156745034,0.005555378491143111,0.00263720154124544
N5178HD,0.765160286641389,0.21117004922413068,0.01801704450135517,0.004235354141948258,0.0014172654911769962
N5180HD,0.5128312352830058,0.4463107471077096,0.030751384667075717,0.007728871761228225,0.0023777611809805096
N5181HD,0.2448611214083725,0.5554212179063444,0.16193625286816685,0.031749414729664534,0.006031993087451791
N5182HD,0.9192586624139518,0.07694645704110863,0.002590123849357602,0.0008427792916606635,0.0003619774039212844
N5183HD,0.11021656096086875,0.8574511828831777,0.028823762870433665,0.002791044643145845,0.0007174486423740426
N5185HD,0.226577891322343,0.44161951673007027,0.25587912032545185,0.06541550518239465,0.010507966439740262
N5187HD,0.14243484684591035,0.47447732958516026,0.2731471854163546,0.07819369007628338,0.03174694807629144
N5188HD,0.1695919346327994,0.5191375084684076,0.17184028307462895,0.12066990228823112,0.01876037153593301
N5190HD,0.011395791966883027,0.07575397015919526,0.39799641437790045,0.4726342126020347,0.04221961089398657
N5192HD,0.6325426524219944,0.3579202266398996,0.008074054394101644,0.001069945276565902,0.0003931212674385275
N5193HD,0.6960600530085987,0.27389316336703845,0.024323764438109845,0.00431148010681893,0.001411539079434084
N5197HD,0.8674290986200301,0.12439771336251981,0.0066351194386577075,0.0012045349377075092,0.0003335336410847924
N5198HD,0.1976008420144623,0.4664025083608104,0.20389237651818878,0.0987212789266694,0.033382994179869126
N5199HD,0.6096498516800535,0.31063654947664177,0.06251319631108813,0.014017375018427179,0.0031830275137894742
N5200HD,0.6968959318931067,0.28173039271841593,0.015896514001049404,0.0038755444966844456,0.0016016168907436333
N5203HD,0.033329198253110266,0.13279873244252988,0.3601680851229426,0.39190879022026,0.08179519396115721
N5209HD,0.044572589532657296,0.3062354620418685,0.4567172558053079,0.17277660032901268,0.01969809229115353
N5212HD,0.8313774539532558,0.16094508786531445,0.005877476324374408,0.0012540676932248278,0.0005459141638305831
N5215HD,0.4608867256765293,0.49634091847638556,0.03348224603119525,0.007318843100765788,0.001971266715124167
N3574HD,0.8452605850407964,0.13980171825363258,0.009417663240346024,0.0036319484634072426,0.0018880850018177689
N4760HD,0.09530893441679122,0.4460877239045373,0.32161669979100954,0.10109656415239959,0.03589007773526229
N5225HD,0.8220492808679962,0.16873998722134256,0.006785254808930862,0.0018964135185718686,0.000529063583158564
N5226HD,0.5313768058088174,0.40474071793871114,0.04845594095794347,0.012319015353971492,0.003107519940556497
N5227HD,0.7355674643722305,0.24290384873759244,0.01511460498542381,0.004646659871071038,0.0017674220336821409
N5233HD,0.014169580134231214,0.08359722840953288,0.31261732596419606,0.40267146207978943,0.18694440341225038
N5238HD,0.8736063518087579,0.11107051957478478,0.009450450990389747,0.004032725358737102,0.0018399522673304264
N5241HD,0.7707924568124986,0.21050948725853727,0.014297745647050684,0.003136157022322229,0.0012641532595911201
N5243HD,0.008996074227349545,0.06333318494303099,0.42916405905279,0.46954164328160575,0.02896503849522363
N5246HD,0.8027360003974012,0.17761004552115386,0.011291880776951438,0.005460303677017769,0.002901769627475714
N5247HD,0.004118086812460382,0.018807607067617464,0.3159077159804973,0.6470492487982384,0.014117341341186319
N5248HD,0.6549678254431905,0.29034101446830085,0.04008719502396416,0.011601844086825007,0.003002120977719429
N5253HD,0.5526200148229604,0.4078987165428025,0.027099936122898377,0.008533309296723636,0.0038480232146149403
N5257HD,0.03308396310738605,0.13781745429086778,0.3097296375054545,0.4108983914251894,0.10847055367110221
N5259HD,0.03141499046044186,0.13048688048197724,0.4385769990735564,0.2701541843562769,0.12936694562774764
N5262HD,0.10270126476978012,0.6546011394837474,0.22124455306233978,0.01795809384141777,0.003494948842714797
N5266HD,0.14533387799281142,0.6939707038873154,0.14437104553472932,0.013935226469960971,0.0023891461151827696
N5270HD,0.684556234527921,0.2935020201112768,0.016675167485056073,0.004016169122499493,0.0012504087532465777
N5271HD,0.39026751473077076,0.5150999529151816,0.07391074981052544,0.015886636688458,0.004835145855064176
N5273HD,0.8252909964235959,0.15924287463086254,0.01038850851504571,0.0034480111317106814,0.001629609298785148
N5274HD,0.8953812223186132,0.09792493553514067,0.004931856852430676,0.0014016473166666744,0.00036033797714884325
N5211HD,0.2404367626556354,0.5868067180485532,0.11966708588907676,0.04639340786680799,0.006696025539926493
N4843HD,0.5263406090768757,0.3995404002763671,0.0528125162373018,0.01630874589890616,0.00499772851054915
N5287HD,0.6711864354623004,0.2916979911579071,0.0290205609050931,0.006623428523153781,0.0014715839515456336
N5286HD,0.15798984121769033,0.36543764750917795,0.32436106879086224,0.12413503031350452,0.028076412168765063
N5292HD,0.03620539672974526,0.1377915385035564,0.30937928913230206,0.40851302748405355,0.10811074815034265
N5294HD,0.8371053375355744,0.15463895459882,0.006048132279324797,0.0016138780646390788,0.0005936975216419766
N5296HD,0.3213747018517495,0.5067367738549202,0.12570847252898243,0.03827949707776933,0.00790055468657848
N5298HD,0.7752153269289667,0.20760120519870864,0.012447935685458935,0.003671136803174918,0.0010643953836907878
N5303HD,0.7893499070227799,0.19497980593103398,0.010546818125031904,0.003878553461383698,0.0012449154597705522
N5305HD,0.10324274005072225,0.45414886720269493,0.3536505838606483,0.06864077417605129,0.020317034709883226
N5306HD,0.8499189234994607,0.13933537905790516,0.00824956415135515,0.0018137317631393356,0.0006824015281394395
N5307HD,0.05481586887625125,0.4067954933495009,0.39549621043919675,0.11252773010966545,0.03036469722538573
N5311HD,0.24931551305451638,0.5763008923396316,0.14934385204596315,0.021516565502528107,0.0035231770573609274
N5314HD,0.8179979993927866,0.1709813966400184,0.007414658191414287,0.0026431182914793353,0.0009628274843013719
N5073HD,0.09306162655081489,0.40331966637137473,0.3655267745276354,0.10929710709613649,0.02879482545403843
N5277HD,0.061542994520875374,0.2569458857709445,0.40424762330032427,0.21509303954973502,0.06217045685812081
N4885HD,0.9223297638652354,0.07090879646718559,0.004526751597530094,0.0015405945608021744,0.0006940935092466471
N5318HD,0.039645055679303494,0.37060208479897433,0.4624091318159876,0.1072838569708796,0.020059870734855028
N5321HD,0.746856078319329,0.23320053864589588,0.014355051376110666,0.004423195452156152,0.0011651362065081803
N5323HD,0.9286981623170261,0.06885931769135377,0.0017247143521633,0.0005143615409617803,0.00020344409849506312
N5324HD,0.7033826198165839,0.26351258006883604,0.024681568758707476,0.005857987881006827,0.0025652434748656464
N5326HD,0.8472296775221819,0.13776154336913776,0.009018941507941918,0.004191206978675555,0.001798630622062831
N5327HD,0.7160033845819209,0.2662177313568756,0.013775193203153673,0.0026944415819967434,0.001309249276053209
N5329HD,0.08525267554753561,0.580117432596312,0.29318612256198406,0.032638220662691626,0.008805548631476725
N5331HD,0.7409928142789874,0.23643709491561113,0.01809281805995148,0.0033915048112441687,0.0010857679342056953
N5332HD,0.7393234339513568,0.2351504017683423,0.017834335369470895,0.0061975591204695086,0.0014942697903604426
N5333HD,0.8175211439139008,0.1746374273737657,0.005777683574833893,0.0015948983045465665,0.0004688468329531124
N5334HD,0.02455716539188056,0.9469512418927017,0.025099314287306777,0.0028410391677850563,0.0005512392603260613
N5338HD,0.02143087815837582,0.10397585537807441,0.4482066630196641,0.30512872596075413,0.12125787748313173
N5339HD,0.0662895622016378,0.47730165232891564,0.3639369782920964,0.07656553987276486,0.01590626730458524
N3820HD,0.030549488336056124,0.13827573612305208,0.3663474349744045,0.3385233782012513,0.12630396236523614
N5342HD,0.7826935368872237,0.2061208558810282,0.008966922513794258,0.0017344605338119538,0.00048422418414204797
N5345HD,0.654353441810573,0.2989715170813279,0.03514607500239391,0.009246123250154633,0.0022828428555507793
N5346HD,0.8008716648800589,0.19083788604405727,0.005848602599717273,0.0017164151128918087,0.000725431363274788
N5348HD,0.02176551753748943,0.16925760132329998,0.26776911091749583,0.441130242194869,0.10007752802684568
N5351HD,0.7168346086095722,0.23439811985517242,0.039437340666212885,0.007675792109977227,0.0016541387590653259
N5354HD,0.0049084882843710475,0.020518120899021285,0.29954722440253284,0.6590367711171695,0.015989395296905316
N5355HD,0.5361697817129308,0.44835724080060346,0.010843732111930557,0.003223421933205735,0.0014058234413293709
N5362HD,0.8854766699794797,0.11014014664682237,0.002985620041777787,0.000965856178666687,0.00043170715325341016
N5364HD,0.7242375603232656,0.251092279673515,0.018972844274487696,0.004295861181140675,0.0014014545475912116
N1264HD,0.03637063887590535,0.8258849288464337,0.12444951953650916,0.01126257165600732,0.002032341085144511
N4985HD,0.28839961017281934,0.5810139659527269,0.1012249056995029,0.021671345399364526,0.007690172775586193
N5368HD,0.00905160921617362,0.06814887872091863,0.43883395411856413,0.4334238847342113,0.050541673210132525
N5371HD,0.8416594400749318,0.14538008757923343,0.00817238786914773,0.0034333988344330195,0.0013546856422540607
N5372HD,0.7176985837329366,0.2693004625817579,0.009803201746084813,0.0024449765188849976,0.0007527754203356086
N5373HD,0.5424690740930493,0.4424237195897249,0.011003583724100721,0.0031693902002443847,0.0009342323928806867
N5374HD,0.5546758406136899,0.4131806367729866,0.027284289578568686,0.00380458337786203,0.0010546496568927775
N5377HD,0.7326905141443999,0.24151827798886155,0.019965789568131057,0.004360936916789279,0.0014644813818182022
N5379HD,0.7210935790200336,0.2540719757235846,0.018729414472208043,0.004821548950707034,0.0012834818334668857
N5381HD,0.09620615718984032,0.3314399538686722,0.2937256816939437,0.21523930191480325,0.06338890533274036
N5383HD,0.1439734210225782,0.40036665567588,0.2706879307288184,0.15545288972660945,0.029519102846114028
N5385HD,0.8664766999340325,0.12988735270451568,0.0025936095618454657,0.000747553937011789,0.00029478386259458654
N5387HD,0.03880876916849179,0.23529700162558775,0.41394506829378697,0.22537375432519904,0.0865754065869345
N5388HD,0.04834593924574003,0.2518723155713501,0.3341223893750105,0.3209577181193001,0.04470163768859926
N5389HD,0.034976502698748954,0.7474054071600675,0.20071067729297315,0.013261412873118824,0.0036459999750916676
N5391HD,0.5324898688647829,0.4272330702804942,0.03178114890421131,0.006639857731742352,0.001856054218769386
N5393HD,0.44123909583531923,0.531320856320474,0.022166114135512723,0.004010711783018699,0.0012632219256752716
N5395HD,0.6774001725836946,0.28923893150442226,0.02553898199889018,0.006311211014801909,0.0015107028981911521
N5397HD,0.7439380442788306,0.23277144824719648,0.017493744883266753,0.00448898995639564,0.0013077726343105345
N5398HD,0.743785450181365,0.23291851652291723,0.01764171586290899,0.0044147237582648005,0.001239593674544164
N5386HD,0.09820910823550696,0.7280630587697868,0.1621316097231492,0.009409098673859901,0.002187124597697048
N2483HD,0.8178967593445069,0.1697178501035249,0.00787358646879605,0.0030212823586086603,0.0014905217245634573
N5402HD,0.8077599913320523,0.17972056452419488,0.008973004319362269,0.0025208049522063777,0.001025634872184219
N5404HD,0.5855113202159679,0.36694532166238225,0.037199856057986314,0.0085429091345089,0.001800592929154792
N5405HD,0.9114213531330724,0.08470942841912285,0.0026652531353414406,0.00089887437694292,0.0003050909355202615
N5407HD,0.22351277555696222,0.49093453833563316,0.2008705861843949,0.0703283063928456,0.014353793530164027
N5414HD,0.5151134149673385,0.4730083067222502,0.009436579159600748,0.0017836325287284938,0.000658066622081899
N5415HD,0.7843102626052404,0.2067320560404484,0.005774705809563894,0.0023814711672454658,0.0008015043775019186
N5416HD,0.13109748848089395,0.7954984520685207,0.06147235599478045,0.008797186827462618,0.003134516628342166
N5421HD,0.7327414360625517,0.24658279552112977,0.015087255664520854,0.004762849560817643,0.0008256631909800735
N5430HD,0.7861190133087371,0.2003014669616933,0.009200933943337925,0.0033588047393671465,0.001019781046864574
N5431HD,0.05336336394087854,0.8025380572862324,0.1326540204985371,0.009489412056057753,0.001955146218294386
N5432HD,0.7325764234945972,0.2436989241189723,0.017792545267574917,0.00467847523353488,0.0012536318853209984
N5437HD,0.7815203133224252,0.20199496585034535,0.011586534045098495,0.003706422590610649,0.0011917641915203947
N4225HD,0.4000166054386896,0.5380645827357735,0.050789377417187545,0.008632811451029544,0.002496622957319726
N5123HD,0.5148986054403811,0.44972179290456027,0.026116471434521043,0.0071158623097598815,0.0021472679107777167
N9187HC,0.043133271021682344,0.24408372711747922,0.30826844560239985,0.33005827484219363,0.07445628141624495
N5439HD,0.2049456787077053,0.5493015045235248,0.1629130766262235,0.07018184747192133,0.012657892670625082
N5440HD,0.09122643578833745,0.6791748151360585,0.21039687575809682,0.01540667183835784,0.003795201479149569
