ncode,proba_0,proba_1,proba_2,proba_3,proba_4
N4541HD,0.6713650991867104,0.2985435815267162,0.021188089617590156,0.006209986952542218,0.0026932427164409697
N4397HD,0.006691838366564474,0.03615710394970746,0.35557684135435724,0.5694014755344035,0.03217274079496733
N4544HD,0.8799905976071568,0.11497850713280476,0.003297501026358956,0.0012624628935758758,0.00047093134010349285
N4545HD,0.08278392092449605,0.23598753986082974,0.39807336709787466,0.22107456202486386,0.06208061009193568
N4546HD,0.13475493652900253,0.7947695315421199,0.06381114266612489,0.005102825250797781,0.00156156401195486
N4550HD,0.846860906205688,0.14643004170700616,0.00397596064118726,0.001880937935359684,0.0008521535107588354
N4551HD,0.7667224176176443,0.22296349596693538,0.007735765318809274,0.0018588940423832955,0.0007194270542276883
N4554HD,0.07661517451729856,0.6634598754989494,0.22796631179179697,0.024855169803676136,0.007103468388279014
N4555HD,0.5129807531858118,0.44436035132041907,0.033864521254374086,0.007021334456441379,0.0017730397829536773
N4556HD,0.32426854909834046,0.46168988447662307,0.15051810445936975,0.052039034261561486,0.011484427704105358
N4563HD,0.41916998602763367,0.46575707502929337,0.09347772159652558,0.01731469836987363,0.004280518976673647
N4567HD,0.903024456329109,0.08876313889774193,0.004984786609399313,0.002046897937713732,0.0011807202260361936
N4561HD,0.8137257502329911,0.18023156998299378,0.004025143549998434,0.0014019857315007926,0.0006155505025158906
N4571HD,0.3097613570972366,0.6235673642155479,0.04965645098534932,0.012528265891678525,0.004486561810187597
N4574HD,0.9424944991874599,0.054486800175057304,0.0018136303114303972,0.0008217327219826101,0.0003833376040698027
N4575HD,0.49178062147041435,0.46322977790855024,0.03538908486226699,0.0074406103099302805,0.002159905448838185
N4579HD,0.20072076031616293,0.6296719126689279,0.12983294904755763,0.03126006731709145,0.008514310650260103
N4581HD,0.16651631606927134,0.7273904894137138,0.09601337947739859,0.007561099027591197,0.0025187160120251017
N4584HD,0.16015287442689205,0.7758626167112523,0.05701337722907689,0.005319160701220124,0.0016519709315586985
N4578HD,0.7936138585084603,0.19888401991824833,0.005470623959869514,0.0013785431278638526,0.0006529544855577552
N4590HD,0.16648277283496482,0.7477191514045535,0.07617487790992675,0.007788236166518265,0.0018349616840367545
N4593HD,0.02733895867257116,0.23835119296874763,0.4247586591576374,0.27653076313426483,0.03302042606677899
N4151HD,0.12812649958434935,0.4664486318057497,0.2280137586480763,0.1372825531925285,0.0401285567692962
N4594HD,0.8167968224902519,0.17413756802370692,0.005743701226369719,0.002282749662522879,0.0010391585971485393
N4600HD,0.3364511512920965,0.6072840043558346,0.045908405645525105,0.007855156317794636,0.0025012823887490742
N4605HD,0.07529419604906905,0.37983002044272285,0.4640684352852488,0.07214555058686851,0.008661797636090745
N4612HD,0.34931278422787376,0.5031720735263613,0.11383746150653705,0.027612590566277746,0.006065090172950078
N1701HC,0.22643239156501022,0.6431355388767904,0.09513624519901474,0.025418320605800012,0.00987750375338442
N3705HD,0.006653178537625644,0.029290998793230785,0.16498537135760702,0.4282025567999402,0.37086789451159635
N4589HD,0.6322730449158438,0.318893313532475,0.03308162039473862,0.01206793381955985,0.0036840873373826825
N4339HD,0.9199536192102838,0.07518950141143456,0.002746727058050885,0.0012995274362774699,0.000810624883953309
N4615HD,0.015632810036597188,0.11018350400521736,0.3688795253669407,0.4038672120967599,0.10143694849448487
N4618HD,0.8903099949179125,0.10126154703883901,0.005038985046278829,0.0023682005260367914,0.001021272470932854
N4624HD,0.5400199579431576,0.44879482760136824,0.008640200864253121,0.00188123605994138,0.0006637775312797343
N4626HD,0.8309134215134079,0.1502603631189034,0.013610844316694602,0.00395429345381226,0.001261077597181848
N4628HD,0.0798585914113122,0.5584470250698608,0.2992510496197385,0.04782781634404474,0.01461551755504394
N4638HD,0.06514884378733574,0.24327944216711178,0.30474330486831674,0.3134667100811463,0.07336169909608944
N4639HD,0.8037678989197651,0.17597472286558596,0.013634142645289837,0.0043641744635997395,0.0022590611057592296
N4642HD,0.9201160832466734,0.07591884988914795,0.0025976981837310996,0.0009431641389928554,0.00042420454145492
N4646HD,0.9355797990342796,0.06080957745485711,0.00247638603103971,0.0007409713671303351,0.000393266112693135
N4631HD,0.8625504796176747,0.12762357861135756,0.006763289511502656,0.0022456049644951513,0.0008170472949699196
N4656HD,0.028405372808065935,0.12110642775341103,0.4138903742269268,0.33479117927946384,0.10180664593213247
N4658HD,0.8107040205894452,0.17196279255751182,0.012000046824718768,0.003724064296686895,0.0016090757316372588
N4661HD,0.857810833988034,0.13123832209537364,0.0072348416568196626,0.0024891718557020583,0.0012268304040707043
N4665HD,0.8169050717177048,0.17084884452288251,0.008883033000502041,0.00245440054642761,0.0009086502124831076
N4667HD,0.8631943928708932,0.128285621722746,0.005161658152222097,0.0021708228205993673,0.001187504433539351
N4669HD,0.7173744711165252,0.2691534485723375,0.010102466260772353,0.0023166167744466904,0.0010529972759183365
N4673HD,0.21358720344156787,0.6284272280831374,0.1337625878896359,0.017704559432841285,0.006518421152817508
N0760HD,0.07762200941382043,0.6444889670627906,0.2468144781936507,0.0255916077838324,0.005482937545905901
N4672HD,0.6401704205179412,0.29332489527036487,0.04789455409324648,0.015012685820180768,0.003597444298266726
N2593HD,0.9027268745107255,0.08853377073840966,0.005548450364314002,0.002099849257660713,0.0010910551288900443
N4677HD,0.1558066600887983,0.6492052060155082,0.17156057678735023,0.01966962800316422,0.0037579291051792196
N4680HD,0.1720911766575172,0.64479118630885,0.155872644996868,0.01948409952660631,0.0077608925101585145
N4688HD,0.013529379565624139,0.06706839722423527,0.4257953263594105,0.41384980412878614,0.07975709272194391
N4689HD,0.8466317555680087,0.14369852745760153,0.006491773135581902,0.002157453219746313,0.0010204906190615566
N4691HD,0.20146454983929898,0.4228125934932571,0.22231769593541376,0.11342650720518532,0.039978653526844696
N4692HD,0.5955198627244119,0.3656786065676617,0.025147937541405426,0.009350886757758099,0.004302706408762857
N4694HD,0.030050857452208084,0.19864329947571097,0.5277825792589188,0.2137597069001585,0.02976355691300358
N4695HD,0.06754056063351974,0.6729901408845695,0.2307831351542191,0.024262686934949176,0.004423476392742444
N4699HD,0.44754758694681696,0.4926862458643843,0.046525292450738234,0.009750168359400919,0.00349070637865956
N4703HD,0.4431278569731993,0.3579649704858665,0.11223220011377842,0.06908882332714818,0.017586149100007636
N4704HD,0.003516012249303781,0.015684033766974876,0.39587601980311915,0.5652348205012347,0.019689113679367463
N4708HD,0.9352684847068672,0.06139536982643334,0.0021589241199361942,0.0007897970308503468,0.00038742431591303947
N4714HD,0.5784193352550067,0.3817414219360523,0.024853696889677687,0.009987511645641297,0.0049980342736219135
N4721HD,0.08039541647255467,0.4837413130696918,0.30308426110226067,0.1150657133023187,0.017713296053174114
N4722HD,0.8368481023223827,0.15765264901000325,0.0036089994192825534,0.0013528605637523373,0.0005373886845792551
N4724HD,0.15470574280906543,0.6937838874274036,0.13437595957942958,0.013697649336173123,0.003436760847928311
N4726HD,0.07077740030069879,0.7213825803976154,0.18468683980665923,0.019183996412829835,0.003969183082196826
N4735HD,0.7359258445830871,0.2569843034084657,0.0048870969639850746,0.0014926878471210726,0.0007100671973410609
N4063HD,0.39642207086106507,0.5014379394750934,0.06600773085600299,0.02456601999602042,0.01156623881181805
N4712HD,0.774292682721973,0.216116416173081,0.007039207333955049,0.0017919870894338356,0.0007597066815571787
N4738HD,0.21900897208747622,0.6604643782354553,0.08894884607914559,0.023283175460802084,0.008294628137120745
N4740HD,0.05173054787374017,0.22908337656456557,0.398254646775113,0.28275421767962944,0.03817721110695199
N4742HD,0.027641293539106798,0.14252311143844135,0.5197233485793362,0.2363010268913269,0.07381121955178883
N4745HD,0.8259002482374116,0.1618582099597667,0.009066711681009613,0.002403681023644123,0.0007711490981677918
N4747HD,0.8150672704158557,0.16533408974907352,0.012366590069662424,0.005029529225646064,0.002202520539762116
N4750HD,0.7513865564217055,0.22196763386080245,0.017630759204658532,0.006600670589435628,0.0024143799233979466
N4752HD,0.0037918790350339013,0.03568975246529638,0.39243890585768637,0.5273985615046738,0.04068090113730951
N4754HD,0.5849475900865073,0.39970159252383863,0.012370637872134358,0.00231004586397474,0.0006701336535450759
N4755HD,0.2699476119621025,0.5963623913453864,0.10466757507303233,0.021817377705747827,0.00720504391373093
N4756HD,0.5067972319327101,0.45451700843736453,0.029221615783801353,0.006999745806766356,0.002464398039357571
N4757HD,0.8683085359970729,0.12385957085293914,0.005799760596864818,0.0015513307242432373,0.0004808018288798538
N4759HD,0.1877938788229151,0.7372375432584246,0.05970849941764745,0.011087772603613167,0.004172305897399632
N4762HD,0.2184267095471563,0.6551035991224654,0.10927521163271252,0.014193182597619708,0.00300129710004596
N4763HD,0.5714831518093673,0.389963536542357,0.02579452284211733,0.008850988728460064,0.003907800077698285
N4767HD,0.8450384121037746,0.13893300239169237,0.011500003423573551,0.003503661749870481,0.0010249203310890274
N4769HD,0.05647005287443466,0.3468470933418095,0.4797691240803123,0.10646973219192303,0.0104439975115206
N4770HD,0.7846338345657617,0.197554622318069,0.012854493312118418,0.00371398032036597,0.0012430694836849331
N4676HD,0.29538944309077614,0.49014770158672805,0.1628986510466077,0.03786303227258612,0.013701172003302184
N4614HD,0.4936258236851588,0.42946019190360324,0.06145170436075397,0.012407704268355253,0.003054575782128758
N4774HD,0.2510282870581326,0.6549398494057714,0.07422959732731246,0.014584793053505483,0.005217473155277868
N4778HD,0.042060915894901484,0.2149784517519614,0.4821723099997204,0.22548812729757217,0.03530019505584472
N4780HD,0.007152756312006492,0.03367415353474815,0.21280770271532073,0.3914370113139635,0.3549283761239611
N4783HD,0.5700251159299526,0.39804563264900267,0.024819670408687593,0.0051054081788678984,0.0020041728334891295
N4789HD,0.8127210505322263,0.16765962274141366,0.012377869982135692,0.004781137128992992,0.0024603196152313367
N4792HD,0.5137665360298225,0.471311793851432,0.012238734466807932,0.0020609273150873756,0.000622008336850159
N4793HD,0.04038470492373464,0.55895748624349,0.31788677808028565,0.06775639588802912,0.015014634864460539
N4794HD,0.008407409381648983,0.05256203507444811,0.3483262795041555,0.5565387917124185,0.0341654843273289
N4799HD,0.7174227523393348,0.2636879207596517,0.013806318713446538,0.0036600411801174034,0.001422967007449518
N4800HD,0.9105542797780373,0.08374327530421231,0.0033968367209881974,0.0014800919245620478,0.0008255162722001453
N4808HD,0.10987978286268002,0.8147309094581184,0.06699913017574181,0.006611836517914033,0.001778340985545563
N4809HD,0.5939166487549166,0.3663305590401989,0.02803517002252844,0.007179044001615992,0.004538578180739962
N4634HD,0.7073558261457208,0.2565195560154017,0.02386937327681102,0.009515480504506664,0.002739764057559747
N4784HD,0.9019958586762744,0.09052339420594997,0.0047251094768915175,0.0018384142615708926,0.0009172233793134431
N4815HD,0.8582459833551094,0.13682372472595097,0.0033183131842003722,0.0011175586637918386,0.0004944200709471893
N4816HD,0.7748955605213577,0.20606399604837028,0.014334874034058536,0.0035585619188778376,0.001147007477335702
N4817HD,0.32513626352023006,0.6026041679417118,0.05811652998552487,0.01055037633268071,0.0035926622198524977
N4818HD,0.9227632686298576,0.07014966278484365,0.004276814789478389,0.0018732506045315912,0.0009370031912887916
N4821HD,0.021291112839037823,0.9277727004857044,0.04347805805383724,0.006348171896294865,0.0011099567251258104
N4830HD,0.8773812876345634,0.11313406348098484,0.0066969647593221986,0.0019496449066721464,0.0008380392184573938
N4748HD,0.8955031837483578,0.09841169280144368,0.0037855868824298636,0.0015532459763460695,0.0007462905914226322
N4684HD,0.8418509052410897,0.14987748605442816,0.005361102924950755,0.0019241143340690456,0.0009863914454622754
N0389HD,0.024740533217126107,0.901234589534685,0.06575205051200764,0.006666896391224151,0.0016059303449569278
N4796HD,0.33222018406863596,0.535676742647415,0.10268561960935566,0.023520472429543856,0.005896981245049486
N4834HD,0.005481891882701055,0.020519892748731106,0.46399199400381363,0.4929109432479431,0.017095278116811042
N4835HD,0.07028404950202473,0.8953638228371276,0.02997072412761355,0.003547641356775269,0.0008337621764590162
N4837HD,0.5671836327552323,0.4182955478615201,0.012314695292316302,0.0015424390814905615,0.0006636850094406932
N4838HD,0.11516763774633805,0.8176491231342159,0.05975482769308348,0.005691447947345733,0.001736963479016889
N4839HD,0.04068454673162743,0.669464639111751,0.24629591381595572,0.035957094922756824,0.0075978054179090485
N4842HD,0.7472971384138671,0.23207051963909012,0.014158193387340633,0.004813254184539821,0.0016608943751625018
N4844HD,0.9286971263776346,0.06774012660491524,0.0024291664299827495,0.0007746471346784448,0.0003589334527890676
N4846HD,0.15273419150679546,0.5572110256849752,0.21397036429589456,0.057759117885822185,0.018325300626512657
N4847HD,0.7388127356161859,0.25044487231559864,0.007758091825884777,0.002141474876706238,0.0008428253656243539
N4849HD,0.3094616507636325,0.6080797679195976,0.06293923640075347,0.014234150525219962,0.005285194390796393
N4852HD,0.05036084633151846,0.7214888733424712,0.21007827108271646,0.014333671384977958,0.0037383378583158502
N4853HD,0.6108503384942842,0.3612741406000975,0.021389180063384278,0.004957914247670554,0.0015284265945633617
N4856HD,0.8925778630187976,0.1020098495759944,0.0035234020886215516,0.0012765377443838845,0.0006123475722026123
N4858HD,0.8895024023516406,0.0999253059860918,0.006377424393826113,0.002857974708368009,0.0013368925600735413
N4860HD,0.32290686550290176,0.6180126023251793,0.04732567279316161,0.00847042506635189,0.0032844343124053543
N4861HD,0.8597494820641997,0.13530519939169755,0.0034390991373831983,0.0010070971133053876,0.0004991222934140181
N4863HD,0.4893517374745989,0.49233835413228216,0.012450326214744236,0.004364776179345399,0.0014948059990291937
N4864HD,0.7637115487713834,0.2259077077961933,0.00758677496203713,0.0021036993531945605,0.0006902691171916209
N4866HD,0.8270208927556582,0.16028454755603652,0.0083404291361168,0.0030784327079657727,0.0012756978442229373
N4012HD,0.6382103933246345,0.34019712577851247,0.01582469909774923,0.004018580408623615,0.001749201390480079
N4825HD,0.32716955950186777,0.5664729629844493,0.07900576987207926,0.020151981241423467,0.007199726400180292
N4875HD,0.037001802104118936,0.32482770185314297,0.5022513422442754,0.11258630841340193,0.023332845385060856
N4878HD,0.026676759399497527,0.15089091877477484,0.3779887345717361,0.3421582068873641,0.1022853803666274
N4883HD,0.041291286281323815,0.5275718057540191,0.38868895381624136,0.036958737022577424,0.0054892171258382584
N4884HD,0.6021742218197115,0.35973315927567584,0.028482417898765485,0.0075295885897031884,0.0020806124161440336
N4887HD,0.20880179564002838,0.6926093563078757,0.08603799300509993,0.010274092870657406,0.0022767621763385816
N4891HD,0.7012247334477733,0.2683103911410515,0.023412309110967252,0.005410028124076129,0.0016425381761319567
N4892HD,0.12512885091228643,0.7530991037985777,0.10288615443893993,0.015292396376258968,0.0035934944739369245
N4895HD,0.8302240963976906,0.15872275744609854,0.00760858803742727,0.0025835392471762805,0.0008610188716073289
N4899HD,0.7431557559696071,0.24536097834225712,0.007923368814083882,0.0024406944607027027,0.0011192024133491686
N4898HD,0.48370308540072965,0.46705472552107696,0.03805284380043551,0.008465971806175815,0.0027233734715821794
N4902HD,0.6461870412862408,0.31115239920433757,0.030603794466908325,0.008860926023456037,0.003195839019057202
N4904HD,0.15952546803301515,0.5815866300621384,0.21858901437576816,0.030201311824368932,0.010097575704709299
N4906HD,0.7448586865776194,0.2399817296239352,0.010937074626862841,0.003208905662396851,0.0010136035091856174
N4909HD,0.7636741812282161,0.22051154218777766,0.010573060036185513,0.003308260893231062,0.0019329556545897122
N4912HD,0.66593494652117,0.3106357367332574,0.01781339405030031,0.0043490595373257895,0.0012668631579464391
N4913HD,0.6066534849350612,0.36697006308730995,0.0220564026564608,0.0031366676566586993,0.0011833816645093727
N4914HD,0.10973925277019132,0.7141739734723646,0.15132474860053413,0.021236098050771923,0.0035259271061381468
N4908HD,0.9006531098765655,0.09546774828793841,0.002803252990569952,0.0007123229015023037,0.00036356594342375025
N4937HD,0.8416632354566581,0.15124663106078215,0.004689069288134824,0.0016339984916368048,0.0007670657027881439
N4938HD,0.8984470774865342,0.09755894879700255,0.0025048192058588744,0.001000645113282344,0.0004885093973220572
N4949HD,0.8753722719671864,0.11633502937754842,0.005279687471250659,0.0019248166007025563,0.001088194583311961
N4952HD,0.7885626306606431,0.1914952978419417,0.013894162444007421,0.004515491428976819,0.0015324176244308014
N4954HD,0.38125618872953787,0.5711244914795105,0.03999589763442707,0.006160034921346077,0.0014633872351784082
N7917HB,0.8813202941848259,0.1140000155214016,0.003333683270177684,0.0009209625783620592,0.0004250444452329365
N4951HD,0.7028782791687305,0.28536229626741405,0.00846838958136389,0.0022151153415292976,0.0010759196409622438
N0385HC,0.12052158049888521,0.5625184441442189,0.26401325902838174,0.041194993201167894,0.011751723127346141
N3920HD,0.4567435620779021,0.48027277059007006,0.04806033457678829,0.012223815492544034,0.002699517262695566
N9498GW,0.7643541455091082,0.21882719545881094,0.012026920546580437,0.0035733095486228106,0.0012184289368777582
N4961HD,0.8898045140704076,0.10635757528974199,0.0025446643613903086,0.000939419030656197,0.0003538272478038955
N4965HD,0.3026286980339507,0.5102854070806688,0.15801334095323183,0.0246510469630874,0.00442150696906129
N4967HD,0.5593333607181535,0.38689621438185434,0.03677294455128962,0.012481899555362148,0.004515580793340228
N4968HD,0.24833533878945588,0.5294232244303387,0.1430223299284306,0.06441254730538327,0.01480655954639156
N4973HD,0.8472511473024653,0.13888408010804432,0.009449575285338633,0.00345264455153536,0.0009625527526163876
N4976HD,0.02001669519726818,0.18805455062937634,0.672619395819955,0.10479735462453794,0.014512003728862568
N4977HD,0.19136294148281427,0.727624453627949,0.07032124465871471,0.008108978328579701,0.002582381901942255
N4978HD,0.6824424974020162,0.2860576580511658,0.022023149831135277,0.007425950237621431,0.0020507444780612457
N4982HD,0.4289169540442295,0.4812443926314549,0.06666852110812209,0.017554228779557052,0.005615903436636454
N4983HD,0.12193696176759736,0.46197205804161834,0.3118132831051588,0.0916753822423101,0.012602314843315398
N4984HD,0.8588629548794474,0.13617236167987615,0.003302933357528201,0.0011672716359672499,0.0004944784471809492
N4992HD,0.022230028287037986,0.194755666768789,0.3149913036837668,0.4151916023226576,0.05283139893774854
N5000HD,0.6263068504282054,0.31066291203520696,0.04498403539124801,0.013150310515140737,0.0048958916301987876
N5006HD,0.4449657167959628,0.5240642783453839,0.023267092396584556,0.006122384826930747,0.001580527635137782
N5007HD,0.7732922989891802,0.19951771127839424,0.0192104746496476,0.005908629479708752,0.0020708856030691486
N5008HD,0.16429067347551068,0.6201820759271516,0.18371651820316645,0.02799397100872434,0.003816761385446845
N5011HD,0.36130861325717895,0.5878780555018404,0.040872325046635447,0.007539422280316116,0.002401583914029023
N5020HD,0.6198374218039772,0.351222161939404,0.021643759455380388,0.005220097066312581,0.0020765597349258263
N5024HD,0.8373822987067385,0.15197002737026669,0.006769991643033772,0.003002861472620757,0.0008748208073401538
N4826HD,0.9080103767324027,0.08636335542709331,0.0034575060301971464,0.0015275359531883085,0.0006412258571184173
N5032HD,0.8433699605328145,0.1451760980571114,0.008330692463251322,0.0023621392464894587,0.0007611097003332034
N5041HD,0.8723563463527482,0.12143143449645162,0.004152143211822662,0.0013766691064736273,0.0006834068325038396
N5043HD,0.9478876726766794,0.046904612171075576,0.003473008366216607,0.0010767202267047793,0.000657986559323738
N5044HD,0.3400795976279527,0.5796222309944298,0.056983763622006335,0.01698515319297039,0.0063292545626405395
N5045HD,0.7832696295613706,0.20265247973121062,0.009885257167545637,0.0028877722682913312,0.0013048612715817805
N5004HD,0.8883846270524671,0.10227430869134531,0.006083703066420025,0.0022597565405297008,0.0009976046492379568
N5055HD,0.5768587054234487,0.3636609526621942,0.04288899176440294,0.012937017070258353,0.0036543330796957895
N5056HD,0.13969376077774895,0.39914053140430644,0.3186496316418845,0.11211110923288722,0.030404966943173066
N5057HD,0.7205504380312536,0.2646578103311559,0.010959739044295563,0.002899711522052568,0.0009323010712422197
N5059HD,0.5066885323222039,0.41617047145303926,0.06331789685546378,0.009881185812279274,0.003941913557013762
N5061HD,0.5414999382175271,0.40877001328115875,0.039607779913389915,0.0074148227717905175,0.0027074458161337536
N5018HD,0.9024149055979563,0.09253700710597212,0.0032974190484603445,0.0011061903668101631,0.0006444778808010424
N4896HD,0.6515945224710341,0.31944818157794025,0.023416021460752386,0.004091012130496709,0.0014502623597764735
N5064HD,0.7639670821953578,0.20965301643360007,0.01944387998621589,0.005123361395939818,0.001812659988886483
N5065HD,0.5425358614297185,0.4120309467674828,0.03384536339087395,0.009399401993900934,0.002188426418023624
N5067HD,0.28566354326927335,0.5537917965219235,0.12551513926200933,0.028204022425507156,0.006825498521286797
N5070HD,0.02990658554253587,0.3712389191831474,0.5290272308770059,0.06081062543376594,0.009016638963544961
N5071HD,0.15143706801509785,0.7417247673057114,0.09375790646266129,0.010039960615851653,0.003040297600678031
N5072HD,0.14541111757943878,0.7119365608235882,0.12418703443097837,0.014378153201840157,0.0040871339641544
N5074HD,0.7558702536634728,0.22683523711005268,0.012799679315972857,0.003097622960724503,0.001397206949776966
N5075HD,0.9334698875202226,0.06285433989548715,0.002263116219484977,0.0009081250556459396,0.0005045313091593013
N4923HD,0.8240825572168631,0.15361138646644293,0.01443794834338029,0.005559050177383364,0.0023090577959303162
N5076HD,0.7541102441213946,0.23135781940152672,0.011303053362077802,0.002354631116208852,0.0008742519987920846
N5079HD,0.0386377939863555,0.30019998413668436,0.4694340677566121,0.16840525805372503,0.023322896066623116
N5080HD,0.6495007044632178,0.330212495172075,0.013309492105239263,0.004794311649691704,0.0021829966097762317
N5082HD,0.7309884017455904,0.22852979443382082,0.027953757094629987,0.009037177686020923,0.003490869039937816
N5083HD,0.6219681249066142,0.33782169312188315,0.031212308495582222,0.00694570177098416,0.0020521717049362303
N5085HD,0.10924338343480314,0.682419517792106,0.17718166207189942,0.02522125816949649,0.005934178531695023
N5051HD,0.4139530236922256,0.5570054888734733,0.02378605066938799,0.0041317612969520925,0.0011236754679610455
N5039HD,0.04558940548329758,0.28731340566662644,0.44787534755653685,0.1778477631399392,0.04137407815360014
N5088HD,0.9050587464107488,0.0905877595725931,0.0028207023625399326,0.001025474699901127,0.0005073169542170902
N5091HD,0.049188016949406416,0.935281086003293,0.013463950668721698,0.0016217415605961954,0.0004452048179825793
N5093HD,0.009821519501205135,0.052449154758219145,0.19522426807057763,0.5548896421691618,0.1876154155008362
N5100HD,0.016339252287607093,0.11663895848711416,0.36571922274808477,0.46510286439468823,0.03619970208250564
N5103HD,0.070953293833905,0.3056085149671568,0.3730439705959135,0.20218434643889258,0.04820987416413205
N5104HD,0.9431595359892068,0.05393624140067655,0.001919218578145344,0.0007096658788960978,0.0002753381530754818
N5105HD,0.7841617425006855,0.1961136025621562,0.01167321767518979,0.00525362346681744,0.0027978137951509626
N5106HD,0.6518370518132904,0.3212818794968306,0.019752626026808395,0.005371437279087107,0.0017570053839833252
N5109HD,0.4611059623090942,0.5169974474138755,0.018068770092688296,0.0029844788945840002,0.0008433412897578866
N5112HD,0.5273971812104132,0.40029381412577814,0.05565318468616052,0.01206005161320204,0.004595768364446131
N5115HD,0.857869057422248,0.1327572551545881,0.006207772944044551,0.002394971777675107,0.0007709427014442132
N5120HD,0.01010722903177352,0.07015109259751362,0.3045588683144231,0.5589190052692329,0.0562638047870568
N5121HD,0.5465965483455826,0.40545766871378053,0.03271449215620921,0.011235318222558058,0.003995972561869604
N5122HD,0.5621666775714766,0.3423747037060197,0.07560890373850254,0.015101333903795859,0.004748381080205236
N8305HB,0.8191908600253438,0.17255854936838416,0.005423767856642911,0.0019887370740052724,0.0008380856756238593
N5126HD,0.06638925777171062,0.3529873786823626,0.3165893003437034,0.20552024585648038,0.05851381734574302
N5128HD,0.8856491929808092,0.10880475434658815,0.003539960931273108,0.0013798169670024528,0.0006262747743271811
N5133HD,0.017235480215425817,0.14233724540406545,0.429997532848657,0.37096812496497317,0.039461616566878514
N5135HD,0.8004711758807969,0.18551663544592503,0.010259670672317416,0.0027244282885694293,0.0010280897123912476
N5143HD,0.8252536578024761,0.16688670448890544,0.005883440267255812,0.0014166974048819727,0.0005595000364807803
N5144HD,0.3647082282326327,0.5522647627913461,0.06904798262305113,0.01103981034977078,0.002939216003199149
N5149HD,0.18704560005696375,0.6296101556153116,0.141727899166521,0.03397014340704485,0.007646201754158779
N5152HD,0.29081600369082133,0.63103291387277,0.0676459667775655,0.008453739656078034,0.0020513760027649304
N4394HD,0.2026843297093898,0.398641121619524,0.28903920793880644,0.09062373863932675,0.019011602092953113
N5029HD,0.248675821920297,0.5673147522102032,0.13877469704956197,0.03443356652939193,0.01080116229054597
N4368HD,0.9296195482829565,0.06717576208540652,0.0020452831509996223,0.0007762639446404168,0.0003831425359970824
N5013HD,0.25991134285444595,0.5836974822238192,0.11113053126225628,0.03003846903398942,0.015222174625489084
N5153HD,0.2566844402103688,0.628011000914622,0.09592952771885045,0.015639615324516933,0.003735415831641856
N5157HD,0.8314262486398439,0.1585341481700643,0.006184270062339147,0.0025376586576629796,0.00131767447008948
N5170HD,0.5401587221431007,0.4167252490855076,0.034125252881093755,0.006699134787815501,0.0022916411024824
N5172HD,0.852652001388201,0.13526082172250523,0.008238218307465208,0.002702063280841761,0.001146895300986925
N5173HD,0.6721167078144584,0.2859926363097056,0.032376695804187734,0.006726457840160374,0.0027875022314877472
N5147HD,0.5914159601979305,0.37850071948063174,0.02097362785886831,0.006254215336437892,0.00285547712613146
N5178HD,0.723849861607716,0.25240320290241314,0.017882041011335583,0.004178276954080417,0.0016866175244547917
N5180HD,0.5026854724154358,0.456487774700206,0.03047526028865311,0.007923168299628717,0.0024283242960765443
N5181HD,0.3998618692337192,0.4845531842132778,0.0876271033385607,0.020579158088426926,0.007378685126015336
N5182HD,0.906023198414894,0.08880768082444244,0.0034967784975067804,0.001080490596697773,0.0005918516664590779
N5183HD,0.0830235793970439,0.8856414711462811,0.02659209599022855,0.0038269168582148916,0.0009159366082315344
N5185HD,0.20685520680848135,0.5283454720804034,0.20901574285319657,0.0475361420451579,0.008247436212760754
N5187HD,0.14988090213829544,0.4663105562332128,0.28440747115018167,0.07331126342744454,0.02608980705086545
N5188HD,0.17564773705240602,0.5025925337955797,0.18250574322322857,0.11937371032125943,0.019880275607526345
N5190HD,0.01333542623878808,0.08679021346867696,0.3796520556213692,0.4839715425581174,0.036250762113048396
N5192HD,0.5931203124388554,0.39704540658824905,0.008082726812955235,0.0012216851753776977,0.0005298689845625969
N5193HD,0.7022377531047981,0.27149958209962743,0.019548341593299625,0.0051551630728951725,0.0015591601293796654
N5197HD,0.8618541640019393,0.13162029044400583,0.004911841757832297,0.00113957537102103,0.00047412842520159305
N5198HD,0.23734245171444351,0.4876456599623998,0.15172904513678723,0.08749964643806601,0.03578319674830358
N5199HD,0.6389096578250079,0.30786633302823646,0.03670247767349141,0.012084332495858285,0.004437198977406053
N5200HD,0.7159409765859647,0.2622085640032536,0.01616996950248197,0.0038982965561042246,0.001782193352195585
N5203HD,0.02934451223887666,0.14307712404394682,0.38121253271244027,0.3591247485384676,0.08724108246626859
N5209HD,0.04922081823185476,0.30373083391518196,0.3789642752764434,0.2410881322382469,0.026995940338272913
N5212HD,0.7894035480355001,0.19874931622289516,0.008703803278059807,0.0022747552904306373,0.000868577173114472
N5215HD,0.531692171843099,0.4290314533109495,0.03018749793481798,0.0070884597708526995,0.0020004171402807584
N3574HD,0.8259846755349116,0.15752344371187862,0.009776433286626703,0.004466661345767748,0.0022487861208153113
N4760HD,0.10383134582976741,0.5017752545527149,0.2919307970183217,0.08442961927653832,0.018032983322657736
N5225HD,0.8038066143436381,0.18655387642270807,0.00750290959497125,0.0015609286988231025,0.0005756709398594451
N5226HD,0.5621674979877304,0.38537645028114587,0.037629610675631184,0.010778222291975807,0.004048218763516651
N5227HD,0.7645720295536199,0.2124590522959299,0.01631412561251723,0.004824399173992805,0.0018303933639399882
N5233HD,0.01691058623523093,0.08920371581543231,0.336313480611183,0.3645194023858218,0.19305281495233184
N5238HD,0.8240120569466076,0.15710576281953936,0.011456453804010825,0.004786213954333497,0.0026395124755087523
N5241HD,0.786248404521022,0.19249474662727675,0.015122208781537761,0.004410236950334272,0.0017244031198291644
N5243HD,0.010662169008224158,0.06516737415396363,0.44217132482726174,0.4506866945782215,0.03131243743232886
N5246HD,0.7422491841266154,0.2315191863753135,0.017939683551981438,0.005585508809275631,0.0027064371368139867
N5247HD,0.004785530289517495,0.01661752480858228,0.35033402525574503,0.6114489636240231,0.01681395602213207
N5248HD,0.6574351272028448,0.2907889490898409,0.036838764188497616,0.011231340808766704,0.003705818710049919
N5253HD,0.5311706603240497,0.42504211026887884,0.028188145790192454,0.010519031019677518,0.0050800525972014504
N5257HD,0.030316757981458543,0.15734839244865154,0.3528773677655364,0.36201312056893253,0.09744436123542104
N5259HD,0.0311062830278763,0.14674624465826153,0.4186721170380747,0.2775781713681825,0.12589718390760493
N5262HD,0.09516854588049982,0.6534483773668919,0.22564096318068053,0.02128277736675974,0.0044593362051681676
N5266HD,0.12449150446888603,0.7492372668364716,0.10796249843522344,0.015658232061546422,0.0026504981978725307
N5270HD,0.6820811974526959,0.29761299222725546,0.01520083476625561,0.003677976538754705,0.0014269990150384446
N5271HD,0.538963325972269,0.3865416625752546,0.05505941130163393,0.013885755383346715,0.005549844767495826
N5273HD,0.7583399297602942,0.2207459943935756,0.014519399548016027,0.004675611764315194,0.0017190645337990416
N5274HD,0.8548611371059138,0.1344037553852376,0.00782293849859782,0.0020501969636235284,0.00086197204662723
N5211HD,0.25918480640534336,0.5633327199242082,0.12514453460310496,0.044564800932205335,0.007773138135138197
N4843HD,0.4569755138325944,0.4749650243964651,0.047039198027585764,0.014461479801776922,0.006558783941578071
N5287HD,0.6180218259262231,0.33892191338058103,0.03243514096749446,0.008540843823234785,0.002080275902466503
N5286HD,0.14412386687173417,0.30296622360196146,0.36616039929215227,0.1409554650302505,0.04579404520390158
N5292HD,0.03151435702356305,0.166166215448453,0.3579032500042176,0.3396682194784474,0.10474795804531895
N5294HD,0.8155889749723207,0.17732051204329521,0.004859175709507719,0.0015445241790480566,0.0006868130958282019
N5296HD,0.30605342505065264,0.4942245430739637,0.1402865468683555,0.04946457305656943,0.00997091195045874
N5298HD,0.7585693957711869,0.22084174826059388,0.015250638594588153,0.003950280592250642,0.0013879367813803974
N5303HD,0.8179589962175801,0.16726893827714834,0.009411925121024213,0.003725114270675409,0.0016350261135719961
N5305HD,0.11251187990888217,0.47171874125608176,0.3199787390179156,0.08056991833342161,0.015220721483698843
N5306HD,0.8141806683708923,0.17418999641546823,0.008603434005697063,0.002188325104892272,0.000837576103049953
N5307HD,0.05319601155846619,0.3604998283550457,0.43283633335387406,0.1247649966601322,0.028702830072481804
N5311HD,0.2928320157239724,0.5509193763729807,0.13641655141675846,0.016068980228715824,0.0037630762575726856
N5314HD,0.7764449053879566,0.20984901808887663,0.008867685906574248,0.0033225031268343435,0.0015158874897583576
N5073HD,0.07583712004100047,0.3887850589552647,0.37913518839849725,0.12548122636999579,0.030761406235241786
N5277HD,0.07305453924407856,0.2353512270305202,0.3808533879515937,0.24016038419003247,0.07058046158377498
N4885HD,0.9324486952511597,0.06136412090464577,0.004026384883089491,0.001428996290667177,0.0007318026704380425
N5318HD,0.03566855873302702,0.30160834090940286,0.5259494458755023,0.10954917901631592,0.027224475465751814
N5321HD,0.7564744648242956,0.2196183912659705,0.0171667886078452,0.005202009751519071,0.001538345550369665
N5323HD,0.9216446476445134,0.07597966975960689,0.0015438493819969594,0.0005656688465462434,0.00026616436733644804
N5324HD,0.6885520604559274,0.2727604298800108,0.0276081368941974,0.008252449229689231,0.0028269235401752572
N5326HD,0.8266412558754139,0.15879704443264084,0.008622529894085495,0.0039227260415146585,0.0020164437563448866
N5327HD,0.7390111280469752,0.24458126093130647,0.010915692477640284,0.0036030898735550177,0.001888828670523115
N5329HD,0.1011830948260041,0.6025453409267434,0.252386436661907,0.034914345904495915,0.008970781680849603
N5331HD,0.7637522907013331,0.21630809570347428,0.015302053924860438,0.0034401501241961025,0.0011974095461361766
N5332HD,0.763121215357362,0.21394863894909513,0.017182024091345362,0.004391838139892457,0.0013562834623051681
N5333HD,0.7842557335930493,0.20609984476907925,0.007425292376639117,0.0015588407996484587,0.0006602884615838767
N5334HD,0.023111432877631115,0.9509862377081835,0.022786879958780707,0.002500761552942773,0.0006146879024619378
N5338HD,0.026173697413327177,0.12479862553367485,0.414671572645432,0.3136247064783278,0.12073139792923811
N5339HD,0.15428947629492004,0.5665430874137168,0.19252493705675602,0.0694081950653666,0.017234304169240405
N3820HD,0.02621732964071996,0.08099746078439164,0.3300491329228791,0.3991953661980898,0.16354071045391957
N5342HD,0.805726894983556,0.1838373424062906,0.008045803050133419,0.0018177381339091155,0.0005722214261109226
N5345HD,0.6570185658301181,0.3028018452127398,0.030640951481793563,0.0070708200137944936,0.0024678174615542026
N5346HD,0.7928640998752257,0.19856460413859423,0.006282345102747779,0.0016400826137588085,0.0006488682696735987
N5348HD,0.02969621113297126,0.1835837444321676,0.28784075316369534,0.3556576437860138,0.143221647485152
N5351HD,0.7175778293983065,0.2462303409850254,0.02681932240030283,0.00732039418214237,0.00205211303422282
N5354HD,0.0049750715050701135,0.020500704035897096,0.2846172131701622,0.6725732877361492,0.01733372355272146
N5355HD,0.639208064492956,0.34460509898764624,0.01109040574497357,0.0032007634061493647,0.0018956673682749008
N5362HD,0.8786212179897386,0.11703449456813164,0.0028785685827451397,0.0009435409644346791,0.000522177894950109
N5364HD,0.7329094053682635,0.24735754904463406,0.01470957723742351,0.0034846181718863065,0.0015388501777925283
N1264HD,0.034622384453830514,0.8061578203384943,0.13950983557542135,0.016940709299427266,0.0027692503328264418
N4985HD,0.27696218870357453,0.5901055202702697,0.09992361567151617,0.024433724695789086,0.00857495065885063
N5368HD,0.011612557177873213,0.07336762610116886,0.44250659838468703,0.4266730831044743,0.045840135231796544
N5371HD,0.8460360671841638,0.14267466986674104,0.007084018036860416,0.003051559426229459,0.001153685486005318
N5372HD,0.7843331181677533,0.20303543376166377,0.009254923346887057,0.002477567246404114,0.0008989574772915062
N5373HD,0.47813467284871125,0.51023415849701,0.007943039290493446,0.002700661240937692,0.0009874681228474753
N5374HD,0.5362644343651788,0.43259882281502365,0.025644644651502548,0.004103147724781004,0.0013889504435140964
N5377HD,0.7106303294472303,0.26546298805569246,0.01827280414976316,0.004200747775954213,0.0014331305713600083
N5379HD,0.7162127301863811,0.26367770699923404,0.015168654565894857,0.003806364993595422,0.0011345432548946226
N5381HD,0.13828939157565617,0.3297440621994642,0.26425740640619344,0.20290937698165062,0.06479976283703556
N5383HD,0.1540805947535566,0.36735828710662155,0.2883471349414166,0.15848899011359008,0.031724993084815134
N5385HD,0.8634903378984568,0.13250249383277288,0.002821549120957887,0.0008790811201312539,0.00030653802768129706
N5387HD,0.04392251717381722,0.2951660737910581,0.3923781672729916,0.20672684923935986,0.06180639252277321
N5388HD,0.05323602236140488,0.2625482720350813,0.33684008575295254,0.28361968864702536,0.0637559312035359
N5389HD,0.036911218052629265,0.7072142656238397,0.23582450975394478,0.015569619498482975,0.004480387071103124
N5391HD,0.5375844427298195,0.4191043204553835,0.032911214803813496,0.007617644790460119,0.0027823772205234154
N5393HD,0.457078791659663,0.5136452962293415,0.02349919409355571,0.004377717019788767,0.0013990009976510118
N5395HD,0.7524209215857304,0.218331675338916,0.022168383187565574,0.00570354324459979,0.001375476643188197
N5397HD,0.7793246761566599,0.1987679934185769,0.015559004878092036,0.004655013726478787,0.0016933118201922326
N5398HD,0.7454315032643449,0.2312621709016686,0.017531065357477952,0.004348106822224376,0.001427153654284442
N5386HD,0.11756476698079421,0.7229614394044381,0.1438180722188384,0.01266657707689814,0.0029891443190311444
N2483HD,0.8212138783554306,0.1622683606116762,0.010492586843658174,0.003934031375815039,0.002091142813419942
N5402HD,0.8300108535513928,0.15712912776704593,0.008128110740876627,0.0032460508922990514,0.001485857048385634
N5404HD,0.6708216083248645,0.28468552765304567,0.035274951452781735,0.007012706913131947,0.002205205656176252
N5405HD,0.921997168291057,0.0742017051400424,0.0025871612553620142,0.0007945830793250949,0.00041938223421337227
N5407HD,0.209577273908732,0.5262026284266107,0.17647570023385176,0.07074360967983659,0.01700078775096884
N5414HD,0.5551862922741196,0.43193127083012306,0.010162005744634706,0.0019014005040120666,0.0008190306471105984
N5415HD,0.8183819851625268,0.17387233191774673,0.00491869457366267,0.001994342227304839,0.0008326461187589712
N5416HD,0.12921033526646403,0.7940230158902114,0.0612348092315656,0.011554722120453532,0.003977117491305415
N5421HD,0.7508047804944636,0.23243810065527176,0.012020827798509161,0.0035662353412257196,0.001170055710529737
N5430HD,0.8170663288583807,0.1653296788640214,0.012070314415207598,0.004254179167498354,0.0012794986948922009
N5431HD,0.05729513699254389,0.788434769224312,0.14227881438935402,0.009736512335598633,0.002254767058191385
N5432HD,0.6984585765866366,0.2768671446411344,0.01793693540771967,0.0051772377059651825,0.0015601056585440756
N5437HD,0.7403065893778055,0.23878013433669215,0.015059841232170756,0.004261298055186615,0.0015921369981450146
N4225HD,0.32537803631803786,0.5632579387527857,0.0922174794462231,0.014716225092326287,0.004430320390627135
N5123HD,0.46848581602669453,0.49486000471806785,0.026189769720561813,0.007555585073021437,0.002908824461654193
N9187HC,0.0546225047142316,0.2916965074208491,0.3176510911606688,0.26373412363507864,0.07229577306917193
N5439HD,0.15895791645419446,0.5252258582641152,0.22452412864069138,0.07824235705992828,0.0130497395810708
N5440HD,0.08584204157238048,0.66959794723417,0.2159971231824116,0.023576485780720323,0.004986402230317616
