ncode,proba_0,proba_1,proba_2,proba_3,proba_4
N0001HE,0.8872995961762286,0.10481386179006931,0.004497437794350874,0.002290758700322959,0.0010983455390283987
N0002HE,0.2130912902695476,0.7543090170647522,0.027269701426224046,0.0038085946646287845,0.001521396574847273
N0004HF,0.6426029533625044,0.3147333120985545,0.03020054442635023,0.009103587494706158,0.0033596026178847444
N0005HE,0.005441562457956889,0.01674051069669977,0.35692354369705825,0.6053403730159921,0.015554010132293055
N0006HF,0.055212868676658464,0.49104072213849886,0.3684573180668956,0.07123383379255284,0.01405525732539423
N0007HE,0.3602691542420876,0.5352364747032643,0.08480956693310168,0.014759200172264503,0.00492560394928219
N0009HE,0.8488687073247412,0.14126316286272195,0.007554055421097866,0.0017100778995766252,0.0006039964918623327
N0009HF,0.650978421368353,0.3011229138381163,0.03402422579393853,0.010210750379435831,0.003663688620156412
N0012HE,0.6957275969298122,0.2645072253873669,0.029630571389080818,0.007314614182023431,0.002819992111716701
N0013HF,0.7742587116695431,0.20193005873739964,0.014735904055178425,0.006345559743120818,0.00272976579475812
N0014HF,0.6881214675284529,0.2848832040791822,0.018890077924242802,0.006093401302100178,0.002011849166021721
N0016HE,0.909744802027026,0.0828817240584526,0.004116594207361683,0.002058145282861758,0.001198734424297848
N0017HE,0.7693679225309091,0.21563343784422928,0.010600042520796434,0.003043846744218995,0.0013547503598461766
N0018HF,0.736113181825858,0.2449388600207203,0.013223856819933275,0.004124170514873527,0.0015999308186148379
N0021HF,0.7933265571869066,0.19544507691655033,0.008266767970361695,0.0021219647257930763,0.0008396332003881759
N0022HE,0.7934569691096576,0.18572633657274826,0.0126069431570979,0.005321669107947283,0.002888082052548926
N0024HE,0.5560856686082848,0.3999891784638037,0.032577108999811775,0.00805393384445123,0.0032941100836483828
N0025HE,0.3586466574601671,0.44164301337096656,0.14328450477122637,0.04370825222573261,0.012717572171907365
N0025HF,0.1292437910868845,0.7338703403964892,0.11880808382152601,0.013575973702027086,0.004501810993073228
N0026HE,0.18725593525426898,0.5693936856930336,0.2116768346903822,0.024680994336492658,0.006992550025822541
N0026HF,0.7157060209108941,0.2620480793583997,0.015333696786692465,0.004650333949640861,0.0022618689943729037
N0027HE,0.7188845803561488,0.2573985618193665,0.017686062714043355,0.004482888656129991,0.0015479064543115091
N0027HF,0.013755574817417487,0.06689365542632812,0.40219709419124366,0.4860783656749977,0.031075309890013048
N0029HF,0.1652374407560203,0.44105334884620867,0.233279202597836,0.11793668090004147,0.04249332689989355
N0032HF,0.306131337899393,0.4763615228381508,0.13997968925888965,0.06457697432546954,0.012950475678097064
N0034HE,0.4970300607798356,0.4050246212843138,0.0703751935291161,0.020474909388377257,0.007095215018357292
N0035HF,0.8482595587209147,0.14131905602945088,0.007085489216363131,0.002378046911515397,0.0009578491217557729
N0037HE,0.2391054910144165,0.5056460734075061,0.17896660363118336,0.06126356511889747,0.015018266827996429
N0039HE,0.11712341235889172,0.7572782824170691,0.11357890076292092,0.009290358073990004,0.002729046387128235
N0040HE,0.2849996306890033,0.6069296519914926,0.08344313642992171,0.017773140155247925,0.006854440734334609
N0042HE,0.21565676940154144,0.41694892630991687,0.20532839606713482,0.1225861970588775,0.03947971116252947
N0044HE,0.4423936136316085,0.473227104873149,0.05783187973049105,0.018893327148712093,0.007654074616039372
N0045HF,0.12851123593768354,0.7831906173745242,0.0739005256396254,0.01091644295246298,0.003481178095703864
N0046HE,0.1348942494399319,0.7712407868359012,0.07880530298293673,0.01134557314851966,0.0037140875927104246
N0047HE,0.6277666456886026,0.3240864049136429,0.03599980963171584,0.00888808884845569,0.003259050917582952
N0047HF,0.774662337307977,0.20379255415122324,0.015698218749215842,0.004366148387799617,0.0014807414037844584
N0048HF,0.6481860348705564,0.3105178418099077,0.029458398831498457,0.008681190719291828,0.0031565337687455438
N0053HF,0.9401260898688399,0.05655940133241446,0.0020425741819919264,0.00082535877077811,0.000446575845975498
N0054HE,0.14005234728667518,0.7679002218361666,0.08061584063815953,0.008860213006793034,0.0025713772322057274
N0058HE,0.3930235159299489,0.4369537311217108,0.11308078505795689,0.04306042851182865,0.013881539378554728
N0058HF,0.8379747595549961,0.14623717235466008,0.011250492125355224,0.0033319232622840466,0.0012056527027044658
N0059HE,0.10451039356625973,0.3380889797345582,0.28777202686509645,0.2058593233311805,0.06376927650290505
N0059HF,0.413175385183826,0.4780818808666451,0.07316663211297592,0.02563538493244256,0.009940716904110443
N0060HE,0.08445039701845916,0.3113701260783561,0.3424879227848808,0.2161886461581711,0.045502907960132837
N0064HE,0.5414266205362842,0.3926236453706068,0.04494237195377151,0.016245082299989784,0.0047622798393477505
N0066HE,0.5251400201325375,0.4146572783913121,0.044732650922414706,0.01222109416995015,0.0032489563837855935
N0068HF,0.03394603381194415,0.18466227590221546,0.32096507195082663,0.3790624678366373,0.08136415049837649
N0069HE,0.6740016023212416,0.30894155570931847,0.011196380294586625,0.004021593495261995,0.0018388681795912405
N0069HF,0.0721971417942127,0.6856706533678957,0.20560226727101352,0.030181115077864435,0.006348822489013671
N0070HE,0.0911131790072203,0.36622486840452934,0.32035893603663335,0.18112274836105346,0.04118026819056352
N0071HF,0.3281505334142136,0.5714603379235137,0.07200807724054263,0.021258345685665862,0.007122705736064323
N0074HE,0.46494056099433295,0.4560989919342349,0.06034948899604729,0.014705364366595988,0.0039055937087889236
N0076HE,0.07100622757596893,0.2870873993235148,0.32919752059960705,0.25462896724396694,0.05807988525694228
N0076HF,0.8962642485480601,0.09795790370106713,0.0037860017535817233,0.0013660603082048057,0.0006257856890864719
N0077HE,0.010344054053191169,0.032596118271180426,0.2691044792046962,0.46435499576005423,0.22360035271087814
N0077HF,0.8143518001563803,0.16946074349872292,0.012247832690751487,0.0030295995865761635,0.0009100240675690978
N0078HF,0.8278152959468887,0.15947832872920836,0.009351139476407085,0.0025641366063058543,0.0007910992411899789
N0079HE,0.6011808833814547,0.3684728556525365,0.019512886144576972,0.0065223624057013955,0.004311012415730391
N0079HF,0.8296890585119712,0.15907817149504141,0.0068651226401424586,0.0027080106905345855,0.0016596366623103642
N0080HE,0.24456349501335378,0.6316924350237998,0.10925163001651687,0.011252601924848074,0.0032398380214814235
N0082HE,0.26530999925346077,0.6331122011759414,0.08954099641335792,0.0094191755779644,0.0026176275792754804
N0084HE,0.8972452850478003,0.09542865685748768,0.004072280492437989,0.0020934368215199347,0.0011603407807539536
N0086HF,0.14977614138668402,0.7622298814992252,0.07449352335842971,0.010335212326573886,0.0031652414290870693
N0089HF,0.20043144516809847,0.7317324842986999,0.06056884696592146,0.005588744276331096,0.0016784792909492227
N0094HE,0.4319542969888731,0.43867268071351806,0.08850705619570011,0.03115167703390039,0.009714289068008428
N0095HE,0.12231437468323751,0.7326433553062757,0.12896424577045587,0.012886576427437743,0.0031914478125932588
N0096HF,0.793545797958286,0.18921189961413082,0.010936989680694214,0.00428732135464825,0.0020179913922407445
N0099HF,0.38769137198906145,0.5625434100164526,0.040434328775587655,0.006988056372465937,0.002342832846432364
N0101HF,0.7466141464201831,0.2404501283468004,0.008033007244301869,0.0033210719890456484,0.001581645999669077
N0102HE,0.18586585854232057,0.6932250232717692,0.09493419676274228,0.01988040725620846,0.006094514166959707
N0103HF,0.007979815174702903,0.02881376030364116,0.22506637165975296,0.39043699415880506,0.34770305870309787
N0105HF,0.9512428462638157,0.04349082994783259,0.0030502296215539635,0.0013817340063004815,0.0008343601604974598
N0108HE,0.27338688916556503,0.606885730594022,0.09229582733166927,0.02090396170304799,0.006527591205695729
N0109HE,0.04048493867216,0.34782645365281983,0.4940929617027141,0.09976001393854403,0.01783563203376202
N0110HE,0.1381760393107911,0.436903166882579,0.2739246077570017,0.12618609636090136,0.024810089688726812
N0111HF,0.8035603978975476,0.18682318425446073,0.0065656101867609794,0.0021499598561262392,0.0009008478051044291
N0113HF,0.7618547673995473,0.23020206375247096,0.005784010782114013,0.001494938354014192,0.000664219711853452
N0114HF,0.18990696595802828,0.6363060011402224,0.1527088468131105,0.01700677076499977,0.004071415323639078
N0115HE,0.625834200014898,0.3303193106289,0.03270175089094833,0.00831620831415791,0.002828530151095735
N0117HF,0.8560259170061351,0.13502969485860367,0.005625563706495527,0.0021060391063909703,0.001212785322374866
N0119HE,0.7285329854151572,0.2592892262349048,0.009272268625885758,0.0021154205994362288,0.0007900991246160418
N0119HF,0.8754226933273583,0.11136467220388735,0.007714779919299752,0.003792500008437145,0.001705354541017451
N0123HE,0.39501161432484283,0.4701827000972555,0.10005275118372306,0.027467917778272555,0.007285016615905984
N0124HE,0.05022964086709608,0.5008897164878208,0.3266439128049866,0.0884463775067815,0.03379035233331507
N0125HE,0.8759418421412064,0.1171169235280896,0.004769274486637651,0.0014461182832222735,0.0007258415608440904
N0125HF,0.3833325650033629,0.4505076190804534,0.1267522016721495,0.029286986027962297,0.010120628216071865
N0127HE,0.021247452638285362,0.11130136657074201,0.36515644584575047,0.40846932371318667,0.09382541123203553
N0127HF,0.7573971632957968,0.22471269691387818,0.010941764148027522,0.004777022163639216,0.0021713534786583586
N0130HE,0.9118575027635574,0.08390541498232995,0.002663756263456687,0.0010365857678081248,0.0005367402228478866
N0132HF,0.27521452909053395,0.6509172592784528,0.060902106304288904,0.009075336243975442,0.003890769082748989
N0133HE,0.6899973095485097,0.2938488190805216,0.011041348082403877,0.0035194505448981465,0.0015930727436668179
N0136HE,0.774624349699384,0.21388738702547302,0.0082238814498042,0.002253860897299197,0.0010105209280396256
N0136HF,0.7690709976806822,0.20359895121189248,0.019608820188684015,0.006055173356818945,0.001666057561922351
N0138HE,0.08077732075859743,0.3855218136252666,0.276950327189588,0.2077971399168803,0.048953398509667644
N0140HE,0.6867417216683819,0.28557830063480055,0.018286605178724345,0.006049607505535097,0.003343765012557995
N0140HF,0.7383595231413445,0.23888331846386296,0.017438307695313054,0.003907162108957994,0.001411688590521491
N0141HE,0.021017929631711185,0.8014099561434731,0.16257801667220556,0.011625418599879464,0.0033686789527307462
N0142HE,0.7083458625138765,0.2617027675078279,0.02053526688500891,0.006600851822798105,0.002815251270488663
N0142HF,0.8568937731379365,0.13168833300528945,0.006100862077148991,0.003310577336198712,0.0020064544434263585
N0145HE,0.8841504470505347,0.11029603805327715,0.003464333697282432,0.001403330905941532,0.0006858502929642538
N0147HE,0.8104857174124458,0.1471261414614849,0.0223390983335365,0.013068522372739153,0.006980520419793687
N0149HF,0.11350075275045039,0.8109743288557164,0.06348318345788921,0.00859196878235467,0.003449766153589426
N0150HE,0.16486398895006263,0.4020775388928187,0.27331485384784643,0.13293846665325468,0.026805151656017556
N0151HE,0.10594895754512719,0.41764024401518335,0.3425409395083076,0.11295151101209026,0.02091834791929168
N0152HE,0.6620930037639469,0.2838640874630568,0.041067227251427973,0.010386029589571612,0.0025896519319966926
N0153HE,0.6016003100388718,0.3149240505046373,0.06308896212991155,0.016540966260500722,0.003845711066078584
N0153HF,0.6963544362394549,0.27479851275512085,0.020667511742639876,0.00568186886403285,0.0024976703987515747
N0157HE,0.7853460343957007,0.1953816468204094,0.012989886171168603,0.004417946672668147,0.0018644859400532491
N0158HF,0.6904694875105521,0.27410551312563947,0.024572425771583424,0.0080869048338606,0.0027656687583644144
N0159HE,0.26335551742101676,0.5423379407729624,0.1292149514492365,0.05069573015684782,0.0143958601999366
N0159HF,0.22111936402879212,0.6195920351761754,0.12304434246934937,0.027840598375982566,0.008403659949700434
N0160HE,0.8750057897847643,0.1158931532080126,0.005483599627215091,0.002252476034354721,0.0013649813456531757
N0161HE,0.8912753705559269,0.10184238333110333,0.003981906663765495,0.001891638070958036,0.001008701378246418
N0161HF,0.9054469263891394,0.08356183328308928,0.006419510092712426,0.002777079323226921,0.0017946509118320982
N0163HF,0.01837803524999408,0.05245104898732259,0.22443071186087998,0.431426385131934,0.2733138187698694
N0164HF,0.2165525535902167,0.4441931094804599,0.22963544304601302,0.07959375031623357,0.030025143567076862
N0166HE,0.7536613743170324,0.22458803180590964,0.01477162648046051,0.004878690632800991,0.0021002767637963455
N0167HE,0.2898734634612974,0.6094490536977355,0.07924351758674777,0.01567055354169642,0.005763411712522975
N0168HE,0.03949365261988594,0.8685054695673176,0.08219352877554613,0.007593456684949351,0.0022138923523010515
N0170HF,0.9376404802786589,0.059663331401146755,0.0016563949709323365,0.0006727078698459287,0.00036708547941606594
N0171HC,0.8595213866225944,0.13202071396014065,0.0051036933060816195,0.0021001161090127346,0.0012540900021705066
N0171HF,0.6469700817699229,0.3292236373622538,0.017326487619152814,0.004530310388451166,0.001949482860219375
N0173HE,0.4869159303134348,0.4732927499924669,0.0292461605535277,0.007835006782598835,0.0027101523579719632
N0175HE,0.28414157235702076,0.39199106418193497,0.19718149178121044,0.0909924659710886,0.035693405708745136
N0176HD,0.5750781164216077,0.3981084082828231,0.020753315812453852,0.004229965586711348,0.0018301938964040878
N0176HE,0.9304685605889352,0.05701577304507584,0.007092602069502777,0.0035355579621509934,0.00188750633433525
N0181HE,0.5899602312497352,0.37679901654959697,0.026381714915112868,0.004909840680824507,0.0019491966047305148
N0185HF,0.4899335682280325,0.49903564979979687,0.008578166018000762,0.0016961402625023769,0.0007564756916675623
N0186HE,0.7849447895632042,0.203547671062659,0.00739753721912755,0.002831285012111766,0.0012787171428974588
N0188HF,0.11801500690249297,0.7775104862701859,0.08807126671643847,0.012355952672582786,0.0040472874382997785
N0189HE,0.7202856377786186,0.250986853530075,0.020611563762025907,0.00595301660797518,0.002162928321305347
N0190HD,0.1560812583068094,0.6199926710110646,0.16576796505940536,0.04268160096436298,0.015476504658357756
N0192HF,0.2576360792012903,0.47722029730518845,0.19880926178710048,0.05702273656432329,0.009311625142097525
N0193HF,0.16275379303357784,0.4407000453456787,0.2382828655103996,0.125811960837703,0.03245133527264097
N0194HF,0.013998523453504396,0.06716515546509134,0.4281977863523515,0.39695771543151814,0.09368081929753476
N0195HF,0.21240010435089213,0.47345953479092684,0.20640942855488037,0.08232702261809544,0.025403909685205332
N0197HE,0.02629979790564587,0.92272712475767,0.043965562612508106,0.0056545168509895905,0.0013529978731864115
N0198HF,0.4750523656226056,0.5119643866782135,0.00968762992807891,0.0022643713729078455,0.0010312463981940244
N0200HF,0.7346059893022437,0.21720994366856333,0.02538138789068996,0.015281023686185932,0.007521655452317101
N0203HE,0.08360657065081192,0.5912769795816109,0.26898421565710534,0.04251902813673845,0.013613205973733406
N0205HE,0.6269305578085522,0.34280238067361063,0.022615107860908867,0.005500775411486963,0.002151178245441342
N0205HF,0.8509493004555836,0.14051890144035478,0.004836868627527986,0.0024448248928207314,0.001250104583712882
N0210HF,0.3484756867998517,0.5802918989166905,0.053388710678701254,0.012389837159183608,0.005453866445572937
N0212HE,0.36336581617792324,0.5451205361059694,0.06912986580627539,0.01611714417018064,0.006266637739651272
N0213HE,0.785512334730681,0.19553810428181023,0.012470158622431067,0.004873463261216096,0.0016059391038614145
N0215HF,0.5458304203178909,0.41459362102326097,0.029180142910077016,0.00767392009060708,0.002721895658164282
N0216HF,0.3851133842473185,0.557790736563115,0.04378584077632668,0.009643816807812663,0.003666221605427074
N0217HE,0.03802157071689341,0.8050355260570152,0.13661354428790817,0.01582267853496035,0.004506680403222947
N0219HF,0.8202637408317248,0.16286294323097997,0.011413572911242545,0.0038899196639215353,0.0015698233621311189
N0220HE,0.04215362270383211,0.924349833475491,0.02916473052711811,0.0034262769996714045,0.0009055362938873547
N0221HE,0.6338109398056558,0.33689551193182316,0.02067805128913037,0.006443496119163202,0.002172000854227299
N0222HE,0.824909414501534,0.15416944965667462,0.012333937114351379,0.0057443010945774624,0.0028428976328626738
N0222HF,0.517978937065623,0.4580288496738837,0.018186835110435673,0.004140321881124065,0.0016650562689332926
N0223HF,0.10022457396563109,0.8320160565947656,0.058982069386141735,0.006977129719591478,0.0018001703338699306
N0224HF,0.45564514695047054,0.4723274041581836,0.055266842958374786,0.012197074086088206,0.00456353184688297
N0225HE,0.8911712309537716,0.10152516665456177,0.0047926413603399005,0.0016242930046013377,0.0008866680267256499
N0226HE,0.030482679382533785,0.1285722085246,0.3901398989749682,0.3042046445801248,0.1466005685377732
N0227GZ,0.8460518647209113,0.13520986237135646,0.012858733873574743,0.004237981945175777,0.0016415570889817947
N0227HF,0.9052098704881102,0.08932071005638213,0.003115383370699145,0.0013907609508623203,0.0009632751339461815
N0228HE,0.1377477200765343,0.3415500229111874,0.3006986324447306,0.16575845219839316,0.054245172369154514
N0229HE,0.5780669336996033,0.377198980095116,0.03339024814968708,0.008069313852523657,0.003274524203070036
N0229HF,0.8170292968632555,0.17257660273889372,0.006975867249314145,0.002204311034064271,0.0012139221144722152
N0230HF,0.23922160606554205,0.5514099587258912,0.15110786476382743,0.046759115689017174,0.011501454755722125
N0231HE,0.37627849079473136,0.5957769976843441,0.022743414347754,0.00374417196196982,0.001456925211200893
N0233HF,0.7431856363380991,0.23299107634725455,0.017093019629262816,0.0048076733033650485,0.0019225943820184936
N0235HE,0.52956643419449,0.39657142270534873,0.056174795199786465,0.01281399024652016,0.0048733576538546215
N0237HE,0.6886897176752885,0.2776265169896893,0.022209661995500875,0.007246907352069433,0.004227195987451774
N0239HF,0.2418705277093042,0.6372201029938867,0.09449749213778595,0.019772173977681884,0.006639703181341175
N0240HE,0.7321899561458299,0.2304838306750192,0.02374807658422786,0.009782548903209589,0.003795587691713406
N0240HF,0.9209247168288712,0.07577727805478982,0.0020535408580962668,0.0008084294075003691,0.00043603485074231944
N0241HE,0.07964032656074205,0.48862016157324833,0.3277485140869485,0.08243630721280405,0.021554690566257056
N0241HF,0.8650098689100002,0.12299313356674653,0.007158433125596277,0.0031830785650154895,0.0016554858326415238
N0242HE,0.685497831333804,0.28270900565265433,0.020111501807723635,0.007177889518257249,0.004503771687560708
N0242HF,0.7506381646226644,0.22493998049539451,0.016503579828961508,0.005739652112537456,0.0021786229404420184
N0243HE,0.4428426627314742,0.40756786722937227,0.1083104818081653,0.03289876210883208,0.00838022612215615
N0245HE,0.09228666194518151,0.38338844942131256,0.35414908225404046,0.13516635507866429,0.03500945130080112
N0245HF,0.03542245232457249,0.13732431181008,0.4586689156766329,0.2914031412395467,0.07718117894916782
N0251HE,0.2539592442833519,0.6355379061081263,0.08751901520847247,0.01724715644876306,0.005736677951286277
N0255HF,0.6918303052906483,0.27813818445525385,0.021552804905184797,0.006012069272595236,0.002466636076317827
N0258HE,0.7655142215300734,0.21321764282601446,0.015028068850398915,0.004698639043283284,0.0015414277502299068
N0258HF,0.2552448626533746,0.5299253203152438,0.14505001516236227,0.056037041035607194,0.013742760833412318
N0259HF,0.3444199311284759,0.4524920378021974,0.15111213117039798,0.0401457884614071,0.011830111437521659
N0260HF,0.7475118326200073,0.23094773984256417,0.015510831104777842,0.004292515455719329,0.0017370809769313444
N0263HE,0.8342137078788465,0.15556020560560563,0.006025762821724351,0.0026913201501228986,0.0015090035437007145
N0263HF,0.7443611417529672,0.2393833389686423,0.010600065166165476,0.003765463676815646,0.001889990435409499
N0264HF,0.16669690314101202,0.49062927811203333,0.24562059177119,0.08141910590926013,0.01563412106650447
N0267HE,0.10757440993044524,0.7633105957638462,0.10887702635825383,0.016077072540289034,0.004160895407165796
N0268HF,0.29630576660722624,0.46912712370735504,0.13280705287187247,0.07879706433825688,0.022962992475289448
N0270HE,0.759763218896407,0.21743094588110062,0.01451773623494823,0.00562583473819533,0.002662264249348822
N0272HE,0.5327798238325221,0.3860098635529069,0.06141520821443088,0.015084866318861254,0.004710238081278838
N0274HE,0.12599165906044094,0.5323982087427656,0.2655666037568248,0.058478860382899324,0.017564668057069473
N0278HE,0.49729105081529434,0.3875596763132288,0.08475086884889987,0.023388344222733178,0.007010059799843797
N0279HF,0.580187679184617,0.3713513389138916,0.03506058766569134,0.01003356016394801,0.003366834071852117
N0283HE,0.5730239899543468,0.37450892218372556,0.03633031650253129,0.012077346728973343,0.004059424630423084
N0286HE,0.8760133771614628,0.1181302296065729,0.003188680691219656,0.0016960246118041557,0.0009716879289405723
N0287HE,0.37819219891008216,0.5538973077381429,0.04754632986417607,0.013994922081855415,0.006369241405743421
N0288HE,0.7384705614886629,0.23293012019972284,0.022163658358283315,0.004970628100566389,0.0014650318527647174
N0292HE,0.12626186216391844,0.6915518927654395,0.15646968347880275,0.019674384773887974,0.006042176817951416
N0294HF,0.6375356266085876,0.321036026894542,0.029979686577886723,0.008362915672991283,0.0030857442459923446
N0295HF,0.8515805733188365,0.13659203177597712,0.008118892219211808,0.0025928882932164175,0.0011156143927580275
N0296HE,0.35523644197391263,0.4949944583284114,0.11447835306783047,0.02825177528316859,0.007038971346676914
N0299HF,0.3203341859432471,0.649073890734211,0.023727847856999187,0.004898633258769226,0.0019654422067736563
N0301HF,0.7925217312051663,0.19006217127513383,0.01112847401153357,0.004403306431034525,0.0018843170771316972
N0302HE,0.6751880386190581,0.28716671469571164,0.024188181088524354,0.00988992794104035,0.003567137655665729
N0303HF,0.6011441023019609,0.3543109737535063,0.030026060855461285,0.010309692033654835,0.004209171055416757
N0304HF,0.5058943768948685,0.40574459573573024,0.06706350159653704,0.016289523517175365,0.005008002255689025
N0305HF,0.19463274244364098,0.5784913299409243,0.18205833401106203,0.03482814739675914,0.009989446207613538
N0306HF,0.8416824467914173,0.14694703321967223,0.007655126291719614,0.0025520684925710592,0.001163325204619699
N0307HF,0.055029782354027876,0.9263321060997717,0.015795922542865607,0.0020551007308585627,0.0007870882724761847
N0309HF,0.10301586616650835,0.4907830189140513,0.3061873559347658,0.08592617956687264,0.014087579417801897
N0311HF,0.156767854679146,0.7548369794314198,0.08019491055375036,0.006273656711273406,0.0019265986244103455
N0312HE,0.5598661935849006,0.38212396106461,0.044121985638630803,0.010017003435682983,0.0038708562761756325
N0313HE,0.7342638221013881,0.23246674357192484,0.024013735056313802,0.00685815245213033,0.0023975468182430085
N0316HE,0.8570889323276563,0.13550459683265992,0.004622825757961717,0.0017776358057439948,0.0010060092759783712
N0319HE,0.7294223101820553,0.24124378012518602,0.019580040394833544,0.0065881456864255745,0.0031657236114996786
N0320HE,0.8521878977854531,0.13784147085882073,0.0062760740731083965,0.0022256820026671058,0.0014688752799507053
N0323HF,0.46714483603222734,0.442653750681245,0.06733585182013264,0.01703636351635436,0.005829197950040573
N0327HE,0.7565075718002803,0.22022446615850638,0.016724793238097623,0.004782126816744753,0.001761041986370895
N0327HF,0.728453944180999,0.23760901982054286,0.022848819206002343,0.00795956097466492,0.0031286558177909297
N0330HE,0.639643848505668,0.3325058764533127,0.018682459313909,0.006524446728104832,0.002643368999005434
N0330HF,0.7940046215487754,0.18161531264248493,0.0165478918171764,0.0051165965635680015,0.0027155774279953417
N0332HE,0.8604995434049549,0.12977154264041482,0.006064958784348666,0.002507495894072026,0.0011564592762094506
N0332HF,0.42413123735942737,0.5214806584898634,0.039110178825707644,0.011582396687295628,0.003695528637706071
N0333HE,0.0689146183777881,0.33147978042030274,0.3578243772583127,0.20727516140094043,0.034506062542655966
N0334HE,0.339646970006832,0.4077831423280884,0.17692354054768877,0.05471621074666951,0.020930136370721244
N0334HF,0.9167724809662093,0.07701887305600155,0.0037161888470917657,0.0015058243309003627,0.0009866327997970013
N0336HE,0.8913574434374547,0.10392280146930881,0.0028578320579749623,0.0012284595278204127,0.0006334635074410189
N0338HF,0.2612341516848865,0.4941254023012066,0.14456958523566063,0.07618285734144711,0.023888003436799202
N0343HF,0.8034068565272972,0.1834107257364566,0.010463297242865427,0.0021214919918360626,0.0005976285015448459
N0344HF,0.7115241900835827,0.2734848205656078,0.011661887138339305,0.0025026081432416494,0.0008264940692285918
N0345HE,0.7817658901317301,0.19718264176821027,0.012530617674362055,0.005439159003368523,0.003081691422328927
N0345HF,0.7131835347671804,0.2698653257375049,0.013497339833887697,0.0026708253227619586,0.0007829743386651827
N0346HF,0.8815988202831788,0.10138637293820249,0.009051764701847872,0.004668573485886068,0.003294468590884838
N0348HF,0.05132505657765805,0.9343436668005147,0.01168684007373948,0.0019269467478094094,0.0007174898002783806
N0349HE,0.8446951024772567,0.14321862202505337,0.00813632845332635,0.0028518845829816875,0.001098062461381951
N0349HF,0.7178016834929151,0.26836800613412737,0.01063187521106619,0.002377271660935468,0.0008211635009559235
N0351HE,0.4239959197846618,0.44680009012279154,0.09029768928634334,0.029568453604378337,0.009337847201825001
N0351HF,0.7220113264199767,0.2634327261420941,0.011318220256691646,0.0024198074736535265,0.0008179197075841154
N0353HF,0.7635805392506284,0.21721433549803953,0.014973736781631681,0.0031685558286621554,0.0010628326410384464
N0354HF,0.8503612336836884,0.13844248763938263,0.008592738659457129,0.0019336344762541779,0.0006699055412176533
N0355HE,0.39569605800052376,0.45783504511843776,0.11151730110329121,0.027236430193384446,0.007715165584362751
N0356HE,0.7052849506030572,0.27752276975495743,0.012084017413881093,0.0037020773674310064,0.0014061848606733442
N0356HF,0.7097011724221702,0.20505501454118286,0.04189169854363375,0.025705205444909656,0.017646909048103555
N0357HE,0.32471212082850565,0.5318974338309967,0.11643365015214224,0.02169557671512612,0.005261218473229077
N0358HF,0.4554767841792091,0.4917527311447577,0.041498931248884194,0.007660222594341422,0.003611330832807474
N0360HE,0.7090803112395317,0.27729040030643026,0.00949682619224867,0.0030083259319743467,0.0011241363298150633
N0361HE,0.9277626287439175,0.06892713789866758,0.001969526735787596,0.000868740967952167,0.0004719656536751345
N0363HE,0.7919514183975133,0.19075862753920458,0.011453187599974102,0.0041941949623490555,0.0016425715009589965
N0363HF,0.06705300925339167,0.23390910389822564,0.3613944649756861,0.2730152418058056,0.06462818006689104
N0364HF,0.07702024461137577,0.3927394789965668,0.30030841116589835,0.1791974719878953,0.05073439323826372
N0365HE,0.24990163349301248,0.4435668321255689,0.21262396278573306,0.07725839920906853,0.01664917238661707
N0365HF,0.10640503986406843,0.5577592750550083,0.28146261371737985,0.04441060365444811,0.009962467709095308
N0366HE,0.3629318674927366,0.554753528834788,0.0637222078179129,0.013627495823260108,0.004964900031302527
N0367HE,0.3716287792772342,0.490214723306852,0.08207952621651732,0.044411639820636395,0.011665331378760016
N0367HF,0.17775679436702055,0.4927360706824294,0.2744228994369872,0.046487310269836456,0.008596925243726298
N0369HF,0.6462698545812253,0.3114451249922286,0.025661926842507926,0.01127514799574954,0.005347945588288576
N0370HF,0.7341595091028398,0.2447227045828096,0.014664938641818434,0.0045315877564066215,0.0019212599161256623
N0372HE,0.8551715172208985,0.13562659192882393,0.006877296452781806,0.0017164755195000305,0.0006081188779958346
N0374HE,0.025921461554994935,0.14466059006841714,0.4049975648511813,0.39145438537163785,0.03296599815376888
N0377HE,0.8994482791840811,0.09324340972729575,0.004413952761756643,0.0018736552651457065,0.0010207030617207504
N0378HF,0.8076330130785877,0.17392199324659238,0.01328387735276958,0.003751564082432502,0.001409552239617627
N0380HF,0.7149766213797577,0.2636871678055216,0.016281240507753564,0.0037445328755849145,0.0013104374313821431
N0381HE,0.8391349218619822,0.14386542176274011,0.012560511921022616,0.0031274968668110375,0.0013116475874439379
N0382HE,0.7084769230576338,0.26943080460242586,0.01351063563558759,0.006153495884386328,0.0024281408199663965
N0382HF,0.48402205371744245,0.4546708542166855,0.04473714524848217,0.012315474320699144,0.004254472496690797
N0383HE,0.8972539733037106,0.09432640540987751,0.004983682000879651,0.002214728073226681,0.0012212112123055926
N0384HF,0.31042789239011226,0.5762543411119699,0.08255271088208428,0.024532577251335445,0.006232478364498073
N0385HC,0.12336083881955492,0.5729202324569622,0.2500514572705813,0.041324311853905046,0.012343159598996309
N0385HE,0.8261432749540474,0.16564815362355323,0.005297634273390657,0.0018011907947653894,0.0011097463542433072
N0387HF,0.023086897347646195,0.9369275601535165,0.03485619699459427,0.003999621027022437,0.0011297244772206258
N0388HE,0.907314383979898,0.08451370240702363,0.0045806275059371475,0.002250785507363797,0.001340500599777392
N0389HD,0.024960296647315326,0.8957025457932634,0.07102384622987645,0.0062739876461264735,0.0020393236834183254
N0389HE,0.7938193688106706,0.19475478145772251,0.007559790314519771,0.002588025550276715,0.00127803386681041
N0390HE,0.18495385514637067,0.504702683590859,0.18066442288544976,0.09420582177620407,0.03547321660111651
N0391HE,0.32781454363152196,0.5611992019340353,0.08797819653087653,0.016543882948062687,0.006464174955503584
N0392HE,0.6956744991927923,0.2892422782629379,0.010874376676553109,0.0028570205142253572,0.0013518253534912739
N0393HF,0.31735162604796463,0.47158274210128753,0.14549463125937584,0.05093628668359983,0.014634713907772167
N0394HE,0.6526468930389943,0.3238424567339352,0.017531593591462773,0.0041738607209146576,0.0018051959146932399
N0395HF,0.5866188241099917,0.38056761383361887,0.02526111455215046,0.005460998440822624,0.002091449063416416
N0397HE,0.6437462807984644,0.3369843617429463,0.01392334615245916,0.003701937946659309,0.0016440733594706332
N0400HF,0.14067066159757685,0.5007776947508324,0.24791537979731948,0.09809044473621228,0.012545819118059012
N0401HF,0.17092759655747153,0.4890690759671923,0.20722077313813028,0.10339970008216573,0.02938285425504028
N0402HF,0.349009120638845,0.560490132833653,0.0651156187104164,0.01875750097692894,0.006627626840156625
N0403HF,0.84797256132828,0.14445172763956096,0.004604221371793527,0.0018791703553646846,0.0010923193050006302
N0405HE,0.6190107991568374,0.31987127473334287,0.04295207915939911,0.013114049484779816,0.005051797465640827
N0406HE,0.338558543853592,0.5430524129169959,0.09428039161240281,0.01844798562744223,0.005660665989567005
N0406HF,0.6678883617927693,0.312047667556945,0.013591948594871919,0.004403530670940603,0.0020684913844730363
N0408HE,0.6792465393070976,0.30182649445930027,0.012471306354927866,0.004360914700287368,0.0020947451783870103
N0408HF,0.2479984833604897,0.4981428982883468,0.1639577580573756,0.06659305820858892,0.02330780208519884
N0409HF,0.18407935977815448,0.6053227848142192,0.1536855168847915,0.04361847140884538,0.01329386711398944
N0411HF,0.1025963165548974,0.6223323427510087,0.23379133743315889,0.0333093940529273,0.007970609208007745
N0412HE,0.4685775922392601,0.4343759063007232,0.07485215260654746,0.017621690683666286,0.004572658169803007
N0413HE,0.9116629553996771,0.08330521839240626,0.0028172314735913292,0.0013924359135278571,0.0008221588207975026
N0413HF,0.2824895719785101,0.6634332567902416,0.043479680554730775,0.007702530570035654,0.00289496010648206
N0414HE,0.827582352619876,0.15818661604467305,0.008796144410568692,0.0038522788761387247,0.0015826080487434113
N0414HF,0.029793174502434662,0.7736384101111201,0.17729891423932953,0.014326553789783916,0.004942947357331705
N0415HF,0.7445274786692168,0.22666795066268092,0.02062301628291787,0.005845117004168239,0.0023364373810161342
N0416HE,0.5660890625029026,0.3951976433656058,0.027541217224854524,0.007916008085584694,0.0032560688210523715
N0417HF,0.2305860822907088,0.5313241873555015,0.15497336364301834,0.06789467026899526,0.015221696441776133
N0419HF,0.12766825253704134,0.35973640863893636,0.2401100081965355,0.2079586565828518,0.06452667404463508
N0422HF,0.705208519135142,0.27650516535555075,0.011338292729865588,0.004759098028807671,0.0021889247506338624
N0423HF,0.6289083556824997,0.31934356027229505,0.034057506068299354,0.012484104846967378,0.005206473129938627
N0424HE,0.36288073591328784,0.5003650549504344,0.10814671320889561,0.02427035017942533,0.004337145747956762
N0425HE,0.3827581675536763,0.5550573576249601,0.04738090527724119,0.011326654071464864,0.0034769154726576254
N0425HF,0.1536456024158161,0.5305625601278493,0.22170565276160295,0.08048551588190647,0.01360066881282515
N0426HE,0.5594889170952767,0.41116748695553496,0.019314622571546543,0.0070842171347864635,0.0029447562428555714
N0429HE,0.876077531130582,0.11376958831099666,0.006720077916723385,0.0023843552417954087,0.0010484473999025034
N0430HE,0.6276304873555867,0.34587299800258814,0.02095284504762435,0.004249327972106075,0.0012943416220948035
N0430HF,0.09872082394689467,0.3740074767151901,0.31001136107643446,0.1801327616680896,0.037127576593391144
N0431HE,0.483830884638684,0.4738973207706757,0.03258499907607987,0.006847482986175102,0.002839312528385371
N0431HF,0.03147677854614944,0.4766753834461218,0.44786511694445635,0.03811484638776796,0.0058678746755044505
N0432HD,0.5865459360854489,0.3590505339844926,0.03758466384052178,0.012801776918477035,0.004017089171059814
N0432HE,0.3409388983617386,0.5814473729111728,0.05707757616478977,0.015133369256032614,0.005402783306266301
N0433HF,0.04084659699113718,0.31998848352565556,0.495284409180182,0.1301926875608767,0.013687822742148548
N0434HE,0.862344844064997,0.13055165070188712,0.004658039447217639,0.0015596045911258603,0.000885861194772344
N0435HF,0.8799354088452442,0.11002803658401894,0.006108923921192587,0.0026198283878519496,0.0013078022616922398
N0437HE,0.6534768483369419,0.32008022243642253,0.020133227386277014,0.004613462673690616,0.0016962391666679553
N0438HF,0.05083891437253833,0.6070214090423747,0.30822546982671656,0.026172185034138727,0.007742021724231618
N0439HE,0.8499732867874912,0.13979606176964893,0.005669924299399165,0.003032530714601553,0.0015281964288592794
N0440HF,0.24309174568544387,0.45498281189685014,0.19276079613131294,0.08922390660291254,0.019940739683480455
N0441HF,0.4535046044737875,0.4934257147512451,0.041371135142968855,0.008627028031261908,0.0030715176007367418
N0442HE,0.06808756488365908,0.2847519148643819,0.349195517527428,0.2593275076347794,0.03863749508975152
N0444HE,0.8335860575763695,0.1570777713761558,0.005793748460727765,0.0023377148084692103,0.0012047077782776849
N0446HF,0.8076106401617997,0.18217780307652914,0.0077722828246709645,0.0017749275936843746,0.0006643463433159932
N0447HF,0.055168162620331015,0.7541435579775655,0.16922407947276363,0.016640332990870872,0.004823866938469145
N0450HE,0.7100691426423699,0.26880314232700026,0.0164868297588453,0.003405699590594239,0.0012351856811903537
N0450HF,0.03483280075437452,0.13007666853956085,0.3489384429184067,0.3684353161812809,0.11771677160637703
N0452HE,0.33836889055948455,0.5741265079426621,0.06489474545872279,0.016745169529493013,0.0058646865096375084
N0452HF,0.29950556441940746,0.5583766226274729,0.10208874504920248,0.027353977868326558,0.012675090035590617
N0453HE,0.8924721359194189,0.10163489477798238,0.0033117359131326447,0.001635378701823517,0.0009458546876423399
N0455HF,0.15173499018904024,0.7826002869489377,0.05560224862985906,0.007527500067305948,0.002534974164856985
N0456HE,0.6229445899512152,0.3198372138427571,0.04071753638182996,0.012811175756209834,0.0036894840679879437
N0457HE,0.045242261699039776,0.8408401877226813,0.09989358521629234,0.011144964648694983,0.0028790007132915157
N0458HE,0.952232154211132,0.04268855447369467,0.003047570979759006,0.0011949714291926753,0.0008367489062216305
N0459HF,0.08982956123683561,0.4514737892106388,0.3186013357262959,0.12086463345893032,0.01923068036729939
N0460HE,0.7372193909829816,0.25290120006530337,0.006808051550923089,0.002007988203316588,0.0010633691974753277
N0461HE,0.2737910249502424,0.6130747200570246,0.08905636907697809,0.017285624744210894,0.00679226117154408
N0462HE,0.7657483880816622,0.21221209440368122,0.015543000263748797,0.004680564185130651,0.0018159530657771267
N0464HE,0.7493048128825276,0.23603080326157796,0.010213798771383509,0.0031010201940117063,0.0013495648904993315
N0465HE,0.7866471333612448,0.20472290187897824,0.005903217546090546,0.0017676989143679705,0.0009590482993186366
N0465HF,0.2292720595614594,0.38952112205888456,0.2553635564336167,0.10520747811005875,0.020635783835980588
N0467HE,0.1741147470278577,0.4481690366792539,0.23827221243332136,0.11167622892235166,0.027767774937215405
N0467HF,0.9276957043582931,0.06558811223571,0.0037812117230200974,0.0018509162555902683,0.0010840554273865376
N0468HF,0.02437681310270596,0.08004632579624248,0.3202624814484386,0.41379807599240614,0.16151630366020686
N0470HF,0.826910295567752,0.1600624568352237,0.009271819115514666,0.002585482787033817,0.0011699456944758413
N0471HF,0.5067905599936335,0.42193926701963846,0.05616705265354023,0.011894294378877287,0.0032088259543105293
N0472HE,0.7255298659029394,0.2628651104337258,0.0076898512866301755,0.002714141267896535,0.0012010311088080682
N0472HF,0.1810018708932668,0.5971972784005906,0.17200397727309052,0.0386289372638928,0.01116793616915933
N0475HE,0.07636453998038413,0.6564537490024707,0.23896876945650525,0.02337051720305029,0.004842424357589593
N0475HF,0.7151216683071788,0.2473043326450129,0.025475123260418807,0.008513088600975325,0.003585787186414209
N0478HF,0.7556395582406273,0.2353324674370696,0.005716317461757261,0.0020555075469417777,0.001256149313603994
N0479HE,0.24132888309443606,0.622729793919248,0.11183558243880795,0.018309841509836958,0.00579589903767102
N0480HE,0.13505136209021407,0.44515083106823,0.25154626640510525,0.126634142361202,0.041617398075248696
N0483HE,0.6428554208961669,0.33043348387134697,0.019399003529791275,0.005467216924339983,0.001844874778354874
N0483HF,0.13344615524457132,0.6308311011356592,0.19962431425588684,0.029266945022169828,0.006831484341712865
N0485HE,0.5201387874782615,0.4483900516492533,0.024492399641563564,0.005039175636780093,0.0019395855941416473
N0486HE,0.0956205470690178,0.8877479277852848,0.013480252732930895,0.0023008217034180584,0.0008504507093484248
N0486HF,0.7396165195670784,0.23481592159306236,0.018627571558698573,0.005083477729607948,0.0018565095515526997
N0487HE,0.8420513551968005,0.14742408476583888,0.007143148546237302,0.0023349002699442367,0.0010465112211791084
N0487HF,0.5855949595132366,0.34733929872334757,0.04827154554151781,0.013857157349502552,0.004937038872395435
N0488HE,0.025597600266070296,0.9210927450583313,0.04601807420818447,0.005621614897325761,0.0016699655700882512
N0491HE,0.7961074028762678,0.18652787973092055,0.010136190313009736,0.004647932312501575,0.002580594767300189
N0491HF,0.8347810999531597,0.15399383530543137,0.007192417343776694,0.0028131011151834437,0.0012195462824485886
N0492HF,0.9014951806402068,0.09334620524921103,0.0031943893448821868,0.0012850310053474534,0.0006791937603522215
N0495HF,0.3549207801622451,0.5741232435040784,0.05568115928801949,0.011584752781863442,0.003690064263793745
N0496HE,0.05757780835645203,0.1472308890820622,0.38408327767006234,0.2816259144144607,0.12948211047696281
