ncode,proba_0,proba_1,proba_2,proba_3,proba_4
N4541HD,0.7881450837680138,0.1942415950081734,0.01222593751276124,0.003907663817843807,0.0014797198932077794
N4397HD,0.012888437642210105,0.13004945934024573,0.5106437883369236,0.30784891845002055,0.03856939623059998
N4544HD,0.9158149938540715,0.07953042609520891,0.003180178809668953,0.0010169992870728136,0.00045740195397776925
N4545HD,0.07561357275089745,0.2864349835659343,0.47531583602124233,0.12170521177422737,0.040930395887698694
N4546HD,0.15455209965575872,0.6699592104688167,0.1658169123350093,0.007992517910144688,0.0016792596302706913
N4550HD,0.8833460261461314,0.11108298350596675,0.003975725024205724,0.0010432554617013227,0.000552009861994815
N4551HD,0.7584387664394547,0.2325470088212899,0.006995347591349045,0.0013386230538383916,0.0006802540940677493
N4554HD,0.03947045401334282,0.2700179264649599,0.6049533836769616,0.07681430931198278,0.00874392653275289
N4555HD,0.33736331650824947,0.5637920222218812,0.08737655236303683,0.009664493766684304,0.0018036151401482512
N4556HD,0.36310525279148825,0.48871909576456296,0.10492026156561086,0.03569058000593508,0.007564809872402998
N4563HD,0.3698889222242825,0.5150870368290624,0.09355440873430394,0.017720986496067737,0.0037486457162834623
N4567HD,0.9135608346712781,0.07970486004628638,0.004172461440183741,0.001573977384620937,0.0009878664576307376
N4561HD,0.8457371269780313,0.14801226853767813,0.004917781554831558,0.0008963002076224479,0.00043652272183644
N4571HD,0.31479966709238777,0.5947554651403791,0.0679654051107948,0.015905440778331593,0.006574021878106801
N4574HD,0.9323714563958276,0.06465555137381508,0.002012837752711484,0.0006480933857765736,0.0003120610918693554
N4575HD,0.5914842403170577,0.3829793073094294,0.021069653102243804,0.0034753232301872336,0.0009914760410818558
N4579HD,0.2113347184636933,0.6864469352400565,0.08503656939203354,0.013753940302777965,0.00342783660143843
N4581HD,0.17210205218496383,0.6397676046985765,0.17276221510318876,0.011542050573127034,0.0038260774401437684
N4584HD,0.18044737843434477,0.6717229496647916,0.13671072553065705,0.009077244526985492,0.0020417018432210797
N4578HD,0.805309249122219,0.1869836844377212,0.0063424721799960615,0.0009515767606051161,0.0004130174994585965
N4590HD,0.18856942979877228,0.7651958377139128,0.04321861338220761,0.002154025892222227,0.0008620932128851746
N4593HD,0.011575417417725236,0.07963183458970655,0.46029219673886357,0.41531322481090255,0.03318732644280224
N4151HD,0.03214022995163878,0.18086113379910584,0.32425334279675255,0.35578035027236454,0.10696494318013826
N4594HD,0.8731493376759006,0.11996726904454443,0.004828064107354952,0.0014143208719874973,0.0006410083002124866
N4600HD,0.11084583132500779,0.5010958874753078,0.3656800281153992,0.018431016520544866,0.00394723656374052
N4605HD,0.0377794533701629,0.1870559799098289,0.661888777409974,0.10487264111379796,0.008403148196236295
N4612HD,0.3959493364152042,0.5416932327269997,0.05217157056631162,0.008012780547701477,0.0021730797437832096
N1701HC,0.20553888559805153,0.6045989214969997,0.12854442127023163,0.04521700321744954,0.016100768417267472
N3705HD,0.002493549241784991,0.008693780883137166,0.06565578693348863,0.2879755687870759,0.6351813141545133
N4589HD,0.6365982046412535,0.31552094079848053,0.034500477749664714,0.009207680901735387,0.004172695908865985
N4339HD,0.9347973016018912,0.06135979605666463,0.00260549054810108,0.0008432498448058071,0.00039416194853711487
N4615HD,0.016865289620395445,0.0914134619198042,0.3058751515727008,0.47109577997216673,0.11475031691493283
N4618HD,0.9002259462413843,0.09481731455584443,0.00338822957703124,0.0011527169627554507,0.00041579266298458895
N4624HD,0.5229119241156348,0.46848291792364766,0.007200182867268805,0.0009742328709421258,0.0004307422225065363
N4626HD,0.7924203230012136,0.18709547563874854,0.014150080006096176,0.005031040557233857,0.0013030807967079096
N4628HD,0.20319589164925925,0.667947831633569,0.10801272277516151,0.015702410187043235,0.005141143754967303
N4638HD,0.10741622454032625,0.36037256766126646,0.3020837357670684,0.18622964220832322,0.043897829823015676
N4639HD,0.8142905669760306,0.1687929595690708,0.012227790279393263,0.0032656047013977685,0.0014230784741075387
N4642HD,0.9122008574620805,0.0837299487611646,0.002844414962588282,0.0008964691183583592,0.00032830969580834425
N4646HD,0.9403699998383425,0.05691418720652183,0.0016873307820985683,0.0007139378807988498,0.000314544292238266
N4631HD,0.8515112369164396,0.1409754443497929,0.005197558718801889,0.00168582551615754,0.0006299344988081799
N4656HD,0.019296499753088524,0.11031634763225512,0.5448113496637088,0.25561605835518847,0.06995974459575902
N4658HD,0.7640160874840876,0.21172138904899912,0.017898947691197504,0.0047420538560642815,0.0016215219196514194
N4661HD,0.8793361437419451,0.11338736699375165,0.0052311514988820805,0.0012777647632497805,0.0007675730021713274
N4665HD,0.8202974602245259,0.1702143793912953,0.00729649115448263,0.0015147609378858813,0.0006769082918104554
N4667HD,0.9038337781738304,0.0911603136890902,0.0038393927472616094,0.000746127860037104,0.0004203875297806329
N4669HD,0.7771106175584701,0.2128984202565628,0.007758701338385198,0.0015532858736483494,0.0006789749729337287
N4673HD,0.21720376572951114,0.5854603090288822,0.16106069329666423,0.026538377578555695,0.009736854366386792
N0760HD,0.10302088823871458,0.7797433399158795,0.105972699564782,0.008939609884551258,0.00232346239607278
N4672HD,0.6314168737944723,0.3171628916777099,0.03829584216214282,0.009935076568616068,0.0031893157970589703
N2593HD,0.9024868850190872,0.0916998426322954,0.0035708213518763194,0.0013900600825839952,0.0008523909141572396
N4677HD,0.3028353743357518,0.6327950132502765,0.05475910992307304,0.0074711519990242154,0.0021393504918744547
N4680HD,0.1097552497714674,0.389969147768227,0.40447564824896803,0.07819630027134292,0.01760365393999474
N4688HD,0.004962807803083439,0.02877320958074446,0.20069773895552367,0.6326889989503535,0.13287724471029502
N4689HD,0.8336377034615109,0.15943924820794755,0.005329200082491245,0.0011321692873784834,0.00046167896067174136
N4691HD,0.12698957152397095,0.5284990657832925,0.23585569905072234,0.08173832589754237,0.026917337744471925
N4692HD,0.5330061115026666,0.4037799772415327,0.04591904025036316,0.013019013281908845,0.0042758577235286425
N4694HD,0.01134167984316958,0.1264571715487862,0.6853562195884665,0.1545621062934962,0.02228282272608153
N4695HD,0.17437339526656415,0.720786316124364,0.0944496279684244,0.00786276727547385,0.002527893365173724
N4699HD,0.42372961501465023,0.4980048659419567,0.06244942905955766,0.01145628559838585,0.004359804385449544
N4703HD,0.29376860803062577,0.5430019976938548,0.08153910584099498,0.06276201668109169,0.018928271753432566
N4704HD,0.002666288673318786,0.014189372658278233,0.4183840996658649,0.5461326401077167,0.018627598894821535
N4708HD,0.9429877687503615,0.054355681617325846,0.0017263251677422699,0.0006141121217456438,0.0003161123428248576
N4714HD,0.5248987336812247,0.4247184915462268,0.035991317866536233,0.009759525153604683,0.004631931752407546
N4721HD,0.10907657775809121,0.6762474261914818,0.19118811205572445,0.017823628349563667,0.005664255645138954
N4722HD,0.8577562551462771,0.1355152191192503,0.004819733817638571,0.0014655404071724095,0.00044325150966156455
N4724HD,0.17876548360222244,0.7483186499314697,0.06749648672528102,0.003968759467050653,0.001450620273976104
N4726HD,0.03646462073806579,0.9118690150618702,0.04832240846544447,0.0026485860675894823,0.0006953696670298299
N4735HD,0.686187706338131,0.3011752894165668,0.0098592453802758,0.0019494760423663991,0.0008282828226601034
N4063HD,0.46613549232417983,0.44416157716519955,0.06279881409602683,0.01920388981102072,0.007700226603573132
N4712HD,0.7366255555972199,0.25437270290702463,0.0068509252562334085,0.0015169325159712218,0.0006338837235506332
N4738HD,0.24633378183884022,0.6271431749895343,0.09027413736817748,0.029774354136576732,0.006474551666871323
N4740HD,0.02948617875530531,0.159577967723357,0.2797626941126436,0.3750350188147165,0.1561381405939776
N4742HD,0.020043881680393484,0.06025828517715087,0.3751575841406365,0.425876038389895,0.11866421061192392
N4745HD,0.7803724220707838,0.2063763803083125,0.010159605720976746,0.0023842573783681236,0.0007073345215587564
N4747HD,0.7803177184478757,0.1920538393813564,0.019834633697731426,0.0053191690033936355,0.00247463946964277
N4750HD,0.6662335431450533,0.2938049034490241,0.027420264732890564,0.008865609354249232,0.003675679318782966
N4752HD,0.008755202275615558,0.09926446141990314,0.6284360276378528,0.23229818830364343,0.031246120362985106
N4754HD,0.7852411110215197,0.20368929252440493,0.00847039822656277,0.0019160775696826558,0.0006831206578299361
N4755HD,0.18977981546682024,0.6241625496732621,0.13391223403022898,0.03718874222072365,0.014956658608964949
N4756HD,0.4772660972098167,0.46500016301470704,0.0476176576107029,0.007311500801038229,0.0028045813637352338
N4757HD,0.8800496761208519,0.11122503561672142,0.006543803888314147,0.001598335942265252,0.0005831484318470669
N4759HD,0.11759835645856558,0.8039165969592085,0.06973819194000268,0.006488705546868204,0.0022581490953553223
N4762HD,0.35052916619470936,0.5681774056924355,0.07307607238746065,0.0062386832278351475,0.001978672497559314
N4763HD,0.4920621561491844,0.46016435432753566,0.036672591634010675,0.00795970381060205,0.00314119407866698
N4767HD,0.8175272034112812,0.16652412099162367,0.011735111736555436,0.003146968539156248,0.0010665953213837022
N4769HD,0.038905000354179556,0.18736255374762364,0.6121820239734083,0.14361995864295388,0.017930463281834536
N4770HD,0.7862607099262136,0.1998400954653253,0.00938712716459192,0.003467908839213257,0.0010441586046559868
N4676HD,0.3208024371653191,0.5846633091038232,0.06774297168571994,0.01951449563039004,0.007276786414747741
N4614HD,0.3036079406745546,0.48452259002442605,0.17212947843383258,0.03301980727441995,0.006720183592766973
N4774HD,0.35078156344519795,0.5573483503400196,0.07044186499954021,0.016118490792812076,0.005309730422430185
N4778HD,0.05998303460970945,0.5176196665312917,0.33474855746447124,0.0667895009559796,0.020859240438547998
N4780HD,0.007057921120534112,0.05813126426740895,0.2523345442048544,0.44744937548993874,0.23502689491726367
N4783HD,0.547968113668304,0.42415855743154507,0.02281298865710244,0.0036086536460530126,0.001451686596995448
N4789HD,0.8148209136915007,0.16246221390214277,0.0165840681793009,0.004243819301163002,0.001888984925892789
N4792HD,0.4972849616634459,0.49315765364244735,0.007778443137954246,0.0012256321983263516,0.0005533093578261794
N4793HD,0.0427415024614775,0.7015252568968636,0.22918911238645406,0.01931135771817204,0.007232770537032656
N4794HD,0.00535524459364628,0.03825522273867391,0.290478036854388,0.6058775643344363,0.0600339314788556
N4799HD,0.7583060989067685,0.23185342955878047,0.007779253992185817,0.001540372475374495,0.0005208450668906236
N4800HD,0.919707563385106,0.07610202949136691,0.003009038525154502,0.000732249527697016,0.0004491190706757669
N4808HD,0.1352580133392151,0.8333764843940398,0.02857381675605177,0.0019601015943561937,0.0008315839163371712
N4809HD,0.5558596572536573,0.40221765587337316,0.03242436894204335,0.006499259364621309,0.0029990585663047927
N4634HD,0.7271853423111875,0.24280913716523464,0.020598138116436755,0.007364865656668685,0.002042516750472584
N4784HD,0.8893363988619136,0.10461732850021505,0.004040990165724432,0.0013901010337368177,0.000615181438409993
N4815HD,0.9053033030573268,0.09014528962072743,0.0033296640869984536,0.0008459823168800256,0.00037576091806715024
N4816HD,0.7379372066348378,0.24019573745138975,0.016290922493330872,0.004562197271255678,0.0010139361491859965
N4817HD,0.3629456750689136,0.5955441185148489,0.03650145449141437,0.003638173592706291,0.001370578332116787
N4818HD,0.9080511201556897,0.08524497443718532,0.004368243134718114,0.0017013936400862928,0.0006342686323207911
N4821HD,0.03556577229796704,0.9291819824793768,0.032809694827787984,0.001891557342241444,0.0005509930526269326
N4830HD,0.8537105052103954,0.1371249090731054,0.006811454807620846,0.0017468077653911014,0.0006063231434871119
N4748HD,0.8594380608948586,0.1346682470848737,0.0042767971193416,0.0010698255979367417,0.000547069302989065
N4684HD,0.8195198094491263,0.17230560841439085,0.005930641806221846,0.0015443502278957313,0.0006995901023653003
N0389HD,0.029092499754938928,0.9459484907938669,0.023025500476567765,0.0013896588853594316,0.0005438500892669736
N4796HD,0.4624645151317734,0.43757095899812143,0.08352768874032905,0.011687604878951555,0.004749232250824498
N4834HD,0.004774174480965449,0.02793029703179708,0.38327379694492975,0.5566463432635353,0.027375388278772474
N4835HD,0.0629120535976069,0.9226990719317599,0.012942375902425439,0.0010390133286793943,0.00040748523952844733
N4837HD,0.5751190495002807,0.41114630926271656,0.011352646681856407,0.0016949056417726084,0.0006870889133736376
N4838HD,0.05595450456701927,0.9237884645749295,0.018066608289495585,0.0014981936694705665,0.0006922288990851889
N4839HD,0.03480790209809862,0.44874143268543243,0.4689728746188713,0.041705006061881815,0.005772784535715753
N4842HD,0.7595429843073517,0.21983753297901645,0.015357144087949592,0.00397821971069756,0.0012841189149845485
N4844HD,0.9238873250768734,0.07319362558533726,0.0019863849136119924,0.0006111864016886611,0.0003214780224888138
N4846HD,0.12803158544772292,0.4843094228710366,0.2936268965319137,0.07392582774510617,0.02010626740422062
N4847HD,0.8048160191147508,0.18645852368225393,0.006823911967230254,0.0014082950048397076,0.0004932502309253045
N4849HD,0.335676061790574,0.6018827989979314,0.04634955939262913,0.01194411170302195,0.004147468115843498
N4852HD,0.033099876966899734,0.4440226132872023,0.49153584352935786,0.02728753333491719,0.0040541328816229615
N4853HD,0.5935390659209786,0.381232084823641,0.02120346018559407,0.0028739511741616096,0.0011514378956246143
N4856HD,0.8396293411860394,0.15414552375125423,0.004295531355298223,0.0012949026331501108,0.000634701074257867
N4858HD,0.8306503531174575,0.16030953102074222,0.0069340253045455606,0.0014828070988527943,0.0006232834584018488
N4860HD,0.1860735139116057,0.7669387979638169,0.039189382498407394,0.00563578436038596,0.002162521265784174
N4861HD,0.8849959716761534,0.1114131698042098,0.0025916767712320637,0.0006620475374952528,0.0003371342109094481
N4863HD,0.5144537922739348,0.47190358699842944,0.010689620073011007,0.0021182669137635823,0.0008347337408611733
N4864HD,0.5710689548030732,0.4162198596900467,0.010012930107160626,0.0019047824896646392,0.0007934729100548605
N4866HD,0.8360250016555574,0.15258965790670198,0.008366324915097822,0.002203313245474594,0.0008157022771682575
N4012HD,0.734660597136931,0.2484244978814192,0.013282804410072863,0.00279393294639403,0.0008381676251827853
N4825HD,0.23567709241484022,0.6067879655212487,0.12081031172005706,0.03182925490602204,0.0048953754378318545
N4875HD,0.05184659939324981,0.6698100102385396,0.23805805562957605,0.0323091560740911,0.007976178664543558
N4878HD,0.04472903724152633,0.26729801103708334,0.4249104363857112,0.19667161201767394,0.06639090331800514
N4883HD,0.020637826220152557,0.30973120023359474,0.6248187151464012,0.040841672189426956,0.0039705862104245605
N4884HD,0.7268138229836616,0.2580617781149141,0.01160614881116386,0.002556277424444262,0.0009619726658162267
N4887HD,0.26396283438066664,0.693613118737601,0.03660280282523318,0.004586015431408108,0.0012352286250910862
N4891HD,0.70282013441912,0.27309146765627396,0.019144660795985022,0.00386587005881137,0.001077867069809765
N4892HD,0.1756998448963282,0.7599350600546643,0.058509011794567814,0.004386763196425467,0.0014693200580141047
N4895HD,0.8592909031206133,0.13022979437210278,0.007438101646475913,0.002329334274118498,0.0007118665866893961
N4899HD,0.6934490303060794,0.2995356410838065,0.005079828928031072,0.0013550283364100917,0.0005804713456729234
N4898HD,0.4807234982094794,0.46623693267996924,0.04488513934079035,0.005954988531338785,0.002199441238422128
N4902HD,0.6380617414565917,0.313317530119464,0.03218038099066621,0.010941341421821855,0.005499006011456142
N4904HD,0.042797000522415383,0.2405945608861002,0.531461703294446,0.1596195955150139,0.025527139782024474
N4906HD,0.808959180486082,0.1781505291675885,0.009391836954102952,0.0025455671110726614,0.0009528862811540482
N4909HD,0.8090273104241723,0.176675710257815,0.010859920955619742,0.0024676494333050205,0.0009694089290878218
N4912HD,0.6405051040399818,0.3343173710645833,0.020177699522222255,0.0037934480312430937,0.001206377341969391
N4913HD,0.7216627049278659,0.2573257808247025,0.01752082308045723,0.002824621648475688,0.0006660695184986011
N4914HD,0.08929944697108613,0.7164966287413685,0.18197262325883948,0.01028973893786825,0.0019415620908375044
N4908HD,0.8704277893950939,0.12488245839005462,0.0035948427110763623,0.0007620317692766405,0.00033287773449838223
N4937HD,0.871641220330438,0.12271023977792131,0.004079270292722327,0.0010653455331198355,0.000503924065798627
N4938HD,0.8903330280579382,0.10529553140033286,0.003245459493978922,0.000789683655093798,0.0003362973926561356
N4949HD,0.908790309284731,0.08599428703317226,0.0035950110869814277,0.001090119690723629,0.0005302729043916457
N4952HD,0.8150892829306564,0.16762669763631904,0.013097225944046822,0.002926192013559383,0.001260601475418222
N4954HD,0.798333843884624,0.19088683876479634,0.008157468874722922,0.0018771417681320037,0.0007447067077248067
N7917HB,0.9155228117158317,0.08152299664699753,0.0020443493337983505,0.0005634789153770666,0.0003463633879955318
N4951HD,0.6429425907810704,0.3478558947708353,0.007179915128556421,0.001461305801247229,0.000560293518290725
N0385HC,0.11127131111873449,0.6279042153295584,0.2129969712111655,0.0357302618721029,0.012097240468438613
N3920HD,0.30042165934741377,0.648133207327617,0.04484793695755831,0.0047317100167708626,0.0018654863506400365
N9498GW,0.7402787399982917,0.24598309155816622,0.011092211678657017,0.0018257548507662129,0.0008202019141189131
N4961HD,0.9179890473758637,0.07853380329921901,0.002518418816138954,0.0007110771753168962,0.0002476533334612714
N4965HD,0.17611766735593487,0.4417485977450761,0.33073336648579055,0.0442188083974056,0.00718156001579291
N4967HD,0.5919833038979245,0.36277230019475726,0.03296740551887402,0.008303508570777784,0.003973481817666306
N4968HD,0.45214636868844993,0.43966262176074605,0.06758679446352273,0.031155080615980033,0.009449134471301343
N4973HD,0.7973769378052623,0.18208167621647728,0.015962129292338225,0.0037732724680714707,0.0008059842178507649
N4976HD,0.015076677481878303,0.32113507339098907,0.6136761713909004,0.04443409437347177,0.005677983362760494
N4977HD,0.44323186813611753,0.5396158242707968,0.014998735585623106,0.0014519875161412036,0.0007015844913213687
N4978HD,0.6895153820525418,0.2828748408411657,0.018298107320078836,0.006725780672773809,0.00258588911343982
N4982HD,0.37504556858777627,0.5010465688255976,0.09327904634191916,0.022973019014463712,0.007655797230243231
N4983HD,0.05648947233626219,0.2812468303220328,0.3656686653097613,0.27228977928386,0.02430525274808376
N4984HD,0.8552137523453894,0.13894345795761567,0.004420532219861047,0.0010778855763832098,0.00034437190075068574
N4992HD,0.010801185317654786,0.07749360976332413,0.29316245912481886,0.5074627122446675,0.11108003354953468
N5000HD,0.6146665746035603,0.32100126268535867,0.04957830028930306,0.011726945904634968,0.0030269165171430013
N5006HD,0.49864845322331774,0.4731676669291549,0.024095053878320085,0.0030654435907877856,0.0010233823784192096
N5007HD,0.7217546370884531,0.2569919797992992,0.014789495301106816,0.004388108905438656,0.002075778905702232
N5008HD,0.35629990512539006,0.6126066942521324,0.02647240555176334,0.0034606343679599535,0.001160360702754056
N5011HD,0.30054693780979813,0.6570938791713171,0.03672625366447356,0.004063044233315717,0.0015698851210955741
N5020HD,0.5987315912852311,0.3676932285842959,0.024158425197640353,0.007170415854236864,0.0022463390785959275
N5024HD,0.8437480996435306,0.14551045803758456,0.0073903537959707,0.002725844411908226,0.0006252441110060568
N4826HD,0.9074930046334642,0.08726152604067522,0.0038914489884443863,0.0009119651092580065,0.00044205522815813654
N5032HD,0.8463153462494093,0.14384300967170177,0.007260910812458459,0.0018805416053114749,0.0007001916611190761
N5041HD,0.9096826687855541,0.08470551465186882,0.0039969146714279,0.0011421601466892748,0.0004727417444599703
N5043HD,0.9305604861014456,0.06437331393639732,0.0035234198181661983,0.0011196335174892434,0.00042314662650148855
N5044HD,0.21187808309642933,0.5737624093433673,0.16074694494872976,0.040042268083822594,0.01357029452765107
N5045HD,0.8009758740150279,0.1846518467929726,0.011311710085626698,0.0020907938478057103,0.0009697752585671068
N5004HD,0.886700525221789,0.10752296189196216,0.0038913852527677063,0.0013034290035634393,0.0005816986299176138
N5055HD,0.5897515534013679,0.35474941003314553,0.042544846695718744,0.010096908011252485,0.0028572818585152005
N5056HD,0.13242693130712885,0.294174665469827,0.35379166162131254,0.13236257937199003,0.08724416222974153
N5057HD,0.7060327628036145,0.28265801750995,0.009278811067319575,0.0014506534994057298,0.0005797551197102482
N5059HD,0.5636490851626711,0.38183732000366055,0.04245367005994511,0.008946130681977903,0.003113794091745385
N5061HD,0.47765086400763107,0.44044690239335776,0.06922141371248329,0.009926426404666124,0.0027543934818617965
N5018HD,0.901997929850104,0.09361794547611145,0.0029891862189244597,0.0010090865225362252,0.0003858519323237804
N4896HD,0.6783350632272616,0.3030927517408661,0.014580657173526093,0.0029154832796324925,0.001076044578713618
N5064HD,0.751725179118894,0.21907212091091602,0.02140040625923831,0.006304980650612849,0.0014973130603387196
N5065HD,0.47750044565735233,0.4925749033061747,0.02345902229854039,0.004912683534178282,0.0015529452037543333
N5067HD,0.23729569217707885,0.5803850483002302,0.13531118179702614,0.03984955156667992,0.00715852615898501
N5070HD,0.05110486178603802,0.45180691114810195,0.4569270334563098,0.03581573204174512,0.0043454615678051815
N5071HD,0.1452356841080316,0.6401240794403669,0.2036053081601765,0.008505642621204202,0.0025292856702208957
N5072HD,0.16379561080312044,0.6023243224859273,0.21588211493185028,0.015158757750575095,0.002839194028526777
N5074HD,0.8280887458996242,0.1566948719744403,0.011170984421034506,0.0027966418925761175,0.0012487558123248546
N5075HD,0.93460265679764,0.062441409200787466,0.0020940671502700445,0.0005409756495743962,0.00032089120172816386
N4923HD,0.8499157431394997,0.13334171519071636,0.011326636955856244,0.003634728660714656,0.001781176053212898
N5076HD,0.7830987035503497,0.20472071076859902,0.009458624364580935,0.0021816921093214966,0.0005402692071486674
N5079HD,0.019008985995379146,0.11487379839678462,0.5402033916246696,0.30064692905643553,0.025266894926731016
N5080HD,0.4460932412861104,0.5152719826521791,0.030883285002130646,0.005635174176930433,0.002116316882649441
N5082HD,0.8142714992003034,0.16485702124378843,0.015114159960720415,0.003880386906190329,0.0018769326889975142
N5083HD,0.6029602949391779,0.3519201341752953,0.03192192031608871,0.010218031681922568,0.0029796188875156914
N5085HD,0.21191809867579783,0.6779896424279455,0.09682807728925905,0.009940159897643967,0.00332402170935363
N5051HD,0.48321958393339853,0.49926295838832996,0.015097020249918524,0.0017134790306070553,0.000706958397745763
N5039HD,0.06523927448744023,0.33177654358239295,0.33978790429978273,0.21165571423743687,0.05154056339294716
N5088HD,0.8936148393111192,0.10225734103917745,0.0029947191193709197,0.000729843482863884,0.0004032570474686803
N5091HD,0.05452652530869701,0.9339620629753457,0.010343798897806096,0.0008682761414234546,0.0002993366767278
N5093HD,0.01915797379937599,0.10383551651620244,0.3515418511350107,0.4209382746969862,0.10452638385242477
N5100HD,0.006537251276086674,0.047267897335696356,0.3787316042542074,0.5271199740760406,0.04034327305796893
N5103HD,0.05402050062559838,0.324397184675974,0.4049864208526034,0.16082314944142645,0.05577274440439789
N5104HD,0.9383395608186713,0.059328957183896164,0.001601749732170318,0.0004991917096095001,0.00023054055565262563
N5105HD,0.827924396404071,0.1575146331521449,0.010171969704939469,0.0027883166766657225,0.0016006840621787869
N5106HD,0.7162605420248055,0.26494679904838825,0.014705750928252694,0.002770950288182501,0.0013159577103711755
N5109HD,0.5432241352356735,0.442268395571481,0.012465959621118993,0.0013933308811049615,0.0006481786906215694
N5112HD,0.43339454551522094,0.5058163246501022,0.04554099711563791,0.01162891048995326,0.003619222229085616
N5115HD,0.8425476052604057,0.1471658635615231,0.007542688577480159,0.0019379799957603891,0.0008058626048304352
N5120HD,0.013247509727185617,0.055372143437942445,0.3872784726220789,0.46293348022682346,0.0811683939859695
N5121HD,0.6998164480201459,0.2779778936725312,0.013395392371409348,0.006156405430799242,0.0026538605051144326
N5122HD,0.7469353448897869,0.22746132589382304,0.017762555932615248,0.005748552142367686,0.002092221141407321
N8305HB,0.863118148998213,0.13073972470632728,0.00430136391975136,0.0014140244171399821,0.00042673795856829603
N5126HD,0.026525957674932602,0.1672520624638629,0.3086552112543225,0.43028830126722006,0.06727846733966195
N5128HD,0.9175950693446003,0.0783733067442655,0.002814402150699914,0.0008170628838464638,0.00040015887658773395
N5133HD,0.011525984913327052,0.08796053939483889,0.5462711417125578,0.31704039999210937,0.03720193398716697
N5135HD,0.8101655573407933,0.17329546625856748,0.012148865699064327,0.0032271358494783907,0.0011629748520965454
N5143HD,0.815165427987894,0.1741697595002513,0.009070821458041655,0.001130049167166383,0.00046394188664676815
N5144HD,0.38246748526741886,0.5672342837490928,0.04273349354115717,0.005657311380018194,0.0019074260623129708
N5149HD,0.1917983547929504,0.5982517283750214,0.16124273072222814,0.04042767019067903,0.00827951591912106
N5152HD,0.4088031451380525,0.5485633230723461,0.036678231297038934,0.004118164042176833,0.0018371364503856674
N4394HD,0.16061813100725603,0.6625391283945333,0.14255748397424872,0.025598392101585966,0.00868686452237592
N5029HD,0.1559683200986331,0.7026989661695805,0.12243644221376203,0.01327460028006528,0.005621671237959026
N4368HD,0.9426089291331988,0.054913462131292876,0.0015867531786276225,0.0005322484814954755,0.0003586070753852891
N5013HD,0.25005089010498704,0.5707820711952768,0.1339356983161969,0.032485864055873816,0.012745476327665532
N5153HD,0.3804557200256734,0.539436730639899,0.06979069501154299,0.00791209858185913,0.002404755741025261
N5157HD,0.8707301194991904,0.12410562557480666,0.003658042588132101,0.0009484547813767831,0.0005577575564940959
N5170HD,0.6699903641250596,0.29946185845044304,0.023963653516418184,0.004350747071228334,0.002233376836850871
N5172HD,0.7093392449939511,0.24979048468827397,0.03113092720116735,0.008138051445536702,0.0016012916710709
N5173HD,0.6647115727541091,0.2982079417237894,0.026456741576099695,0.00818370422982821,0.0024400397161737056
N5147HD,0.6513745011612421,0.3302260935975505,0.013720147901586611,0.0032766575059764527,0.0014025998336441655
N5178HD,0.7038429059647366,0.2701445486637434,0.020705775971483313,0.0037574482502100415,0.0015493211498266322
N5180HD,0.5388242609362998,0.41425013660700033,0.036565619678630104,0.007425971423634645,0.002934011354435188
N5181HD,0.29308070421028437,0.6007541122022726,0.08961569459076682,0.012482122243473998,0.0040673667532021805
N5182HD,0.8985418478615649,0.09699703269755004,0.003360841546808123,0.0007233082088985017,0.00037696968517832554
N5183HD,0.07149116130388483,0.9133099518847155,0.013642103798016073,0.0011689318812644904,0.00038785113211919773
N5185HD,0.06803286448076143,0.24329021402016074,0.45381416493545335,0.19472982966184038,0.04013292690178421
N5187HD,0.1276828002814622,0.5346682744263355,0.26479855518068474,0.057665773896692814,0.015184596214824781
N5188HD,0.17753559322800444,0.4931028628872367,0.19045489824513698,0.11294315923382113,0.02596348640580065
N5190HD,0.004987187065338899,0.03515997905666893,0.2782369915754943,0.6285497826335009,0.05306605966899696
N5192HD,0.5496617394600999,0.4437840746624411,0.00551141314851358,0.000638706437176124,0.00040406629176937826
N5193HD,0.7162137637308322,0.255352893098733,0.021239488212802842,0.005188911276278044,0.002004943681353722
N5197HD,0.8857138783147256,0.10813667546829071,0.004564353078714032,0.001063051325488646,0.0005220418127808504
N5198HD,0.25506353930882353,0.5275762641159442,0.12813404141677076,0.06569550231053148,0.02353065284793
N5199HD,0.6625353955016194,0.29903665767459214,0.027608901897146383,0.008599847117163086,0.0022191978094791474
N5200HD,0.8062719452436057,0.18113222876165436,0.008973831249787094,0.0024965857921292736,0.001125408952823414
N5203HD,0.01685278845798105,0.09611424791632592,0.3325085867461953,0.37547617720119736,0.17904819967830035
N5209HD,0.014446171640586527,0.07850549014735413,0.46094164072640864,0.4155867799002647,0.03051991758538613
N5212HD,0.8296345595683166,0.1613207632348203,0.006913795156613267,0.0015105298338925165,0.0006203522063574135
N5215HD,0.44337357545506484,0.5032000387925061,0.04392983972499293,0.00716689358419048,0.0023296524432457793
N3574HD,0.8603373416867599,0.12807127908178706,0.007320441894971095,0.003142402577812671,0.0011285347586693208
N4760HD,0.06700941966658862,0.47554168683835535,0.37356812755419744,0.0673008104029774,0.016579955537881136
N5225HD,0.8147683520833265,0.17756303608707535,0.005872178375273079,0.0012386196715565303,0.0005578137827686812
N5226HD,0.5274099448157059,0.390887683457237,0.058271293275072474,0.019620367309813754,0.003810711142170856
N5227HD,0.755738520154706,0.21990796530286186,0.017637348839001105,0.004528415891775276,0.0021877498116558377
N5233HD,0.01311136499601488,0.08468605787148983,0.2798316029423899,0.35051316417250056,0.27185781001760495
N5238HD,0.7740265353543038,0.20077896015717833,0.019061039911594087,0.004346796537911261,0.001786668039012647
N5241HD,0.7868619964656408,0.19594927957856653,0.012589046873036148,0.0030828014828165225,0.0015168755999400835
N5243HD,0.011287186428591386,0.09545568054627997,0.4585188457914199,0.3933071891297313,0.04143109810397746
N5246HD,0.7980956961564922,0.18585671881176102,0.011889917131723177,0.003128278952834788,0.0010293889471886504
N5247HD,0.004090169992216207,0.01935831739827529,0.36535986715655816,0.5933495585956138,0.017842086857336688
N5248HD,0.6940227285471229,0.25823333976306645,0.03659722890587774,0.008215464672417861,0.0029312381115151743
N5253HD,0.5201478470441148,0.43175211754630843,0.03707597061211102,0.007264917595464865,0.003759147202000792
N5257HD,0.018797707007901655,0.09577472191073122,0.3382739819697122,0.3647049696754012,0.1824486194362536
N5259HD,0.011252002515151908,0.05620725715466066,0.2410073042399126,0.45529308542327623,0.23624035066699856
N5262HD,0.08662570143685312,0.40555670764157925,0.47084954763396225,0.03262934188262152,0.00433870140498392
N5266HD,0.21553745640541377,0.7104927872547077,0.06693399909537066,0.005646823681244106,0.001388933563263731
N5270HD,0.6560873476497014,0.31662248422683925,0.02140343201707844,0.004711347495364806,0.0011753886110159237
N5271HD,0.6273111331107204,0.34235477385746976,0.022888691083546454,0.004886413316016662,0.0025589886322468043
N5273HD,0.8246781937216959,0.16222257186038078,0.010082085488549958,0.0021841377054995425,0.0008330112238737193
N5274HD,0.8665385388335483,0.12343537944399462,0.007577714679352025,0.0018565177471989401,0.0005918492959062452
N5211HD,0.10170086874853201,0.39674566316580945,0.40476266737648064,0.08558808384233742,0.01120271686684041
N4843HD,0.5493005696651836,0.401624952161281,0.035256936585939765,0.009392142252844326,0.004425399334751376
N5287HD,0.5658914000023125,0.38567127590738315,0.03754232482724281,0.008520648183932696,0.0023743510791288244
N5286HD,0.14040146635501385,0.23509008078883753,0.45454466859218,0.1216040755321766,0.04835970873179193
N5292HD,0.0173753993225823,0.10575348472207384,0.31446241557575744,0.3592569779991738,0.20315172238041276
N5294HD,0.8440439785811575,0.14832606628565884,0.0055018704720625235,0.00151585080590992,0.0006122338552109746
N5296HD,0.29327195845247644,0.4785728870058835,0.16266780044077625,0.054177798106554695,0.011309555994309203
N5298HD,0.7441124995078944,0.2359926939289122,0.014402288746257609,0.003947905431984256,0.0015446123849515076
N5303HD,0.7976984216971882,0.18949165851120262,0.00988670873037632,0.002112605018516315,0.0008106060427165043
N5305HD,0.23621741088770662,0.5875130400578338,0.14667974633929415,0.023246236310873754,0.006343566404291835
N5306HD,0.8203862868553068,0.1680234278956175,0.009072930870701358,0.0018416830390356668,0.0006756713393389122
N5307HD,0.06949974745337004,0.549312586797615,0.31386444994805246,0.051257575979629606,0.01606563982133285
N5311HD,0.34837513290335015,0.5698235964447721,0.07135418240103793,0.00815563304075549,0.0022914552100843154
N5314HD,0.7889353918028154,0.19886338309744347,0.00834602902425989,0.002670959434351399,0.0011842366411300234
N5073HD,0.07614909190682344,0.3899960182779217,0.31561735439203537,0.17779354106075734,0.04044399436246206
N5277HD,0.05661793441482695,0.24052712977479584,0.3545514928553195,0.24673714916309028,0.10156629379196744
N4885HD,0.9206465978658025,0.07467159998901196,0.0034676397106022773,0.0007977578484500232,0.00041640458613333267
N5318HD,0.053014235778463564,0.5200678440790284,0.3356469519464861,0.0734865096954935,0.01778445850052858
N5321HD,0.7791721181496106,0.20444582428278588,0.011596971098287015,0.003755201991577596,0.0010298844777389083
N5323HD,0.9245482197843505,0.0730940453839397,0.0016300312139636056,0.0004816719849487511,0.00024603163279771014
N5324HD,0.686097283413927,0.2794364891444478,0.025280132478448805,0.007084949391358922,0.0021011455718174133
N5326HD,0.8358989663481238,0.1528752479704576,0.007963999624392032,0.002247999651009543,0.0010137864060170815
N5327HD,0.6956697393675253,0.2880662113122479,0.01223948638208761,0.002668492887520019,0.0013560700506192913
N5329HD,0.1055250488808216,0.7448028881625501,0.13221637052169613,0.013478593091002659,0.003977099343929452
N5331HD,0.7851611491492919,0.1947216093353008,0.01621525059457749,0.0029017075342591637,0.001000283386570685
N5332HD,0.7913401972593604,0.18568296862880043,0.017602718221979976,0.00438421470292611,0.0009899011869330641
N5333HD,0.8570032370032782,0.13693013050897376,0.004228901307726804,0.0013458625911974176,0.000491868588823689
N5334HD,0.03469680186588319,0.9423183156107575,0.02144678618705069,0.0011030935835162183,0.0004350027527924283
N5338HD,0.021473408698052983,0.14208861277804144,0.40134258441630194,0.3314664379819413,0.10362895612566217
N5339HD,0.02728961053195747,0.22205076037778937,0.5557919167218183,0.16542202541992757,0.02944568694850742
N3820HD,0.012899732217870859,0.05804990353424236,0.32355304008472335,0.3555523816372911,0.24994494252587232
N5342HD,0.8231405470612135,0.16987247505879335,0.0055485016313026915,0.0010138848688852986,0.0004245913798051783
N5345HD,0.715158464292466,0.24772238940257024,0.028814869805247625,0.006494493061065176,0.001809783438651015
N5346HD,0.8135945534937501,0.17770104144331203,0.006478091632115079,0.0017091209425085245,0.0005171924883144252
N5348HD,0.03169353954305725,0.20892527573942068,0.3511201037623605,0.2834284029209087,0.1248326780342529
N5351HD,0.6833351848820012,0.2779209333974973,0.029846295747922167,0.00672487754366187,0.002172708428917731
N5354HD,0.004825204650929335,0.0191369289134391,0.38020860229756503,0.577298740587257,0.018530523550809433
N5355HD,0.5014381284253043,0.4783390949543547,0.015333973045745679,0.0036532020635764804,0.0012356015110186942
N5362HD,0.8986253973809587,0.09705763436749532,0.0030690550588914184,0.000869321138070677,0.00037859205458391613
N5364HD,0.7694276423837673,0.2107230987225721,0.014380556686579424,0.004069377144156559,0.0013993250629246751
N1264HD,0.03918386445638955,0.9130513285163868,0.044358109819803565,0.002301882240775592,0.0011048149666443429
N4985HD,0.22349800419458604,0.6432470943698259,0.1032671682911846,0.02180153857068224,0.00818619457372138
N5368HD,0.005981588458701396,0.029785818279670462,0.3372038667601435,0.5561972074724838,0.07083151902900076
N5371HD,0.8730380654336934,0.11884066258974317,0.005863897102656493,0.0015813490814091515,0.0006760257924978074
N5372HD,0.7796628421655053,0.20597708733395226,0.011801975229997201,0.0018779370686666595,0.0006801582018785537
N5373HD,0.5707790419197155,0.4179223434446475,0.0087015955008886,0.0018224776470303823,0.000774541487718021
N5374HD,0.3784806525224007,0.591034108127378,0.02654406553399813,0.002799763647627916,0.0011414101685952311
N5377HD,0.695557929342608,0.2920499027577229,0.010265144128285348,0.0015556138178492347,0.0005714099535345416
N5379HD,0.5417052298983536,0.43102967309957135,0.023312135428769358,0.003078387518639785,0.000874574054665832
N5381HD,0.16919591583774446,0.44057476910780086,0.20722937671617173,0.13550803834592237,0.04749189999236045
N5383HD,0.2259905511752488,0.4152448440356351,0.2174797374164192,0.11401112751944585,0.02727373985325095
N5385HD,0.8601684430633619,0.13563186318426873,0.0030685493543716564,0.0007632764175000388,0.0003678679804975263
N5387HD,0.04645582337241919,0.3343226617437888,0.40908193733181103,0.15505876352127296,0.05508081403070793
N5388HD,0.03972616580095469,0.2591995633543251,0.3955328419304409,0.21966155562777553,0.08587987328650395
N5389HD,0.03399102115193148,0.5002077260090975,0.43958696214770465,0.022103292641049387,0.0041109980502170495
N5391HD,0.5766340422322759,0.3723664866141512,0.03547126116521743,0.011509221362996131,0.004018988625359317
N5393HD,0.7759191526681014,0.2089052377277594,0.012247655135888923,0.002052656966004433,0.0008752975022457926
N5395HD,0.7063647710818617,0.2597913456633575,0.023834032825998015,0.007084695793865611,0.0029251546349173354
N5397HD,0.7330395334975244,0.24064799216914048,0.01739838722718058,0.006660930377471088,0.0022531567286835233
N5398HD,0.7783845815247553,0.2014098681686458,0.012434059750080866,0.005020141524175248,0.002751349032342754
N5386HD,0.046141863727134004,0.43245527735160716,0.4966123354330866,0.021447828559488465,0.0033426949286838475
N2483HD,0.8450302748962961,0.14337975649673917,0.008010601946178716,0.002340434726334974,0.0012389319344508513
N5402HD,0.8573885728731381,0.13424917302508177,0.005525544550247042,0.002043761881366932,0.0007929476701660525
N5404HD,0.6330911516066288,0.3116600459121025,0.04065630915264143,0.011039756851859182,0.003552736476767968
N5405HD,0.9279480492246552,0.06894183355640261,0.002152612374058844,0.0006377726384009957,0.00031973220648214235
N5407HD,0.34347477937032056,0.5644640660443971,0.07336289389500004,0.014075404988640653,0.004622855701641629
N5414HD,0.5327102657737753,0.4588210128588222,0.00666375124675726,0.0011444216565297696,0.0006605484641154577
N5415HD,0.8383343239868896,0.15480475638705302,0.0050766895731546476,0.0012205466450888045,0.0005636834078142543
N5416HD,0.18375201850813544,0.7665700136084723,0.04435120973871696,0.003788222838423337,0.0015385353062519233
N5421HD,0.7442052400425193,0.2306661326926979,0.018376213916271627,0.005147496095868677,0.0016049172526426717
N5430HD,0.8274207462975782,0.16029315752204018,0.008413299526097389,0.002934678490456931,0.0009381181638273755
N5431HD,0.03162741992172412,0.48288044042157313,0.46006367521757774,0.022147270146118548,0.003281194293006535
N5432HD,0.7340239222814365,0.24343088167838042,0.017560256079292583,0.00379817938947357,0.001186760571416843
N5437HD,0.7562727356355785,0.22620936870479874,0.013102743376936805,0.0032296942486853496,0.0011854580340006685
N4225HD,0.48829603838567415,0.4610640781882224,0.0419786979667596,0.006428842201000712,0.0022323432583430743
N5123HD,0.48456673670248906,0.469743757166593,0.03296649367642608,0.009501313532436632,0.0032216989220554887
N9187HC,0.009286655114874172,0.044254970695912825,0.2486585137628908,0.5913280637788961,0.10647179664742608
N5439HD,0.2604890760146204,0.5773723432264207,0.12164342214069844,0.029029804655141492,0.011465353963118978
