ncode,proba_0,proba_1,proba_2,proba_3,proba_4
N4541HD,0.8169123926483206,0.17007989085379485,0.010230618144916307,0.0020200632912167455,0.0007570350617513346
N4397HD,0.011267227035299233,0.1264605817331169,0.37559192754663634,0.39964775247075873,0.08703251121418892
N4544HD,0.8471940911426249,0.14797954127516727,0.0036705491494579356,0.0009243387346062187,0.00023147969814356017
N4545HD,0.08972099567503525,0.3415161024006951,0.3677304186795316,0.14704139720537648,0.05399108603936169
N4546HD,0.21106095070085495,0.731263954080999,0.053087736652237275,0.0038299698549865493,0.0007573887109222069
N4550HD,0.8862578239394266,0.10983717780450947,0.002614249091960509,0.0009163870624440203,0.0003743621016593921
N4551HD,0.8035287722502908,0.19045962749219242,0.004731222953044399,0.0009199333636722418,0.00036044394080005234
N4554HD,0.02778583943570047,0.24691354861148362,0.6658240687484782,0.049490358102635634,0.009986185101702086
N4555HD,0.3722853771760764,0.523591694781391,0.09077582049435194,0.011771581202908584,0.0015755263452720794
N4556HD,0.4338589216579121,0.4666968958358967,0.0681832738428018,0.024213724654976662,0.007047184008412726
N4563HD,0.37547868458887607,0.5111334578924961,0.09265647615235711,0.01711387256555406,0.0036175088007167166
N4567HD,0.915525628166386,0.08078991492744915,0.002572556688929346,0.0007408857705361126,0.000371014446699254
N4561HD,0.7943197738794239,0.19932363272916706,0.005009045308784016,0.001074871780982829,0.00027267630164211045
N4571HD,0.3014369232877774,0.6059752158451109,0.07610832364062754,0.012460381059767694,0.004019156166716335
N4574HD,0.9488397154895872,0.04881400639551888,0.0014767357459692014,0.0006289080858945779,0.00024063428302998046
N4575HD,0.5784808518755699,0.40241160070163384,0.015923349348657505,0.002542903572368989,0.0006412945017697338
N4579HD,0.2143515175880658,0.7008689297755873,0.06574311308357009,0.016070148680896932,0.0029662908718798725
N4581HD,0.2174554816041159,0.6958832339790296,0.07915650096758453,0.005851306695627259,0.0016534767536426317
N4584HD,0.23837950800873675,0.6948017957041104,0.06171619603846861,0.004266411608537965,0.0008360886401465128
N4578HD,0.8477716208057513,0.14734019611714794,0.003840301263498271,0.0008199710330496077,0.0002279107805531122
N4590HD,0.21240450923535822,0.7625949145348924,0.021934915396575536,0.0023382199773332468,0.0007274408558406834
N4593HD,0.009470473467404273,0.07511541472609537,0.40935849944540753,0.47044956989748565,0.035606042463607164
N4151HD,0.1008550892164166,0.37023038186014995,0.24075312571690882,0.23459162302105635,0.05356978018546841
N4594HD,0.825550233967417,0.16532823533670354,0.0073207035444448395,0.0013528219810507382,0.00044800517038399344
N4600HD,0.12445313495760207,0.4648973608579088,0.38375778498013596,0.024391641845371268,0.002500077358982003
N4605HD,0.03129836657949312,0.20060464677409995,0.615217609868759,0.14514392617526004,0.0077354506023879135
N4612HD,0.3443464794974212,0.5914429186255054,0.05486977109784003,0.00729958068059083,0.002041250098642497
N1701HC,0.2129436965110591,0.6013314628580753,0.13699971627773355,0.03789772890094417,0.010827395452187881
N3705HD,0.0016445403477669646,0.0062555921046633075,0.06933269989967634,0.3411823936079639,0.5815847740399296
N4589HD,0.6399609894917777,0.31547107789512335,0.03219450974006438,0.009112869141883454,0.003260553731150958
N4339HD,0.9096959321870405,0.0870810000361197,0.002233492096933164,0.0006835731765148297,0.000306002503391808
N4615HD,0.01553154950315054,0.11640581700873656,0.3194704043527361,0.3716443956831566,0.1769478334522203
N4618HD,0.898480691022434,0.09627880541713939,0.0036024911803775378,0.001279009796524412,0.0003590025835247059
N4624HD,0.5447049791936538,0.44613175647109893,0.007936379123704472,0.000937650924014478,0.0002892342875284091
N4626HD,0.7288053094826618,0.2503865826716914,0.016823666326525846,0.0032536173636808032,0.0007308241554403178
N4628HD,0.11958429112102581,0.7563264145832742,0.10212041347649622,0.016270869532815018,0.005698011286388716
N4638HD,0.09157456234821927,0.36221795002877893,0.304229241284979,0.1934381425726474,0.048540103765375306
N4639HD,0.8056405715820344,0.17564266681661697,0.013885754816469231,0.0033476530329053936,0.0014833537519739783
N4642HD,0.9309328612510934,0.06584363620346369,0.0022756980288235343,0.0007484389903062037,0.00019936552631310666
N4646HD,0.9443281960972213,0.05315571842057544,0.0016882034185336109,0.0005919833715394453,0.0002358986921301704
N4631HD,0.8625197596060127,0.12819901298709782,0.00706739588530732,0.0018697843934279048,0.0003440471281542005
N4656HD,0.019762502625208525,0.12864014399999246,0.5964227286848202,0.18209088527278472,0.07308373941719418
N4658HD,0.8113538757797883,0.17696963475599556,0.008435256023260644,0.0026782567203877832,0.0005629767205677555
N4661HD,0.8808754072008628,0.10988373606083544,0.006392743939049771,0.0022149212483698034,0.0006331915508822354
N4665HD,0.8491060175393405,0.14193897615397236,0.007040408029571621,0.0014565227496943448,0.00045807552742142983
N4667HD,0.8690867862591549,0.1266940565303766,0.0031259920725075553,0.0007719847769712144,0.000321180360989687
N4669HD,0.730336926024518,0.254221825976475,0.0127244024978844,0.0022014445594545815,0.0005154009416677552
N4673HD,0.1613364047763905,0.6816233752370238,0.13756246999951027,0.014612494896890874,0.0048652550901847535
N0760HD,0.08604971673173888,0.7569347100547231,0.1459496378402611,0.008682924038741475,0.0023830113345355113
N4672HD,0.6564117573148287,0.3061482656522939,0.026804283691632017,0.008311249035349896,0.0023244443058953322
N2593HD,0.8966558048644713,0.0992102067901365,0.002384467983962092,0.0013110830244670176,0.0004384373369632389
N4677HD,0.2629494270723931,0.6861570353824504,0.04499569265072331,0.004623743585582966,0.0012741013088503137
N4680HD,0.05287743919994437,0.30646200614218866,0.560767412758802,0.06917858473716873,0.010714557161896269
N4688HD,0.004670767576470892,0.019108302730103388,0.2965358978047848,0.5372306515480122,0.14245438034062866
N4689HD,0.8505556335152452,0.14382638219516533,0.004240225486639264,0.0010637967517250321,0.00031396205122517914
N4691HD,0.1325818304994185,0.4534622301902942,0.27314930274207616,0.11376616446406851,0.027040472104142628
N4692HD,0.5049085698927267,0.43971885439136366,0.0410377980603572,0.010191682338786723,0.004143095316765497
N4694HD,0.013424409300261921,0.13032109978789108,0.6709556756409355,0.16079734989295194,0.024501465377959334
N4695HD,0.15985649465910265,0.7691239982514035,0.0652671967885168,0.0039057570183405094,0.0018465532826365573
N4699HD,0.40298557703673904,0.5321046287920136,0.05555551303443703,0.006893366287334823,0.0024609148494754954
N4703HD,0.3661561057860212,0.5072448690220561,0.06530115330856551,0.045082622132800274,0.01621524975055704
N4704HD,0.0024718109330608205,0.012901597161160058,0.32735455984949835,0.6345571902072336,0.022714841849047193
N4708HD,0.9451470942874743,0.05249904565332937,0.001784872672732016,0.0004305965830967057,0.00013839080336740738
N4714HD,0.508906085186934,0.441621179452796,0.03437894700857544,0.009714448474704634,0.005379339876989869
N4721HD,0.1287565057959671,0.7391643564358132,0.11115044518927648,0.01629709836821629,0.004631594210726971
N4722HD,0.8272345742542468,0.168600811204601,0.0030835024920116867,0.0008364626109826249,0.00024464943815790324
N4724HD,0.15114095975532318,0.7848062544798832,0.058262757387414016,0.00439664987152972,0.0013933785058499258
N4726HD,0.04390421794645648,0.8788247186200239,0.0734446018756943,0.00307808004551949,0.0007483815123057201
N4735HD,0.6781396633194832,0.3141699176591097,0.0056756037968589464,0.0013144440332712413,0.0007003711912768885
N4063HD,0.4520278450610081,0.4837306602016976,0.04993880491872419,0.010653704737998001,0.0036489850805720716
N4712HD,0.6294319291505203,0.3565326842681116,0.012126274292737936,0.0015153146912206621,0.0003937975974095273
N4738HD,0.25022473182742166,0.6514667120185154,0.07683588467001741,0.018617363109023392,0.002855308375022293
N4740HD,0.02695864427694213,0.1190215420571167,0.3959547932678055,0.3991159284902135,0.058949091907922274
N4742HD,0.011022266131507317,0.07589574845324615,0.3732715732431989,0.42149745026170743,0.11831296191034021
N4745HD,0.848132464928984,0.14170614407708124,0.00804275127874973,0.001763418884642221,0.000355220830542978
N4747HD,0.7309346861550791,0.24024157054074827,0.02183507267077266,0.00492613154436885,0.002062539089031232
N4750HD,0.7394834977831093,0.23506892389355052,0.019158941654050753,0.005111574907053149,0.0011770617622362679
N4752HD,0.005726745913429449,0.1082786542542046,0.6171044978975175,0.22564540095819152,0.0432447009766569
N4754HD,0.5932879114546162,0.39700254545944025,0.008308373479902226,0.0009981080697217097,0.00040306153631965635
N4755HD,0.22258915494971823,0.597902149757215,0.14436176578666116,0.027816091876291277,0.007330837630114273
N4756HD,0.46157774390693607,0.48498687099964877,0.04561808778276645,0.006084714634077543,0.0017325826765713303
N4757HD,0.8720690141418197,0.11990340756535574,0.00650805936478109,0.001211772255684109,0.0003077466723593657
N4759HD,0.21049527973831197,0.738508347156753,0.045001317117701355,0.004583850371615797,0.0014112056156177996
N4762HD,0.2610348770286145,0.6911165511871887,0.040927204275313024,0.0055529532209925864,0.001368414287891152
N4763HD,0.5203378927182571,0.4408729100572997,0.02915980610669714,0.006126943097423002,0.003502448020322876
N4767HD,0.8270667109637131,0.16072714225208012,0.008815093652444102,0.0028566587826466543,0.0005343943491160347
N4769HD,0.04409789861116451,0.21300103431460382,0.5929485045368263,0.14043252515544477,0.00952003738196051
N4770HD,0.8185189646860431,0.16899221341665238,0.009695065030868784,0.0020987642427235166,0.0006949926237121913
N4676HD,0.39378615541538275,0.4781751614297042,0.08868317666700457,0.03020916839660948,0.00914633809129891
N4614HD,0.23735333063238942,0.4337964269833982,0.2795800872350733,0.04384335371663201,0.005426801432507086
N4774HD,0.3380732196472383,0.5565005315060811,0.08664230650214466,0.014686063271136888,0.004097879073399031
N4778HD,0.045377356529286726,0.44643729308143576,0.34854554068877863,0.13153354477599016,0.028106264924508816
N4780HD,0.003439628623481104,0.041750479931156055,0.18797350679620062,0.333552697942761,0.43328368670640116
N4783HD,0.5630257456942982,0.4096061742126861,0.022340440354245247,0.00360663809346701,0.0014210016453034152
N4789HD,0.7874368661621197,0.18641069493151818,0.02100035844361837,0.003818204374052139,0.0013338760886916687
N4792HD,0.5752145514547742,0.4146212997331298,0.0090403527415879,0.0007899456191793164,0.00033385045132872294
N4793HD,0.030247836721470373,0.6543985312358391,0.2907449602905182,0.019644621780334014,0.004964049971838251
N4794HD,0.004033373153111419,0.033772353945003754,0.3899290163560601,0.5204051857450424,0.051860070800782344
N4799HD,0.7689796909759695,0.2235639352791813,0.0061665949208320435,0.0009497152784146425,0.0003400635456024599
N4800HD,0.9101653306106653,0.08616252930906407,0.0023575000972421694,0.000840050179405196,0.00047458980362298725
N4808HD,0.07754626459287962,0.9051531875144374,0.015670838644964276,0.0012034112443914645,0.00042629800332736657
N4809HD,0.5994575775000661,0.3650744573057972,0.028817410895110224,0.004434953450873058,0.0022156008481534996
N4634HD,0.8082441585528805,0.16755335991590262,0.017210114998665357,0.006030224391907119,0.0009621421406446854
N4784HD,0.8825460714950868,0.11313405887669037,0.0032746602120160037,0.0007590257036715462,0.00028618371253518577
N4815HD,0.8971266925559693,0.0990536647478436,0.00269772909921725,0.0008985303471134963,0.0002233832498564247
N4816HD,0.8348095745435248,0.1541852251852141,0.008356485726020534,0.002084452508814438,0.0005642620364262968
N4817HD,0.39916660602184467,0.5477322131858341,0.04614899078973992,0.0052428625511934685,0.001709327451387855
N4818HD,0.9177208167832202,0.07828870529526973,0.002578771110136311,0.0011025217211861507,0.0003091850901876691
N4821HD,0.023134226168227096,0.961326997387644,0.013659320538028503,0.0015568685605326037,0.00032258734556769446
N4830HD,0.8778173744523946,0.11284644604076477,0.007409724626009246,0.0015758331318637543,0.0003506217489674504
N4748HD,0.8584921953080056,0.1358239768290466,0.004261585969800657,0.0009889289643034921,0.0004333129288436469
N4684HD,0.8589389525710138,0.13394471244514408,0.005545982643012774,0.0011112490780547293,0.00045910326277457617
N0389HD,0.026712020317735636,0.9397400687972023,0.03122805519231416,0.0016914407511931834,0.0006284149415547064
N4796HD,0.3888688745708627,0.5056012062776442,0.09013493410261371,0.012227115873893211,0.0031678691749862623
N4834HD,0.0029570815133585903,0.02284670467210996,0.4874349491641929,0.46160544732665804,0.0251558173236806
N4835HD,0.09405198746448494,0.8891702756063711,0.015352380968037248,0.0011305081907343752,0.0002948477703720799
N4837HD,0.5563447871784198,0.43535138697878883,0.007115243612915366,0.0008976539359556373,0.00029092829392034095
N4838HD,0.08542374135667012,0.8989663432087265,0.01405880372100305,0.0011287494503487384,0.00042236226325159985
N4839HD,0.019591006242262544,0.40113486793534203,0.5520075499152308,0.02379890071541915,0.003467675191745491
N4842HD,0.7837621220073862,0.19871276299450302,0.013480423347210987,0.0033043519700609535,0.0007403396808389306
N4844HD,0.9281778962237083,0.06898850505784476,0.0019582941751749706,0.0006362436140185325,0.00023906092925340519
N4846HD,0.10658056621050412,0.4185650600958766,0.29715997317296194,0.12724741901117093,0.05044698150948647
N4847HD,0.833879863520869,0.15954175503188447,0.005290008637356748,0.0009169005545542423,0.0003714722553357604
N4849HD,0.3514819890019515,0.598961624884661,0.03647086344167483,0.010157523927604111,0.002927998744108538
N4852HD,0.030796967647880653,0.5292138501730562,0.41266930814042413,0.024274576786510606,0.0030452972521283557
N4853HD,0.6379719942071088,0.3444803879836653,0.013687560748379839,0.0030102362130902914,0.000849820847755784
N4856HD,0.7781189511767936,0.2157553440129314,0.004535355732372909,0.0012006963308092236,0.00038965274709271955
N4858HD,0.8160112428065823,0.17748792026380855,0.004478428733358273,0.00146635542319439,0.0005560527730565231
N4860HD,0.311378111579788,0.6352294975912401,0.04624993598613279,0.004748468359527606,0.002393986483311616
N4861HD,0.8923402402761045,0.10484523461458481,0.0021407842232493723,0.00045604336245796284,0.00021769752360344992
N4863HD,0.6002911192430683,0.3875049968086111,0.009570073974809402,0.00202833838449583,0.0006054715890152451
N4864HD,0.8586490100762174,0.13567362382684675,0.004137118902139225,0.0009771035026048236,0.0005631436921917819
N4866HD,0.7796925510079028,0.20753860722661507,0.00937693214359614,0.0024184653982903285,0.0009734442235958063
N4012HD,0.7551944363625966,0.2297741340230398,0.012194995326816938,0.00222122711018226,0.0006152071773643922
N4825HD,0.24634313610395223,0.579650780072941,0.13767646922554025,0.03034710182768655,0.00598251276987994
N4875HD,0.06027218895257036,0.607411796033257,0.3000186385218601,0.02310204796271782,0.00919532852959462
N4878HD,0.03142152307396214,0.2146924109724779,0.42206256405770803,0.22077469914592526,0.11104880274992679
N4883HD,0.015011899818118771,0.2899140937658294,0.6450704626400048,0.0463266661859601,0.003676877590086962
N4884HD,0.6698178527322103,0.3137533299416498,0.013618247413684859,0.002166274266624152,0.0006442956458308673
N4887HD,0.21417493727319484,0.7498822006142656,0.03248636527974756,0.002529624046681499,0.0009268727861105845
N4891HD,0.6620514406037376,0.31355915349323327,0.019885728105108746,0.0037188954814924347,0.0007847823164279242
N4892HD,0.18681563579209892,0.7610613339825384,0.0470555822469217,0.0038759195012776026,0.001191528477163696
N4895HD,0.8511376567134108,0.140416388797104,0.006181848113716193,0.0017228797675384016,0.0005412266082306899
N4899HD,0.5904356957915405,0.40023579126218845,0.007161785938489174,0.001527107995418111,0.0006396190123637909
N4898HD,0.53843834666979,0.4175838995454649,0.03862657888482608,0.004032907198656667,0.0013182677012623684
N4902HD,0.5959121400808656,0.33570818753939013,0.04417866664381124,0.01878523174139944,0.0054157739945335315
N4904HD,0.05371498966343605,0.29444538046573226,0.5226835523526262,0.10955223061371769,0.019603846904487708
N4906HD,0.7361638147788736,0.24981240117093284,0.010888287530970533,0.0025355649498614756,0.0005999315693612908
N4909HD,0.6875941623027608,0.28889736033345836,0.01869374726024379,0.0036885252225552787,0.0011262048809816206
N4912HD,0.6585250885636184,0.3221008246969738,0.014669847127927068,0.0038214584320983443,0.0008827811793824848
N4913HD,0.7430866399084891,0.24133028345478647,0.012652239940086008,0.002364643183324333,0.0005661935133139894
N4914HD,0.07882543261938733,0.7688614275347802,0.14284392671462326,0.008150942485497513,0.001318270645711607
N4908HD,0.9048335616437163,0.09245242035018432,0.0020696297470903643,0.000426446226777926,0.00021794203223115125
N4937HD,0.8601516193635497,0.13603572044416834,0.002784003164142207,0.0007371281679710093,0.0002915288601691136
N4938HD,0.9208112168461953,0.07645342148942011,0.0018869143741751225,0.0006039456071023798,0.0002445016831071725
N4949HD,0.9000632709649048,0.09593070148577065,0.00285232350004898,0.0008610771382161521,0.00029262691105941296
N4952HD,0.8267365533845064,0.15721398617244375,0.012126179895607775,0.0031283382258852806,0.0007949423215568009
N4954HD,0.6697857293623206,0.31701298233577585,0.010469266023045813,0.0022453622024289333,0.00048666007642869777
N7917HB,0.8916928314824812,0.10412405172066982,0.003026096893222136,0.0008536883162201785,0.0003033315874065684
N4951HD,0.6970140903566513,0.29341123246854567,0.007551544220610408,0.0014178768121664322,0.0006052561420260859
N0385HC,0.10501740853754161,0.6493771558306061,0.20558707124952513,0.02846243428387586,0.011555930098451446
N3920HD,0.25092633813039333,0.6944744586394108,0.048215636503392084,0.004393115813370407,0.0019904509134332864
N9498GW,0.7259589155096073,0.261538747310767,0.009874448175339997,0.0019260124024725093,0.0007018766018130449
N4961HD,0.908229443384538,0.0893934721839124,0.0018064978475689207,0.0003566072057553894,0.00021397937822505421
N4965HD,0.15194970258696439,0.41345672123279475,0.36535804377479564,0.06302785881018134,0.0062076735952637995
N4967HD,0.58778970950631,0.3676667440601843,0.033403715061398505,0.008237753269300924,0.00290207810280601
N4968HD,0.4284718838381427,0.47615786809379596,0.06218533178083873,0.023788022797017194,0.009396893490205263
N4973HD,0.8341074262993139,0.15272346488724822,0.009954492109132948,0.002755624243687916,0.0004589924606170021
N4976HD,0.012271975020071992,0.3066444875718362,0.596853582120447,0.07825926608738559,0.005970689200259165
N4977HD,0.26551237323800453,0.7109294638628724,0.020824507093312454,0.002156129331640224,0.0005775264741705047
N4978HD,0.6610766166481595,0.3080860589288986,0.021519021184222133,0.00749381466943731,0.0018244885692823751
N4982HD,0.28645838019037384,0.5978941441555332,0.08502090722967232,0.022663079553140782,0.007963488871279874
N4983HD,0.049604628022802306,0.2764237297728149,0.40564123928192664,0.24865154092886552,0.01967886199359063
N4984HD,0.862489553754219,0.13280713100032543,0.003624724385339572,0.000809709075780962,0.00026888178433490947
N4992HD,0.011961196609812055,0.12167495745530783,0.4306054756675271,0.34767864671531884,0.08807972355203418
N5000HD,0.5971693509470584,0.3448402647612649,0.043131748547683646,0.011847809278475488,0.003010826465517616
N5006HD,0.5710226759343309,0.40695213803828956,0.018923357208830743,0.0025585789439157296,0.000543249874633199
N5007HD,0.7671805985969061,0.2107871881732653,0.01763928960520739,0.0032209588178605877,0.001171964806760548
N5008HD,0.26620099815670495,0.7003174152123535,0.027805906837021444,0.004750779446421492,0.0009249003474987081
N5011HD,0.18575476571745964,0.7741074627931019,0.0347814008011767,0.004209023408208143,0.001147347280053569
N5020HD,0.5944141043688669,0.37056350510509384,0.028716968165474657,0.004698855654975829,0.001606566705588728
N5024HD,0.8648908477862878,0.12719296429662771,0.006283546235968608,0.0013147243628778855,0.00031791731823807627
N4826HD,0.9010715927155524,0.0947196385766638,0.003180131137609141,0.0007722010426612575,0.0002564365275132641
N5032HD,0.881376581873549,0.10780970680219262,0.00882558749082487,0.0015015137148920847,0.0004866101185414768
N5041HD,0.8836026909953851,0.11197223408481988,0.003207306131924655,0.0009234007147699361,0.00029436807310049
N5043HD,0.9356216771451057,0.06051880330004388,0.0029381871849760736,0.0005795964108045113,0.0003417359590698331
N5044HD,0.22569383871665716,0.5929245641373769,0.13623891773826036,0.032505519406079396,0.012637160001626143
N5045HD,0.8245939390836113,0.16602245221726894,0.007576663820961441,0.0011313459109133354,0.0006755989672449799
N5004HD,0.8863368393892103,0.10849876014402675,0.0036000859694793,0.0012298652997308496,0.0003344491975526932
N5055HD,0.6639870023000941,0.2857756632886391,0.03742311735225985,0.010529939963820178,0.00228427709518672
N5056HD,0.12419120440122922,0.40412465795090813,0.29545677350788,0.11845610551630865,0.05777125862367418
N5057HD,0.7154647788491256,0.26727076259044336,0.01462345280856836,0.0020552715779056986,0.0005857341739570399
N5059HD,0.622450747865296,0.31540077559095786,0.048524120148271135,0.011030889100498683,0.002593467294976402
N5061HD,0.6447630277473987,0.32614272829194235,0.02314666680444584,0.004330324646437694,0.0016172525097754267
N5018HD,0.9165972322451417,0.08002851025540923,0.0024458440461315053,0.0006924531011177688,0.00023596035220001745
N4896HD,0.7689155105148748,0.20874535852781387,0.01958676565958509,0.002220960674428861,0.0005314046232972962
N5064HD,0.7891089666777852,0.18971990483679874,0.015462439759778648,0.004741275411353265,0.000967413314283956
N5065HD,0.4221840466570984,0.5495766029189766,0.022453460173915363,0.004366571961277615,0.0014193182887319296
N5067HD,0.24791023346723826,0.5656231730985763,0.14376449557070684,0.03682800592471835,0.00587409193876014
N5070HD,0.04754194319129583,0.4983641287607626,0.41081020677181396,0.03737246193001738,0.005911259346110322
N5071HD,0.16259815364052724,0.7387843886781025,0.08731004761855206,0.008686486537748136,0.0026209235250702085
N5072HD,0.18466194218163445,0.7235081765399378,0.08106606744109383,0.007841006138433124,0.0029228076989006257
N5074HD,0.689540828331601,0.2919346518410276,0.014081599794899723,0.003353712505531763,0.00108920752693982
N5075HD,0.9373346872155486,0.05997570044880011,0.0017723462866089989,0.0005984614413817884,0.0003188046076604768
N4923HD,0.811204187808334,0.16974813493103635,0.014387031680941251,0.00344110258995876,0.0012195429897298084
N5076HD,0.7809732959558472,0.20807820734171042,0.00875202629444605,0.0018268624172611552,0.0003696079907352666
N5079HD,0.012373807184574578,0.10029866775757768,0.5864272131952777,0.26324641735447196,0.037653894508098265
N5080HD,0.4299234621742835,0.534251374729175,0.0280234068219068,0.005784934205583714,0.002016822069050793
N5082HD,0.8365421371117013,0.14575300834565647,0.013531418489450268,0.003446474289206493,0.0007269617639852955
N5083HD,0.6309451267939569,0.3373477159150543,0.024100895263007547,0.006485998011108701,0.0011202640168724751
N5085HD,0.19378904776084682,0.6605747962238563,0.12637357149281578,0.01606554719127222,0.003197037331208915
N5051HD,0.3373371244933749,0.6422599216838543,0.01843158055126704,0.0014478122621222774,0.0005235610093815131
N5039HD,0.04672016690601802,0.34666277516768107,0.4162333048631928,0.15787847793390647,0.0325052751292016
N5088HD,0.869242052111889,0.12685681185566475,0.003048165672221672,0.000564096849996586,0.0002888735102278825
N5091HD,0.05494088946796739,0.9362575765837907,0.007974092570871769,0.0006184243255676431,0.00020901705180247
N5093HD,0.02809884321713825,0.15410829830394165,0.31947872545485073,0.3498102023520618,0.14850393067200757
N5100HD,0.00863920129299078,0.0587467682114018,0.38730027941438416,0.4917832054573946,0.05353054562382853
N5103HD,0.03987689107852479,0.29013746613314934,0.3695825482026505,0.21750615266007686,0.08289694192559856
N5104HD,0.952176891541457,0.04569060433137501,0.0015524138904427513,0.00039902742432463184,0.00018106281240068262
N5105HD,0.7783233181710921,0.20687905656544892,0.010069501143807422,0.0032412083004108036,0.0014869158192408387
N5106HD,0.7514231750191683,0.2292785351249537,0.016017034275198003,0.0024563483632863334,0.000824907217393542
N5109HD,0.385533416386296,0.6001505008428112,0.012449528380906568,0.0014269502375890137,0.0004396041523972603
N5112HD,0.409823119708034,0.5351165892572285,0.04246094327545201,0.009170149203652741,0.0034291985556327634
N5115HD,0.8719402117800061,0.12064189465480951,0.005250780391578906,0.0015933651314903585,0.0005737480421149534
N5120HD,0.009100458799170132,0.0595796210388941,0.3671443766088631,0.44270567872729355,0.12146986482577901
N5121HD,0.6556849946832214,0.3203768689816065,0.01566068084109032,0.005849738172414481,0.0024277173216673063
N5122HD,0.755959323257472,0.22148293314287817,0.015759150775783264,0.004967287628744593,0.0018313051951220113
N8305HB,0.8327322386846309,0.1621875187290553,0.003849608195963721,0.0009502604893793089,0.0002803739009707181
N5126HD,0.02001055736015255,0.13206191574838957,0.4791183661703697,0.30166567356943846,0.06714348715164974
N5128HD,0.8909986592105417,0.1039367703072273,0.003899226932668169,0.0008867023273555463,0.0002786412222074683
N5133HD,0.009877252173072613,0.10590785786221865,0.5313065672877229,0.32044484846628607,0.03246347421069983
N5135HD,0.8058292923618297,0.18132976333203815,0.01017594157360317,0.0021370835694888082,0.0005279191630401118
N5143HD,0.8529708718366928,0.1410531234235904,0.004855831826140688,0.0008687073979605273,0.0002514655156156038
N5144HD,0.19543256518644095,0.726763038532973,0.06937360276938348,0.00674356830683375,0.001687225204368916
N5149HD,0.20277347366507967,0.5737448635955985,0.17222093914421777,0.042254861084038565,0.00900586251106551
N5152HD,0.3016558229078396,0.6700838465016655,0.0256563276118491,0.0021853479614939394,0.00041865501715194976
N4394HD,0.23172529690522362,0.5441516282141944,0.1794508856233551,0.034784332520249955,0.009887856736977051
N5029HD,0.21000212052295952,0.6632642680071048,0.10825353328504392,0.013788947041596972,0.004691131143294887
N4368HD,0.9347928790469101,0.06294675716839393,0.0015293112191743922,0.0005390096858958644,0.00019204287962578328
N5013HD,0.25744066757543105,0.5535654514832427,0.13086559174047363,0.04602184090143471,0.012106448299418072
N5153HD,0.30984064515901816,0.6190010491215112,0.06104922007324756,0.008293565056967114,0.0018155205892558882
N5157HD,0.8646924643844525,0.13003831821644612,0.0036930824381795316,0.0011060443614055327,0.0004700905995162428
N5170HD,0.526650017631761,0.4340515098509916,0.031171333763144154,0.00656116743308631,0.0015659713210168927
N5172HD,0.8317445535935806,0.15524034205285672,0.010253129437264202,0.00208378376604163,0.0006781911502568599
N5173HD,0.6808760195746106,0.2921907307415474,0.019537604557202944,0.0053602524167647,0.0020353927098743264
N5147HD,0.6165670239347281,0.3645145775925708,0.01425861379745228,0.0037887220110945454,0.0008710626641545554
N5178HD,0.6978091942075831,0.2751712417804194,0.022697140421612774,0.003416042203303618,0.0009063813870810709
N5180HD,0.47877519543372404,0.47205511688196283,0.04042198046468766,0.006269109177774988,0.0024785980418505593
N5181HD,0.3368511113380607,0.5668351920868023,0.0767993331419809,0.015198671379718533,0.004315692053437615
N5182HD,0.8963259414959415,0.10033367751976446,0.00237242780501009,0.0005922855538970272,0.0003756676253869203
N5183HD,0.09780959125531861,0.8865613414047893,0.014230565797404929,0.0009942923127634223,0.0004042092297240221
N5185HD,0.08396627721682894,0.2579381769193025,0.5008673299886095,0.1339495477493788,0.02327866812588034
N5187HD,0.13644479182958671,0.4560004033168718,0.2906468325230452,0.09411315980119365,0.02279481252930263
N5188HD,0.1817051950719824,0.5194524187870503,0.1999348563706004,0.0763059948866032,0.02260153488376371
N5190HD,0.005162631767935148,0.03556483056549774,0.3660003281167504,0.5218525222269413,0.07141968732287549
N5192HD,0.5591632744823609,0.43362025593566234,0.006126985907315629,0.000796769795166699,0.00029271387949445106
N5193HD,0.7439245808612998,0.2357767732324102,0.016384711645200317,0.003002328795011521,0.0009116054660782834
N5197HD,0.8790125147560363,0.1129676531058614,0.0069312192466983264,0.0008100974567731769,0.0002785154346307701
N5198HD,0.28261110621541996,0.49408249072291216,0.13521597261876175,0.0636948237504825,0.024395606692423643
N5199HD,0.703179748011804,0.26197029160226254,0.026567524152753895,0.006568114649012454,0.0017143215841672421
N5200HD,0.7560392203119277,0.22821507544746067,0.012196867923810169,0.002762082464527632,0.0007867538522737186
N5203HD,0.024525997438716706,0.14838997282522717,0.320141799203771,0.42552622424361675,0.08141600628866841
N5209HD,0.01913984617411915,0.11248932498283833,0.3995854690985482,0.42245025954093773,0.046335100203556426
N5212HD,0.8284931520194911,0.16330384849608856,0.006807596991426256,0.00111880885183309,0.0002765936411609306
N5215HD,0.5244942673733209,0.41942952721478804,0.046524955003940514,0.0072307696142877905,0.002320480793662621
N3574HD,0.8280372010356768,0.1601159596113795,0.007779437281344626,0.0027057322577400326,0.0013616698138589807
N4760HD,0.08474215146692018,0.43295466764481955,0.37891566686827355,0.0763938796331022,0.026993634386884294
N5225HD,0.6965102572954289,0.2934382765125265,0.008473093520559458,0.0012093959550475728,0.0003689767164372698
N5226HD,0.561971439941569,0.3632185279937649,0.05763187128504891,0.013968084248242847,0.0032100765313742663
N5227HD,0.7116677576386281,0.2633197106054938,0.01919236283725352,0.004309964487242621,0.0015102044313819094
N5233HD,0.00944695269973959,0.07152813685952687,0.2448004410758398,0.4043961860591629,0.26982828330573094
N5238HD,0.774797196560655,0.2029744520011318,0.015265419737961515,0.004778096309258355,0.002184835390993158
N5241HD,0.8058065983979832,0.1751021749962098,0.015831918227833655,0.002476158006935002,0.0007831503710382519
N5243HD,0.008172854660507703,0.07201626227610443,0.47446969282040313,0.40548133335492115,0.039859856888063636
N5246HD,0.8645917070714253,0.12640521119295065,0.006428483876754215,0.0019323485812438774,0.0006422492776261041
N5247HD,0.003480740272458577,0.015900313919282198,0.34184848908213916,0.6187868371242021,0.01998361960191785
N5248HD,0.7493220298006386,0.213646861058648,0.028405478607968004,0.006667843061274097,0.0019577874714712695
N5253HD,0.5103040128240918,0.45384556063430936,0.02969061397485582,0.004516110746164544,0.0016437018205785212
N5257HD,0.02163696485259792,0.1273619706570512,0.32505214740124255,0.4330105893321654,0.09293832775694288
N5259HD,0.009866834304356453,0.042722293143224996,0.2538984548641732,0.47703434137048417,0.21647807631776123
N5262HD,0.08270230359329464,0.45124920958869513,0.4410970567494441,0.02210288806890135,0.0028485419996647156
N5266HD,0.22041623805709587,0.7141397446181226,0.05738637834310775,0.006500670257878207,0.0015569687237955434
N5270HD,0.6884118698862897,0.2881507993549731,0.02024623607814205,0.002370992383909719,0.0008201022966854698
N5271HD,0.40198920732689913,0.5422461547633564,0.04752561468832295,0.00667390397858986,0.001565119242831704
N5273HD,0.8026472738435986,0.18822295979783527,0.006945146564342396,0.0017162490065790155,0.00046837078764477407
N5274HD,0.8824345163088154,0.11078168384055533,0.0055356378070793785,0.0010078614970354782,0.00024030054651443723
N5211HD,0.14790096392684507,0.5174991969186039,0.23833942461165658,0.0846178885757874,0.011642525967107114
N4843HD,0.5826749376563998,0.37770410172854696,0.03098540241306709,0.006113795771188841,0.0025217624307972285
N5287HD,0.6468876795675903,0.30748354180013776,0.036058607504592444,0.008081974092166655,0.0014881970355128545
N5286HD,0.1148794236519472,0.3604468950609989,0.3500469170785846,0.1308022024772063,0.04382456173126303
N5292HD,0.02314350137425032,0.11491836257232323,0.28373928189614694,0.477268087518067,0.10093076663921252
N5294HD,0.8533595935913265,0.14136192560677513,0.0038899896470794585,0.0010175101641237598,0.00037098099069540237
N5296HD,0.320948121515631,0.5087945671602446,0.12565936406194342,0.035682803470838194,0.008915143791342717
N5298HD,0.8241770904500622,0.16462419600991723,0.00901153376594354,0.0015435037339287321,0.0006436760401483957
N5303HD,0.8193036552919855,0.17139813300626885,0.006754465360384918,0.001892947821977002,0.0006507985193837197
N5305HD,0.1871705878198924,0.6504815017316842,0.13574904865939316,0.021984248083027673,0.004614613706002514
N5306HD,0.8300752670694098,0.15960462309601284,0.008076360508827426,0.0018042847215704468,0.00043946460417951976
N5307HD,0.05863501913187961,0.47528414897915694,0.3203055267421576,0.1063709526288263,0.039404352517979524
N5311HD,0.3139098078831637,0.6281046073110021,0.04874926172926048,0.007356452881469927,0.0018798701951037078
N5314HD,0.8557174571951636,0.13653202763407865,0.0051712616279327925,0.0017896622997994526,0.0007895912430256721
N5073HD,0.1019076224027661,0.43598216768338455,0.30603368770885464,0.12718105756534093,0.028895464639654055
N5277HD,0.04474460400536558,0.20771684700713006,0.3010320414233226,0.34989686125116176,0.09660964631302008
N4885HD,0.9173613180401945,0.07658764597918276,0.0043799454696551755,0.001192515634041962,0.00047857487692549164
N5318HD,0.029058686183940766,0.4121386701805603,0.4684730248228622,0.0646621237600759,0.025667495052560926
N5321HD,0.8366025135085103,0.14836810228263317,0.011316987584577798,0.0030049953780096413,0.0007074012462689852
N5323HD,0.9348616171306435,0.0629405946739926,0.001643167663023289,0.0004080025604029542,0.0001466179719377772
N5324HD,0.7082383464711369,0.2571235791526439,0.027005014535496866,0.006199801077765131,0.001433258762957126
N5326HD,0.8376644827766695,0.15131733534204617,0.007670580470881304,0.002616613881630785,0.0007309875287723125
N5327HD,0.6721817197660457,0.3145717953066363,0.010174725374520919,0.0021683057031706633,0.0009034538496264764
N5329HD,0.10088264483406618,0.7566371839846304,0.12653789192151363,0.013281670970864537,0.0026606082889252727
N5331HD,0.7930461808560313,0.19105243325354662,0.012252160369364176,0.0026489272855083176,0.0010002982355496266
N5332HD,0.7883834758200772,0.19822193519505327,0.009697781539688918,0.002976163474093997,0.0007206439710866322
N5333HD,0.8606290489349874,0.13346593631639422,0.004584184380700086,0.0010108443413121744,0.0003099860266061202
N5334HD,0.026481348758340652,0.9606846901554111,0.011643611059010916,0.0009272594379728473,0.00026309058926472
N5338HD,0.02411864846037534,0.19557703763805878,0.3418426109451355,0.28804699814789886,0.1504147048085315
N5339HD,0.017048979193005423,0.15181504715811142,0.6516267100139569,0.156868122388586,0.02264114124634015
N3820HD,0.016531332303506188,0.0970422631043976,0.24409243928301444,0.3381509487430278,0.30418301656605395
N5342HD,0.8195662832425551,0.1729485454360524,0.005770811914925727,0.0013711506985264368,0.0003432087079403287
N5345HD,0.6723385421596257,0.2878007799616229,0.031231542042740024,0.007198203698198027,0.0014309321378134078
N5346HD,0.7510535897649475,0.24047176929558028,0.006488032251431629,0.0014330149127919486,0.0005535937752487025
N5348HD,0.04127495118818892,0.18469829823774406,0.29966606831622383,0.3420295901661893,0.13233109209165383
N5351HD,0.7157250836229081,0.24516570434784113,0.02919030691152264,0.00823096782316569,0.001687937294562423
N5354HD,0.003741457357576659,0.016714770786445596,0.3763830027696015,0.580338566715321,0.02282220237105525
N5355HD,0.49739407867150376,0.48745970769161995,0.01095216996218341,0.0031363679214627435,0.001057675753230001
N5362HD,0.8828284247896514,0.11402127650347241,0.002241651136159814,0.0006187908936221146,0.0002898566770943021
N5364HD,0.777825176153549,0.2028619700351995,0.014973934121940702,0.003414663561578384,0.0009242561277325002
N1264HD,0.0373648720398244,0.9223089259884281,0.03512471252432815,0.004185675253660123,0.0010158141937592188
N4985HD,0.2424832875168593,0.64657491842144,0.08635193777146807,0.019679604179916606,0.004910252110316003
N5368HD,0.0052582699298775225,0.03254791874270478,0.35558917851968597,0.54202757099279,0.0645770618149418
N5371HD,0.8298104491092497,0.15976256662650973,0.008195844656404125,0.0016796295168023054,0.0005515100910339362
N5372HD,0.7735777508794317,0.21466151816797038,0.00978300440014093,0.0016237509226858422,0.0003539756297713125
N5373HD,0.5068324818858192,0.48423849042194744,0.006970524602327132,0.00145591933527469,0.000502583754631667
N5374HD,0.5269424296377664,0.4582607333318398,0.012855617742997667,0.0014133494148570278,0.0005278698725391416
N5377HD,0.8156346533557093,0.17319226892522005,0.009133706989692854,0.0015598214832904273,0.00047954924608729525
N5379HD,0.5974406067442017,0.3849642192941461,0.014591210620622014,0.0024010089065851633,0.0006029544344449422
N5381HD,0.1220657539008586,0.38675964756737335,0.2337788529869579,0.20479592764803764,0.052599817896772524
N5383HD,0.2309409041615846,0.3559437005362699,0.24596224771382164,0.14586189264889726,0.02129125493942651
N5385HD,0.870835559264259,0.1266110453542067,0.0020110692739070805,0.0003851078180555046,0.00015721828957183926
N5387HD,0.03659682922325587,0.3263980836943046,0.4437900787196685,0.14072892285429317,0.05248608550847781
N5388HD,0.04402662737291751,0.2509956667216589,0.35674421916433385,0.2975986948413506,0.05063479189973916
N5389HD,0.01584792419314633,0.48657953991599356,0.47157626774940586,0.023259401972850816,0.0027368661686035262
N5391HD,0.6786506931640661,0.29590023493999584,0.018116319979626858,0.00601761017304731,0.001315141743263853
N5393HD,0.4640779281134308,0.5198026114241725,0.014005990410615775,0.0014827947795967257,0.0006306752721843923
N5395HD,0.8142117344648107,0.1626161972733921,0.016105890420901596,0.005508229296414628,0.0015579485444811572
N5397HD,0.7993750365706903,0.18415756532885072,0.01297173580106435,0.002702727763775298,0.0007929345356194835
N5398HD,0.8009552717994456,0.18078516398049657,0.014067084446359332,0.003158265658247432,0.0010342141154512077
N5386HD,0.08425996649080168,0.662321534548552,0.24153195290378493,0.00983610855505881,0.0020504375018025995
N2483HD,0.8435991449535999,0.14616165316387614,0.007026057778327393,0.002426019022531521,0.0007871250816651117
N5402HD,0.8304965584434583,0.16177651619406933,0.00582920332938209,0.001227976795390157,0.0006697452377001072
N5404HD,0.7617816527296615,0.20930822185103215,0.019799505548893016,0.007093401803552126,0.0020172180668611077
N5405HD,0.9270475197176169,0.06926105597645538,0.00263554162035387,0.0008534995977907685,0.0002023830877830626
N5407HD,0.44519001304362654,0.4412902069386118,0.07661878325915937,0.030375214297437017,0.006525782461165129
N5414HD,0.5816543918786681,0.40789501806986345,0.008815316020040187,0.0011410255861869112,0.0004942484452413676
N5415HD,0.7817483032419568,0.21039546484655558,0.005984320351620443,0.001464684429828037,0.00040722713003899793
N5416HD,0.1482688159147238,0.8248943726047816,0.023331739707597554,0.002786809561030878,0.0007182622118662913
N5421HD,0.826416133522621,0.16030425655416727,0.010119018106110315,0.0023787166788471793,0.0007818751382543439
N5430HD,0.824167283318122,0.1659035463255036,0.007556061922362006,0.0019310488694796364,0.0004420595645326997
N5431HD,0.03481195464726955,0.5207130982940447,0.42539524638381115,0.016602160959774275,0.002477539715100281
N5432HD,0.7505621567893789,0.22756806750409178,0.016907973843090285,0.004117110693499497,0.0008446911699395213
N5437HD,0.8010571124197146,0.18405815089009356,0.01283080657973867,0.0015369741011957176,0.0005169560092573599
N4225HD,0.30185933168397533,0.610247750973387,0.07692075822173654,0.008799050373269349,0.002173108747631775
N5123HD,0.5158421613759162,0.44783465038655507,0.027827953992254312,0.00650205231005206,0.0019931819352223333
N9187HC,0.0074141417780958065,0.05054353993051212,0.2789414213639639,0.5544591493209753,0.10864174760645284
N5439HD,0.23800159289064396,0.5461739876752345,0.1431724224680258,0.06167209002555773,0.010979906940538122
