ncode,proba_0,proba_1,proba_2,proba_3,proba_4
N4541HD,0.7959575908733721,0.18946176046845514,0.010815343496985671,0.0030451790771979393,0.0007201260839890733
N4397HD,0.006595739597320494,0.06575633778228455,0.32877775205665694,0.5451675196118858,0.053702650951852206
N4544HD,0.9119781958018188,0.08464155092290977,0.0024292692770930056,0.000716681183061784,0.00023430281511640548
N4545HD,0.07777594837995903,0.36385534326545255,0.38018622027087423,0.12242625537926037,0.05575623270445384
N4546HD,0.21929612371136367,0.7475960584998584,0.029928284411968056,0.0023456928181194727,0.0008338405586904569
N4550HD,0.8597312724202515,0.13462304869798905,0.0038589613691699083,0.0012547870526748084,0.0005319304599145316
N4551HD,0.5760587100603239,0.41309016135362076,0.009247144957295844,0.0012306688175948894,0.0003733148111647404
N4554HD,0.0660335408814999,0.30754731128386015,0.55430915826721,0.06415636801680996,0.007953621550619974
N4555HD,0.5142739551630452,0.42803294582016366,0.049354876340125496,0.006712795431809731,0.0016254272448558407
N4556HD,0.38026615848507395,0.466902268800916,0.1037601732001487,0.03818060590024205,0.010890793613619281
N4563HD,0.4626141868348235,0.4457543728237102,0.07080652750565399,0.01660550773372046,0.0042194051020918765
N4567HD,0.9071074014919301,0.08743328594935942,0.0035807832779558625,0.001189294524861763,0.0006892347558929513
N4561HD,0.822440125269398,0.17082171041553162,0.0049557976355476515,0.0012650165640893968,0.0005173501154333458
N4571HD,0.3342903758685304,0.5580566311874258,0.08190970321253496,0.020715230153114297,0.005028059578394633
N4574HD,0.9450636306624713,0.05280593393097085,0.001375410770577406,0.0005170985546720792,0.00023792608130848567
N4575HD,0.6237281690645954,0.3592949845548016,0.014050017596695216,0.0021329653597760823,0.0007938634241318134
N4579HD,0.1593760641323836,0.7222565124358588,0.09903841904471447,0.014649989416545264,0.004679014970498018
N4581HD,0.18068475267813994,0.7733834055295356,0.041622383351939914,0.003349876672346125,0.0009595817680384533
N4584HD,0.20050484769188082,0.7696283172496718,0.027416233348405157,0.0017089550938944548,0.0007416466161477658
N4578HD,0.7731382601021717,0.21807673841650935,0.0072312808369468335,0.001192938188463472,0.00036078245590879317
N4590HD,0.2422214767183386,0.7220476375747251,0.03253516411575756,0.0025796161836315434,0.0006161054075471907
N4593HD,0.010470813955159761,0.09789631384264205,0.42073603464237813,0.4225497254837139,0.04834711207610613
N4151HD,0.033334876512314135,0.2143539404071251,0.35431657977425873,0.30874005827861445,0.08925454502768755
N4594HD,0.8542219166756676,0.14108567833649596,0.0034807067658113107,0.0008386016287570029,0.0003730965932679501
N4600HD,0.14596913647047285,0.4663985579765816,0.360907601926867,0.023431314669089414,0.0032933889569892075
N4605HD,0.03882314173831616,0.21156453978003373,0.631174730585018,0.10908830122174065,0.009349286674891254
N4612HD,0.3973295903193885,0.554408656661565,0.04045831755961174,0.006413515477836114,0.0013899199815986067
N1701HC,0.19052770582456305,0.5999745681083039,0.1600696605639388,0.035048337819144994,0.014379727684049267
N3705HD,0.002395780733966847,0.007918671552102765,0.06461801579966012,0.34256495812374366,0.5825025737905266
N4589HD,0.6538740737702279,0.3158798999613139,0.021102229901056032,0.006528113636917352,0.002615682730484826
N4339HD,0.9449988895200407,0.05222902962240135,0.001891551793416371,0.0005507090085941857,0.00032982005554763424
N4615HD,0.017097267209680477,0.10742361071520616,0.2595330593662101,0.49281637019042707,0.12312969251847615
N4618HD,0.9073821582365664,0.08786813241337449,0.0029490302166168734,0.0014123343486085029,0.00038834478483368014
N4624HD,0.5786112126847046,0.4148035531570813,0.005360804825537021,0.0008375088631130024,0.00038692046956395506
N4626HD,0.7421593931787032,0.23736918246160185,0.0165050186608102,0.002949279191691658,0.0010171265071930939
N4628HD,0.22876225410133053,0.6642364245451173,0.09003275943714849,0.01232732585208465,0.004641236064318949
N4638HD,0.08040514909430145,0.31882120019868865,0.3330608196010479,0.21471479206505661,0.05299803904090533
N4639HD,0.8219422379910996,0.16090867672244613,0.0122213852224625,0.0038757757303237747,0.0010519243336680646
N4642HD,0.8944465283203964,0.10042739108711328,0.0039057445828870347,0.0009080693984671022,0.0003122666111362609
N4646HD,0.9383537804828782,0.05860430326242437,0.002189167380112872,0.0006119000174613481,0.0002408488571233945
N4631HD,0.8094208272387656,0.18237169449319626,0.006334865244848026,0.0014596420204906141,0.0004129710026992698
N4656HD,0.020017428186614023,0.1450599269786682,0.5714212467281352,0.18985568662940702,0.07364571147717541
N4658HD,0.8029354963942094,0.18194568762792604,0.011338728225336851,0.0028228510940160314,0.0009572366585116813
N4661HD,0.8568432530601718,0.13298785773475125,0.0067291163487922375,0.0023493469160178427,0.0010904259402667587
N4665HD,0.8435963092245691,0.14980858112132223,0.005313566681335817,0.0009563212035899062,0.0003252217691829556
N4667HD,0.8714507328351581,0.12435570373498306,0.003103974737782949,0.0007052281283825673,0.0003843605636932429
N4669HD,0.8259139489083918,0.16647109555532222,0.005811937275585185,0.0013585597526131804,0.0004444585080878162
N4673HD,0.17963687047878524,0.6956586010863083,0.09982584222661497,0.019049144046562064,0.005829542161729329
N0760HD,0.09567825422569762,0.7576444293097003,0.134260266811839,0.010080082564311749,0.0023369670884511003
N4672HD,0.656833193574754,0.2911935155210019,0.03981195947260613,0.009242612902614973,0.0029187185290228466
N2593HD,0.8790613416668152,0.1154489514356494,0.0036603138585863592,0.0012918092300533027,0.0005375838088958736
N4677HD,0.34454129442735076,0.600365711352642,0.04724111827972129,0.0058877838452057836,0.0019640920950801236
N4680HD,0.08437017003668162,0.5613823070737979,0.2772684919018062,0.0686783942615766,0.008300636726137749
N4688HD,0.004608151409616377,0.02832440962053007,0.1919802634086632,0.6306056143103597,0.14448156125083064
N4689HD,0.8456928842596005,0.14947041715186693,0.0034426692195643695,0.0009718781917046365,0.0004221511772635986
N4691HD,0.1703878549396658,0.5334971931434668,0.2051033855011461,0.0627451136592568,0.028266452756464586
N4692HD,0.5542858462035061,0.3992779348491166,0.035130395822113795,0.007869413438116193,0.0034364096871474
N4694HD,0.01189108034925634,0.11859205292281293,0.6287457981188372,0.21288252979043035,0.027888538818663024
N4695HD,0.14572769165077387,0.7537312869197902,0.08736421550660389,0.009999573006145542,0.003177232916686446
N4699HD,0.442486442969193,0.4938448765613232,0.05325221388920488,0.007477843321940713,0.0029386232583382375
N4703HD,0.37630721499260356,0.4631397045519269,0.07551501316904742,0.0654616447632984,0.019576422523123645
N4704HD,0.0024983714592531642,0.010950867860134673,0.44195105830559994,0.527429300857726,0.017170401517286167
N4708HD,0.9265428203604728,0.07086940292091197,0.0019308363191412842,0.0004459479626042921,0.00021099243686962827
N4714HD,0.5754122570858006,0.3806612861591268,0.03298382168996493,0.006840617418846465,0.00410201764626126
N4721HD,0.09425243695228841,0.69850314763212,0.17340619250155082,0.02655980619710753,0.007278416716933322
N4722HD,0.8452729779635048,0.14933328515695268,0.0038097528932772005,0.0012333017175907256,0.0003506822686744993
N4724HD,0.17615704580793679,0.7731816636665676,0.0464079622160147,0.003164093814134121,0.0010892344953467405
N4726HD,0.036723899981960816,0.8965784599630194,0.06277250242679504,0.003116012811227204,0.0008091248169973316
N4735HD,0.6807473446553007,0.3095691947135275,0.007345661114394718,0.001605382363693043,0.0007324171530840263
N4063HD,0.4827187166425532,0.4565608486426107,0.04296609544556633,0.012090405687849356,0.0056639335814203644
N4712HD,0.7380284779034108,0.2528021747231423,0.006715918907653346,0.0018398327326106976,0.0006135957331830202
N4738HD,0.20542698535197326,0.6639555356593002,0.10961132295932054,0.017331305380036962,0.0036748506493689023
N4740HD,0.01928813726459687,0.15987137587350586,0.32929166669046395,0.4179786870109393,0.07357013316049403
N4742HD,0.0134026419807669,0.05542731298272461,0.37389625683832856,0.43544578091955194,0.12182800727862807
N4745HD,0.8441484119812415,0.1469723374438342,0.007165918943927979,0.0013600968133682639,0.0003532348176281346
N4747HD,0.8507267858308091,0.13320561401175093,0.01165763968425042,0.0028541247413285177,0.0015558357318611908
N4750HD,0.7018659221505391,0.2747084851278143,0.01618968481500037,0.005397578896481882,0.0018383290101643324
N4752HD,0.0062796725903505705,0.09190041557647739,0.5745374729461099,0.2808394793567665,0.0464429595302956
N4754HD,0.6305780879169064,0.3601793495817463,0.007830376737790018,0.0011444327009790044,0.0002677530625782911
N4755HD,0.19921583436926754,0.6206238885897369,0.147286562324533,0.02580100923657809,0.007072705479884379
N4756HD,0.44463228425014956,0.5149689715807442,0.03300931905178751,0.005996300042876295,0.001393125074442437
N4757HD,0.8696144091042008,0.12290193335782944,0.006378401359103059,0.0008354932868507116,0.0002697628920158625
N4759HD,0.29306760985166297,0.6560509970829123,0.0415681521415197,0.007395016592949002,0.0019182243309562035
N4762HD,0.3322071522995702,0.6119969273855322,0.04984546919565,0.004343337289808103,0.0016071138294394415
N4763HD,0.5774219248398974,0.3880088478711732,0.02549441817359418,0.006418149455656921,0.0026566596596782825
N4767HD,0.8269583493508358,0.15197025081835702,0.016805980791554372,0.0029985287754308704,0.001266890263821899
N4769HD,0.03732246371763887,0.2038230286545046,0.6048800855003632,0.14497936217292087,0.0089950599545726
N4770HD,0.8096292916093052,0.1800568993956507,0.007838916123967041,0.0019772522574338326,0.0004976406136433307
N4676HD,0.4482090165541993,0.44559099157164617,0.0727068598668699,0.025049430702939295,0.008443701304345264
N4614HD,0.32579743521474874,0.4418933987109844,0.19585828190651525,0.03156280882214978,0.0048880753456019424
N4774HD,0.3248379579892568,0.5899957211115233,0.06938065531893202,0.011636319499469727,0.004149346080818276
N4778HD,0.06875730558846602,0.48611875030915797,0.27674955833422676,0.13458115210949653,0.03379323365865253
N4780HD,0.005282064634290847,0.04185948915636784,0.25330264832839383,0.3395682891670794,0.35998750871386803
N4783HD,0.5713803652031312,0.39607476822617277,0.027716401942935093,0.00370706847979043,0.0011213961479704367
N4789HD,0.8335426275061228,0.15316554890865172,0.009526869265686341,0.002511714166435806,0.0012532401531032598
N4792HD,0.5342485091210938,0.45582365916475376,0.008545390332628536,0.0010336741241789617,0.0003487672573449107
N4793HD,0.027622411619440054,0.7654851001021742,0.18569151922761362,0.016147559187617296,0.005053409863154788
N4794HD,0.004380957321964813,0.024919571304765582,0.3629598231535721,0.5603039227382391,0.047435725481458316
N4799HD,0.7792525689417887,0.21303515814266924,0.005604162904059529,0.0016355546823728219,0.00047255532910965375
N4800HD,0.8994665937157565,0.09709740257942488,0.0022651953487741175,0.000833341540665609,0.00033746681537871086
N4808HD,0.0940474648798054,0.8836526475793479,0.020470842718412156,0.0013211683604813522,0.0005078764619529958
N4809HD,0.5830191380780734,0.3886127441527568,0.021886922750590773,0.00400335984390224,0.0024778351746766805
N4634HD,0.7709706538304149,0.20032199603723136,0.022362696921540023,0.004901631989117231,0.0014430212216963575
N4784HD,0.8994779892353997,0.0953394748909339,0.003440907906849168,0.0011982267374612788,0.0005434012293561011
N4815HD,0.9000227079227184,0.09669962311635097,0.0022069516477498316,0.000764372835008776,0.0003063444781720761
N4816HD,0.774133613872559,0.21100375429613782,0.012170000990125175,0.001991170346845382,0.0007014604943326153
N4817HD,0.3051517687784825,0.6483687228867125,0.0402703967131753,0.004870179013542223,0.001338932608087427
N4818HD,0.9226084376586533,0.07329076779507035,0.0027306639345880427,0.0010174180894017898,0.00035271252228643934
N4821HD,0.034875991890655045,0.9467930527397279,0.016310954439542592,0.0015408969557595652,0.00047910397431494587
N4830HD,0.871346315715612,0.12025899278730204,0.007183205249618415,0.00088318596967242,0.00032830027779490525
N4748HD,0.8853791044829097,0.10859076837095949,0.004482592841411659,0.0010149491604003501,0.0005325851443188064
N4684HD,0.8287104015401203,0.16413857251717823,0.005329935231753297,0.0013492740226784007,0.0004718166882699095
N0389HD,0.028569917739901595,0.9467629632170607,0.022462245059438612,0.001738408581964884,0.0004664654016343264
N4796HD,0.3904932828288964,0.5344903063830457,0.06363396400409775,0.008171972310685742,0.003210474473274508
N4834HD,0.002551665107229583,0.015247189794286853,0.4776742683410407,0.48756881718306827,0.01695805957437442
N4835HD,0.07716085942044315,0.9091160687337994,0.012215814637797263,0.001130482190191172,0.00037677501776896624
N4837HD,0.657787597888167,0.3333500040940103,0.007390117462804392,0.0010596623100964362,0.00041261824492195583
N4838HD,0.055741622688047276,0.9251299803874666,0.01701467650480036,0.0015403069116667332,0.0005734135080188961
N4839HD,0.027298003453778204,0.4697751799430228,0.4583398299751651,0.039331359008814626,0.005255627619219157
N4842HD,0.7973889495418532,0.1837855387254485,0.01451691254934624,0.00336410722910838,0.0009444919542435554
N4844HD,0.9263117469594279,0.0710669701262481,0.001829249478837023,0.0005832947608230746,0.00020873867466369425
N4846HD,0.12775063299174277,0.42556180546333067,0.3061907252640574,0.112524596056953,0.02797224022391608
N4847HD,0.8348004047946914,0.15856033549519014,0.005029401492778013,0.0010861335279279277,0.0005237246894122296
N4849HD,0.35742535679221293,0.5920797915599686,0.03918982181649851,0.008161592461645798,0.0031434373696742003
N4852HD,0.04205672244461154,0.4594830254272482,0.4860133127083128,0.010062618502839822,0.0023843209169877337
N4853HD,0.5995493314716249,0.37798905867874555,0.01722902123207946,0.004098449517740565,0.0011341390998094582
N4856HD,0.7653903495175657,0.2288250308688401,0.004345133618462078,0.000980357017268074,0.0004591289778640368
N4858HD,0.7909600403604131,0.19804494702799072,0.008564666144011896,0.0017602204184936163,0.0006701260490906014
N4860HD,0.2014246842077659,0.7415234769810292,0.047833910991188076,0.0063284179629366135,0.0028895098570802234
N4861HD,0.9183429875104958,0.07881739571230519,0.0022012985217576115,0.0004646190614059285,0.00017369919403537333
N4863HD,0.47826839219782036,0.5112751545338785,0.007581473229652647,0.0021520469761865946,0.0007229330624617874
N4864HD,0.8023936421814541,0.18835566512491442,0.007281174773441289,0.0014126822111787149,0.000556835709011416
N4866HD,0.8269085257844946,0.1563580854608538,0.012965840304849251,0.0026633477994844703,0.0011042006503178324
N4012HD,0.7060143386246536,0.2732206762848693,0.016231378369412155,0.003770394633276583,0.0007632120877885288
N4825HD,0.26701124966557477,0.593081060751751,0.11332877941257076,0.019220482140546738,0.007358428029556824
N4875HD,0.06248095495492842,0.6598019791687937,0.2280868336880278,0.03825613407279131,0.011374098115458779
N4878HD,0.03471428142332643,0.21505115638080138,0.4688078222954608,0.19337295344028327,0.08805378646012814
N4883HD,0.015536536456142997,0.3741109537945168,0.5850320247529204,0.021481799222918593,0.0038386857735012115
N4884HD,0.6883870202590667,0.2964206201318866,0.011647449048506342,0.0026234739504223973,0.000921436610118084
N4887HD,0.15312048351559235,0.803838386467408,0.039666652762891934,0.002631134918757504,0.000743342335350356
N4891HD,0.6680659686908329,0.29632563304461995,0.030070534302655133,0.004574635524593027,0.0009632284372989601
N4892HD,0.15912494612333297,0.7804368851423806,0.05431174251772296,0.004753318383441125,0.0013731078331223202
N4895HD,0.8699756163516271,0.122433610686788,0.0051112722309801855,0.0019111999594970143,0.0005683007711073995
N4899HD,0.7210237912425788,0.27068546986365377,0.0058364943168017,0.0019416754239232718,0.0005125691530425248
N4898HD,0.44569620051041287,0.5148237276440985,0.034714437117477945,0.0037914847076822526,0.0009741500203285239
N4902HD,0.6191997861845475,0.3442535512251772,0.025159695253999054,0.008570443734381724,0.0028165236018944575
N4904HD,0.047202043383789985,0.22022422840386613,0.5326222581578036,0.18252965411161734,0.017421815942922997
N4906HD,0.822076660653467,0.16717228940214285,0.00776633738934751,0.0021815050812850393,0.0008032074737577647
N4909HD,0.8039081934184074,0.18415466274865802,0.008577052572038394,0.0024327208901852347,0.000927370370711028
N4912HD,0.7347513407320322,0.24895050553302023,0.013552251236437529,0.002030891972661919,0.0007150105258481916
N4913HD,0.6711337956430382,0.30878037024241894,0.017639085220076102,0.0018976364463334072,0.000549112448133338
N4914HD,0.13313531989270516,0.5912958105343575,0.26048395077672537,0.01325238487673794,0.0018325339194739218
N4908HD,0.8883069400657698,0.10893296425710072,0.002049380555154412,0.0004950368159617697,0.00021567830601348668
N4937HD,0.8574554808350594,0.13819883691910034,0.003209598850993669,0.0008683689176073087,0.00026771447723927274
N4938HD,0.895753747975335,0.10032358785160742,0.002796936685467618,0.000864858757312581,0.00026086873027738905
N4949HD,0.8262095598495978,0.1651722858771337,0.006642666268172058,0.0013418945272636964,0.0006335934778326295
N4952HD,0.8366902185542205,0.15106101657738744,0.009340264424462716,0.002097604280220839,0.0008108961637085201
N4954HD,0.6975719875525608,0.28635743619340653,0.013061950740113267,0.0024662386653302283,0.0005423868485891843
N7917HB,0.8889909724935177,0.10701301854860364,0.002929818989622896,0.0007888616569214889,0.00027732831133427084
N4951HD,0.7368898125295947,0.2563588326604329,0.005150627927579569,0.0011952280537888284,0.00040549882860412814
N0385HC,0.07776332804120394,0.6697326619169527,0.2147963408521804,0.02785732329095892,0.009850345898704196
N3920HD,0.2781700660453448,0.6502832293913496,0.06136633997750188,0.007445016564371603,0.002735348021432217
N9498GW,0.7664776849094936,0.22057554945825517,0.010589360025384296,0.0017773477974220753,0.0005800578094448561
N4961HD,0.9095988269962492,0.08787028836446686,0.001887120394281784,0.00042570985291674176,0.0002180543920854904
N4965HD,0.22197480257146615,0.42883201354120243,0.2978351443288655,0.045274740212281284,0.0060832993461847435
N4967HD,0.5921090711955238,0.3637947687009361,0.03313307859242733,0.008458336428495458,0.0025047450826174173
N4968HD,0.21217418081004427,0.5012631477750086,0.15886337515728732,0.09879338593341801,0.02890591032424184
N4973HD,0.8013452897028642,0.18619943277715176,0.008828290976621415,0.0028544542703150314,0.0007725322730476518
N4976HD,0.019192279635237723,0.40523269385651317,0.5137755626262008,0.05548694190383744,0.006312521978210884
N4977HD,0.4602208631886428,0.5234264156091579,0.014414839538521995,0.001496076515359079,0.00044180514831812257
N4978HD,0.6584364774087681,0.3164849763324809,0.018719674167303912,0.004704013917960035,0.0016548581734870563
N4982HD,0.3418995937589949,0.5520790149612741,0.08418709217613575,0.014474409957245476,0.007359889146349876
N4983HD,0.050746605628962355,0.2926468180236177,0.4104784363616992,0.21281040244406468,0.033317737541656074
N4984HD,0.8715798247771323,0.12356332932813598,0.0036467388258402565,0.0009095766742202519,0.00030053039467130293
N4992HD,0.011559812625978836,0.09188600185766624,0.3515658620021504,0.45390627274767176,0.09108205076653274
N5000HD,0.6034474163912921,0.33569727126113913,0.0477060984505698,0.010109457645263975,0.0030397562517349578
N5006HD,0.3642507237453014,0.6031246842985662,0.028953395616849772,0.0028393690140313963,0.00083182732525137
N5007HD,0.7346324079898103,0.2458704583945246,0.015233451177541029,0.003378805419722609,0.0008848770184015307
N5008HD,0.3440506329721771,0.6143780511536584,0.03553467201485462,0.004832154527530242,0.001204489331779674
N5011HD,0.24430932547265707,0.7243920226704891,0.027338403641184738,0.0028044623325101095,0.0011557858831590603
N5020HD,0.5750420263760644,0.3928099562529983,0.026342676380175692,0.004422255250487185,0.001383085740274524
N5024HD,0.8545260338206947,0.13532676745815334,0.00812245861115464,0.0015544583048473792,0.000470281805149956
N4826HD,0.8894492870527986,0.10630152491902627,0.002915544977046452,0.001042810845522947,0.00029083220560546775
N5032HD,0.8172955696760764,0.16949785276635396,0.01030744684185753,0.002300222595072765,0.0005989081206394226
N5041HD,0.8970358050854689,0.09870539592238542,0.003139429609506218,0.0008422770308734727,0.0002770923517658959
N5043HD,0.9305422286849481,0.06616689318657445,0.002354640537129973,0.0006332665647786413,0.00030297102656863203
N5044HD,0.28141653166898023,0.5846876811381111,0.09353618148581737,0.02633688205737663,0.014022723649714689
N5045HD,0.8054764763615686,0.18279952080205797,0.008551775005469314,0.0024527453440626444,0.0007194824868414609
N5004HD,0.8779975065584982,0.11670738192355354,0.003551028063280511,0.0012522847503099864,0.0004917987043578812
N5055HD,0.5534939838795627,0.3794652667256379,0.05280242644048977,0.01139581157718432,0.0028425113771252653
N5056HD,0.11774059102628423,0.405357459950944,0.3225155523717067,0.0963972785978319,0.05798911805323302
N5057HD,0.5974393759654469,0.39032779958663777,0.010343108627024616,0.0014087856190980429,0.0004809302017925218
N5059HD,0.5951586839689085,0.3342598039553604,0.05503301779811571,0.012035830087648624,0.0035126641899668105
N5061HD,0.3917228918331786,0.512828558484419,0.07589320881757156,0.01579141916401816,0.0037639217008127424
N5018HD,0.9223522010978472,0.07453696551819489,0.002209891141374203,0.000647751453612047,0.0002531907889715604
N4896HD,0.7669676716495768,0.21685573793973076,0.012802463027314701,0.0024091808629047454,0.0009649465204729857
N5064HD,0.8094887739033738,0.17241064304893658,0.013985521975038636,0.003359991651040524,0.0007550694216105142
N5065HD,0.5090834807290066,0.4643372953563896,0.021465062590281987,0.003899440112322607,0.0012147212119992439
N5067HD,0.2477765198386773,0.5827260221485443,0.14198379862801597,0.020518762542902535,0.006994896841859973
N5070HD,0.05354637570692445,0.6266171713503876,0.2803312413666598,0.03502160088648931,0.004483610689538713
N5071HD,0.16002898445250802,0.7911056052810415,0.043231549654741123,0.004321697126216727,0.0013121634854927713
N5072HD,0.18325540081279743,0.7812603066593826,0.03098039443100546,0.0033465663469991083,0.0011573317498153356
N5074HD,0.7970288907990954,0.19237304416818912,0.007543593311372974,0.0022317117852685116,0.0008227599360738672
N5075HD,0.9427909462449836,0.054717687132306514,0.0015374148179495503,0.0007138156988307701,0.00024013610592952446
N4923HD,0.7881801471399713,0.1876411050538269,0.017839173483833955,0.0044410765436042575,0.001898497778763623
N5076HD,0.767851902375996,0.22071439860813216,0.009388595936258078,0.0015871916942961767,0.00045791138531768865
N5079HD,0.019312964316796685,0.136841953307724,0.5075913310158667,0.30563365726009334,0.030620094099519258
N5080HD,0.4409560269924009,0.5244113823718074,0.028560050186899527,0.004753301323200215,0.0013192391256918838
N5082HD,0.7199628717452274,0.2587389985784545,0.015670441030070467,0.004199999626296004,0.0014276890199515578
N5083HD,0.5933478609784738,0.35996224674300425,0.03523731105105938,0.008748208083618985,0.0027043731438435486
N5085HD,0.18447077794478844,0.7092344525275396,0.09395741023955351,0.009832659713518162,0.0025046995746003595
N5051HD,0.31505586418468134,0.6573094593885189,0.024758717375116614,0.0020587809085694415,0.0008171781431138399
N5039HD,0.04816171555643575,0.3349858817890635,0.3862563473755681,0.19556876986258565,0.035027285416347045
N5088HD,0.9123262860777628,0.08437368057785713,0.002369331173369688,0.0006360965628232237,0.00029460560818712005
N5091HD,0.07936705481686593,0.9103939180801673,0.009248736119281531,0.0007481099311523007,0.00024218105253317736
N5093HD,0.011852462418765416,0.12287595257577671,0.32441892912413955,0.45312739076652014,0.08772526511479826
N5100HD,0.007897228770417477,0.052569505882798885,0.3347947840943716,0.5484928083088428,0.05624567294356912
N5103HD,0.05478178162979535,0.27153176163523207,0.4379852875304408,0.15648849043129268,0.07921267877323902
N5104HD,0.9326277515153334,0.06488764564487258,0.0017379976566893997,0.0005113475023039892,0.00023525768080049272
N5105HD,0.7551378220428361,0.22743428534756266,0.011143019562148438,0.004450429384523997,0.00183444366292883
N5106HD,0.6904369167930242,0.28370104310287186,0.021509127697992528,0.0032397835169879156,0.0011131288891233831
N5109HD,0.5165501707168237,0.4720031481409869,0.009752838327913379,0.0012441101520613506,0.0004497326622145618
N5112HD,0.4724374060715135,0.46819990851308035,0.0478650088943603,0.008833776109462163,0.0026639004115835765
N5115HD,0.8498240869970399,0.1411137938030115,0.0067645312020338105,0.001688447223426419,0.0006091407744884017
N5120HD,0.00860405399576473,0.05026934048769676,0.38496503216273603,0.47295366834040453,0.08320790501339788
N5121HD,0.5707648500140317,0.4010675964930099,0.01879242027238239,0.0065041150095854995,0.0028710182109905787
N5122HD,0.8019961336124455,0.17887543108779003,0.01455266269550257,0.003068649858363487,0.0015071227458983208
N8305HB,0.8388501352202212,0.1562472671198587,0.003877157935224836,0.0007258679046654466,0.00029957182002988297
N5126HD,0.026043889699488256,0.11852005810437465,0.4174710898332672,0.3404232978467443,0.0975416645161257
N5128HD,0.8904117493150533,0.10469834176738547,0.0036781258500210054,0.0008418262523302174,0.0003699568152099565
N5133HD,0.008456155269510329,0.07405911506816809,0.503533807877685,0.38866100435043593,0.025289917434200553
N5135HD,0.7882411125087767,0.1968406826336435,0.012296208606185088,0.002046542852666186,0.0005754533987286475
N5143HD,0.8355216047795989,0.15727702974169566,0.005971426124457518,0.0009752107441059791,0.0002547286101420718
N5144HD,0.2012615322326931,0.7039745201868667,0.0832635486343992,0.00896371647962063,0.0025366824664204116
N5149HD,0.1652403316337589,0.5789433874345773,0.1993337481705872,0.047200806163757214,0.009281726597319422
N5152HD,0.31458079496399455,0.6388867224080208,0.03972990070222061,0.005704398225381717,0.0010981837003823294
N4394HD,0.19724503851779326,0.571253608313159,0.17234116781828512,0.04397147426174994,0.015188711089012773
N5029HD,0.192092128941128,0.6843000484455091,0.10552996368574515,0.012732903808975078,0.005344955118642623
N4368HD,0.9450397043687447,0.05264957091354394,0.001527107606710216,0.0005507772704030392,0.00023283984059799509
N5013HD,0.248968600711109,0.5206141637239492,0.16491598883844155,0.047886899409200344,0.017614347317300053
N5153HD,0.3923870148377396,0.5278235514405343,0.06486710802264803,0.010941926848071925,0.003980398851006212
N5157HD,0.8420489987451816,0.150309599090015,0.005794822019514667,0.0013027860997519604,0.0005437940455368472
N5170HD,0.6060762081130228,0.3583273575483247,0.02826394388566008,0.005622154654777998,0.0017103357982145885
N5172HD,0.8339927013169594,0.15537146712321181,0.008390343413969038,0.0016466345032052341,0.0005988536426545114
N5173HD,0.5973625926037411,0.3661807150940768,0.02886069607137703,0.0050274003471488995,0.0025685958836561143
N5147HD,0.613708917708384,0.36612390110257154,0.014375384156426632,0.004559274483525189,0.0012325225490926557
N5178HD,0.7213744898350992,0.24574178321060053,0.02673871760801325,0.005274062869341706,0.0008709464769452682
N5180HD,0.5020572024308577,0.443684937613642,0.04130162947247153,0.009539653794963633,0.0034165766880649958
N5181HD,0.4307834261164999,0.4871381635571465,0.060443693331420974,0.01573300911639996,0.0059017078785327465
N5182HD,0.9036214366953392,0.09287210982236072,0.0022943696489941615,0.0008176446514341996,0.00039443918187151796
N5183HD,0.12364979964852754,0.858093555793957,0.01663897907599641,0.0012362558676294057,0.0003814096138897429
N5185HD,0.0687082732045767,0.2913091324009944,0.4737612706982603,0.15002936129964692,0.016191962396521816
N5187HD,0.1748324038557909,0.5290020682204306,0.20687646265915377,0.07044547320682794,0.018843592057796767
N5188HD,0.13522813979165918,0.49190987933173297,0.2118503404218754,0.13305560562676824,0.027956034827964164
N5190HD,0.005651797764782709,0.03460339756337809,0.33163357521273135,0.5849537546098086,0.04315747484929923
N5192HD,0.5785791613424588,0.4140434013329048,0.0065202169582601645,0.0005767727143912608,0.00028044765198497536
N5193HD,0.6130947739707718,0.35950531326813084,0.022518006884672707,0.0036817508606273113,0.001200155015797335
N5197HD,0.8778579311408526,0.11553113006813016,0.005473701050508082,0.0008376185224631847,0.0002996192180460856
N5198HD,0.2873268099503504,0.43671305853558645,0.1698881535167987,0.0804358532256353,0.025636124771628795
N5199HD,0.6686987364474595,0.29100817653190375,0.030992548418912403,0.007377806487346387,0.0019227321143778992
N5200HD,0.8105790950465132,0.17226304122846445,0.013768795430512532,0.0023759761131654693,0.0010130921813443757
N5203HD,0.01614106622372434,0.1357622959070337,0.3539371727834688,0.41735277718388325,0.07680668790188998
N5209HD,0.018389072028619124,0.12594286889127929,0.48464109961877533,0.32763553609729734,0.04339142336402886
N5212HD,0.8188890205904603,0.17362106573588235,0.005856800943460103,0.0013200646814871366,0.0003130480487100407
N5215HD,0.3996673813997472,0.5370460642829082,0.053128587985783175,0.007990026894130102,0.0021679394374313076
N3574HD,0.8622667958376894,0.12744639693458787,0.005514188527506033,0.003284850430145747,0.0014877682700708233
N4760HD,0.08772096622476444,0.500613728736895,0.3142475184780296,0.07371616976124963,0.023701616799061236
N5225HD,0.492622191442573,0.48604100370798275,0.01900425600572896,0.00185575882863152,0.00047679001508384216
N5226HD,0.5771459638965024,0.3614909933109364,0.04903371127031162,0.009118818532658831,0.0032105129895905887
N5227HD,0.7024787697814323,0.2747425738828458,0.017451401059963824,0.003628856506937155,0.0016983987688210323
N5233HD,0.012694634915334823,0.061754724805255325,0.24516793569458678,0.41852917148485586,0.26185353309996734
N5238HD,0.8476198770859185,0.13851269036213695,0.009989237970109352,0.0024955657716395946,0.0013826288101955366
N5241HD,0.840274569011994,0.14482705973446391,0.011420237197571414,0.002799127435612359,0.0006790066203584045
N5243HD,0.006381590680708112,0.05836707103746695,0.3871813537958735,0.5130944800256928,0.03497550446025869
N5246HD,0.8182165198446472,0.1696583469004328,0.009094208626685788,0.0021765558734207564,0.0008543687548135757
N5247HD,0.002763838103812445,0.010316521523342526,0.41553614155251245,0.5487697346225202,0.02261376419781238
N5248HD,0.6265145840004158,0.3188191359752872,0.04687276034192712,0.005803469580491099,0.0019900501018786537
N5253HD,0.5445471852508201,0.41241339655805925,0.03000277117848281,0.009413419949492923,0.003623227063145054
N5257HD,0.02040897871314366,0.1177764419021077,0.36200038669959117,0.3836993968935194,0.11611479579163808
N5259HD,0.010250924006703218,0.042877939979018634,0.29080260396537316,0.3951472831161769,0.260921248932728
N5262HD,0.05929999579538513,0.5719182265143562,0.350574233010023,0.016189612804015666,0.0020179318762200563
N5266HD,0.27581999380272454,0.6037888241132006,0.11035169512497936,0.007692824542723429,0.0023466624163721423
N5270HD,0.6293986936987476,0.3473097651196065,0.019219493610262952,0.0032260207652093724,0.0008460268061738024
N5271HD,0.5971575505851747,0.3624644504879964,0.032418974379556285,0.0061096255792895005,0.0018493989679828887
N5273HD,0.8230926164889215,0.16618286981155764,0.008397900759790734,0.0017047476841816089,0.0006218652555485444
N5274HD,0.8752821273914551,0.11566542289547226,0.007439760645217616,0.0012309109978566645,0.00038177806999850633
N5211HD,0.10812009379571554,0.43241802050363176,0.34948369602563745,0.09527008678631999,0.014708102888694997
N4843HD,0.5794616910297697,0.38789248910348645,0.023460180389211487,0.006392126314274074,0.002793513163258116
N5287HD,0.6866716110393054,0.28156796866460526,0.025346066756146198,0.004901743540579787,0.0015126099993633699
N5286HD,0.13410741189517153,0.2907735257904685,0.42663576134503406,0.10001055486042593,0.048472746108900094
N5292HD,0.02071737373506407,0.11671291086723255,0.32277243677026984,0.4240870196265769,0.11571025900085674
N5294HD,0.8500800097078658,0.14459299944670828,0.0038370246366726877,0.0010452120059054855,0.00044475420284775433
N5296HD,0.2908880515942556,0.5429521794872305,0.11425273591048914,0.042408023603917495,0.009499009404107223
N5298HD,0.7359182824500112,0.24666878393527225,0.013712508353915928,0.002829185655933468,0.000871239604867148
N5303HD,0.8393632568032201,0.15137213315143724,0.0074334550429197895,0.001262265901143331,0.0005688891012794248
N5305HD,0.18727731042974446,0.6006391719903255,0.17656908562247173,0.02878193214501635,0.006732499812442136
N5306HD,0.8269999605476921,0.15949915348749424,0.01104105451571205,0.0020516326556186248,0.00040819879348305023
N5307HD,0.07118077047686824,0.52834161778587,0.29651034636956136,0.08116435726100596,0.02280290810669447
N5311HD,0.34124591578218205,0.5793595204624443,0.06870846997206084,0.008852105759899233,0.0018339880234136017
N5314HD,0.7687483523038426,0.21734936757277534,0.009905322358331435,0.002423500712974591,0.0015734570520760857
N5073HD,0.07832565911765561,0.41164177564406157,0.37350695847220267,0.11877729012689157,0.017748316639188706
N5277HD,0.04905359510971623,0.17076844860797577,0.3958944036231443,0.235719709362063,0.14856384329710073
N4885HD,0.9216165795407032,0.07345203217965598,0.0032847887399364887,0.0012136462906351176,0.0004329532490691752
N5318HD,0.031559669511250145,0.44486302327837257,0.3853767880519415,0.11156500456855428,0.026635514589881695
N5321HD,0.7618159379875836,0.21964700821568983,0.0140279678499459,0.0035015132199750316,0.0010075727268056024
N5323HD,0.9397400281870791,0.058561934679055405,0.0012723219821463565,0.00029803837875162884,0.0001276767729673238
N5324HD,0.6566642156447577,0.3158606922266204,0.01988928987885173,0.005665740856274314,0.001920061393495709
N5326HD,0.8092986586078393,0.18092820979257906,0.006597875043626321,0.0023805597566647894,0.0007946967992905579
N5327HD,0.6884672371009313,0.29781392468094703,0.010176622571591238,0.0022552414035295265,0.0012869742430008887
N5329HD,0.08755829182995375,0.7473149608388445,0.1481547267347647,0.010970270188845199,0.006001750407591702
N5331HD,0.8363274509420087,0.1458569996127646,0.015076180069858646,0.002025851925172519,0.0007135174501956677
N5332HD,0.763356868589658,0.21761675780408088,0.01525108204013903,0.0031702199445960305,0.0006050716215261118
N5333HD,0.8540769774840942,0.1407863102599541,0.00415086738932757,0.0007147254464028714,0.0002711194202213175
N5334HD,0.03755824750808973,0.9490443228274063,0.011917530768093102,0.0010313512815397663,0.00044854761487117447
N5338HD,0.02176311105673567,0.14873927584136085,0.4400258710211393,0.26775968944752343,0.12171205263324077
N5339HD,0.021126116898357472,0.1534448687999372,0.5991004498668446,0.1837377035817188,0.04259086085314181
N3820HD,0.011117784338505587,0.06937182760579202,0.34181934698577204,0.31589583520441267,0.2617952058655176
N5342HD,0.814787147620676,0.1750275716928929,0.008695513404676893,0.0011417451999662627,0.00034802208178784713
N5345HD,0.6459539027647669,0.31447382197450136,0.033980507982801056,0.004110164807831113,0.0014816024700994325
N5346HD,0.8089840180975487,0.18414864702228995,0.004760563226454495,0.0016150483811117253,0.0004917232725951683
N5348HD,0.037334089908198614,0.18737701513371138,0.31531178953322925,0.37539348842922365,0.08458361699563709
N5351HD,0.7288537778775436,0.24043693588715037,0.02425438613296164,0.005285334966207086,0.0011695651361372944
N5354HD,0.0028565324244100468,0.015217914828875996,0.3524805135070026,0.6147501792042579,0.014694860035453538
N5355HD,0.510844937004427,0.4697331643169976,0.015751493421065396,0.0027263959457741135,0.0009440093117359519
N5362HD,0.8989702685304247,0.0983033753255939,0.002018579627760551,0.00045198707774673754,0.0002557894384742421
N5364HD,0.7974305878866275,0.18745429614101222,0.01142920924265004,0.0028528586532048884,0.000833048076505357
N1264HD,0.029424674378492735,0.9335347007561857,0.033351110488462114,0.0029293979605825022,0.0007601164162769774
N4985HD,0.30048203742338386,0.6013921373454127,0.07818800552475837,0.01549587661631084,0.00444194309013418
N5368HD,0.006003886081173838,0.03380349889757366,0.2406048312487321,0.6188157824175151,0.10077200135500541
N5371HD,0.8429208466120056,0.1505037604299088,0.004810734105691772,0.001318443322799796,0.000446215529594091
N5372HD,0.8033031946671914,0.185936224771938,0.008657963834880145,0.0016140901680990881,0.0004885265578912781
N5373HD,0.5040104804572619,0.4859547025372036,0.007043138224014579,0.0023602212341456317,0.0006314575473741783
N5374HD,0.6355785001063522,0.3521319749624751,0.010339227404641898,0.0013216177239361979,0.000628679802594595
N5377HD,0.6917164077341602,0.2954440815594626,0.010620430859633304,0.0015667647663095937,0.0006523150804342621
N5379HD,0.617618023581776,0.35722944704934523,0.021722185010032403,0.002761250984912979,0.0006690933739334558
N5381HD,0.15691552002526887,0.33170959869731925,0.28975516838741894,0.17833220362302868,0.04328750926696419
N5383HD,0.22051983433705916,0.3792523846957678,0.24960613400842663,0.1265125637604236,0.024109083198322754
N5385HD,0.8664314024189854,0.1303118888924905,0.002511459003224655,0.0005143445693712175,0.000230905115928304
N5387HD,0.03855250171969551,0.3510871960752507,0.410538229861273,0.14483090873994084,0.054991163603839995
N5388HD,0.04727270299439328,0.2516065203887093,0.3914140381480876,0.22617270602897002,0.08353403243983966
N5389HD,0.020433766423557972,0.40633389084998267,0.5519449913950454,0.018302524438728603,0.0029848268926854086
N5391HD,0.70974902760317,0.26155272885797376,0.022099484740137763,0.004650167017092015,0.0019485917816265544
N5393HD,0.5836522826687545,0.39667622124147434,0.016696929396658428,0.002269309098250735,0.0007052575948622569
N5395HD,0.7998828550209811,0.1721232861663572,0.02089595160379819,0.005386236352642144,0.0017116708562211463
N5397HD,0.7981984496995039,0.18345914083787468,0.01291852260164358,0.004138922909244545,0.0012849639517331338
N5398HD,0.7772379106703078,0.19822598861491075,0.01628749837542132,0.006281074428333118,0.0019675279110269767
N5386HD,0.07934282029536015,0.5166860165445161,0.3847736685961371,0.016977594319867513,0.002219900244119319
N2483HD,0.8824579183828374,0.10859704328240345,0.006097929882612746,0.0022125230148813935,0.000634585437264974
N5402HD,0.8548165904252151,0.1380715193929602,0.005383286931698858,0.001178252840984406,0.0005503504091413868
N5404HD,0.7007207527367334,0.2634321106065634,0.02631795275932343,0.007926597130108097,0.001602586767271602
N5405HD,0.9295861806719812,0.06764365104819997,0.002111364476759886,0.0004689656037876944,0.0001898381992714617
N5407HD,0.33106584403455097,0.5516344831328408,0.0815329889468852,0.02786445794141431,0.007902225944308639
N5414HD,0.6276303961373811,0.36490730733112,0.005942529640845665,0.0010765699533683765,0.0004431969372849098
N5415HD,0.8655218554182941,0.1289449881354094,0.004026407930746751,0.001064250036474976,0.00044249847907488837
N5416HD,0.1283827736107486,0.8356934442227899,0.03082019693167484,0.003658341808351362,0.0014452434264351193
N5421HD,0.8194579292552713,0.16538933692285224,0.010389681690550448,0.0037331026894835443,0.0010299494418426753
N5430HD,0.8703230271691345,0.12038504032397938,0.007243962339324006,0.0015393020612462823,0.0005086681063160021
N5431HD,0.03806813582312564,0.5323357770091097,0.4162411951469664,0.01146408002019712,0.0018908120006009906
N5432HD,0.7667517064219659,0.21598808720332383,0.014514988896812788,0.0021913452911120567,0.0005538721867854816
N5437HD,0.7627751489107578,0.22349979804520798,0.011289359284543485,0.0018432286715671688,0.0005924650879235016
N4225HD,0.23984331306739737,0.6826804950686096,0.06797981610403113,0.007477875902977681,0.002018499856984175
N5123HD,0.5069483679916412,0.45561781993652906,0.03084204740798381,0.005108299545911763,0.0014834651179341353
N9187HC,0.010838466628017894,0.06918726531053813,0.2469612970854694,0.5694354812222394,0.10357748975373503
