ncode,proba_0,proba_1,proba_2,proba_3,proba_4
N4541HD,0.7583245315026028,0.22291312193143922,0.014134962365653949,0.003575366184861813,0.0010520180154422654
N4397HD,0.018304129109835112,0.17651503896791623,0.38841249281584306,0.3525500436222647,0.06421829548414099
N4544HD,0.8982455697269957,0.09844664800437179,0.00246946488791157,0.0006278119381322507,0.00021050544258884824
N4545HD,0.0958247129600895,0.4860703500264507,0.25325922395444733,0.09773542471327558,0.06711028834573683
N4546HD,0.23092445258533228,0.7256216786700652,0.0396791760945164,0.0027949953072989885,0.0009796973427871074
N4550HD,0.8896939499711408,0.10660405269667722,0.0025837841623152615,0.0007921861677457076,0.00032602700212109
N4551HD,0.7494511031728235,0.24148093055951117,0.006965796288982806,0.0015709099831026235,0.0005312599955799951
N4554HD,0.03488611538597854,0.2875418780940513,0.6180401801052796,0.052115582743090465,0.007416243671599987
N4555HD,0.28432303473631443,0.5796482586114017,0.1225705117309497,0.011540928934758835,0.0019172659865752532
N4556HD,0.471545540410747,0.388833704848766,0.0944818273792592,0.03702306386898998,0.008115863492237982
N4563HD,0.3549989674708843,0.5638339757504168,0.06622175526512851,0.012207155558362416,0.0027381459552079535
N4567HD,0.9117002835196306,0.08329284030306594,0.0031263144418835842,0.0013687898485111507,0.0005117718869086568
N4561HD,0.8388077793292752,0.15528897695411367,0.0043278901260495155,0.0011820422911073428,0.00039331129945415334
N4571HD,0.3606562471632696,0.5301779093560726,0.08168509108655389,0.020367175768367232,0.007113576625736757
N4574HD,0.9547563488737504,0.04318623533866367,0.001427259198899498,0.0004704486605813965,0.00015970792810498065
N4575HD,0.761120392665461,0.21884598436973457,0.01624180482952977,0.00284004068365005,0.000951777451624624
N4579HD,0.29866130265248353,0.6201788006387224,0.061617761354273604,0.015476939494437625,0.0040651958600828085
N4581HD,0.20628302360889667,0.7142456738209642,0.07341169387316746,0.004934431356241308,0.0011251773407305065
N4584HD,0.2203391424938356,0.7316412336803173,0.04447858072818835,0.002576166272273089,0.0009648768253854342
N4578HD,0.8420553853327665,0.15185600482765022,0.004869077597640156,0.0009029212504544663,0.00031661099148852734
N4590HD,0.20901735075638872,0.748370641913105,0.038563708118326795,0.003233984218658284,0.0008143149935213202
N4593HD,0.012101011508819669,0.06912821181921458,0.32200069009084425,0.5492666466670291,0.04750343991409247
N4151HD,0.032475174791383246,0.16680385422012953,0.3728343889666543,0.29012395591771845,0.13776262610411447
N4594HD,0.86325345380311,0.1323173031286441,0.0035127212298172263,0.0006790872706860468,0.00023743456774254811
N4600HD,0.1225531471477739,0.4656338572046661,0.3834206160979357,0.024478656837047467,0.003913722712576911
N4605HD,0.04757421819857456,0.17685679211021604,0.5794298323049349,0.18589426986964477,0.01024488751662977
N4612HD,0.46407483661858057,0.4847936431033456,0.03923145019522484,0.00920956224940793,0.0026905078334411147
N1701HC,0.16498224610055376,0.5749069592546578,0.1987759941760588,0.04797172469937369,0.01336307576935576
N3705HD,0.001777584034414942,0.00639085596149313,0.06120951465566094,0.3016769675800209,0.62894507776841
N4589HD,0.6525540403380075,0.3020304375678942,0.03226359345800254,0.010409642615149298,0.002742286020946438
N4339HD,0.9218918411406346,0.07480392252203838,0.0022624589623136773,0.0007011288577353182,0.00034064851727799315
N4615HD,0.013819486438850838,0.0940273476956868,0.3400429628927711,0.44580597895363794,0.10630422401905337
N4618HD,0.8733331544097472,0.12121294686429344,0.003878279405380088,0.0011785287041145385,0.00039709061646470183
N4624HD,0.5043147376419189,0.4889501789833857,0.005445311975042705,0.000946690012225181,0.0003430813874273852
N4626HD,0.7885643052469778,0.19574122030207458,0.012405836373352238,0.002666973807018125,0.0006216642705772151
N4628HD,0.1890725194107023,0.6932965863442532,0.0962544215177041,0.014269923852021535,0.007106548875318918
N4638HD,0.1122071886381202,0.41089701723093414,0.24835599425335397,0.1907838651290699,0.03775593474852205
N4639HD,0.7888754495021397,0.1957760258817772,0.009774214486453667,0.0037327051626169375,0.0018416049670124121
N4642HD,0.9195544017320243,0.07785125650168814,0.0018147075549869419,0.000580115403862417,0.00019951880743823027
N4646HD,0.9422924892896297,0.05566376506032505,0.0012824684302527305,0.0005370135979554299,0.0002242636218370493
N4631HD,0.8773460392245814,0.11748405104469246,0.0037162694940558252,0.0011362513683030257,0.0003173888683671828
N4656HD,0.025280947238160344,0.18599437912544756,0.45877116411445784,0.25798376655445004,0.07196974296748433
N4658HD,0.7838681498516126,0.2024717350001822,0.010358595883315164,0.002481017849222594,0.0008205014156674353
N4661HD,0.8694334944902223,0.12196362577005723,0.006191137886204001,0.0018007245243408803,0.0006110173291754174
N4665HD,0.8664044448070963,0.1268759407684501,0.005255297741694065,0.0011663641690330638,0.0002979525137264921
N4667HD,0.8560279280145954,0.13934767500523568,0.003438010079731374,0.0008094444500934327,0.0003769424503441994
N4669HD,0.7636558530249495,0.22675036543877397,0.0074953473981920204,0.0015195712820127185,0.0005788628560717845
N4673HD,0.12540437903456475,0.7393566972136509,0.11371284582513275,0.014975759751644164,0.006550318175007346
N0760HD,0.07677586951640179,0.7865051458840172,0.12416914708899064,0.00954743437810761,0.0030024031324827677
N4672HD,0.6793955807258443,0.2615131044412109,0.04235841102994443,0.014433898424891702,0.002299005378108751
N2593HD,0.8697773464561844,0.12565335548405737,0.0032130691974716864,0.0009336662401656643,0.00042256262212085556
N4677HD,0.2737582543957601,0.6728477773373391,0.046257746776304814,0.005788032413749253,0.001348189076846737
N4680HD,0.09010039223975871,0.40433406392649024,0.39870001084087503,0.0984142557267954,0.00845127726608069
N4688HD,0.006791369527751617,0.024387488085318914,0.22192663947863994,0.5685784595014548,0.1783160434068348
N4689HD,0.8352625272786792,0.15949001602657245,0.003852789659450518,0.0009169194023083123,0.000477747632989479
N4691HD,0.25988113972146704,0.47104084692607845,0.16512048295160714,0.08050882250433243,0.023448707896515226
N4692HD,0.6120278935844583,0.3416263260075692,0.03207608585361502,0.01089195605778466,0.0033777384965729207
N4694HD,0.00829734196723466,0.09409759919775527,0.7023558258357873,0.17341577182386736,0.0218334611753554
N4695HD,0.17344625587128304,0.7279998168600618,0.08940944994985191,0.007177842310765934,0.0019666350080372874
N4699HD,0.46849012410360985,0.4679221666051189,0.048305713235900036,0.012316822570609037,0.0029651734847618897
N4703HD,0.42611581628018685,0.42807116644027154,0.08534435625287237,0.04439473649217783,0.016073924534491465
N4704HD,0.001765471902147069,0.006113432694439979,0.3755354587524756,0.5949266351392236,0.021659001511713728
N4708HD,0.9329186014227374,0.06497910695491042,0.0014878152500734047,0.00045116348050129606,0.0001633128917773983
N4714HD,0.5857283693046668,0.3676494774849922,0.033557812508962316,0.008875097759081218,0.004189242942297558
N4721HD,0.11045973040677526,0.6888022939933826,0.1671492416965994,0.02686995732746891,0.0067187765757739095
N4722HD,0.8446188490627465,0.15086409796839179,0.003416664530177257,0.0007827990688363994,0.0003175893698480087
N4724HD,0.16491752943217108,0.7925395550521102,0.03848258353219268,0.002969035415104981,0.0010912965684214025
N4726HD,0.05219241763832643,0.8544028549704294,0.08845630789648916,0.00407987667258703,0.0008685428221679565
N4735HD,0.7133378574540824,0.27676338636358255,0.008021538683376283,0.0013516254329739444,0.0005255920659847597
N4063HD,0.50344784872714,0.4187474200747419,0.05865016358888054,0.013268893807627552,0.0058856738016100935
N4712HD,0.7941385466027544,0.19682053864426666,0.007197020511160103,0.0014361987953654877,0.0004076954464534185
N4738HD,0.23357906590824484,0.6575927755606084,0.09167471978463126,0.013334356288346954,0.0038190824581686928
N4740HD,0.03185001034517297,0.12672371524150536,0.37230241310369266,0.3974746474850053,0.07164921382462365
N4742HD,0.014629609430274785,0.07363089883283758,0.335409092962945,0.39209504663670675,0.1842353521372359
N4745HD,0.8365942606184971,0.1500225105074633,0.01094449143273479,0.0017946022586601126,0.0006441351826449296
N4747HD,0.7799826654710164,0.199905513711168,0.014256944490024267,0.004245281356535069,0.0016095949712563661
N4750HD,0.7283624532595342,0.24337534891923215,0.020301857176519153,0.0063751150051332426,0.0015852256395812226
N4752HD,0.00661132768424216,0.101434700012916,0.4664791335744732,0.36858785512122283,0.05688698360714582
N4754HD,0.6602755831412361,0.33091907325936726,0.007427939788629658,0.0010804933483546913,0.0002969104624123347
N4755HD,0.17928925813660773,0.5890076684957801,0.18772410907875928,0.03357465547463523,0.010404308814217774
N4756HD,0.45169757366887536,0.49159745701994156,0.0499710278722377,0.005141221184425564,0.0015927202545194896
N4757HD,0.8663031650588812,0.12618185447302682,0.006411349048960197,0.0008486304710146064,0.0002550009481171703
N4759HD,0.22899127640288494,0.7158658587013863,0.04794329090158346,0.005583579835196386,0.0016159941589489234
N4762HD,0.40787873486842463,0.5548883708896422,0.03336050042992565,0.0027236183557991706,0.0011487754562085784
N4763HD,0.5657616741881912,0.39635022522547614,0.028956597092043155,0.0063704709747785734,0.0025610325195109837
N4767HD,0.8158025562322675,0.1690900117807368,0.011689905239856148,0.002724697929972588,0.000692828817166834
N4769HD,0.0383501381037896,0.2261536863150137,0.6171804176651943,0.11087018480197776,0.0074455731140247675
N4770HD,0.8105285239038655,0.1784667775679255,0.008474585190718871,0.0019518958756046352,0.000578217461885679
N4676HD,0.5488385030510695,0.3735795280607792,0.058586873220083005,0.013391286631173902,0.005603809036894504
N4614HD,0.3722203971157332,0.2904531606052838,0.25184409153307163,0.07109820918073373,0.014384141565177543
N4774HD,0.32772940888638596,0.5761574056466487,0.07815595062819525,0.013898983848795836,0.004058250989974289
N4778HD,0.05496648604821782,0.44768475238593003,0.3050099542659132,0.1549090060345936,0.03742980126534531
N4780HD,0.004351050676710009,0.02456933783922166,0.2440321354069503,0.3379552649112767,0.38909221116584136
N4783HD,0.5659496302125565,0.4040950825504357,0.026034987514995264,0.002746952393326136,0.0011733473286864157
N4789HD,0.8075676763472933,0.17548889225035166,0.012960518789457087,0.0027278447405234465,0.0012550678723746113
N4792HD,0.43939883631266785,0.5519275186806393,0.0071594082210952965,0.0010809448296926981,0.0004332919559049083
N4793HD,0.03054804065687492,0.5879473065677506,0.34477571939820123,0.029728966470710296,0.006999966906462899
N4794HD,0.0033990127372150883,0.022768430887653915,0.3089669428847912,0.6122064678861606,0.05265914560417924
N4799HD,0.7765602057681322,0.2144001313540317,0.007205962591878087,0.0014634080044138706,0.00037029228154397074
N4800HD,0.9076214389895574,0.08884490418634926,0.002464200079353744,0.0007448224882376679,0.0003246342565018672
N4808HD,0.10200474420765271,0.8708053812282945,0.024804465644602404,0.0018361905201123784,0.0005492183993380947
N4809HD,0.5838145483500707,0.3805482807673988,0.025908698148017856,0.007180956961803462,0.0025475157727092622
N4634HD,0.7362058715034089,0.2336903124823509,0.023371518346609197,0.00544356715148376,0.001288730516147519
N4784HD,0.8918834380367846,0.10254757894509399,0.0040730715174451615,0.0011085361697973975,0.0003873753308789922
N4815HD,0.8856054392692448,0.11084211655338817,0.002661299127885018,0.0006271493549308371,0.0002639956945511443
N4816HD,0.8037847251598631,0.1834498280618845,0.010074951237678103,0.002065210532730255,0.0006252850078439894
N4817HD,0.5207380719397737,0.45095938842920125,0.022511893065156132,0.004588871474994203,0.0012017750908748421
N4818HD,0.8990856740409425,0.09693679068325124,0.002675128172399992,0.0009688924701456757,0.0003335146332604558
N4821HD,0.03823094556063981,0.9347505159003718,0.024449647026429218,0.0019935110030296385,0.000575380509529595
N4830HD,0.8439078804186966,0.14872567155892877,0.00549374400010353,0.0015222821227268825,0.00035042189954437146
N4748HD,0.8592306301316136,0.1356302893683472,0.003927077640992252,0.000920908870260022,0.00029109398878686914
N4684HD,0.8272725205405475,0.16713734643331674,0.004127006506710695,0.0010879287053723896,0.0003751978140525354
N0389HD,0.03222197802957878,0.9358291088518715,0.02935789015964346,0.001917903418335066,0.0006731195405708925
N4796HD,0.5645078394483442,0.35676639767667095,0.06137380093613237,0.014816841500053836,0.002535120438798675
N4834HD,0.002593399873758546,0.01391682826594108,0.5422658102547107,0.4208321516383308,0.02039180996725885
N4835HD,0.08093335290956932,0.901151311083791,0.016220800002118146,0.0013747785770585905,0.0003197574274630137
N4837HD,0.5568754383520662,0.43298509168415866,0.008569090342362943,0.0011950911951433064,0.00037528842626904213
N4838HD,0.06843330669427908,0.9103307996439353,0.01895111113358967,0.0017416654639543583,0.0005431170642416497
N4839HD,0.027897347747608825,0.37127338349947886,0.5495061219290963,0.04469130832750423,0.006631838496311733
N4842HD,0.8097441698712889,0.17302624969575672,0.013288984383260856,0.0031199284692457704,0.0008206675804477528
N4844HD,0.9347183135504964,0.06295579506899454,0.001721471364308993,0.0004180655776096343,0.00018635443859030406
N4846HD,0.09270746009293375,0.44755471699949695,0.27922917836432637,0.1272628929775016,0.053245751565741434
N4847HD,0.8622457445551341,0.13263048099353617,0.0037788761613680127,0.001037480261587524,0.0003074180283740185
N4849HD,0.24819696807007702,0.6823680053004701,0.0544446430918515,0.01095830871134609,0.004032074826255217
N4852HD,0.027625946191595273,0.5146503176826637,0.4334440011779606,0.021846774124112775,0.0024329608236676324
N4853HD,0.7300229826403778,0.2568599033417311,0.010282205179686237,0.0023997386414580674,0.0004351701967467551
N4856HD,0.7645819718894749,0.22982821219700675,0.004077559956857811,0.0011328814835266819,0.00037937447313394644
N4858HD,0.8389585306460632,0.15305348545000869,0.006168450878187147,0.0012831641943173166,0.0005363688314235254
N4860HD,0.18080297371302723,0.7710933011748138,0.04069502105849505,0.004893190013778931,0.0025155140398849547
N4861HD,0.9232695858672932,0.07446554253537255,0.001581927589208641,0.000466295236910069,0.0002166487712155498
N4863HD,0.42687487022688514,0.561411354298445,0.009509460733391447,0.0015946770432994908,0.0006096376979789806
N4864HD,0.718874588579857,0.2666399229382866,0.01150614955368267,0.0022447401507069338,0.0007345987774668833
N4866HD,0.7787771221145804,0.20628999556914482,0.011102734124578397,0.002669945127575754,0.0011602030641208098
N4012HD,0.7170086900628861,0.26504132755731685,0.014335024899502013,0.002845983529208212,0.0007689739510868011
N4825HD,0.2423368463630355,0.6295615139890297,0.1040997546573316,0.01812728789253366,0.005874597098069391
N4875HD,0.053999125686117005,0.6334427289116561,0.2638137428813711,0.039030976280363304,0.009713426240492415
N4878HD,0.03488069213046645,0.19886312498245032,0.411880495124871,0.22555329723825196,0.12882239052396025
N4883HD,0.023231103751174483,0.39930219040620274,0.5087639777152375,0.06431131178688453,0.004391416340500775
N4884HD,0.5666570854230337,0.41658475722047,0.013862340810527587,0.002270432945568374,0.0006253836004002934
N4887HD,0.09184940129557366,0.8586408652569127,0.045107990829177554,0.003408217675557711,0.0009935249427783814
N4891HD,0.6919486506144702,0.27568245525459995,0.025132494636851545,0.005870538392906977,0.0013658611011712998
N4892HD,0.1334989251998021,0.8328264236456484,0.029354734943764525,0.0031954858760012716,0.0011244303347836594
N4895HD,0.8527334348452558,0.13963209898276174,0.0057940663154791025,0.0014210172583030744,0.0004193825982002776
N4899HD,0.7689151804709013,0.22293029343297416,0.005890175892231844,0.001694428456422371,0.0005699217474701476
N4898HD,0.4147082441249632,0.5477524393877402,0.03229712561147492,0.004290998863667366,0.000951192012154122
N4902HD,0.6112521722288995,0.3425205904053711,0.030437459343410415,0.012502568448631431,0.003287209573687597
N4904HD,0.05217182642057649,0.2562034617571299,0.4910913230826168,0.18103289808411235,0.01950049065556441
N4906HD,0.784327445286367,0.20465205725785013,0.008809558025101914,0.0015838667904255848,0.0006270726402553356
N4909HD,0.7398989596725686,0.24789406979452508,0.009569027944084142,0.0019347117109431195,0.0007032308778791449
N4912HD,0.6682318532030693,0.3037964162399657,0.023233417708282213,0.003955022889345151,0.0007832899593375877
N4913HD,0.7245392911115062,0.2588014707204059,0.013739884039961348,0.0022683064185943756,0.0006510477095322916
N4914HD,0.08353678859461938,0.6933527194228336,0.21006342430247515,0.01153320214968963,0.001513865530382222
N4908HD,0.9035347997950773,0.09362668855628242,0.0021824916286324477,0.00045046455101937333,0.00020555546898837207
N4937HD,0.8970976437706474,0.09978107448005635,0.0020465445179919444,0.0007543622917191811,0.00032037493958513507
N4938HD,0.9008871904036222,0.09403939108229772,0.004090609547053695,0.0007408421901704799,0.00024196677685586412
N4949HD,0.8424888688947881,0.15204134047113727,0.0040935609432258685,0.0009013654630896223,0.0004748642277591207
N4952HD,0.787860508993633,0.19837329881470234,0.010372307582502892,0.0025573448439573936,0.0008365397652045199
N4954HD,0.779981090643109,0.2086872285311765,0.009090488211988906,0.0016773419234188869,0.0005638506903066995
N7917HB,0.9107019677183312,0.08580419105857454,0.0025706677037245743,0.0006691124993687995,0.00025406102000080964
N4951HD,0.7424066070324674,0.25022004364731126,0.005588575872475291,0.0013110166824818537,0.0004737567652641242
N0385HC,0.07567561814001293,0.6563619580240084,0.21851245535775102,0.04015889402284292,0.009291074455384669
N3920HD,0.26202738711060053,0.697075279797287,0.03528755821472348,0.0038271123828763154,0.0017826624945126404
N9498GW,0.7218706430980789,0.2647925671462858,0.010868781040907395,0.001875207018868543,0.0005928016958593457
N4961HD,0.9003259525095689,0.09658597652760445,0.002339621052674927,0.0005511637955788936,0.00019728611457275484
N4965HD,0.19353667756413892,0.43028527012616286,0.3289900609884581,0.04117095987079142,0.006017031450448573
N4967HD,0.6353664959283531,0.3167333979182139,0.03618080049004862,0.010026665119694253,0.0016926405436900507
N4968HD,0.4960809272837718,0.3860095742674741,0.07961536073206818,0.031169636824899673,0.00712450089178621
N4973HD,0.82533384683971,0.1622885932221051,0.009097598224455467,0.0023357213643763197,0.0009442403493532296
N4976HD,0.02000872210506049,0.3975864312351646,0.5227843642388614,0.051519049196709604,0.00810143322420374
N4977HD,0.2761447270402948,0.70200806271154,0.018606855056608338,0.0026345258458615765,0.000605829345695353
N4978HD,0.6292884667937771,0.3363103671013796,0.02472960399469532,0.007997317176873015,0.0016742449332748154
N4982HD,0.3124051587713592,0.5910019845825234,0.0778649710500116,0.014545697944988398,0.004182187651117428
N4983HD,0.04484930840799251,0.270335056614709,0.32910097262724913,0.323323239435722,0.03239142291432737
N4984HD,0.8683333236024141,0.12702489695485417,0.0037574730203606193,0.0006333145162997649,0.00025099190607123995
N4992HD,0.01297862896206648,0.10972650327414142,0.2883509334345548,0.5003367174450146,0.08860721688422264
N5000HD,0.5997196767342718,0.3353719328809555,0.0503039696095572,0.01147298440224208,0.0031314363729734915
N5006HD,0.5407492087494783,0.4418122733106437,0.014564518770288512,0.002248057580919736,0.0006259415886697774
N5007HD,0.7241661958175232,0.24846158447111336,0.021237767457843913,0.0047772955800242,0.001357156673495252
N5008HD,0.2433532375724915,0.7157808313729902,0.03463134127727432,0.004878160102862445,0.001356429674381463
N5011HD,0.24166586179316296,0.7111993887653965,0.04109003343449062,0.00393617277888133,0.0021085432280685775
N5020HD,0.5778629699056722,0.3889908988867267,0.026052796482655235,0.005507164366541732,0.0015861703584041929
N5024HD,0.842102055802145,0.14664299384586044,0.008868546911610365,0.001906219309011291,0.00048018413137305375
N4826HD,0.8938380476854343,0.10112339941380996,0.003652759120838699,0.0009706214170672396,0.000415172362849759
N5032HD,0.8670237259679718,0.1214874969407743,0.008841792283524696,0.002153054626679217,0.0004939301810501377
N5041HD,0.8872175149548106,0.10772782127935261,0.0038837789847593514,0.0008231449193646234,0.0003477398617128316
N5043HD,0.9378301468546938,0.05757150453287989,0.0033655453321853775,0.0008673856684748057,0.0003654176117663638
N5044HD,0.2777368044499475,0.5342842045661793,0.13709301331920676,0.03818518441223227,0.012700793252434074
N5045HD,0.8045753447330345,0.1848545109267476,0.008419733199346618,0.001493140956182259,0.0006572701846890171
N5004HD,0.9085584826162931,0.0861476810699085,0.0036606814853611955,0.0012969540254011923,0.00033620080303611117
N5055HD,0.6174109758512755,0.32143641459205624,0.046161821888379855,0.012956064594347486,0.002034723073940943
N5056HD,0.09677663885742614,0.3435591252839555,0.34047648742403447,0.17334250489896036,0.04584524353562363
N5057HD,0.7845335986377702,0.20743821810394628,0.006394608308515511,0.0012328508475217637,0.000400724102246416
N5059HD,0.6238128535894487,0.32027536326316297,0.04521273518978211,0.007336690390009127,0.003362357567597114
N5061HD,0.5822926715546787,0.36685119099425506,0.0412464536177854,0.007191857277917177,0.0024178265553635387
N5018HD,0.9193465862120429,0.0768723241915153,0.002667125722140144,0.0007876859355082883,0.0003262779387933733
N4896HD,0.7502486707182098,0.23306965418323822,0.012839488057429986,0.0031816967325449166,0.0006604903085771457
N5064HD,0.7711047312091889,0.19574109019525865,0.02773262474850313,0.004346988559323025,0.001074565287726248
N5065HD,0.49620738594741,0.47841204524008496,0.020022357811248084,0.004153138539061842,0.0012050724621952844
N5067HD,0.2603939795721133,0.5507193619203757,0.1549228134864625,0.02805591935181092,0.00590792566923756
N5070HD,0.06052183504641778,0.5274834818268168,0.36346549341614437,0.04331905602342113,0.005210133687199924
N5071HD,0.17175558679467945,0.7547576484849169,0.0665317607948361,0.0055989943564108075,0.0013560095691568163
N5072HD,0.173433018807497,0.7577958253675162,0.06032529855467669,0.006792695356097443,0.0016531619142127053
N5074HD,0.7702511700983856,0.21804804823476542,0.008761553167199024,0.002230441224898168,0.0007087872747517723
N5075HD,0.9487952308542319,0.04900919603466245,0.0015382338145438596,0.000429501101512813,0.00022783819504908415
N4923HD,0.8127549363824578,0.16812816243374287,0.013020287017068276,0.0048703942510948195,0.001226219915636189
N5076HD,0.7914766778574828,0.19638856234513052,0.009963252999624563,0.0015770785711720508,0.0005944282265901161
N5079HD,0.014255586620131332,0.15345370888374485,0.5347968844925499,0.2706751367022516,0.02681868330132239
N5080HD,0.5815885193088363,0.39071462401406465,0.02003905919890707,0.00529426841399341,0.002363529064198715
N5082HD,0.8022355343536095,0.18114963168528395,0.012351729417351378,0.00306791919698131,0.0011951853467738356
N5083HD,0.6319899636144858,0.3252006732812405,0.036539016753371824,0.004758699700200534,0.0015116466507013912
N5085HD,0.137708632857309,0.7221191692446404,0.1270472441937867,0.009785250161736201,0.003339703542527706
N5051HD,0.393804949256134,0.5851816980841739,0.01882111594597577,0.0016771004207447816,0.0005151362929716299
N5039HD,0.04780589788161257,0.34892025361312534,0.39368709120003764,0.16861479664159293,0.04097196066363137
N5088HD,0.9096227774684059,0.08741255929093228,0.0019861260913996252,0.0006909367266671477,0.00028760042259489663
N5091HD,0.062276881319732004,0.9250302123099343,0.011764274528618213,0.0007088173826569586,0.00021981445905861567
N5093HD,0.02773479245013326,0.22080566825484854,0.2743835344882672,0.3741793056608716,0.10289669914587951
N5100HD,0.0074218299311434675,0.05831062757905017,0.3969605598037756,0.48349979269306154,0.05380718999296935
N5103HD,0.04731281730829337,0.31731882649357135,0.37558781466806923,0.1805884913494285,0.07919205018063742
N5104HD,0.9508683217508911,0.04657770414240289,0.0018150498096500209,0.0005401582323811509,0.0001987660646750992
N5105HD,0.7712559271467241,0.2120999475715686,0.010256493108534825,0.0037619758324217477,0.0026256563407506487
N5106HD,0.7489728289546724,0.23007243272305927,0.017208399166783617,0.0027253529140870325,0.0010209862413976159
N5109HD,0.4321446093196068,0.5536699741770991,0.012121216103290033,0.0015230298348162946,0.0005411705651878628
N5112HD,0.44355604533494547,0.48503514416533833,0.0551367381885194,0.012040570727622981,0.004231501583574047
N5115HD,0.8357283288244608,0.15533393477847138,0.007390490101239972,0.0011068085210232215,0.0004404377748045835
N5120HD,0.006809805755081618,0.06459387111619229,0.3791947218214411,0.4905098483256585,0.05889175298162649
N5121HD,0.6156397869912945,0.36576874587660535,0.012413805678662815,0.00463057401846116,0.001547087434976202
N5122HD,0.669973140714583,0.29637048651604664,0.026246839512049227,0.005538988387572415,0.001870544869748851
N8305HB,0.7971294362174649,0.19603898458911223,0.0052758959803975375,0.0011264851755951333,0.0004291980374300525
N5126HD,0.09467962619180177,0.40481008619018966,0.30068620805619434,0.16388345438806787,0.035940625173746486
N5128HD,0.9004460155736724,0.09641699488377996,0.002315998866152045,0.0005893314679791178,0.00023165920841642257
N5133HD,0.010677050769670965,0.08407556523235231,0.5021718206757672,0.34810617083318246,0.05496939248902719
N5135HD,0.814108987990952,0.1713277427997399,0.011669562742856764,0.0022747955269492707,0.0006189109395021455
N5143HD,0.8306906609698493,0.16098680507878507,0.007108012132430938,0.000959935511016784,0.0002545863079178563
N5144HD,0.26327586884848697,0.6867185718255122,0.042632001397561584,0.005846445578951655,0.0015271123494876063
N5149HD,0.1951454148290796,0.5817282725830969,0.17932932931958137,0.03480209294776532,0.00899489032047687
N5152HD,0.3857532250640855,0.5819942204427835,0.028457443401984563,0.0029861026764783035,0.000809008414668284
N4394HD,0.19460402840902988,0.6081302338516044,0.16949559862028105,0.01928059077618256,0.008489548342902232
N5029HD,0.1563885279298286,0.6821428258097584,0.13209055131576428,0.022041019720957105,0.007337075223691744
N4368HD,0.9498464845775104,0.04791505882071582,0.0014567887464120234,0.0005288607708032109,0.0002528070845583995
N5013HD,0.2342223173742619,0.5684079980810903,0.1466936974359822,0.035377645450446,0.015298341658219567
N5153HD,0.3757999309018685,0.5644077300295247,0.05050296663695545,0.007279291526472619,0.002010080905178791
N5157HD,0.8479999775565015,0.1463693422729943,0.004020645634889604,0.0010211830370666737,0.0005888514985478477
N5170HD,0.7021032140136686,0.2658956177254943,0.024914505659736918,0.005498145784696337,0.0015885168164039053
N5172HD,0.8575929074841179,0.13203966513683355,0.008228207509011447,0.0014908952949137736,0.0006483245751233399
N5173HD,0.6398380028580939,0.30948049557019525,0.040357219400212065,0.00806872666497438,0.002255555506524268
N5147HD,0.6567328206054058,0.32275640565295177,0.016843914727964024,0.002656002239418368,0.0010108567742601075
N5178HD,0.748020404031116,0.22701264582267455,0.02108066561877221,0.003160747447661979,0.0007255370797752753
N5180HD,0.46923697053424185,0.466678393125882,0.053367398314276275,0.007954846587603412,0.002762391437996279
N5181HD,0.46581467371552876,0.47371165174789887,0.044400541526495495,0.011997364143952282,0.00407576886612438
N5182HD,0.8929563911422196,0.10389093165847821,0.002295185444009163,0.0006055734142400983,0.0002519183410528258
N5183HD,0.11254380676284313,0.8646333410540703,0.021101866330828015,0.0013540946738997645,0.0003668911783587108
N5185HD,0.09925447928638212,0.2799617208359933,0.4813016415784824,0.12175418573716457,0.017727972561977567
N5187HD,0.14344638341192345,0.5365987575729793,0.2424316559138764,0.058790366345490355,0.01873283675573054
N5188HD,0.14310169911949416,0.5103001276309023,0.22254913948741792,0.10377095289452788,0.02027808086765789
N5190HD,0.005436314347587275,0.03166310271600689,0.34716089381693305,0.5436641141070582,0.07207557501241457
N5192HD,0.5310463283135795,0.4600877671827715,0.007565343703703406,0.0009556473624895844,0.0003449134374560828
N5193HD,0.6979057264348194,0.2770250410688737,0.02130098366885122,0.0029541444116841426,0.0008141044157716665
N5197HD,0.882195490534364,0.11137371469158816,0.005205866762835262,0.0009265985750453478,0.0002983294361673411
N5198HD,0.2427755071017281,0.5369138046782366,0.12361889217520501,0.07723127571199032,0.019460520332839973
N5199HD,0.7005669407980587,0.26532410852972965,0.026097752357774673,0.0057464176442533575,0.0022647806701834765
N5200HD,0.7971355171039195,0.18886599905336102,0.010720852747889241,0.0024757876113078304,0.0008018434835222066
N5203HD,0.02201308898156765,0.11951830490320356,0.3596302062197721,0.37512027862770736,0.12371812126774939
N5209HD,0.015992621302339086,0.08243276143409034,0.4561952066310389,0.40997555114996587,0.035403859482565865
N5212HD,0.8112491217471585,0.1803804412465322,0.006708797758716695,0.001160226561697165,0.0005014126858954773
N5215HD,0.4400074748221604,0.49947984434878623,0.049961671742203534,0.008653675173085193,0.0018973339137646713
N3574HD,0.8404690523330485,0.14992643282111015,0.006069194863391251,0.0026831359304780064,0.0008521840519719146
N4760HD,0.07849267242096421,0.509850484832047,0.2798574059442821,0.10553055396010762,0.026268882842599154
N5225HD,0.7145657839703295,0.2762646589078338,0.007208577183632737,0.0015576858843426352,0.00040329405386119074
N5226HD,0.5473314658423928,0.3876485979852955,0.05048097291012687,0.011605269107576194,0.0029336941546085774
N5227HD,0.7135821967785464,0.25743688769889944,0.023359941250257102,0.003987733135974616,0.0016332411363224513
N5233HD,0.01047325541620374,0.07141867292444583,0.28091571619555616,0.4241414861673022,0.21305086929649208
N5238HD,0.8206972441153753,0.16147739770149233,0.012978705680547395,0.0032637281707956624,0.0015829243317893073
N5241HD,0.7982142287777637,0.1873500356753198,0.011625260918896969,0.0020710613442457607,0.000739413283773927
N5243HD,0.00586960727232009,0.04757143701454332,0.42132970601879505,0.49079626157255,0.03443298812179159
N5246HD,0.773705296077653,0.21300626186173474,0.00984174049805311,0.002573439732944111,0.0008732618296150538
N5247HD,0.002447139476522982,0.009818658757057014,0.37706954828836553,0.5916497142609058,0.019014939217148575
N5248HD,0.7207147077846172,0.2475596848923995,0.024808795511581064,0.005420624686804474,0.0014961871245976737
N5253HD,0.5468904501230831,0.4181731564762535,0.025624963114232378,0.006399033481124938,0.002912396805305897
N5257HD,0.020872596532745213,0.12162028972375427,0.35912182889134225,0.3677919306115374,0.130593354240621
N5259HD,0.009039322272764307,0.03186670096488947,0.21632601593478418,0.39938542424932655,0.3433825365782354
N5262HD,0.0820024130972269,0.5116921134180638,0.37956487294957636,0.02379808520223849,0.002942515332894509
N5266HD,0.2742331750196929,0.6794200024352245,0.0408555382440109,0.004199716320405559,0.0012915679806661268
N5270HD,0.6613931851011973,0.31903005354089253,0.015477459482588773,0.00329414126583954,0.0008051606094818574
N5271HD,0.38460489987158514,0.5615837025520869,0.04292819311860182,0.008955199127088705,0.0019280053306374152
N5273HD,0.8562489764663538,0.13522497581891063,0.006236842499665306,0.001717274683317895,0.0005719305317525231
N5274HD,0.867535201330859,0.12471887217060022,0.005931437452651333,0.001397412060130144,0.00041707698575893813
N5211HD,0.13094272928020473,0.44619868698182646,0.3108851528591543,0.1015900721432099,0.010383358735604609
N4843HD,0.5387129279449411,0.4092574053061246,0.03654695950996688,0.012091923431355065,0.0033907838076123555
N5287HD,0.6411384747768964,0.3199637249063883,0.028765487677600232,0.008097572084120656,0.0020347405549943007
N5286HD,0.09946526534606191,0.3126365417572944,0.3968418180630342,0.13628274522975653,0.054773629603852854
N5292HD,0.024043119869722795,0.1149887267978638,0.35135517573145975,0.36225098463692545,0.1473619929640282
N5294HD,0.8769841363409857,0.11818046859861199,0.0034778202466378425,0.00106923136280346,0.00028834345096095953
N5296HD,0.2606917821144729,0.517712086936206,0.16436547174125776,0.046660104408851,0.010570554799212173
N5298HD,0.7851543303335107,0.19507667870075815,0.015194480824267432,0.003712362702679834,0.000862147438783862
N5303HD,0.8627866070011259,0.12912886156028563,0.005822325405246327,0.0016710223941315487,0.0005911836392106193
N5305HD,0.2835502189736228,0.566032704320401,0.11949979882477209,0.022582551283520293,0.008334726597683846
N5306HD,0.8054264183222983,0.17874800126051343,0.01316020872256045,0.0019441403497031198,0.0007212313449244808
N5307HD,0.06399374377251414,0.5156546530521671,0.324619635913218,0.0787376093390243,0.016994357923076495
N5311HD,0.4148826470121994,0.5210692701954952,0.05411052449191937,0.008092113816783568,0.0018454444836023135
N5314HD,0.7869843867017509,0.19915317337454727,0.010270784302608813,0.0027532802867317185,0.0008383753343612496
N5073HD,0.08373091895137492,0.4087727936020366,0.34450376515504494,0.13631485114117503,0.02667767115036858
N5277HD,0.031131802150990876,0.18827396507240465,0.3712585531647496,0.29412229399349704,0.11521338561835785
N4885HD,0.9077680451260006,0.08739553250889996,0.003355917507356146,0.0010351366279640283,0.0004453682297791265
N5318HD,0.03878324797334215,0.4079037771493453,0.43151555198990055,0.1011014690634959,0.02069595382391623
N5321HD,0.7623754417964407,0.2223650697373965,0.012018319336121512,0.0025776839174339325,0.0006634852126073543
N5323HD,0.9404554092832051,0.05700211432290473,0.00203125117393119,0.0003667694792937303,0.000144455740665179
N5324HD,0.6193318524266637,0.3357797466520875,0.036241075427853,0.006964219831182861,0.0016831056622129822
N5326HD,0.8580101690072442,0.1319693552418274,0.006966244536188896,0.002169369661339987,0.0008848615533994207
N5327HD,0.7048361313565753,0.2805667420290833,0.010077778335952043,0.0030846320937799217,0.0014347161846094464
N5329HD,0.10396673742599505,0.7656692079776984,0.11571658917958728,0.011234684590630572,0.0034127808260886023
N5331HD,0.817074153965798,0.16710802970034883,0.01288456848115817,0.002064947980119325,0.0008682998725756357
N5332HD,0.8222036129982304,0.16203810882816552,0.011775154510771756,0.003251221194618972,0.0007319024682131864
N5333HD,0.8655293146082093,0.12938373788778623,0.003910850015392449,0.0008152094290675441,0.00036088805954455225
N5334HD,0.03644505689518093,0.9466442791073204,0.01560277448233087,0.0010129331889997925,0.000294956326168007
N5338HD,0.02312993553938979,0.12297645838562775,0.41949211611336207,0.3142343533795784,0.12016713658204192
N5339HD,0.021614263586384172,0.15182934612611446,0.6378734622557689,0.16812894916834253,0.02055397886339015
N3820HD,0.009406140543586832,0.07310877632257316,0.30325969266375646,0.35019228104529665,0.2640331094247868
N5342HD,0.8210806077788974,0.1710651818001582,0.006345726956666113,0.0012029070328546138,0.00030557643142358024
N5345HD,0.6566258719830795,0.3052033406981216,0.029593599697054433,0.007199652252682747,0.0013775353690616487
N5346HD,0.5995692508464827,0.38421042389028315,0.013341082212949718,0.002296646002829658,0.0005825970474547042
N5348HD,0.03404862673429615,0.1852649010742576,0.27708570336100197,0.3857085548869888,0.11789221394345546
N5351HD,0.691273008153594,0.27260673283075587,0.02854190861718138,0.006058660764038402,0.0015196896344301955
N5354HD,0.0024356199785283863,0.009966033158827022,0.3259448348678877,0.6479234336407479,0.01373007835400896
N5355HD,0.38935615985719363,0.5961351297562756,0.011335811706558872,0.0021962559751471846,0.0009766427048246385
N5362HD,0.9169137854666349,0.08076784657474761,0.0016995445159684005,0.00042668910400477263,0.00019213433864427636
N5364HD,0.819031699222761,0.16667987609809265,0.010697898937833522,0.0027528433664001572,0.0008376823749125245
N1264HD,0.042981014137874245,0.9168705608649356,0.036887994123190486,0.002362822772445216,0.0008976081015542945
N4985HD,0.2684842535065739,0.6033758797137018,0.10224051735352745,0.018056097927048733,0.007843251499148175
N5368HD,0.0065713358057848305,0.03258710735350708,0.31455788693932746,0.5131337925484954,0.13314987735288514
N5371HD,0.8570443990741433,0.1363038500065315,0.004984812022356842,0.0012562738703213508,0.00041066502664708384
N5372HD,0.7983501774092594,0.19063027396296345,0.00829082917745169,0.0023133984091197974,0.0004153210412057105
N5373HD,0.4978861137199191,0.4935416607080118,0.006758650560633199,0.0012998927685046312,0.0005136822429312626
N5374HD,0.5121553980941483,0.4681638510683058,0.01749716722560677,0.0016630708295102914,0.0005205127824288124
N5377HD,0.7236450099819042,0.2649556728497125,0.009711908678388686,0.0012496421615025787,0.0004377663284921673
N5379HD,0.7445444614670619,0.23687464654427565,0.015741442448249817,0.002293732505492165,0.0005457170349205897
N5381HD,0.10798364276909032,0.411048232867918,0.25103120142755875,0.1885715267313126,0.04136539620412048
N5383HD,0.25552548290678345,0.4432596849975047,0.201666025755038,0.07885019185178202,0.020698614488891875
N5385HD,0.8826882238761098,0.1139265955787793,0.002544270567262285,0.0005608409731833555,0.00028006900466536264
N5387HD,0.03481643211054218,0.33578016789933035,0.40573238119919064,0.14800207671072974,0.07566894208020714
N5388HD,0.06292088015559053,0.2702392654942288,0.2928051758912057,0.3037510777020675,0.07028360075690752
N5389HD,0.027193166437249817,0.39360377545567393,0.5504003939885822,0.025970566046386676,0.0028320980721074462
N5391HD,0.6169320885855447,0.3401840654629343,0.03126424895294935,0.009215625396299165,0.0024039716022724077
N5393HD,0.5136535199358675,0.4671559345193427,0.01691753387710694,0.001596680702499699,0.0006763309651831915
N5395HD,0.7520672661759215,0.22030099635025252,0.020957638377816248,0.005388680196541452,0.0012854188994684528
N5397HD,0.7826063982031762,0.19596339299767618,0.016152519309832355,0.004054700679699926,0.0012229888096152248
N5398HD,0.7802502730826744,0.20036896998061748,0.014508417654858389,0.003807835843500739,0.0010645034383490234
N5386HD,0.08274315575466712,0.5525474566038514,0.34025091176060707,0.02243084997537744,0.002027625905496847
N2483HD,0.8494968905848178,0.1391466976336013,0.007609019684659526,0.0028964188561343947,0.0008509732407868967
N5402HD,0.8254711913237284,0.16841237356463395,0.004611652156319988,0.0011416929762746416,0.0003630899790429152
N5404HD,0.7104496102053783,0.24836395355015695,0.032613643152825625,0.00684189856951842,0.0017308945221207064
N5405HD,0.9185083732680306,0.07779861760792424,0.002647272036048084,0.000797926884740464,0.0002478102032565881
N5407HD,0.26942690574541145,0.6491220992078285,0.06265306025300867,0.014572558425411717,0.004225376368339519
N5414HD,0.4764825474726016,0.5156816393156111,0.006174032664681195,0.0012097591989037712,0.00045202134820234504
N5415HD,0.8409089516175188,0.15288408605407025,0.004521118050325724,0.0012027602402053354,0.00048308403788004556
N5416HD,0.11839935459820158,0.8327944404359292,0.04359336727520067,0.003928404993496771,0.0012844326971718039
N5421HD,0.7909360824345645,0.1881180243772985,0.01642313720648696,0.0032857809346608694,0.001236975046989173
N5430HD,0.8370761301258904,0.15323185966817096,0.00677603238522756,0.0022993315422446506,0.0006166462784662511
N5431HD,0.04033991283245112,0.5386530265673394,0.40176629243635775,0.017301912211397437,0.0019388559524543126
N5432HD,0.7906818322331604,0.19163835688250067,0.012832033545650486,0.004049834628477493,0.0007979427102110666
N5437HD,0.7629858738325123,0.2229010919439422,0.011543939842947026,0.0019657257414569533,0.0006033686391416228
N4225HD,0.29547211799840456,0.6373605248356998,0.05739776307846611,0.0076537212447032035,0.0021158728427262833
N5123HD,0.5650152426994393,0.404388621734048,0.023092281339737536,0.005840819174443946,0.0016630350523310368
N9187HC,0.010059839779465604,0.04909383124836297,0.26939766640324847,0.5153783482084939,0.15607031436042904
N5439HD,0.2714673702680799,0.5894198436445128,0.09905196472787835,0.03102894842810849,0.009031872931420529
