ncode,proba_0,proba_1,proba_2,proba_3,proba_4
N0001HE,0.8857276480429845,0.11012134176473318,0.00301898530555581,0.0008016093576891994,0.0003304155290373054
N0002HE,0.18399746934132247,0.7953855950634001,0.01880338816441022,0.0013815397398207784,0.0004320076910464563
N0004HF,0.6021829515834559,0.3683837819144,0.023715240961367078,0.004504440100938451,0.0012135854398385945
N0005HE,0.004398000587927409,0.01697215684083166,0.3744478823340984,0.5835036195946395,0.020678340642503075
N0006HF,0.05216425300826333,0.504063733648253,0.3948473690078801,0.04055419780995996,0.008370446525643576
N0007HE,0.27669021280322814,0.6535642505541063,0.06150082452583579,0.00652992173552325,0.0017147903813065208
N0009HE,0.8578963961603268,0.13385878345204844,0.006653710957792579,0.0012153596889840487,0.0003757497408480479
N0009HF,0.7211997603907354,0.24317405551824894,0.025695054759791953,0.0076360140832747985,0.002295115247948888
N0012HE,0.7195207761096585,0.24673466236974026,0.027329801999363884,0.005144294369795199,0.0012704651514420665
N0013HF,0.7284859760113395,0.24564795068420592,0.018454125493697716,0.005634697236506286,0.0017772505742507556
N0014HF,0.5864116304532644,0.39017038761565115,0.019571256229543445,0.002987161156753191,0.0008595645447878998
N0016HE,0.8996658449868459,0.09626346729944672,0.002951408868329686,0.0007936259318542486,0.0003256529135234862
N0017HE,0.788527117686294,0.19997472140372,0.009027492750947334,0.0019204415279303413,0.0005502266311083801
N0018HF,0.7781622934918374,0.20604026944642886,0.012573870205871343,0.002472894428440638,0.0007506724274218894
N0021HF,0.7515493992789336,0.23827160094555574,0.008517980933586898,0.0012623752675033416,0.0003986435744204995
N0022HE,0.80919772757695,0.1769692009336234,0.00989189000380755,0.002792838970103854,0.0011483425155152085
N0024HE,0.6453068909920822,0.31708503784640657,0.03034668085864326,0.005650634782920052,0.0016107555199479592
N0025HE,0.4054456587668917,0.41785168833874575,0.12418368928109984,0.04274435855068358,0.00977460506257917
N0025HF,0.05624923610343344,0.42438691951851315,0.47661664669340914,0.03764840226417345,0.005098795420470788
N0026HE,0.1289216585087436,0.4415498929834575,0.401961343504124,0.024268758141374868,0.0032983468622999382
N0026HF,0.7165102438856755,0.26271358223224867,0.015976743650758515,0.00363360180620591,0.0011658284251112282
N0027HE,0.7639875242095907,0.21657953808220679,0.015149137228313788,0.0034774306847709497,0.0008063697951178755
N0027HF,0.007587159422788653,0.06861440523019326,0.40603262171354687,0.4889671903421765,0.028798623291294678
N0029HF,0.06489905647406254,0.2457682975164282,0.3244132179971032,0.28764106468881523,0.07727836332359085
N0032HF,0.38438207073515984,0.46386350855434194,0.10492884926707113,0.03972345313025349,0.0071021183131736885
N0034HE,0.5277743880422859,0.3728321711615344,0.0693751140824774,0.023474445132783277,0.006543881580918976
N0035HF,0.8618255617571938,0.12962210459784038,0.006359028691713363,0.0016942245687403949,0.0004990803845121106
N0037HE,0.17088983958429954,0.48789606714524736,0.2282387102286183,0.08953285607876488,0.023442526963069924
N0039HE,0.14087869629411134,0.777199147333854,0.07739271215457497,0.003632165946370608,0.0008972782710891764
N0040HE,0.25660168832925295,0.5999826329062471,0.115137254213306,0.022526858750056097,0.005751565801137884
N0042HE,0.19096523169845686,0.4424760895286064,0.23291500241719243,0.09595979109629013,0.03768388525945422
N0044HE,0.5005120149143083,0.43742610864528986,0.04613546947487311,0.012397745284936548,0.003528661680592046
N0045HF,0.17961070652904687,0.7863490695177526,0.029814379353014158,0.003191319005544742,0.0010345255946416052
N0046HE,0.08905062207707747,0.7972047268601989,0.10700936959611503,0.005347615769716554,0.0013876656968919716
N0047HE,0.6086524208848291,0.33999810165053174,0.03862045434612328,0.010050898175720828,0.0026781249427951107
N0047HF,0.8116579770668148,0.17397364358133455,0.01144829054710277,0.0022863093802527024,0.0006337794244951995
N0048HF,0.6197796767701427,0.33819540378386453,0.03334218753765267,0.007040168021211925,0.0016425638871281369
N0053HF,0.933196133867775,0.06445220308692405,0.0016975134405032646,0.0004546797298956389,0.00019946987490192296
N0054HE,0.1676915367126594,0.7298290781878163,0.09610657379351786,0.005247039628756991,0.0011257716772495193
N0058HE,0.2960219763980747,0.5470548480600798,0.1177530328020739,0.030514134920860265,0.008656007818911538
N0058HF,0.8419333360696294,0.14715656110661618,0.008537427826166986,0.0018800140863115809,0.0004926609112759015
N0059HE,0.09289833894854184,0.3745658890319947,0.281020736104277,0.18694687216869707,0.06456816374648937
N0059HF,0.3598792579764068,0.5395861944525626,0.06943039825766799,0.02214082579703728,0.008963323516325282
N0060HE,0.05440143809578751,0.2956382382874541,0.35896993673695915,0.24056534015494835,0.05042504672485083
N0064HE,0.5350423533475062,0.4001239478946016,0.0473893345658397,0.013777307269900993,0.0036670569221515783
N0066HE,0.5681884292693609,0.3621934943280149,0.054802683477893,0.012221400878653746,0.0025939920460775214
N0068HF,0.02786215994649589,0.19056875699003362,0.32785753291920816,0.3447703255238222,0.1089412246204402
N0069HE,0.7104510632359121,0.2745734668391823,0.011819329362592546,0.002418217722760243,0.0007379228395526977
N0069HF,0.05933294505461406,0.38391336866196535,0.5080635325830086,0.043339124657554476,0.005351029042857528
N0070HE,0.0827738742555659,0.40924272041506626,0.2908304384055459,0.1789683794642759,0.03818458745954613
N0071HF,0.31932048330727353,0.5631946425431755,0.09234330224160038,0.02009946108095408,0.005042110826996555
N0074HE,0.2128748273574276,0.42452853459383944,0.2997620981580427,0.055468069776969255,0.007366470113721028
N0076HE,0.05648735204890474,0.33803348041346754,0.3141021692033823,0.23295521233002764,0.05842178600421781
N0076HF,0.893545697976139,0.10196324879974643,0.0034559686558709676,0.0007448612318083562,0.0002902233364351796
N0077HE,0.0025950675617437877,0.01236925722937101,0.11633406820548445,0.4510129963494734,0.4176886106539274
N0077HF,0.7304289438814989,0.2509950678459501,0.01534329734471911,0.002572401354764124,0.0006602895730678318
N0078HF,0.7333227046241971,0.25156298981877795,0.012433972559555372,0.0021135547740299323,0.0005667782234396362
N0079HE,0.557111193798123,0.4173088305825233,0.019692685790094634,0.004152864740918061,0.0017344250883409413
N0079HF,0.828544742051846,0.16478876373179857,0.004875988375018054,0.001221317409654151,0.000569188431683274
N0080HE,0.35288487693929016,0.6050291523387595,0.03765612013823149,0.0035593933318158457,0.000870457251903029
N0082HE,0.3471351292856451,0.617261924148529,0.03185515133694446,0.00307533432628788,0.0006724609025936312
N0084HE,0.8870962365064049,0.10870223882379029,0.002987912111941346,0.0008412870257017705,0.00037232553216160207
N0086HF,0.2562530690619285,0.710849895032669,0.02896049537054493,0.0030696150427017765,0.0008669254921557748
N0089HF,0.17306389121801055,0.7839882593218949,0.039406329245048895,0.00290933879200993,0.0006321814230357875
N0094HE,0.41859565709713087,0.4581636822799643,0.0894905341613126,0.02591252370219386,0.007837602759398328
N0095HE,0.08584877464315982,0.811325669430242,0.09619858659933048,0.005507283650846794,0.0011196856764210065
N0096HF,0.7644795223823587,0.22164255482330925,0.010457868987633883,0.00254678643971964,0.0008732673669785299
N0099HF,0.22297079378318657,0.6253139400104237,0.1419692043604604,0.008219010616766723,0.001527051229162474
N0101HF,0.7943775240365839,0.1979401613075928,0.0058549621401113,0.0013158691404605333,0.0005114833752516217
N0102HE,0.1130933671594948,0.8159865957079256,0.06260936558595001,0.006316153583988568,0.001994517962641152
N0103HF,0.003542512137301431,0.023919405952806585,0.18956113904838628,0.4165069458877525,0.36646999697375326
N0105HF,0.9368543463911092,0.05941599692175272,0.0026772415501340255,0.0007372321734606278,0.0003151829635436135
N0108HE,0.25897758498385753,0.6158757651212817,0.09795467374391312,0.022269941348782626,0.0049220348021649235
N0109HE,0.08961710390545442,0.6607612315699447,0.21478639004089112,0.02733509644744318,0.007500178036266759
N0110HE,0.0534114108087379,0.3147814469803459,0.46949725454477864,0.13826194505908568,0.024047942607051877
N0111HF,0.8232353430150461,0.1688949831125241,0.006079495653103909,0.0012564125157788317,0.0005337657035470057
N0113HF,0.7594870471670361,0.23276246783907434,0.006288009884323828,0.0011057505664526196,0.00035672454311305984
N0114HF,0.17805371370088616,0.7456488809317335,0.06833592210773322,0.006623364715784464,0.0013381185438626037
N0115HE,0.7658930815663372,0.21410814613369297,0.015606602288501692,0.0034364435977237958,0.0009557264137442817
N0117HF,0.8409556259294956,0.15215384103100618,0.0052981392320471995,0.0011322101959601373,0.0004601836114909781
N0119HE,0.7735935876653376,0.2148567963038383,0.009674275360210961,0.0014705521486617092,0.00040478852195136825
N0119HF,0.8653736752628494,0.12583908822075696,0.006359977360416991,0.0018648311008563263,0.0005624280551203741
N0123HE,0.4153426076753407,0.46215436259929854,0.08992137944674997,0.026012669067353646,0.006568981211257166
N0124HE,0.04356256616541858,0.6214321204028481,0.27354609221030646,0.04704842833140254,0.01441079289002431
N0125HE,0.811656804790711,0.18220707735869396,0.004754647060049889,0.000968388419118012,0.0004130823714269931
N0125HF,0.37808209104292967,0.5713630818348306,0.04313816059949838,0.005609198981529668,0.0018074675412116884
N0127HE,0.014517876250055845,0.1063777813586104,0.3662496882931344,0.3591129155621958,0.1537417385360036
N0127HF,0.7468337179375346,0.24321667503056746,0.007759562350193668,0.001620441884995328,0.0005696027967088586
N0130HE,0.9078878919809574,0.08869522729889108,0.0025562157819952547,0.0006123024635715007,0.00024836247458481466
N0132HF,0.34450941143398484,0.6136964009893968,0.03698436126943648,0.0036431967388746247,0.0011666295683072359
N0133HE,0.6423549838263997,0.3458710339937149,0.009343464716426358,0.0018218519054766847,0.0006086655579823814
N0136HE,0.7980992453412666,0.19238028661604806,0.007638587209065621,0.0014217185575284591,0.00046016227609111825
N0136HF,0.8017862205050408,0.1765932920572898,0.01672633379604301,0.0040332050919739655,0.0008609485496526724
N0138HE,0.04095896742365157,0.23745489924527247,0.415906723553631,0.2574143154768596,0.04826509430058544
N0140HE,0.4047383381738759,0.45756113818282607,0.11347865594686743,0.01896781773510408,0.005254049961326508
N0140HF,0.7590682262706079,0.22201086148433885,0.01535111570771483,0.0029404523707156896,0.000629344166622723
N0141HE,0.021854339210792984,0.8781425468145623,0.09675699732813428,0.0024659634243037265,0.0007801532222067701
N0142HE,0.7606010693317437,0.2156043256707584,0.018397640136641687,0.004161912817983987,0.001235052042872249
N0142HF,0.8509990842312,0.14247133733730488,0.004657837123691069,0.001311167921921439,0.0005605733858826338
N0145HE,0.8956281316998282,0.10066835959142435,0.0027698542276080674,0.0006723649070663101,0.00026128957407306794
N0147HE,0.8352932770642004,0.14283851213319199,0.01341278664563551,0.005847716457850623,0.0026077076991213597
N0149HF,0.07769199740346783,0.8991320448805521,0.020733525075472645,0.0017859510797030957,0.0006564815608043457
N0150HE,0.17382356908622956,0.4485073892356706,0.2185424729542071,0.13274840777253866,0.026378160951353986
N0151HE,0.05100978246256806,0.29131105132263396,0.5102491215869662,0.13089494199438934,0.0165351026334423
N0152HE,0.6834977574407279,0.27729658589842754,0.03173037966161481,0.006238977722316798,0.0012362992769128951
N0153HE,0.6132911727761374,0.3281797620001166,0.04497339551753788,0.011130255848401199,0.0024254138578068277
N0153HF,0.7531010464507245,0.2223507897567123,0.01859280840775525,0.0047337148581991315,0.0012216405266087334
N0157HE,0.8217367007725649,0.16454553526248086,0.01059721397497295,0.002358475240942227,0.0007620747490390877
N0158HF,0.7084137934404366,0.2624673014267224,0.02167825789670845,0.006049295107195915,0.001391352128936482
N0159HE,0.23117574530322127,0.5549361977881109,0.14365727425665728,0.057157931966716626,0.013072850685294008
N0159HF,0.2370553212209819,0.5603612067803803,0.155347815918962,0.03805237862235812,0.00918327745731767
N0160HE,0.8748918946688585,0.1185998957040266,0.004741970526565932,0.0012841697558764052,0.0004820693446726319
N0161HE,0.8721167571422394,0.12223455832163237,0.0038938451441187212,0.0013233604721444414,0.00043147891986517514
N0161HF,0.8652541640427318,0.12655807917540748,0.00566838551281832,0.0018098029463860005,0.000709568322656421
N0163HF,0.007162996581888677,0.039283134698159375,0.20706351222615732,0.432450236879616,0.3140401196141787
N0164HF,0.15062842141614657,0.4374499871674427,0.26695203732660266,0.10878016415874044,0.0361893899310677
N0166HE,0.7777608114524235,0.20644199276049457,0.011865458346117474,0.003018142521552762,0.0009135949194117313
N0167HE,0.2707394770877066,0.5713636016886168,0.12120337908773329,0.027831107734306464,0.008862434401636846
N0168HE,0.04592225016803529,0.9209886851292299,0.03055788560924142,0.0019677379318911023,0.0005634411616021816
N0170HF,0.9289712445661022,0.06880876950374631,0.001599023281149896,0.00044429990772984674,0.0001766627412716586
N0171HC,0.8833633666911453,0.1111674714529222,0.003941507093611962,0.0010925436699410344,0.0004351110923795988
N0171HF,0.6655274899277781,0.3182983270950794,0.012874162950618027,0.002472237384094894,0.0008277826424294831
N0173HE,0.4380036760690514,0.5300325149272747,0.02618224615857547,0.00448513749392134,0.0012964253511772792
N0175HE,0.2641439231070704,0.44465981277798095,0.18660030090440125,0.07095588896892063,0.0336400742416269
N0176HD,0.4885030732647799,0.48813905892264786,0.019863300263587503,0.0026491763133815465,0.0008453912356032163
N0176HE,0.9116213692547908,0.07915517593679332,0.006301453668570203,0.0020592839372592276,0.0008627172025864809
N0181HE,0.5992336938408809,0.37548547233874213,0.021586294283313108,0.0028369071437407086,0.0008576323933231003
N0185HF,0.5030000153510301,0.48917143851258,0.006707395550681787,0.0008123726554791266,0.0003087779302290767
N0186HE,0.7990145206838524,0.19267362412229577,0.006458825533352515,0.0013852753403228253,0.0004677543201765352
N0188HF,0.13611093710421004,0.7671533796042318,0.0886881131611761,0.006303449811678366,0.0017441203187037499
N0189HE,0.7341527297634863,0.24419321286361179,0.017042897764574145,0.0036473360661571446,0.0009638235421704349
N0190HD,0.14540022546556167,0.580827311998143,0.2133713527551852,0.04721524089087377,0.013185868890236466
N0192HF,0.33621435628571916,0.516215577285603,0.12020229528462964,0.02288216749124064,0.004485603652807509
N0193HF,0.16031682754722604,0.4323818836477895,0.2434210721656155,0.13265004848794182,0.03123016815142717
N0194HF,0.005222265960878747,0.03638569112163316,0.29063206104298794,0.5295913904633479,0.1381685914111522
N0195HF,0.2320775141225643,0.5929635506903687,0.12196105908440324,0.04028474801053262,0.012713128092131157
N0197HE,0.03000113952939058,0.9485870217920633,0.019519052171358596,0.0014781572848407748,0.0004146292223467192
N0198HF,0.4734092020104648,0.5166359905033278,0.008297598218382045,0.0012433624157191826,0.0004138468521061972
N0200HF,0.7641867878466002,0.20665304790922331,0.017452298965011888,0.008369644162353444,0.0033382211168111304
N0203HE,0.05051794680007331,0.5171953600407937,0.3907328283285261,0.033215442700138584,0.008338422130468325
N0205HE,0.6420488317126674,0.33004886024163416,0.02246586724477596,0.004430954520294047,0.0010054862806283768
N0205HF,0.8328766189205427,0.16026542715482756,0.005121602834408679,0.0012531944813920582,0.0004831566088290425
N0210HF,0.2829420572134401,0.6208858422964935,0.07942995696267283,0.01281182627308888,0.003930317254304661
N0212HE,0.33269494369776387,0.5519345146121787,0.09337127225614648,0.01716797856130893,0.004831290872602012
N0213HE,0.8088052170177708,0.17676960720620627,0.010910574216118187,0.002777316569995706,0.0007372849899090863
N0215HF,0.5718657381366901,0.3973585388943492,0.025107552492699352,0.004333202842993343,0.0013349676332680678
N0216HF,0.4487348164901845,0.5211950112971053,0.025572063106437753,0.003368495357361611,0.00112961374891083
N0217HE,0.023766799915139483,0.5265661284816064,0.4238620305196331,0.02275584811782632,0.003049192965794733
N0219HF,0.8266485147697082,0.16161857744212646,0.009120547180679905,0.0020756432529539545,0.0005367173545313446
N0220HE,0.04241353814587347,0.9406005652883442,0.015534207498180649,0.0011257248208020169,0.00032596424679975
N0221HE,0.21497613666313656,0.7241963704777816,0.054357059747240234,0.005117034056639406,0.0013533990552022743
N0222HE,0.8544494828540612,0.13298162196884786,0.0086760125948013,0.00284200013336285,0.0010508824489267076
N0222HF,0.5319316857633591,0.45073291375263036,0.014746347588662848,0.0019482530976398648,0.0006407997977078697
N0223HF,0.1610821220626965,0.801921170644792,0.033754412829771124,0.0024890437657132227,0.0007532506970271615
N0224HF,0.3815069287386714,0.45302603399693825,0.141415238682537,0.020273140378166958,0.0037786582036863337
N0225HE,0.885929972185836,0.10767562755011048,0.004918141336340796,0.001053985574135494,0.000422273353577114
N0226HE,0.007788288491485928,0.03799667919739337,0.18940936658259525,0.3523665042978368,0.41243916143068865
N0227GZ,0.8535312351152522,0.13486043047239538,0.008776789969566037,0.0021985340585791266,0.0006330103842072305
N0227HF,0.9015796385197486,0.09475237485992581,0.0027057635324786813,0.0006419796423188757,0.0003202434455279722
N0228HE,0.19157353346414405,0.42902451069315867,0.218927593180935,0.1287719735218033,0.031702389139959
N0229HE,0.6398716105208415,0.3297479789588665,0.024589717494276547,0.0045739932230753205,0.0012166998029400724
N0229HF,0.8733886834723569,0.1214175863697945,0.003939313463849285,0.0008617811211894634,0.00039263557281004024
N0230HF,0.2868308560833751,0.604473326838237,0.08539484009361979,0.01744534800613845,0.005855628978629856
N0231HE,0.4356302200716833,0.548410805736991,0.013914089864910568,0.0015945735769953874,0.00045031074941983705
N0233HF,0.7607174337739638,0.21886869206376697,0.015755544397724246,0.0036881457712076757,0.0009701839933373092
N0235HE,0.49824779551418114,0.42924943642153013,0.05432309370979278,0.013948037020746911,0.004231637333749062
N0237HE,0.6980817133680441,0.2741785390840922,0.02058380003403753,0.004913869571209329,0.0022420779426167324
N0239HF,0.2842295831103211,0.644998530376078,0.06061587748904003,0.007901677490175178,0.002254331534385601
N0240HE,0.766842864095745,0.2117266517193596,0.01635759800184285,0.004048705266757846,0.0010241809162945953
N0240HF,0.9233317433030654,0.07390497557093821,0.0020002516863961766,0.000548058790733463,0.0002149706488666886
N0241HE,0.04587175003866473,0.5258913085865542,0.37199315937425126,0.043399310047249506,0.012844471953280423
N0241HF,0.8743394871852525,0.11811577385518816,0.005212582542404671,0.0017972767265972394,0.0005348796905574493
N0242HE,0.6972785273969003,0.2785030194608339,0.017515916216084032,0.004499534870700236,0.002203002055481758
N0242HF,0.7831819437972036,0.19796609538859594,0.014295115415003362,0.0035071133698412254,0.001049732029355681
N0243HE,0.5086947347708857,0.3660218598185614,0.08847687451404762,0.02968667547478354,0.0071198554217219365
N0245HE,0.04541008896941469,0.33011767678722975,0.49454424121399576,0.10580923740325343,0.024118755626106297
N0245HF,0.010270722597019345,0.04524883601130068,0.26083929521850646,0.5615886191047113,0.12205252706846215
N0251HE,0.2561294483885277,0.6108102856040596,0.10973121392313892,0.018941845434922742,0.004387206649350953
N0255HF,0.7502181901073207,0.2318419934037173,0.013758321622568525,0.0032133999223501325,0.0009680949440433101
N0258HE,0.7873138804899733,0.19878889128035243,0.01068854126572251,0.002527831652378492,0.0006808553115732535
N0258HF,0.19273874311652514,0.5264238449949539,0.18594172466610978,0.07619825101203277,0.018697436210378438
N0259HF,0.3037375851685984,0.4999653971399104,0.1469458874232515,0.03964725652704754,0.009703873741192215
N0260HF,0.796543055404428,0.186695821014199,0.013058752660984987,0.002927633298471367,0.0007747376219165432
N0263HE,0.8741506877981354,0.12001253060751496,0.004113542282743231,0.0013128164723825457,0.0004104228392238396
N0263HF,0.7011091118592807,0.2878046871376861,0.008479799344349592,0.0018691966990668656,0.0007372049596168467
N0264HF,0.24497388667287928,0.5750830863073093,0.13724241244403385,0.035204212731371795,0.007496401844405663
N0267HE,0.07076863738132315,0.8507071306459577,0.07239058974036723,0.005021534265216567,0.0011121079671353076
N0268HF,0.30967683324228007,0.4968562663513931,0.12113540052076983,0.056221858326608254,0.016109641558948565
N0270HE,0.7763390767316449,0.2027813086759497,0.015905824747756047,0.003497564478981776,0.0014762253656675284
N0272HE,0.5036846480026554,0.4079349364310225,0.07094492170160696,0.014208565399383446,0.003226928465331719
N0274HE,0.05679594859242927,0.3433868803108213,0.48115909828402187,0.10155045710477636,0.017107615707951163
N0278HE,0.599826301247147,0.3385881665792577,0.04585923848522489,0.012618466084488172,0.0031078276038823626
N0279HF,0.6742861194083001,0.29108259483970705,0.027824920751791788,0.005511159780687659,0.0012952052195133305
N0283HE,0.5820507347098627,0.37058522679610495,0.03543007289294159,0.00910089016964327,0.0028330754314474767
N0286HE,0.888122158036114,0.10831336726746561,0.002504997561115553,0.0007596527322890386,0.00029982440301579583
N0287HE,0.4514111208246077,0.5027761543156626,0.03671210406134482,0.007099980421778398,0.002000640376606468
N0288HE,0.7568250096619267,0.2178428957079531,0.020434452981734692,0.004014542194884131,0.0008830994535013497
N0292HE,0.16084996894892284,0.7347619890124203,0.09273823893672481,0.008973868166558326,0.0026759349353737746
N0294HF,0.7513371097927866,0.224080367515837,0.01844737232244219,0.00490936511657689,0.001225785252357422
N0295HF,0.8511847400243372,0.13958327503305476,0.007228541384965851,0.0015091802423980302,0.0004942633152441535
N0296HE,0.43272477848768104,0.4901743093536803,0.06189448158065751,0.012201820915901012,0.0030046096620801634
N0299HF,0.26365494630211866,0.7142418027470445,0.01925135494800473,0.0021508565588258892,0.0007010394440063579
N0301HF,0.7898871759687154,0.20016812813501228,0.0072790426180853116,0.0020389633311162195,0.0006266899470709164
N0302HE,0.5931455491577365,0.3675516672537955,0.026396960712239126,0.010101046681971048,0.002804776194257713
N0303HF,0.6546037974699259,0.3170938330546872,0.021726054707695674,0.00480186964977279,0.001774445117918484
N0304HF,0.5554505603333857,0.35847984031472346,0.06607701742250013,0.016761841893931508,0.0032307400354592572
N0305HF,0.06826780708281655,0.27449225599044275,0.44683831967166776,0.18176604754719422,0.02863556970787866
N0306HF,0.8559422003321224,0.1362282516799115,0.005894733994127396,0.0015158853605743154,0.0004189286332645896
N0307HF,0.07397453079995439,0.912321172645558,0.012521247178492751,0.0009177595089393326,0.0002652898670555422
N0309HF,0.05342641369182964,0.27218941229725074,0.3949791167829026,0.2472146656693494,0.03219039155866756
N0311HF,0.20602009805905933,0.7656817658387116,0.0259659413339751,0.0017481122764999497,0.0005840824917540977
N0312HE,0.7063362266500561,0.274302044587583,0.014422957415772384,0.003905469167992051,0.001033302178596368
N0313HE,0.7700613364676425,0.20650783758746197,0.0182894328801282,0.004030009788046846,0.0011113832767205563
N0316HE,0.8543142843433549,0.1401066979591678,0.0042443193551227835,0.000954385240008194,0.0003803131023462649
N0319HE,0.704296276968922,0.27219065337136505,0.017719328993692714,0.0042133369233789825,0.001580403742641048
N0320HE,0.8861245205346016,0.10734772268094259,0.004621027752394598,0.001358419822093519,0.0005483092099675266
N0323HF,0.3445096548954615,0.5091500804279429,0.11744519191606621,0.023397503542349724,0.005497569218179775
N0327HE,0.7545164356789136,0.2250191643286648,0.015921546831327394,0.003635678289508256,0.0009071748715859653
N0327HF,0.7262625933448936,0.24456664718626359,0.021755768651290197,0.005344614679341263,0.0020703761382113517
N0330HE,0.5653477174141849,0.40542026240139,0.023156236729541216,0.004544021530117265,0.0015317619247665376
N0330HF,0.7786394326522046,0.20276610766364586,0.013916432232606673,0.0032838929486718503,0.0013941345028710684
N0332HE,0.8302405668740391,0.16074338786734446,0.006734918623031075,0.0017509099707104067,0.0005302166648748186
N0332HF,0.36822751627815187,0.5775286297251732,0.04527118004771201,0.007033514990451822,0.0019391589585113372
N0333HE,0.023034748740343038,0.16192961835063693,0.5429904112669643,0.24408125458099664,0.027963967061059136
N0334HE,0.3023690330542025,0.47869772062950416,0.1411468646260053,0.05666271083741814,0.021123670852869893
N0334HF,0.9116057361685674,0.08414214549891398,0.003179862282935744,0.0007453083359881343,0.0003269477135946626
N0336HE,0.8738180571939893,0.12249873523566693,0.0027463145588801073,0.0006657557009352436,0.00027113731052826425
N0338HF,0.2004074729284786,0.517299492593098,0.1938187261569772,0.06840682418900819,0.020067484132437887
N0343HF,0.8830178885306426,0.1111728972911789,0.004842706411703643,0.0007432213897568061,0.00022328637671814334
N0344HF,0.768640157131493,0.22256050507071726,0.007267129974517841,0.0011686914929573023,0.00036351633031457596
N0345HE,0.7823296538511026,0.2039949661937101,0.009469625199511524,0.002954179121685183,0.0012515756339905038
N0345HF,0.7724580900887597,0.2189142721656192,0.007282784977823027,0.0010092082440586619,0.0003356445237393202
N0346HF,0.8812190076461779,0.1079474055271672,0.007240202489273785,0.0025089845546223464,0.0010843997827588857
N0348HF,0.07344901718087733,0.9157404041044709,0.009671327325475234,0.0008585353115462167,0.00028071607763038603
N0349HE,0.8617877190905334,0.12814953269944912,0.007788633949448749,0.0017471312893197984,0.0005269829712488992
N0349HF,0.7791116614537034,0.21376710198654253,0.005833213008520093,0.0009537037490569614,0.00033431980217709165
N0351HE,0.37095423638520575,0.48195894747302914,0.10236429364517216,0.034493365872541745,0.010229156624051102
N0351HF,0.7880727916939686,0.20500704804007505,0.005782430518212829,0.0008466774442095299,0.0002910523035339704
N0353HF,0.8476399821963586,0.14377701310889954,0.006613627179869901,0.0014952943932240582,0.00047408312164771776
N0354HF,0.8506360748238823,0.13854019761247588,0.008360723277135388,0.0019136908033979415,0.0005493134831085847
N0355HE,0.36518872822414894,0.4954881876187899,0.10855025459615966,0.024846364165936136,0.005926465394965515
N0356HE,0.7445430382377363,0.24117343780099101,0.011265052020253486,0.002344321293576692,0.0006741506474426146
N0356HF,0.7649072790175907,0.18786614752882708,0.028820926092574157,0.011522229338733453,0.006883418022274354
N0357HE,0.5122144188133604,0.4452972255023563,0.03678557102185006,0.004499792483010481,0.001202992179422844
N0358HF,0.34539243235605877,0.48522517751585603,0.1542180431505586,0.012588821243698884,0.0025755257338277225
N0360HE,0.7479976811847264,0.24043324650671427,0.009164635444919526,0.0018761157176942443,0.0005283211459455793
N0361HE,0.9270736100851436,0.07061863233615914,0.0016515196292101037,0.0004502997517759986,0.00020593819771129153
N0363HE,0.8057098335998424,0.17961393805890416,0.011565961664970103,0.0024659850168795563,0.0006442816594038829
N0363HF,0.07082941451382359,0.2698373771282605,0.3103430474345516,0.2856383306339609,0.06335183028940337
N0364HF,0.0609121426690024,0.34632539916052324,0.34414140758247314,0.18838749575181205,0.060233554836189106
N0365HE,0.11517266125432876,0.38759920534061565,0.39116973577531444,0.09664954369791175,0.009408853931829459
N0365HF,0.03837807963743224,0.2867835464646029,0.5871432926629275,0.0794745724530254,0.008220508782012114
N0366HE,0.29847170157466585,0.5919151190475445,0.08961400456467548,0.015245057573029259,0.004754117240084978
N0367HE,0.41652372700713347,0.46669651699831577,0.07478984848233818,0.03352356211510581,0.008466345397106856
N0367HF,0.163485564991049,0.6271827509883561,0.18306473916132213,0.022145397896088295,0.004121546963184404
N0369HF,0.6084272071461604,0.3616588111017672,0.023629710386745884,0.004651681297500777,0.0016325900678256782
N0370HF,0.764819202012401,0.21782220431436924,0.0144106414980654,0.0022054433474843213,0.0007425088276801534
N0372HE,0.8691997655912787,0.1235545650644082,0.005837433747128776,0.001077361990470754,0.0003308736067136063
N0374HE,0.008895160949163584,0.046736824360227386,0.2901046904572192,0.5998240252830995,0.05443929895029033
N0377HE,0.8890785621194816,0.1056562883712909,0.003712869881164626,0.0011096901283190036,0.000442589499743921
N0378HF,0.8124620098055043,0.17412406726184362,0.010764463662922765,0.0020278757408915085,0.0006215835288377804
N0380HF,0.7411322113535379,0.24490686737436507,0.011777125781139068,0.0016383407277170748,0.0005454547632409714
N0381HE,0.8694191011634957,0.12206804050857836,0.006748427157615783,0.001360727687754513,0.0004037034825556729
N0382HE,0.7079137496681319,0.27348592575756514,0.012685434726775264,0.004531018820815473,0.0013838710267121085
N0382HF,0.20446379658310007,0.4776537687235579,0.2372258013782737,0.06911576995276267,0.011540863362305623
N0383HE,0.8529385519311417,0.1385540455745702,0.0062533517115103965,0.0015867495666552615,0.0006673012161225677
N0384HF,0.2954900781244111,0.6529086258467381,0.04258617195504012,0.00713200399448307,0.0018831200793276218
N0385HC,0.08429921505482652,0.6198546515481894,0.25733439020321086,0.029595717880947593,0.008916025312825898
N0385HE,0.8279455933546824,0.16516260092162863,0.005393038961848096,0.0010857932137325747,0.0004129735481083698
N0387HF,0.032856258553762605,0.9498077098419655,0.015830166670959954,0.001192430668668311,0.0003134342646436281
N0388HE,0.9089929141745994,0.08679396438591432,0.0029780127851501007,0.0008729306811097765,0.0003621779732262695
N0389HD,0.03160127204380234,0.9349962728614301,0.03097195951571512,0.0018291506317367483,0.0006013449473154807
N0389HE,0.7939167871274252,0.19744792209740283,0.006906799871852798,0.0012877439551068463,0.00044074694821219767
N0390HE,0.19440432675174,0.5079745315614549,0.1928159066444027,0.06980577381195055,0.034999461230451855
N0391HE,0.18407456741965098,0.7054934924512354,0.0987803155404361,0.008920973390665433,0.0027306511980120956
N0392HE,0.7536152379078196,0.23713883185492696,0.007394409783300392,0.0013658848579185816,0.0004856355960345153
N0393HF,0.27712076230525073,0.4743307439718031,0.16703431791206105,0.06312190727054873,0.01839226854033655
N0394HE,0.7401927763987647,0.24577271528573524,0.011236726134942665,0.002161205351290407,0.000636576829267138
N0395HF,0.7554102521843649,0.23153724694422234,0.010525024687801865,0.0018915698871502136,0.0006359062964608399
N0397HE,0.6940209680932283,0.2905668148812389,0.01228508043243154,0.002371191948084402,0.0007559446450168196
N0400HF,0.1007158696564217,0.4700170139211145,0.31951954912951286,0.09911674777577491,0.010630819517176022
N0401HF,0.19126756878257983,0.4493834684946947,0.2081662134105081,0.11592086447609544,0.0352618848361219
N0402HF,0.35887733294965607,0.5310682890199806,0.09017557645686072,0.015253526010468334,0.004625275563034167
N0403HF,0.8542785540836013,0.14092386567954127,0.0035812010332034543,0.0008560334466522518,0.00036034575700175277
N0405HE,0.6190588374121321,0.3132355122414715,0.05011568791402419,0.013270883008393259,0.004319079423978967
N0406HE,0.247053993415842,0.6734175586534972,0.07020861547703121,0.007174185581127718,0.0021456468725018214
N0406HF,0.6207012357642447,0.3556381438593982,0.019077963304861934,0.0034634520359161395,0.0011192050355789485
N0408HE,0.7478707735718004,0.243597823959052,0.006259494400992499,0.0016852188818222765,0.0005866891863326621
N0408HF,0.2093714144200159,0.6362464885264475,0.10716351048995516,0.03573695731591629,0.011481629247665269
N0409HF,0.173340940813175,0.5713170608528314,0.17779415561800616,0.0608246456093766,0.016723197106610833
N0411HF,0.1471550388393223,0.7501253392642099,0.08921016661694543,0.010143481016586695,0.0033659742629357178
N0412HE,0.49635818018671846,0.4185364700302102,0.06600922142312057,0.015290323436302992,0.0038058049236478777
N0413HE,0.9139589721787724,0.08255966547676724,0.002429569271944745,0.0007076601492056728,0.00034413292330993077
N0413HF,0.3203787037923728,0.6418748110719701,0.032738975459493766,0.0038357121859969165,0.0011717974901663771
N0414HE,0.8621604607996154,0.12982926658518915,0.005730149408643878,0.0016650024021119699,0.000615120804439598
N0414HF,0.0311133470613212,0.8698437911053855,0.09372427506176331,0.0038528382559836934,0.0014657485155462938
N0415HF,0.7548520342654402,0.22006107466278615,0.01903424711747827,0.004648655337110492,0.0014039886171847715
N0416HE,0.5447416928203136,0.4253176053802621,0.02409337927784863,0.004314069686194167,0.0015332528353814816
N0417HF,0.26583147238306815,0.5396366688796241,0.13202299991067443,0.05075606713892824,0.011752791687705154
N0419HF,0.03818361523875347,0.17689307515964098,0.3323718791900969,0.3882911512442236,0.06426027916728508
N0422HF,0.7208906191024161,0.2647256898572675,0.011015786491683268,0.002491675291022901,0.0008762292576101769
N0423HF,0.6375239970693134,0.3190995590361313,0.03144676902726198,0.009224300057261704,0.0027053748100316793
N0424HE,0.240061503148134,0.6667843638619897,0.08105784334687437,0.009866143284237985,0.002230146358763944
N0425HE,0.37583788991578687,0.5420077527505216,0.0657046883376387,0.013404930056546452,0.0030447389395064257
N0425HF,0.20510996959864053,0.6360437970097448,0.12546652989983612,0.027326298799407855,0.006053404692370744
N0426HE,0.554201411595203,0.4219193511357616,0.0185257212884399,0.004182656282444986,0.001170859698150561
N0429HE,0.8756245512465007,0.11636593303998302,0.005964715028340215,0.0015614409751557752,0.0004833597100201641
N0430HE,0.6588226654527262,0.32021987127990187,0.017488542387069567,0.002729409045489914,0.0007395118348125097
N0430HF,0.08100080856755167,0.3709589859318299,0.3338858647795212,0.17137853018650956,0.04277581053458767
N0431HE,0.419258916929365,0.5341631648313402,0.04030025801038706,0.0049938098971608535,0.001283850331747089
N0431HF,0.023801968154084224,0.5393106591664139,0.41320727408993757,0.0213880854721974,0.0022920131173669
N0432HD,0.5567564622462849,0.3878994015459527,0.04179085453918263,0.010777479713450944,0.0027758019551287405
N0432HE,0.3810096520187426,0.5302360309116904,0.07026243244706995,0.014409677837171994,0.004082206785325165
N0433HF,0.02315156965497898,0.16009206028515288,0.6520299883477867,0.15450834649530668,0.010218035216774878
N0434HE,0.898507986733267,0.09814334390408426,0.0024161521941698213,0.000653063992266453,0.0002794531762124778
N0435HF,0.8982690672634617,0.09564408455716716,0.004244580462052569,0.0013808231163246446,0.0004614446009940453
N0437HE,0.6907050272570345,0.28402343209553543,0.020610856987047906,0.003705267364175127,0.0009554162962067773
N0438HF,0.03328768811892985,0.40687337281503916,0.5250752614546518,0.030226655636247192,0.004537021975132086
N0439HE,0.8744067718555308,0.11932723358694901,0.004164768946775839,0.0015185333453251305,0.0005826922654192407
N0440HF,0.1914243895216108,0.4782406631736841,0.22108105657250188,0.08740534442036516,0.02184854631183809
N0441HF,0.5364145552968782,0.44114085792575386,0.01894765206302777,0.0026867267490086524,0.0008102079653314915
N0442HE,0.06938436780669437,0.32687011717916714,0.3221584686372337,0.2288832403701202,0.05270380600678463
N0444HE,0.7988187488159241,0.1934738909672779,0.006060364013277947,0.0012240170288854181,0.0004229791746346098
N0446HF,0.799008559538619,0.19102970369596395,0.008293168685678715,0.0012770254948869617,0.00039154258485136936
N0447HF,0.029321817542972417,0.545525364060002,0.40332251451093787,0.01904741952678364,0.0027828843593040976
N0450HE,0.7167243403603454,0.26440875595799185,0.015272736672909248,0.0029104940543326933,0.0006836729544209219
N0450HF,0.00816509546897484,0.03547752675248853,0.16412359861758619,0.5077219399200815,0.284511839240869
N0452HE,0.23489415601694974,0.6658131512785561,0.08099553139545032,0.01411074782280759,0.004186413486236195
N0452HF,0.35201479301059413,0.5502972455079551,0.07373036774105136,0.017134379991672048,0.006823213748727369
N0453HE,0.8910116601109145,0.10411790537258421,0.0034161367525249223,0.001053172823216804,0.00040112494075975806
N0455HF,0.11920503341264872,0.8555255474744963,0.022859835931334796,0.00184289444424879,0.0005666887372713672
N0456HE,0.6106632552441846,0.3306443286470654,0.04404693583187965,0.012027118135590799,0.0026183621412795384
N0457HE,0.06432335568527833,0.8796651164922109,0.05118121955482544,0.003849185142111279,0.0009811231255741598
N0458HE,0.937902388286453,0.05837066814222778,0.0027099375664727133,0.0007023468049923685,0.00031465919985392476
N0459HF,0.035553676023936165,0.20089391495288336,0.48922349457811587,0.23756855801074733,0.03676035643431731
N0460HE,0.6968031900603511,0.2962741765393758,0.0056532637892605046,0.0009066449848950574,0.00036272462611762745
N0461HE,0.20060079003241627,0.6040254666464305,0.1495452051148503,0.03395987945824983,0.011868658748053136
N0462HE,0.7615365686207337,0.21672160090629028,0.017684538556637906,0.003150620526455718,0.000906671389882434
N0464HE,0.8176053629767418,0.17477147712643343,0.005957732418597138,0.0012861552509433971,0.0003792722272842145
N0465HE,0.748634085193953,0.24435674104954314,0.0056681841024795255,0.0009764492392921653,0.00036454041473210245
N0465HF,0.23927266284476026,0.3814076871217861,0.23688397253056287,0.1196217146322186,0.022813962870672232
N0467HE,0.1449541849980191,0.4310881897208893,0.2546131559699122,0.13875856507665713,0.030585904234522298
N0467HF,0.9333100572853746,0.06363823638625478,0.002045665159676522,0.0006890759597613257,0.0003169652089325954
N0468HF,0.011375706250342075,0.04863927136215289,0.24482298402151986,0.4329145300241494,0.2622475083418358
N0470HF,0.8369320639775741,0.1532539982113476,0.007812155743264259,0.0015279149730067344,0.0004738670948072274
N0471HF,0.5001612090117089,0.44294971880878614,0.04622718618098047,0.008907928977992112,0.0017539570205324664
N0472HE,0.7103193768170576,0.28102662869667117,0.006724808501528366,0.0014409177253940425,0.0004882682593488941
N0472HF,0.18345932263294742,0.5617251229923587,0.18954108548340196,0.053212058847360764,0.012062410043931184
N0475HE,0.14902105369916951,0.7533610753358098,0.08927252983505835,0.006609840785064642,0.0017355003448977023
N0475HF,0.712408239574164,0.25574725047286734,0.024417405375334916,0.005574612029300452,0.0018524925483333857
N0478HF,0.7146344431884255,0.27713592715114654,0.006523361125712235,0.001250306461720327,0.0004559620729952453
N0479HE,0.27147119328086206,0.6772540385376317,0.04431441964027964,0.005410826695662134,0.0015495218455643472
N0480HE,0.10810192994562676,0.42330681415933363,0.27308221784600184,0.14671194887144462,0.04879708917759305
N0483HE,0.6667040125639515,0.30701140800012333,0.02206943276006671,0.003237730405179264,0.0009774162706791783
N0483HF,0.2149231850300152,0.6946054678444866,0.07864302216848577,0.009386072158886009,0.002442252798126401
N0485HE,0.5560197224367918,0.4237902821301093,0.017158510468792423,0.002328725649830838,0.0007027593144755914
N0486HE,0.12313157866807893,0.8554351586602676,0.019359704088454263,0.001667567620094289,0.0004059909631046822
N0486HF,0.7545262637290449,0.22360952068423123,0.017433404899787654,0.0033101931553722688,0.0011206175315640248
N0487HE,0.8400878968294391,0.15012649383602614,0.00778057393916671,0.0015035276113746186,0.0005015077839933409
N0487HF,0.6322305892862619,0.320713592715783,0.03487558151906349,0.00973401034842484,0.002446226130466849
N0488HE,0.0442508184042234,0.933037061871971,0.02055611275910066,0.0016620394805997567,0.0004939674841050819
N0491HE,0.8162944822699739,0.17579661367556357,0.0058568101545653775,0.0015022974818777886,0.0005497964180194775
N0491HF,0.8211203326695132,0.16840120779046114,0.008108727797776777,0.0018418222273251204,0.0005279095149236881
N0492HF,0.8957703841769125,0.10038211440398088,0.002808340830736257,0.0007476093290882106,0.0002915512592823219
