ncode,proba_0,proba_1,proba_2,proba_3,proba_4
N4541HD,0.9907590272884785,0.00890652270638375,0.0003150660921894254,1.4365397855426234e-05,5.018515092859043e-06
N4397HD,0.001321269262185781,0.004928015591447592,0.37196574237772495,0.6191988376907567,0.002586135077885018
N4544HD,0.9960611988813223,0.003836045675354603,9.270873529471003e-05,9.858197240624044e-06,1.885107878866961e-07
N4545HD,0.015854333943028515,0.04533553971919882,0.6150093936807329,0.21586710916251972,0.10793362349452001
N4546HD,0.4656542780296298,0.509615920946407,0.02441470385553309,0.0003050611367375557,1.0036031692613245e-05
N4550HD,0.9968967255021718,0.003084985425478123,1.4054900462932994e-05,3.712646338522861e-06,5.215255486268743e-07
N4551HD,0.9833253431210017,0.016567364986090162,9.583481683759536e-05,1.1200115707854828e-05,2.569603627957286e-07
N4554HD,0.11394392899379228,0.3456587200285662,0.5289621724939381,0.009696397374260408,0.0017387811094430523
N4555HD,0.7811091303240995,0.21611368416169913,0.002627707077140358,0.0001279392628427973,2.1539174218390557e-05
N4556HD,0.9477312466502608,0.030064093830673596,0.017661474817438672,0.003956512669858178,0.0005866720317685828
N4563HD,0.9312627994714722,0.05904099014551242,0.009096540566986597,0.0005624799148334597,3.718990119547299e-05
N4567HD,0.9974212720733935,0.002543105008389845,3.216094999758554e-05,3.0692329480129014e-06,3.9273527127783777e-07
N4561HD,0.9950096132970719,0.004981041997800739,6.708054064351673e-06,2.5083189219649794e-06,1.2833214100470532e-07
N4571HD,0.6969988004243074,0.1750474227351545,0.11598841141446975,0.010640565377153674,0.001324800048914558
N4574HD,0.9991335693208728,0.000863574927438809,2.07914385040888e-06,5.963411366551972e-07,1.802667012822738e-07
N4575HD,0.95946572490946,0.039092492805519206,0.0011469555172033826,0.0002861683473115393,8.658420505870116e-06
N4579HD,0.3644594838472291,0.5489800885774778,0.07617413947410721,0.009210033690774649,0.001176254410411065
N4581HD,0.3097799992523106,0.6732217419023692,0.016806143913599088,0.00016697880603983072,2.513612568151362e-05
N4584HD,0.5828405458578384,0.39049254151475815,0.026435186749149134,0.00021444741688194315,1.727846137230088e-05
N4578HD,0.9950756929182434,0.004801201736099169,0.00011496165250081836,5.044504876608517e-06,3.0991882798591598e-06
N4590HD,0.45883133087036543,0.5005622767772927,0.03784039672339709,0.0027160160399320385,4.997958901270762e-05
N4593HD,0.021556186244308582,0.24193060368279115,0.4977958442121613,0.23418109114179902,0.004536274718939949
N4151HD,0.09109242970236096,0.54684109226821,0.15480198416260113,0.1596073480956801,0.04765714577114779
N4594HD,0.9972718759361675,0.002712166849392553,1.396842501160703e-05,1.8590316101702852e-06,1.2975781810504875e-07
N4600HD,0.45088969716063604,0.5351016979089356,0.013710634254473228,0.0002821694697279966,1.5801206227212614e-05
N4605HD,0.2908805309184997,0.16693636991450927,0.5039192622959223,0.03687251310916951,0.001391323761899138
N4612HD,0.7281240905817892,0.26767730908282467,0.003556850198639931,0.000622977627685873,1.8772509060615987e-05
N1701HC,0.012065010041156942,0.03921284399188266,0.8989225489066717,0.04289849374514078,0.006901103315148187
N3705HD,5.111690744883009e-05,0.00037650660437918345,0.015523837467059006,0.17030695204779758,0.8137415869733153
N4589HD,0.9836690844435827,0.015313591855978574,0.0008426658570039872,0.00016280471315732574,1.185313027736798e-05
N4339HD,0.9983920756735664,0.0016021126252912246,5.068684723646451e-06,7.214178348312587e-07,2.1598583841258055e-08
N4615HD,0.010412047871101723,0.01764652039748285,0.3475131970338008,0.5408174714402315,0.08361076325738322
N4618HD,0.9949422716420318,0.005050993440665562,5.590207942994e-06,1.0429940586778958e-06,1.0171530095223743e-07
N4624HD,0.9851376563208338,0.014775975205138904,8.276166660456582e-05,3.132494348766986e-06,4.743130738154146e-07
N4626HD,0.9864426314429232,0.012615435160210178,0.0006537843678137226,0.000275676575117278,1.2472453935598876e-05
N4628HD,0.12183661592301592,0.4171288039706821,0.3641233735080442,0.08598279604979164,0.010928410548466265
N4638HD,0.1773257472025527,0.2379515318607114,0.4409609624290066,0.118057477226933,0.025704281280796167
N4639HD,0.9863641358554128,0.013319933713997407,0.0002712095055869385,4.0045640673388826e-05,4.675284329619407e-06
N4642HD,0.9952173783708483,0.0047400470203937724,3.9521878463605464e-05,2.767007698281167e-06,2.8572259616501566e-07
N4646HD,0.9982973554388554,0.0016772255533726538,2.4816802060464845e-05,5.195014079841631e-07,8.270430347860626e-08
N4631HD,0.9863682888009766,0.013430861089833948,0.00015118096857133539,4.814346422714482e-05,1.5256763909545227e-06
N4656HD,0.0018180655165348774,0.016037742735110053,0.36887485472441855,0.5521696758174657,0.061099661206470736
N4658HD,0.995040667777843,0.004140712473880869,0.0007168447847633336,9.421714484434303e-05,7.557818668700461e-06
N4661HD,0.9985186452060824,0.00144632060091926,3.094471689088863e-05,3.7383460380704386e-06,3.511300692354344e-07
N4665HD,0.9944423889609899,0.005459840153394795,8.146624486940097e-05,1.5487413989234562e-05,8.172267566270626e-07
N4667HD,0.9980009011644821,0.001984670674445513,1.1717542662748257e-05,2.1031650993798174e-06,6.074533103439123e-07
N4669HD,0.9656975163871038,0.034189813043662046,0.00010637663241040745,5.9285249555231556e-06,3.654118682056141e-07
N4673HD,0.20155946964050003,0.3388135221283743,0.42313707173862336,0.024211850417785022,0.012278086074717318
N0760HD,0.15014571099351864,0.454085084258203,0.3731971262313968,0.022285764223782152,0.0002863142930993573
N4672HD,0.9800738979677823,0.016204053007644204,0.0032069274253575756,0.00044732885383958,6.779274537607242e-05
N2593HD,0.9962180081884453,0.0037350900412113893,4.063725445014634e-05,5.439746241890796e-06,8.247696511854795e-07
N4677HD,0.33044222144044255,0.5679146459420802,0.09289387613078412,0.008519304198891475,0.00022995228780167776
N4680HD,0.3327509361442698,0.32180608603792465,0.3256907286069082,0.018778755310768877,0.0009734939001285001
N4688HD,0.0063956789631689805,0.03164600018924824,0.5198643135940422,0.37536256944032576,0.06673143781321471
N4689HD,0.9913464180652962,0.008553737863633226,9.478805531851393e-05,3.84353847618437e-06,1.2124772759481802e-06
N4691HD,0.32012826808946976,0.14571421939792129,0.3267764785697984,0.16787587420928424,0.039505159733526425
N4692HD,0.8735308937171561,0.1135137919615962,0.009226492224367744,0.002216520638397133,0.0015123014584827556
N4694HD,0.01790531472740365,0.09273160058703224,0.7785457600228135,0.08769995119601935,0.023117373466731404
N4695HD,0.2135034103734385,0.5423534032338323,0.24032910484842146,0.0035750670224938197,0.00023901452181399895
N4699HD,0.21329820670495778,0.08242693331080245,0.6924014361607658,0.011404203971499367,0.00046921985197468405
N4703HD,0.9407124772990024,0.05301324307172311,0.005288431672450765,0.0009472151338980079,3.8632822925762336e-05
N4704HD,0.00012206385843108576,0.0008399384257579294,0.29489487862356356,0.7015965565671738,0.0025465625250737844
N4708HD,0.9995813423434156,0.00041490767089070687,3.5151901934728745e-06,1.898432350899198e-07,4.4952265128945235e-08
N4714HD,0.7797264114427982,0.14895410210280965,0.05775879690027425,0.005490836551052115,0.008069853003065787
N4721HD,0.1742136553057656,0.4258159287749316,0.2905328110671489,0.09263146677521437,0.016806138076939404
N4722HD,0.9767519103235568,0.02315470579865251,8.384508258402261e-05,8.688144365686659e-06,8.506508409152168e-07
N4724HD,0.5724780488967232,0.23912188499895554,0.18328633451944093,0.005059309112849912,5.442247203046872e-05
N4726HD,0.1695650557325798,0.763698127360935,0.0657915010230269,0.0008949078030715102,5.0408080386742174e-05
N4735HD,0.9752594591253373,0.024580797779749138,0.00014648405629111354,7.898797572190234e-06,5.360241050254152e-06
N4063HD,0.8099870756933937,0.15524545209685214,0.03223876679569347,0.002144484769360035,0.0003842206447006511
N4712HD,0.9835601962233087,0.016218566252458676,0.0002040321163048291,1.5626869580747967e-05,1.5785383471248737e-06
N4738HD,0.06560400571374111,0.0784972582031159,0.7956434321837176,0.05429105889863282,0.00596424500079261
N4740HD,0.04488123791045563,0.06413870787574878,0.5367234791739164,0.2784875700770531,0.07576900496282618
N4742HD,0.002521866853567304,0.02395827318124474,0.5342710740863854,0.3044600370789778,0.1347887487998248
N4745HD,0.9962750903416183,0.0035790933925315925,0.00013646122294997488,8.022852371787324e-06,1.3321905284102245e-06
N4747HD,0.9656108447661647,0.03351630203474075,0.000773749318695445,7.651771187052918e-05,2.258616852871094e-05
N4750HD,0.982207338336016,0.0168699155154873,0.0006292232845571754,0.00028875370695005,4.769156989602856e-06
N4752HD,0.0004691340826638764,0.023091898358791215,0.7580352032750978,0.21327635589756355,0.005127408385883618
N4754HD,0.8838478531498153,0.11477991470698992,0.0013205807257611428,4.1652410972917854e-05,9.999006460808329e-06
N4755HD,0.547826223192198,0.28375721304230345,0.15910429452359848,0.007549066256868235,0.0017632029850317508
N4756HD,0.6066080421529632,0.17265907578206888,0.2155521123000029,0.004131638571242098,0.0010491311937228843
N4757HD,0.9842262796637881,0.015453890847407111,0.0003032251267738441,1.4636914579487288e-05,1.967447451456317e-06
N4759HD,0.8502602248450548,0.14690100443713547,0.0025597137688802723,0.00027481680722137833,4.240141708045362e-06
N4762HD,0.8463132377783691,0.11655006974969313,0.035967601756171544,0.001089761429556243,7.932928621010202e-05
N4763HD,0.7644337829719932,0.1943203546536179,0.03782766698364386,0.00109293728081951,0.0023252581099255263
N4767HD,0.9934910519360364,0.006050782439118227,0.00036901448947764074,8.763027733067409e-05,1.5208580369427688e-06
N4769HD,0.13809346631912525,0.38353333041677395,0.45907395544817203,0.018838695110071857,0.0004605527058568332
N4770HD,0.9795480434257667,0.019609680380970367,0.0007698303495665692,6.871700987113333e-05,3.7288338251798776e-06
N4676HD,0.6727722711471716,0.2853652976581278,0.03571279075802274,0.004421005061422843,0.001728635375254946
N4614HD,0.29456264434395335,0.08862412919769287,0.6084206967220203,0.008045603616376596,0.0003469261199569919
N4774HD,0.38212823226777204,0.2773251369627617,0.3265019755266264,0.013585395685344401,0.00045925955749543285
N4778HD,0.15993218848470822,0.19360434701091422,0.369216920292849,0.2683083008682552,0.00893824334327341
N4780HD,0.00013002264235391413,0.002825406715899112,0.07073126367510772,0.6599057111553461,0.26640759581129314
N4783HD,0.9608197149060947,0.03384731227619431,0.005043825347307914,0.00018779850041155245,0.00010134896999152529
N4789HD,0.9927978395871164,0.006760623016459582,0.00040274896341817686,2.8653114638693552e-05,1.0135318366982986e-05
N4792HD,0.9576084092278856,0.04172908390659583,0.0006441901933417301,1.6492485900363803e-05,1.824186276724916e-06
N4793HD,0.006298170988811393,0.3781460898733331,0.5919201917552238,0.021159842371045075,0.002475705011586789
N4794HD,0.0014954181441866783,0.017838593781188735,0.42410629352891344,0.5426255508486288,0.013934143697082266
N4799HD,0.9773006088152366,0.020445448704814285,0.00218877632187671,6.091456215373728e-05,4.251595918537773e-06
N4800HD,0.9976909394093624,0.002291188806293289,1.5034445471222438e-05,1.8032477649633877e-06,1.0340911079938646e-06
N4808HD,0.18205045789301622,0.7877411039058223,0.028924917990308687,0.0012567071901318446,2.6813020720983135e-05
N4809HD,0.8714555852949804,0.1205163842197499,0.007483056344752859,0.0003407177228356847,0.00020425641768124809
N4634HD,0.9422372257435676,0.05203204954609308,0.004480899737328844,0.0012271663123015585,2.2658660708960737e-05
N4784HD,0.9926529385452901,0.007296163567560339,4.916489732566457e-05,1.4023440706648134e-06,3.3064575298118074e-07
N4815HD,0.989999397299942,0.009967795617219994,3.1124571190446757e-05,1.263884489649997e-06,4.186271579420459e-07
N4816HD,0.995185347685446,0.004614910677119314,0.00017852033520890758,1.9923961932224808e-05,1.2973402934830633e-06
N4817HD,0.84654858405118,0.15002402809872648,0.0032359780719459844,0.0001707317055453295,2.0678072602178834e-05
N4818HD,0.9992032687410174,0.0007715308299569468,1.5723803609255385e-05,8.459869359522444e-06,1.0167560569873287e-06
N4821HD,0.031250910862666986,0.9603346211139966,0.00820926215767632,0.00019872774886688967,6.478116793133269e-06
N4830HD,0.996657200394695,0.003168567401291357,0.00016292699116262418,1.117155529835368e-05,1.336575528515367e-07
N4748HD,0.9968809907855768,0.0030872051607059997,3.084825704781828e-05,7.729594884167216e-07,1.8283718096028967e-07
N4684HD,0.9956347626081046,0.004289680911614978,6.182784282666536e-05,1.2051348594104312e-05,1.6772888596571192e-06
N0389HD,0.02289115741464652,0.9646844629777177,0.012308603262376016,0.0001075336485855042,8.24269667407542e-06
N4796HD,0.9540223503190803,0.03994805682704129,0.005210162084152214,0.0007511422487727921,6.828852095343514e-05
N4834HD,0.0005890923188727387,0.006776212621518305,0.5805220450473703,0.4095120121289954,0.0026006378832433242
N4835HD,0.27205291403547516,0.7257081652087044,0.0021845049415850372,4.712752965418252e-05,7.288284581152858e-06
N4837HD,0.9506517584941916,0.04891934957837541,0.0004128322127780129,1.228099684148827e-05,3.7787178135838806e-06
N4838HD,0.0695434466552874,0.9120373614420174,0.017935087752519542,0.0004669320893201889,1.717206085557206e-05
N4839HD,0.05403445568263875,0.8927031281891935,0.05094433472278471,0.0022832583259025487,3.4823079480596294e-05
N4842HD,0.9346790370486998,0.056506048497274634,0.008423219826578003,0.0003788506942275511,1.2843933220098304e-05
N4844HD,0.9976164793122047,0.0023776920643072937,4.885531410570376e-06,7.559251847932502e-07,1.8716689262018575e-07
N4846HD,0.0889104677171873,0.25039457337426707,0.3557215161049014,0.2740141458780292,0.03095929692561507
N4847HD,0.9867130001620156,0.01318990012501199,8.454425839501549e-05,1.1158843333563655e-05,1.3966112438305242e-06
N4849HD,0.6530537626967465,0.31951798112305657,0.020978518288860902,0.005905555472667743,0.0005441824186682103
N4852HD,0.13686881385810856,0.7613038367323596,0.09178445926636901,0.009806198343133026,0.0002366918000300393
N4853HD,0.9794856568562016,0.02028460895997005,0.00020597410605671345,2.2418718807507424e-05,1.3413589640959443e-06
N4856HD,0.9973282674126694,0.0026559681897388335,1.4201971168717763e-05,1.4922377915286922e-06,7.018863138590247e-08
N4858HD,0.9983266217979831,0.0016571361123037603,1.4805526871650081e-05,1.3104339914472274e-06,1.2612885005104984e-07
N4860HD,0.11101977115416266,0.2842190492832583,0.5869636052625288,0.01664407780902735,0.0011534964910229566
N4861HD,0.9943475185554522,0.0056204281584708565,2.862520998825511e-05,2.7220428222614347e-06,7.060332663496591e-07
N4863HD,0.9746608719546409,0.02518420564977506,0.00012505863691694824,2.7060056418726948e-05,2.8037022483830597e-06
N4864HD,0.9963307922774653,0.003620344795881946,4.597143928819089e-05,2.6945540081460044e-06,1.969333562323495e-07
N4866HD,0.9943505361751671,0.005575424575399563,7.009835111996613e-05,3.5071076904834504e-06,4.337906228974849e-07
N4012HD,0.9883783583688378,0.010928486875826373,0.0005304201948641527,0.00015580004823527352,6.934512236585399e-06
N4825HD,0.3674555168070989,0.3396243201155365,0.24398549719475301,0.04612685553247312,0.0028078103501385575
N4875HD,0.033106776124039235,0.42812617075677883,0.47476989590109425,0.06030423090296075,0.003692926315126929
N4878HD,0.013090768710041232,0.05031893555305241,0.1836046667011049,0.2892378176352765,0.46374781140052496
N4883HD,0.08023877973310126,0.5900052515191462,0.3154089280553392,0.014153212244896955,0.00019382844751653902
N4884HD,0.9352024664969879,0.06245854557107983,0.0022418289190531365,8.756258989890667e-05,9.596422980303932e-06
N4887HD,0.3954591711672088,0.4492558865793524,0.1524295675340173,0.0027913099768196005,6.406474260187846e-05
N4891HD,0.9732800038153778,0.02629973675362097,0.0003864094481673405,3.2490012054794766e-05,1.3599707791093353e-06
N4892HD,0.4533366240665025,0.49138445274006126,0.05092609270173945,0.004164338725205483,0.00018849176649134803
N4895HD,0.9837208766445682,0.012375534652620623,0.003823789191900114,7.783930145113265e-05,1.960209460163863e-06
N4899HD,0.9920225275273433,0.007926542484843977,4.750197650829214e-05,2.9454152177515345e-06,4.825960868188244e-07
N4898HD,0.5929530993065728,0.3698877917165856,0.036107320925131546,0.000975073520558303,7.671453115166655e-05
N4902HD,0.9818601734581668,0.017634094055761766,0.00039146530443603586,0.0001098538459577974,4.413335677633484e-06
N4904HD,0.08665038727857731,0.3550574744388846,0.5053080270616932,0.044350635816547926,0.00863347540429705
N4906HD,0.9868316303727084,0.012441849178386056,0.0005591559550202357,0.00016347630156155735,3.88819232404849e-06
N4909HD,0.6828295229176524,0.05733127883839076,0.2552360781861779,0.004200904403834375,0.0004022156539446362
N4912HD,0.9520371391374852,0.04537345932416312,0.0023854388249174357,0.00019666520049527265,7.297512938870481e-06
N4913HD,0.9551555756405478,0.04457706264326806,0.0002592109672791561,7.757808736855808e-06,3.9294016844586464e-07
N4914HD,0.596591898251026,0.33812119426207726,0.056786375829982444,0.008196909563522117,0.00030362209339229317
N4908HD,0.9984448756995058,0.0015457756220125663,8.854927379607888e-06,3.5849063539337116e-07,1.3526046680776114e-07
N4937HD,0.9951342607843062,0.004842155600376967,1.868449011172444e-05,3.4050625455618117e-06,1.4940626597324861e-06
N4938HD,0.9908379524646761,0.00912012044625613,3.6064507870931825e-05,5.270549061480729e-06,5.920321354132591e-07
N4949HD,0.9853682902729609,0.014376056353434037,0.00020623429066421727,4.3622159836052004e-05,5.796923104677136e-06
N4952HD,0.9809137048501217,0.018544996986484905,0.00043015405471697886,0.00010850346693187084,2.640641744559618e-06
N4954HD,0.810378712314326,0.1799435303585402,0.009465841718845971,0.00019776599162793333,1.414961665981179e-05
N7917HB,0.9967561527494652,0.0031975663074296236,4.537407618962975e-05,5.367174774989618e-07,3.701494381939618e-07
N4951HD,0.9884395434216825,0.011517209546756713,4.188659483786032e-05,1.1279533325070764e-06,2.3248339067649762e-07
N0385HC,0.28702607044398737,0.29131124979072875,0.3340655991871817,0.06855121446782031,0.01904586611028187
N3920HD,0.8626302835601288,0.13281659534118495,0.00435952683620707,0.000153951862549393,3.964239992988257e-05
N9498GW,0.9948488998361603,0.004894759759397822,0.0002447738744762608,1.0369128124507587e-05,1.1974018411898993e-06
N4961HD,0.9972122008399881,0.0027725303396449598,1.4160487105933424e-05,7.168144598351359e-07,3.915188013425429e-07
N4965HD,0.8550368821114278,0.12770636738817454,0.015784650629596098,0.0014211657180434394,5.093415275810735e-05
N4967HD,0.9854171852350738,0.014068576151036908,0.0004443047299413911,6.502708721386883e-05,4.906796734215631e-06
N4968HD,0.854801468809762,0.1244531642862365,0.015905962854668415,0.004535921693402176,0.00030348235593094964
N4973HD,0.9868002775847688,0.012841542551918815,0.00022232763115992099,0.00013504179434151194,8.104378108526581e-07
N4976HD,0.017751514532548602,0.24467854567582675,0.721912695399764,0.012766631239339044,0.0028906131525216344
N4977HD,0.9202475210211466,0.07795343699549963,0.001761326469873177,3.3495478515245586e-05,4.220034965214268e-06
N4978HD,0.964418189731292,0.03410313951243603,0.0012532829935849258,0.00021967692022437316,5.710842462613734e-06
N4982HD,0.858250738773362,0.11628569176632657,0.023197386257752604,0.0021153378154130376,0.0001508453871457316
N4983HD,0.37232914448001564,0.4293101855934114,0.17135016540750506,0.02654192929675302,0.0004685752223148222
N4984HD,0.9939876188781436,0.005920161335228915,7.849962688557564e-05,1.009326695694431e-05,3.6268927848901376e-06
N4992HD,0.001347845928473436,0.02618731415143712,0.14593367448236796,0.774878163676931,0.05165300176079059
N5000HD,0.9032379380442688,0.08464214637423907,0.010791427894349179,0.001156794665583489,0.00017169302155952828
N5006HD,0.9351702722494026,0.05760304062055175,0.006879172553793329,0.0003288342721516529,1.8680304100816977e-05
N5007HD,0.983460798308137,0.015553193936052489,0.0008822621917044429,8.136409994032087e-05,2.2381464165681343e-05
N5008HD,0.5502920093354173,0.3978993555482079,0.04775637044229816,0.0040261527700554646,2.61119040212151e-05
N5011HD,0.7232267632893062,0.19795157971529032,0.07609586014450584,0.002098094818705259,0.0006277020321923163
N5020HD,0.8972215251430669,0.08897568175535747,0.01330353201026667,0.00038632426931525907,0.00011293682199364164
N5024HD,0.9842648629554098,0.015573438351444925,0.00014325368384702442,1.8197153528274555e-05,2.478557699067553e-07
N4826HD,0.9975823484086597,0.002345056126813684,6.726008869631394e-05,4.87796175687773e-06,4.5741407352109787e-07
N5032HD,0.9912655121756107,0.008335904931823847,0.0003601751189917747,3.361626389845492e-05,4.791509675316564e-06
N5041HD,0.9986585002962367,0.0013375272362913585,3.6406866152557116e-06,2.775382804257762e-07,5.424257630550686e-08
N5043HD,0.9993919872378689,0.0005890171267278835,1.83836378336144e-05,4.008053372912522e-07,2.1119223237974578e-07
N5044HD,0.07513824928550959,0.20186597359106942,0.5858446605967449,0.11565922612067502,0.021491890406001118
N5045HD,0.9935441981760157,0.006267827948114044,0.0001521474590996351,3.13452583306038e-05,4.481158440002488e-06
N5004HD,0.9987492934772757,0.0012409034813458915,8.942634103071536e-06,8.224045581406804e-07,3.800271705395792e-08
N5055HD,0.9695273716976499,0.02708908626467088,0.0030939269375165022,0.0002841154080694727,5.499692093433154e-06
N5056HD,0.09280024495558672,0.1819994011960313,0.45524100060042355,0.2094890566616906,0.06047029658626761
N5057HD,0.9946323300217125,0.00528692972988749,7.761799095139136e-05,2.8889810481701656e-06,2.332764004914583e-07
N5059HD,0.7607694756095088,0.12413779266427985,0.11172797585332045,0.0028137198407612307,0.0005510360321295722
N5061HD,0.9714101960855976,0.026921419347838694,0.0013072766031223002,0.00034919917067589146,1.1908792765385422e-05
N5018HD,0.997147021309347,0.002820599910673913,2.997587047425614e-05,2.184859492949316e-06,2.180500119282076e-07
N4896HD,0.9933501713181007,0.00658748319431282,5.604365204522692e-05,5.1542444331420875e-06,1.147591108254353e-06
N5064HD,0.992108294038945,0.007392284256496365,0.0003877672938664064,0.0001090278560070923,2.6265546851794924e-06
N5065HD,0.9344202536784889,0.06205175904016291,0.003006423158531881,0.00047609715070015134,4.5466972115978374e-05
N5067HD,0.4550196368403229,0.36499366719302784,0.15782115440844494,0.020297255917430448,0.00186828564077381
N5070HD,0.12322438758747595,0.4489708378817222,0.3470979289370218,0.07910649145251562,0.0016003541412642891
N5071HD,0.5962519436387546,0.3651051144043716,0.03730619889957136,0.0013115793516399767,2.516370566257652e-05
N5072HD,0.5319256060769385,0.3975246183506404,0.06821603631736395,0.002282401465912387,5.1337789144688235e-05
N5074HD,0.9891377776832992,0.009504932562750331,0.0012730233564968024,7.990019834360145e-05,4.366199109988188e-06
N5075HD,0.9987209111236777,0.0012678759385100474,9.648810335608606e-06,1.3938922721616071e-06,1.702352044982674e-07
N4923HD,0.9922639822064394,0.0073897755491009465,0.00030641709507123947,3.485416764674226e-05,4.970981741732673e-06
N5076HD,0.9855824095650482,0.014312812109442028,0.00010091530908748552,3.4159927122206756e-06,4.470237101254752e-07
N5079HD,0.02389482706806359,0.19905662375875532,0.6987007400291778,0.07050089273519429,0.007846916408809105
N5080HD,0.7385804439009205,0.18139176818730135,0.07579905420832206,0.0038732244875780454,0.00035550921587808174
N5082HD,0.9939135531554871,0.005943873521196401,0.00012990293445475692,1.2168455557464967e-05,5.019333040966391e-07
N5083HD,0.9752356080245438,0.023333444521361074,0.0010767358338661032,0.0003301509800028361,2.4060640226341875e-05
N5085HD,0.21665860849101423,0.3284566324599177,0.4452486301150982,0.009334102325331725,0.00030202660863822884
N5051HD,0.4519894080153084,0.4751457953303775,0.07172592891596112,0.0010898143047982968,4.905343355485669e-05
N5039HD,0.003241920486734037,0.06339438769195059,0.7352917118647294,0.16776584118323104,0.030306138773354776
N5088HD,0.9885051780682491,0.011448462859052124,4.491098412422907e-05,1.190256088836645e-06,2.5783248579692665e-07
N5091HD,0.08473560015068765,0.9132810245457114,0.001926468670638742,5.414326920946877e-05,2.7633637526816585e-06
N5093HD,0.00035238098144587895,0.0011847693933721341,0.11511906749625325,0.8399281007372847,0.04341568139164403
N5100HD,0.001913007923733041,0.036017555544060255,0.3409337232007379,0.608428708262389,0.012707005069079916
N5103HD,0.009674671545238041,0.06149464955310276,0.48525896955984515,0.29481281712039564,0.1487588922214184
N5104HD,0.9986260950845246,0.0013650454593086545,8.073443831360955e-06,7.308840406453291e-07,5.512829462403362e-08
N5105HD,0.9761763482905018,0.023059770690644046,0.0006741551621994022,8.56822002313906e-05,4.043656423311293e-06
N5106HD,0.9736662464013064,0.02520597596632811,0.0011093871737192504,1.590868152999278e-05,2.4817771162939582e-06
N5109HD,0.8721867332122651,0.1251758688202183,0.002541205643083077,7.86699173638624e-05,1.7522407069469315e-05
N5112HD,0.8386264690689891,0.1365516117330426,0.02252514125828668,0.0021429265708065343,0.00015385136887512
N5115HD,0.9963361206715876,0.0034015600403688624,0.00022636026903645947,3.462295262577181e-05,1.3360663812027728e-06
N5120HD,0.0012583231427613,0.0034664663583422214,0.34499401878873304,0.6295658042481652,0.020715387461998327
N5121HD,0.9708310795823174,0.028710199478520403,0.00037631606692215425,7.8290160054414e-05,4.114712185925023e-06
N5122HD,0.9736971650760909,0.018972467221732736,0.007211707018808152,0.0001156017801674972,3.058903200769266e-06
N8305HB,0.9894701549289006,0.010475184544287267,4.4584494584117854e-05,9.76156140720443e-06,3.1447082099686137e-07
N5126HD,0.07909701841614358,0.07300108224521731,0.4404226053791117,0.3020885636425529,0.1053907303169746
N5128HD,0.9990365130195001,0.0009454445745721697,1.730449781607638e-05,6.723873129477633e-07,6.552079877419853e-08
N5133HD,0.0030765716944680705,0.020592247493699225,0.69774876039305,0.24965645602687062,0.02892596439191197
N5135HD,0.9851521875184968,0.014403983055969394,0.0003909103529188687,5.159633161704851e-05,1.3227409978800573e-06
N5143HD,0.9904489111627708,0.009164202392111924,0.00037823442882467653,5.839237072959553e-06,2.8127792194626686e-06
N5144HD,0.8366791782423598,0.15306041119689986,0.009889043598378725,0.00035036579924606993,2.1001163115671765e-05
N5149HD,0.4103355679694559,0.17433385058650458,0.27435080170589493,0.13451763406283584,0.006462145675308751
N5152HD,0.8142905341842415,0.1813062717091362,0.004283892710195232,0.00011462889676209931,4.672499664810238e-06
N4394HD,0.2758506507456787,0.41878627655806744,0.25882317983237074,0.04274494483390505,0.0037949480299781144
N5029HD,0.39963721075649977,0.20547277005897102,0.3133121250937624,0.07409732744687852,0.007480566643888307
N4368HD,0.9989449193982435,0.0010484253775602875,6.285956818559779e-06,2.7528816662910925e-07,9.397921119449754e-08
N5013HD,0.2997545024194168,0.2718013340579592,0.4124228946866071,0.010491650842326335,0.005529617993690462
N5153HD,0.8096959055842994,0.17533176429169572,0.01441741110518671,0.0005209652706818341,3.395374813625037e-05
N5157HD,0.9918828998830997,0.008052879101915916,5.481274803370403e-05,5.992095390458431e-06,3.416171560212518e-06
N5170HD,0.9830817853832197,0.01577906608835295,0.0011163375612485815,1.631423503000604e-05,6.496732149008916e-06
N5172HD,0.9840915519993009,0.01400386641076391,0.001741974262194889,0.0001359451426747903,2.6662185065646896e-05
N5173HD,0.9923878398427309,0.006734796433393386,0.0008287365864452032,4.6041843372292056e-05,2.585294058364447e-06
N5147HD,0.6931947682350871,0.30110597125233296,0.0049614072347827385,0.0006469860564325355,9.08672213646259e-05
N5178HD,0.9813528020230502,0.018096975605515753,0.0005118624128667261,3.6207929801683923e-05,2.1520287657069557e-06
N5180HD,0.7892386110700318,0.1640249459925216,0.044282532019499596,0.0020418713955835345,0.0004120395223635896
N5181HD,0.9048775864683792,0.06133483223082797,0.03223905457952819,0.001412013467037136,0.0001365132542275435
N5182HD,0.9972729154127495,0.002704503204026942,2.0986056172979756e-05,1.3725351760512695e-06,2.2279187462355307e-07
N5183HD,0.22880131263700806,0.7664751489148653,0.0046323180619438995,7.35803132336344e-05,1.7640072948966695e-05
N5185HD,0.7474400446017779,0.11960363470356795,0.09157853599074395,0.04044265531328745,0.0009351293906228042
N5187HD,0.18894323343349634,0.12010051258533384,0.3933667193897185,0.19908754015586103,0.09850199443559046
N5188HD,0.4265618748394669,0.40224961738525083,0.0845649499160085,0.08481982694033101,0.0018037309189427263
N5190HD,0.00474234307979067,0.01770947178813438,0.7758190511292425,0.17540142407059717,0.02632770993223526
N5192HD,0.8534888802735651,0.1457067530333521,0.0007921399029635497,8.66810136799917e-06,3.5586887514676743e-06
N5193HD,0.9703993957821817,0.028507645302122627,0.0010092812707004075,7.030420978324531e-05,1.3373435211808019e-05
N5197HD,0.9977525539257607,0.002117899024621975,0.00012765466007543671,1.3727071023386473e-06,5.196824396520253e-07
N5198HD,0.763920597062482,0.1190017624294305,0.08889762565418075,0.02611561934218727,0.0020643955117194044
N5199HD,0.9111134439745179,0.08276858080279713,0.004712706797188309,0.0013250783490047755,8.019007649192678e-05
N5200HD,0.9835127823797497,0.016076163325373264,0.00039357197573399464,1.3970501551421951e-05,3.5118175914195485e-06
N5203HD,0.03064612595382021,0.07295314212848028,0.6993835711125891,0.18574273635546026,0.011274424449650142
N5209HD,0.06544287046100028,0.20776289150626157,0.5789235698989667,0.14597850092826584,0.0018921672055056877
N5212HD,0.9927310632587985,0.007240721676052566,2.6111743650543957e-05,1.921150486290858e-06,1.8217101199377297e-07
N5215HD,0.9366582347545038,0.052732420819144546,0.010223684180769499,0.00032001123241700224,6.564901316531586e-05
N3574HD,0.9923907307639224,0.0073583831564506055,0.00018905231887781225,5.9202728310109304e-05,2.631032439120356e-06
N4760HD,0.0054753266361905915,0.11762216110097662,0.524479074302828,0.2885928362135876,0.06383060174641704
N5225HD,0.9948268071477846,0.00511586135287725,5.2877458063088886e-05,4.05970750426562e-06,3.9433377085502955e-07
N5226HD,0.9328434416891557,0.06305498150304871,0.003328780628315347,0.0006312771784461855,0.00014151900103405516
N5227HD,0.9822286943581655,0.017087319442786627,0.0006071545177887354,7.565958716374277e-05,1.1720940951815707e-06
N5233HD,0.0006165330707029304,0.006311610066058291,0.09676951694420269,0.5539156061725036,0.3423867337465325
N5238HD,0.9909351593102507,0.00844448864885614,0.0005669945896472613,3.312276002568826e-05,2.023469122039389e-05
N5241HD,0.9870153917333383,0.012255658629227773,0.000700114975990681,2.165014593315346e-05,7.184515510115283e-06
N5243HD,0.002083947906006938,0.05694792963479035,0.6358460036621358,0.30220530298846293,0.002916815808603885
N5246HD,0.7862157244166563,0.1981562397814414,0.014171162823518409,0.001196728138903187,0.00026014483948076693
N5247HD,0.0004080541225708879,0.0008247984023040778,0.3875733057299797,0.6079458101619456,0.0032480315831996806
N5248HD,0.887026629449181,0.04692913159391463,0.06349774563092357,0.002358268385083132,0.000188224940897918
N5253HD,0.8928434673523481,0.09448308612138612,0.011802657130780233,0.00045384171223512273,0.0004169476832503383
N5257HD,0.042085290677305445,0.0844912834294617,0.6391374445596855,0.21904974285695988,0.015236238476587487
N5259HD,0.0022436686228923743,0.0095991147852813,0.20525055739147408,0.2947658516694117,0.48814080753094063
N5262HD,0.2207233593172704,0.4799630301145288,0.28619981131446226,0.012888366481053095,0.00022543277268542464
N5266HD,0.7061581906176955,0.2294336464019509,0.05906188642010763,0.005168541429130676,0.00017773513111513325
N5270HD,0.9807329697833821,0.018294671711840352,0.0008299101381588248,0.00013587632263153986,6.572043987140803e-06
N5271HD,0.7965108679305278,0.18130939965488171,0.020829488497836415,0.001272396396776893,7.784751997725201e-05
N5273HD,0.9878952987931401,0.011541460828994437,0.0005351021732011381,2.5184230951300298e-05,2.953973712935336e-06
N5274HD,0.9936089495616528,0.006129726586001217,0.00023913850530233406,2.1485301471112426e-05,7.000455725039846e-07
N5211HD,0.6830074095128756,0.25174000326911106,0.05868511217871162,0.00640225822732883,0.0001652168119728539
N4843HD,0.9004422974826319,0.08795502889513956,0.010219250787742253,0.0012295774851378807,0.0001538453493483337
N5287HD,0.9678695237648337,0.031128165799552722,0.0008349274261458821,0.00016167771192201382,5.7052975456466395e-06
N5286HD,0.23129686681020098,0.10996338545194223,0.5473700450593898,0.09629802418953334,0.01507167848893366
N5292HD,0.036887180773875095,0.08648795848892571,0.6191409903992561,0.23929311747300122,0.01819075286494186
N5294HD,0.972220818357239,0.02758188390630815,0.00018071414364864385,1.4117330603741596e-05,2.4662622005061866e-06
N5296HD,0.7163118758626432,0.23216449657657637,0.03991572342022754,0.011273265654873155,0.0003346384856796621
N5298HD,0.9920635473185718,0.007566115353916852,0.0003605561525589593,8.923134870658926e-06,8.58040081667171e-07
N5303HD,0.9845950639026708,0.010217129664507838,0.005087835248063609,9.722852523575108e-05,2.7426595220253868e-06
N5305HD,0.13773094735521474,0.6183833216124819,0.21759219081659925,0.025698966370649362,0.000594573845054827
N5306HD,0.9894675621136565,0.010411604328633436,0.00010241056432531947,1.7718614341852996e-05,7.043790428778109e-07
N5307HD,0.025170198944551688,0.34923141891477055,0.3181610994407527,0.20528683212197307,0.10215045057795191
N5311HD,0.5505810394553107,0.3060275670165414,0.14031315987878804,0.003017178908375965,6.105474098396176e-05
N5314HD,0.9979716183055702,0.0019572533185239546,4.744592206324395e-05,2.300047810680722e-05,6.819757355246847e-07
N5073HD,0.05155577965175771,0.10643168118762543,0.5852211720357554,0.230058208569916,0.026733158554945582
N5277HD,0.030959124675566472,0.07233577783627099,0.4050622227178982,0.31002121063337806,0.1816216641368862
N4885HD,0.9983401331203229,0.0016165918608135954,3.845578692530255e-05,4.1653725942663346e-06,6.538593438230415e-07
N5318HD,0.012506207256464936,0.163386060129189,0.6674017552043705,0.14560851276831085,0.011097464641664717
N5321HD,0.9848752724178631,0.014285395928653175,0.0006472671651507149,0.00018625382954743237,5.8106587856832515e-06
N5323HD,0.999253472648611,0.0007455760413033721,8.582366560700544e-07,7.815694579259557e-08,1.4916483731438475e-08
N5324HD,0.9736320712715415,0.023740627759570875,0.0025650367568700355,5.395122331109674e-05,8.312988706556914e-06
N5326HD,0.9840070650506922,0.015630635202740967,0.0003151151173169714,4.2937673755267546e-05,4.246955494833398e-06
N5327HD,0.9782399915066545,0.02158405974928973,0.00016856124724577568,6.1588119414128255e-06,1.2286848686874508e-06
N5329HD,0.007893483558798379,0.05291142844579104,0.9163520473529084,0.01879999697543394,0.00404304366706818
N5331HD,0.9904595964471399,0.009256378723782998,0.0002378891031594411,3.3005685825546215e-05,1.3130040092249055e-05
N5332HD,0.9834290702890975,0.015305958947142628,0.0009347872710640038,0.0003135065229812564,1.6676969714366617e-05
N5333HD,0.9962622777635688,0.00369543599527564,3.9714816583761255e-05,2.3660292857088405e-06,2.0539528620397189e-07
N5334HD,0.02383687613151968,0.9731241630014288,0.002889068312738173,0.00014228494129007118,7.60761302321493e-06
N5338HD,0.006820043298247488,0.01560668092523244,0.45863315011278727,0.31230259234485575,0.20663753331887705
N5339HD,0.0008813295681090414,0.009205374259190189,0.8852095975313249,0.09864238146264473,0.00606131717873123
N3820HD,0.010267223990199513,0.067053757405309,0.5787173864037277,0.26786421597275517,0.0760974162280085
N5342HD,0.9906771109137177,0.009144654950302216,0.00017312640252064622,4.780066055467037e-06,3.2766740397567165e-07
N5345HD,0.9625892800538304,0.03472595581371826,0.0018395447011335612,0.0007840383619593582,6.118106935843133e-05
N5346HD,0.9973525882362408,0.0026194819719930775,2.4450674976247398e-05,3.1892513660025713e-06,2.898654238374651e-07
N5348HD,0.0185750395854785,0.06423775241647912,0.23593960486065016,0.5270178499071938,0.15422975323019833
N5351HD,0.8697215097667773,0.11791608073039662,0.010641057327282655,0.0015235550471048946,0.00019779712843855188
N5354HD,0.001422582529326525,0.01237546733978915,0.3824145386369381,0.6021472313942846,0.0016401800996616017
N5355HD,0.8746517571858821,0.12153319997000803,0.0037244653937244716,8.1169525598101e-05,9.407924787196586e-06
N5362HD,0.9963983750888923,0.0035828166339801036,1.726786279597245e-05,1.3728719706361128e-06,1.6754236100843337e-07
N5364HD,0.9874082957709371,0.011488374220102368,0.0010830142728052842,1.7783819765545236e-05,2.5319163897710506e-06
N1264HD,0.06768825629910544,0.8105492696026383,0.12067466868147765,0.0010442403028149804,4.3565113963597864e-05
N4985HD,0.47637655216665276,0.25182545313931654,0.1938144310600711,0.07214271632526766,0.005840847308692192
N5368HD,0.003075506791565549,0.03571175371013645,0.7158839665723691,0.23483559784478691,0.01049317508114219
N5371HD,0.99477840759687,0.005057803757129982,0.0001529318284354086,1.0383222969074436e-05,4.7359459562820165e-07
N5372HD,0.9952795730154975,0.004622594191021121,9.476719793865978e-05,2.8297060357922458e-06,2.3588950681207255e-07
N5373HD,0.9864452659697273,0.013453908332831601,9.113546541277885e-05,9.003245988312166e-06,6.869860397719908e-07
N5374HD,0.9630834323856163,0.03545585524336919,0.0013580172789899932,8.378484675338679e-05,1.891024527099043e-05
N5377HD,0.9842663720394066,0.015124537695968873,0.0005758757637532024,3.084510202976099e-05,2.3693988413167713e-06
N5379HD,0.9935819496998621,0.006117986720906302,0.0002867229593367476,1.2344937838264497e-05,9.956820565198794e-07
N5381HD,0.10446539270803576,0.10208854253460385,0.44584053819041775,0.29196859216439963,0.055636934402542956
N5383HD,0.21764538244248846,0.09752863003609846,0.4411250629544941,0.2335224883070073,0.010178436259911747
N5385HD,0.9956974246037524,0.004284077621491253,1.7744400333872265e-05,6.068676878650526e-07,1.465067345318916e-07
N5387HD,0.0017231041234452812,0.021864246438805256,0.14370552905607517,0.46372947417102073,0.3689776462106536
N5388HD,0.04923496967910792,0.08751249361833344,0.5154992859465405,0.3380509304378554,0.009702320318162821
N5389HD,0.036367557818718595,0.35036786820899896,0.5934482427890237,0.01884175500556809,0.0009745761776905222
N5391HD,0.9738126207910488,0.024462029987042486,0.0016699398006233101,5.066315346788164e-05,4.746267817267663e-06
N5393HD,0.8311491585544227,0.1662363063847618,0.0024972127989733844,0.00010893488384080092,8.387378001276826e-06
N5395HD,0.9897925396088383,0.008415999302007267,0.0016107963626979924,0.00017219935492458817,8.465371532068212e-06
N5397HD,0.9840582406277978,0.01421650388286616,0.0016103688902836789,0.00010754743639807269,7.3391626541360515e-06
N5398HD,0.9833124461692123,0.015875634430734954,0.0007666695630345852,4.3348282354029635e-05,1.9015546641241157e-06
N5386HD,0.18167894788498967,0.732214513171362,0.08579789441835053,0.00029122185204619974,1.7422673251571744e-05
N2483HD,0.9956643008142274,0.004042697669996923,0.0002803294533831231,1.1617346800871499e-05,1.05471559185949e-06
N5402HD,0.9898187165566819,0.00957808873821675,0.0005848440527112438,1.5433633681207773e-05,2.9170187085967244e-06
N5404HD,0.9610836111099638,0.03656008375445246,0.002051948186270458,0.00029703317975013664,7.323769563167463e-06
N5405HD,0.9986636588607449,0.001304979394788193,3.077754175727242e-05,4.7055167326538577e-07,1.136510361693416e-07
N5407HD,0.5476298402560733,0.35535069610183384,0.06968865500067632,0.026192728790896316,0.001138079850520164
N5414HD,0.9690276437634722,0.03069051692968163,0.0002584708888172854,2.02458568158429e-05,3.122561212922647e-06
N5415HD,0.9973274073605843,0.002646261067513153,2.0624296649220648e-05,5.286865375811515e-06,4.2040987752766317e-07
N5416HD,0.15528555407318947,0.8330454939779068,0.010990176903354002,0.0006021332393388165,7.664180621093989e-05
N5421HD,0.9796107570984611,0.01953557253151911,0.0007744600890989761,7.733265257756642e-05,1.8776283432762397e-06
