ncode,proba_0,proba_1,proba_2,proba_3,proba_4
N4541HD,0.9910162663620181,0.008794024952307805,0.00017749879593718633,8.587332003868304e-06,3.6225577330422662e-06
N4397HD,0.0007680144461131139,0.005170428447030511,0.1431894976036532,0.8484377451433777,0.0024343143598254606
N4544HD,0.9955906379335143,0.004386750750013748,1.8994945986975292e-05,3.567710535611558e-06,4.8659949289222583e-08
N4545HD,0.02116227541310862,0.0787228675778023,0.6593433732535963,0.1649757495324552,0.07579573422303762
N4546HD,0.5820231515532518,0.3851933581111281,0.032490304305007996,0.00028053441518625493,1.2651615425889427e-05
N4550HD,0.9978427905519733,0.002132851843263249,1.9373757077770848e-05,4.709198968302003e-06,2.746487175944438e-07
N4551HD,0.9594473679654363,0.04045547702677095,9.293467170643189e-05,4.051871423960893e-06,1.6846466223390996e-07
N4554HD,0.107359680776706,0.4542967028003057,0.41736857602390104,0.019331846507214485,0.001643193891872683
N4555HD,0.9673463654532463,0.03201895663595204,0.0005966251203974489,3.567968093707751e-05,2.3731094671753074e-06
N4556HD,0.8596325186400384,0.10858996449083477,0.024146980176204536,0.0066714310239380965,0.0009591056689840726
N4563HD,0.9459361283387008,0.047978578227105384,0.005647039367922379,0.0004133028920834668,2.495117418797225e-05
N4567HD,0.9980683071236396,0.0019103621043766374,1.8143938684296757e-05,2.948359900306305e-06,2.3847339923974144e-07
N4561HD,0.9964081179081837,0.0035814391279980168,8.095545414033085e-06,2.0933906238204184e-06,2.5402778058425495e-07
N4571HD,0.7449264817478666,0.12649843118391144,0.12184347621948331,0.005569614124653868,0.0011619967240848776
N4574HD,0.9965852644281393,0.0034054761102183958,7.862491597181957e-06,1.2233561697588417e-06,1.73613875331972e-07
N4575HD,0.9835831918192905,0.015648754715043223,0.0006464547837951867,0.00011443735354436512,7.1613283267733224e-06
N4579HD,0.6193310899873005,0.305332208785677,0.05737259152901616,0.01723765001056341,0.0007264596874429087
N4581HD,0.5845736751923116,0.3935405755309954,0.021607233876125346,0.0002651495250028734,1.3365875564722487e-05
N4584HD,0.6819836277126929,0.31139490267505515,0.006558552481022079,5.8391608377615535e-05,4.525522852332768e-06
N4578HD,0.9907509015912004,0.009105272288404563,0.00013898698747175482,3.34030514345923e-06,1.4988277797431433e-06
N4590HD,0.5919485695174765,0.38132427670532254,0.02583315605314847,0.0008735022949813194,2.0495429071105956e-05
N4593HD,0.0496186426593856,0.2798160482785586,0.3099042518046697,0.3573519349510105,0.0033091223063757154
N4151HD,0.18018268326716086,0.28433991825023597,0.2758786753827937,0.24080404463925026,0.018794678460559194
N4594HD,0.9976272359107474,0.002357452466195113,1.2491570361556297e-05,2.68627265647852e-06,1.337800394755338e-07
N4600HD,0.4008152645661032,0.5638653552560116,0.034559530314219704,0.0007516804429339991,8.16942073141026e-06
N4605HD,0.11336075780418813,0.2671540243262456,0.5824984932309298,0.03556008383825601,0.0014266408003804213
N4612HD,0.9808415386623468,0.017262960013491375,0.0017943937807634756,9.781988815954528e-05,3.2876552386627e-06
N1701HC,0.02939569533746715,0.09830310689564664,0.7919463758212182,0.0706763545633938,0.009678467382274309
N3705HD,8.419789624803126e-05,0.0011050690116098053,0.026833665910348786,0.4866570734167331,0.48531999376506035
N4589HD,0.9857407443808828,0.013785764624855246,0.00033556855857035995,0.00013272147074489885,5.200964946835474e-06
N4339HD,0.9982579457225875,0.0017290870300747197,1.1016533890552823e-05,1.8313449263653288e-06,1.1936852098866175e-07
N4615HD,0.016485710781868276,0.027715339728774116,0.21996461855091876,0.7024820965867714,0.033352234351667474
N4618HD,0.9923460769838047,0.007635276182678025,1.3757378608530736e-05,4.687124493994203e-06,2.0233041473466689e-07
N4624HD,0.9716530477512072,0.028161011324459605,0.0001816543817377199,3.9064665932696445e-06,3.800760022667421e-07
N4626HD,0.9848141136638205,0.014174302342612721,0.0008203996257388925,0.00017862434137750035,1.2560026450287268e-05
N4628HD,0.19780642595726264,0.4863232307930967,0.2809571845419475,0.03148862014067024,0.003424538567022927
N4638HD,0.39373497843385413,0.20354178150259505,0.26646098805989776,0.12870765529004358,0.0075545967136093975
N4639HD,0.9905835691759325,0.009169504690115158,0.00021472525602144236,2.913596561191511e-05,3.0649123188460738e-06
N4642HD,0.9985638412296723,0.0014189799711221097,1.575207240577693e-05,1.3693000896002162e-06,5.742671007703054e-08
N4646HD,0.9987714673454968,0.001210144126984902,1.7519701550863842e-05,7.75881277579819e-07,9.294468984613814e-08
N4631HD,0.9965018513885586,0.0034014073422284014,7.05279101840152e-05,2.577693461192724e-05,4.3642441692551115e-07
N4656HD,0.0020615859847446273,0.015679563317627578,0.6418105754982133,0.30231092590516695,0.03813734929424764
N4658HD,0.9876452692375728,0.010517132230509287,0.0016826245494506967,0.0001408667858788589,1.4107196588307792e-05
N4661HD,0.9943934872125407,0.005523045023222845,7.073258312892477e-05,1.226756398773583e-05,4.676171195900893e-07
N4665HD,0.9963715372121007,0.0036093144324479106,1.4728175212401271e-05,4.247151727606406e-06,1.7302851113179884e-07
N4667HD,0.9945466812059378,0.005398866147265724,4.466942881118272e-05,6.9999423237073725e-06,2.78327566169839e-06
N4669HD,0.9714087574161256,0.028533500685859355,5.3838669651213504e-05,3.1962153044962648e-06,7.07013059335997e-07
N4673HD,0.2313361138755116,0.27958512562306664,0.4609247811240773,0.021254875613892533,0.006899103763452021
N0760HD,0.1059388155563435,0.5869227216746744,0.2611210398560807,0.04578960515643138,0.00022781775647011865
N4672HD,0.9846050004939515,0.01359402266116163,0.0015639031240016652,0.00020997719470707918,2.7096526178106145e-05
N2593HD,0.9924055942198042,0.007531852659600633,4.093583212930872e-05,2.073408420154134e-05,8.832042644649773e-07
N4677HD,0.3461755833842741,0.5833001867453631,0.06435979878157587,0.0060064995574126,0.00015793153137418233
N4680HD,0.634000548199738,0.197664567349401,0.16334568115776052,0.004599508855200461,0.0003896944379001136
N4688HD,0.006613354042147295,0.02983837169998315,0.6105037239268366,0.3202175246337194,0.03282702569731359
N4689HD,0.9976073344046653,0.002348514086161177,4.1131712616950986e-05,2.6864449890842377e-06,3.3335156755196396e-07
N4691HD,0.5898184956681248,0.06344623743304291,0.2213783311445346,0.10327175234255462,0.022085183411743054
N4692HD,0.9207257744126345,0.062363919778850724,0.014564253497656561,0.0019705757691157286,0.0003754765417425148
N4694HD,0.0150040552730854,0.05221783614139694,0.8639411838793186,0.05396383968003561,0.014873085026163451
N4695HD,0.20265363632054662,0.6371950869381793,0.15732976886768058,0.002712044051092718,0.00010946382250083241
N4699HD,0.22156696369811635,0.1310463938285402,0.5805835415555233,0.06427082929307702,0.0025322716247431184
N4703HD,0.9561540353792161,0.03851634897353469,0.00455330503128184,0.0007539322667976876,2.237834916973452e-05
N4704HD,0.0004253495316525439,0.0012412302611125743,0.24838787519178412,0.7476599327403868,0.0022856122750637927
N4708HD,0.9992270807677548,0.000759232709483542,1.3297097707111704e-05,3.094318974313065e-07,7.999315718336264e-08
N4714HD,0.8558342799024095,0.0572247125764442,0.08022084512380964,0.0043956179599577835,0.0023245444373787517
N4721HD,0.1426223420953169,0.7114657706458067,0.07368512800540984,0.060127379095565245,0.012099380157901279
N4722HD,0.9904084084353255,0.009547839204882808,3.8760791615643074e-05,4.491481468502718e-06,5.000867074089317e-07
N4724HD,0.4752156519854561,0.43997341518426153,0.08116276486719666,0.003568609674364671,7.955828872098554e-05
N4726HD,0.09378718119909962,0.8496066943872821,0.055280892673354225,0.0013103024592162405,1.4929281047679221e-05
N4735HD,0.9923310363263876,0.007567752142636655,9.689298336061185e-05,2.4685816650900987e-06,1.8499659500045094e-06
N4063HD,0.8873719517626353,0.06862019521499146,0.03860896595503625,0.004871689558499269,0.0005271975088378207
N4712HD,0.9861574409217718,0.013671539357508368,0.0001573411598029716,1.3209717173739e-05,4.6884374298039154e-07
N4738HD,0.028620050424619008,0.05685060936755216,0.844066762264082,0.06792379747723708,0.0025387804665099184
N4740HD,0.0443142455005943,0.03602961953683894,0.6702559102488751,0.2316026470200071,0.017797577693684598
N4742HD,0.003894017180585561,0.04775482858715353,0.5191460707554335,0.2901564986614013,0.1390485848154261
N4745HD,0.9964061218904412,0.0031304146999640075,0.00044732611671193396,1.475184724245756e-05,1.3854456405024924e-06
N4747HD,0.9874679028081959,0.01106529614192058,0.0013879593321333213,7.120491156343504e-05,7.63680618664241e-06
N4750HD,0.9879186890594421,0.011121806323136169,0.0006649623784971966,0.0002883375241600596,6.204714764293161e-06
N4752HD,0.0002762001723386519,0.006973813889567286,0.6608628106581999,0.32511299889320167,0.006774176386692599
N4754HD,0.9657797535816609,0.03373594693648911,0.0004685357086015011,1.1271430949982452e-05,4.4923422984271436e-06
N4755HD,0.5281007035030616,0.2968441941483213,0.16393687688560588,0.009065677971042805,0.00205254749196823
N4756HD,0.6115441916390149,0.2033806565621367,0.1791045791907004,0.004987180446260754,0.0009833921618873553
N4757HD,0.9837014207976525,0.015805431721638966,0.00046504358648195106,2.5646586584962032e-05,2.4573076414982187e-06
N4759HD,0.8759777004902842,0.1192333270104483,0.004298205651907574,0.0004793652018483326,1.1401645511632504e-05
N4762HD,0.8139136493064373,0.15083162352852655,0.03397251023269658,0.0012451478863879264,3.706904595177779e-05
N4763HD,0.8872755382429338,0.07278448172255393,0.03627411164391212,0.0019234550342574466,0.001742413356342395
N4767HD,0.9946382198513132,0.0050490298411815515,0.0002826329935720054,2.895674061348856e-05,1.160573319740254e-06
N4769HD,0.18239443741278152,0.33476905470540685,0.4319916952280669,0.050197368603439034,0.0006474440503055379
N4770HD,0.9959058115131376,0.0037183840885951394,0.00034175192242668164,3.2506043027920945e-05,1.5464328125129421e-06
N4676HD,0.627299313182575,0.3357953040302367,0.02867242397321522,0.007490616309938753,0.0007423425040342555
N4614HD,0.5080573368075543,0.0843805092089351,0.3997579746975111,0.007562034062745255,0.00024214522325409743
N4774HD,0.2750569047012677,0.3629982771432884,0.3441063392905412,0.01674753985667846,0.0010909390082242691
N4778HD,0.18664088502762427,0.17552579011809866,0.5210107401141041,0.11228756407407864,0.004535020666094341
N4780HD,0.0003233556891705752,0.0044869409961613505,0.056702732457991185,0.5501077463976171,0.3883792244590598
N4783HD,0.9405254369633873,0.05126928602344454,0.007515860676685695,0.0004217599197933255,0.00026765641668896
N4789HD,0.995696387963114,0.0039244180258063205,0.00032943073280775,4.5657697804920014e-05,4.105580467113909e-06
N4792HD,0.9665024255059531,0.03307275980825473,0.0004152093088806818,8.45212957628978e-06,1.1532473349900591e-06
N4793HD,0.004073995581249025,0.637946660686779,0.3364601473625356,0.01919695096128251,0.0023222454081540315
N4794HD,0.0010018617490629555,0.017459909825242186,0.3274369206789013,0.6495030211768476,0.004598286569946087
N4799HD,0.8816081671427695,0.11566319494067517,0.002665438824069736,6.004561796128205e-05,3.1534745241664274e-06
N4800HD,0.9985566991245954,0.0014121759945656777,2.7775491505821985e-05,2.8677811383621424e-06,4.816081946371859e-07
N4808HD,0.33310125181167033,0.6393472622497832,0.025627882014725614,0.0018736004915012822,5.0003432319565105e-05
N4809HD,0.8314279029968256,0.1498523915173568,0.016807105971002344,0.0014122261556153701,0.0005003733592000897
N4634HD,0.9884156190912817,0.008544011902742262,0.0025661561231403573,0.0004673529636960234,6.859919139917275e-06
N4784HD,0.9952053913444897,0.004691549505643083,9.792437194702233e-05,4.74301993432625e-06,3.917579857361011e-07
N4815HD,0.9815670001769189,0.018402824099637404,2.777607787976629e-05,1.8929349610310728e-06,5.067106028675802e-07
N4816HD,0.9961882901600866,0.0036887087566844124,0.00011275965015243522,9.930438295283366e-06,3.109947812654086e-07
N4817HD,0.8842270945819666,0.11428372003390967,0.0012963869594439996,0.00018106305106835413,1.1735373611416295e-05
N4818HD,0.99906067726431,0.0009054637885893697,2.8787908903593607e-05,4.302882600053461e-06,7.681555970474514e-07
N4821HD,0.021095182610499582,0.9726515377852888,0.006121903105321656,0.00012374721635799224,7.629282531853581e-06
N4830HD,0.9941186176779568,0.005742358556079893,0.00011989127045951903,1.8823131329184357e-05,3.09364174514975e-07
N4748HD,0.997796063534429,0.002192841877309223,9.87803882778044e-06,1.1786929002424769e-06,3.785653376226115e-08
N4684HD,0.998038372680771,0.0019139077066742908,3.936243926196908e-05,7.316449788978316e-06,1.0407235037671195e-06
N0389HD,0.054354097842127115,0.9340436316677326,0.011520679867297373,7.676382566755768e-05,4.826797175453386e-06
N4796HD,0.867972283337426,0.09590025331760371,0.0351008810857535,0.000864122648698429,0.00016245961051833486
N4834HD,0.0008661080384524405,0.007745307960127927,0.6914773433328629,0.29846252287563924,0.0014487177929175552
N4835HD,0.18026685876721996,0.8179218094663143,0.001780340220724888,2.6156328591775044e-05,4.835217148918813e-06
N4837HD,0.9864090377239926,0.013388941174675904,0.0001953087908730052,5.7356193012573e-06,9.766911573391917e-07
N4838HD,0.05505513144841447,0.931365195616451,0.013172550037746537,0.0003978245841183992,9.298313269522509e-06
N4839HD,0.10449537499817017,0.8048109908163998,0.08876098432809357,0.0018420957651048755,9.055409223162039e-05
N4842HD,0.9606953959207131,0.0355459800340447,0.0035303076746666584,0.00021544258212926465,1.2873788446461196e-05
N4844HD,0.998403443516627,0.0015865813929963766,9.392086294818917e-06,4.7108803272244676e-07,1.1191604915881776e-07
N4846HD,0.1144101962903962,0.16808093249905065,0.40377872693727884,0.26886105542598476,0.044869088847289594
N4847HD,0.9851757189057708,0.01471787664574179,9.277714328103435e-05,1.2826571295780847e-05,8.007339106449319e-07
N4849HD,0.5816158925606095,0.3867159543132081,0.02605127507358266,0.005053631990506372,0.0005632460620933152
N4852HD,0.298914587230954,0.4735855741982911,0.22242291912900508,0.004946844304558114,0.00013007513719173158
N4853HD,0.9825719564827696,0.01710023107027245,0.00029562985218910796,3.1582628458813036e-05,5.999663101265899e-07
N4856HD,0.9965979281530591,0.0033827702177595506,1.7092732881021266e-05,2.1532695208452616e-06,5.562677934977718e-08
N4858HD,0.9981666722256846,0.0017779976597978478,5.271330703434075e-05,2.2804445505884895e-06,3.3636293242347986e-07
N4860HD,0.12375063671334953,0.5180722689480729,0.3343930881603208,0.018716128717200166,0.005067877461056431
N4861HD,0.9993032862811095,0.000686519639225177,9.514038124991891e-06,5.355403644493725e-07,1.4450117585229043e-07
N4863HD,0.947417057241665,0.052454779458552356,0.00010939359673035793,1.681169519392396e-05,1.9580078583588955e-06
N4864HD,0.9771982247354905,0.02266749477145135,0.00012361359929332515,9.241331366703235e-06,1.4255623979778822e-06
N4866HD,0.9945927661521305,0.005319114068170919,7.839849896066934e-05,9.19066182979758e-06,5.306189081125799e-07
N4012HD,0.987042626539942,0.012217629784522125,0.0004012413278774531,0.0003256104203478168,1.289192731024666e-05
N4825HD,0.42388300254477024,0.3587770728086143,0.19387303439031062,0.021985237934101415,0.0014816523222031966
N4875HD,0.014850456072363835,0.4253466191234327,0.4563872591839762,0.09795474825853409,0.005460917361693159
N4878HD,0.008465121795399013,0.0188880289752045,0.3712039804012737,0.3306064212783425,0.27083644754978037
N4883HD,0.2749987605643984,0.6302420343739197,0.09005999313855323,0.0045715060195330275,0.00012770590359555478
N4884HD,0.9831239336119186,0.015350000990899683,0.001485682914445977,3.759255598271988e-05,2.789926753058014e-06
N4887HD,0.24783457590745817,0.649321353988991,0.09901132266291503,0.0037948616181358893,3.788582249981616e-05
N4891HD,0.9815795898774571,0.017827195487384023,0.0005586847413529024,3.3032896007360726e-05,1.4969977987293029e-06
N4892HD,0.3490138241583955,0.6206131264364458,0.024493138307173926,0.005798733794631795,8.11773033528103e-05
N4895HD,0.9822362911483695,0.014296665003765089,0.003367466754942833,9.426846864566972e-05,5.308624277076324e-06
N4899HD,0.9946707942820294,0.0052900312975511085,3.585287251722696e-05,3.065077432749421e-06,2.564704695578942e-07
N4898HD,0.5648028076728167,0.3626825680904233,0.07072776870014742,0.001727276066396878,5.957947021574533e-05
N4902HD,0.9584743415639184,0.04009781062915648,0.0010300516502231337,0.0003891020576506368,8.694099051290734e-06
N4904HD,0.2620467604988215,0.27681985310925605,0.4299050041356115,0.02255967137375431,0.008668710882556739
N4906HD,0.992229171505893,0.007218502227746869,0.0003664619949273346,0.00018482546031183464,1.0388111209437353e-06
N4909HD,0.8708054758378536,0.10611287636472931,0.02264408275847366,0.00030261433329353094,0.00013495070564991185
N4912HD,0.9546803951852613,0.04258936149642904,0.0024822690195646408,0.00022874977330254254,1.9224525442532567e-05
N4913HD,0.9707642786384045,0.028995207438212878,0.00023109048555509487,8.856940012329204e-06,5.664978153285672e-07
N4914HD,0.308061044230788,0.6030722310714784,0.0717039966054389,0.016948412620073405,0.0002143154722212929
N4908HD,0.9951066462642583,0.004871136528425813,2.104421681980542e-05,1.0123931354409378e-06,1.6059736099413062e-07
N4937HD,0.9945922885083259,0.005378647732474585,2.69930187890398e-05,1.5074441215092108e-06,5.632962886736948e-07
N4938HD,0.988788364305323,0.011179753182048082,2.8334704917088385e-05,3.149866569261002e-06,3.97941142580268e-07
N4949HD,0.9958892943043083,0.003968325378371246,0.00013064351649616946,1.051206316657077e-05,1.224737657856314e-06
N4952HD,0.9887221740116977,0.010436584780285594,0.0006258254437456373,0.00021039481051853375,5.020953752692385e-06
N4954HD,0.7524710737266274,0.2398908457982209,0.0072813222877543115,0.0003373295295370442,1.9428657860323655e-05
N7917HB,0.9926350167640682,0.007282960947245115,8.025591491751599e-05,1.4437134474963918e-06,3.226603216294393e-07
N4951HD,0.9670243489830095,0.03283935013422935,0.00013200413241373725,3.71604861024835e-06,5.807017371901283e-07
N0385HC,0.22994395663529577,0.28083763263339795,0.44343902631206905,0.04042911382134347,0.005350270597893738
N3920HD,0.9368609476753355,0.05921629147347363,0.0038065818851543386,9.894915147792221e-05,1.722981455857753e-05
N9498GW,0.9942015063537197,0.0055136097483428894,0.00026104329762273605,2.2893706714049876e-05,9.468936005154926e-07
N4961HD,0.9983554896622487,0.0016333782034824017,1.0447185391057198e-05,4.4856384236934967e-07,2.363850356977616e-07
N4965HD,0.8958312448838478,0.09610011318499409,0.007475087040043568,0.0005504242885290111,4.313060258548201e-05
N4967HD,0.9757582843772701,0.02287140772817449,0.0011648432162744964,0.00019592313053573435,9.54154774502934e-06
N4968HD,0.9129458240715209,0.07684036557751145,0.004812446787618565,0.005292830628420458,0.00010853293492851061
N4973HD,0.9948627375172977,0.0048445234113900825,0.00021864426135598272,7.212276040489351e-05,1.9720495513419732e-06
N4976HD,0.014240214425399005,0.31573147210050173,0.6522398348837448,0.01525538631164001,0.002533092278714479
N4977HD,0.9279614736138023,0.06980596223254727,0.0021759581875700593,5.4572496109857926e-05,2.0334699706239653e-06
N4978HD,0.9905198152809113,0.008946897610534178,0.0004696753222342089,6.1990402019266e-05,1.621384300713196e-06
N4982HD,0.8193157273500078,0.14307791337696313,0.036151864092323405,0.0013755848091643133,7.891037154124188e-05
N4983HD,0.5153358341901072,0.3373919415221272,0.13570054826681308,0.011320761225455157,0.00025091479549754525
N4984HD,0.9970935602539288,0.0028286318573219373,7.01861162323583e-05,6.495662349628905e-06,1.126110167438559e-06
N4992HD,0.0005944404956575054,0.015828523084810954,0.23986875108328204,0.6838787019223437,0.05982958341390584
N5000HD,0.9079955159895097,0.08443114461384192,0.006858014531775369,0.0006136581502460666,0.00010166671462709372
N5006HD,0.9308325172812081,0.06217688350086785,0.006586833003624603,0.0003906356306250832,1.3130583674394315e-05
N5007HD,0.9537624769388315,0.045017512945139886,0.001146447013962195,4.96686340204268e-05,2.3894468045991757e-05
N5008HD,0.7025048002105465,0.27258932916992323,0.022827333938283144,0.002060625292544231,1.7911388702969272e-05
N5011HD,0.5254878193149529,0.3908283417729808,0.08155105036095861,0.0016386080359745117,0.0004941805151331089
N5020HD,0.966765145949853,0.027118868539272072,0.0058618385704140895,0.0002172959682392539,3.685097222155727e-05
N5024HD,0.9923174053792876,0.007455229184389894,0.0002223684043162204,4.790525344844705e-06,2.0650666149574485e-07
N4826HD,0.9942917604187415,0.005578837087611175,0.00011265513597257906,1.648415279376989e-05,2.632048808503925e-07
N5032HD,0.9964592794584833,0.003254284060236427,0.0002585287361458335,2.5353902544702057e-05,2.5538425897473556e-06
N5041HD,0.9990756480608414,0.0009213717245241564,2.5829979525620075e-06,3.7496852655820856e-07,2.2248155425623284e-08
N5043HD,0.9993463206732164,0.0006455253792772754,7.682278210313074e-06,3.0082856838238013e-07,1.708407275870057e-07
N5044HD,0.10930359354946195,0.08324798844586541,0.6561044341737043,0.12271286140012024,0.02863112243084804
N5045HD,0.9947897205520112,0.005038993154414669,0.0001344666674262299,2.7314006090762185e-05,9.505620056917787e-06
N5004HD,0.9985096382270635,0.0014836067520640353,5.87122954270072e-06,8.319353245697253e-07,5.1856005069201814e-08
N5055HD,0.9709055429730307,0.025397123278162514,0.0034301412026824392,0.00025364031797381364,1.3552228150552551e-05
N5056HD,0.1394214909442915,0.10988197942182838,0.48079871283536585,0.19870750827824527,0.07119030852026897
N5057HD,0.9833320332443163,0.016422344720430103,0.0002377958062929222,7.529142054914349e-06,2.970869056226308e-07
N5059HD,0.749863512596124,0.1097063270172566,0.13568869761143357,0.0044227756632332,0.0003186871119524448
N5061HD,0.9881738722550937,0.011187711752190061,0.00042554692792204043,0.00020423366485790745,8.635399936323567e-06
N5018HD,0.9980295537308731,0.0019425129642141805,2.5403017259830108e-05,2.3986293425574037e-06,1.3165831032399827e-07
N4896HD,0.9809009996119722,0.01866267772964573,0.00041877503414161323,1.5163600275313458e-05,2.3840239650628837e-06
N5064HD,0.9878494100613264,0.011802529396127285,0.00029876837444326956,4.7689483667351555e-05,1.6026844360318658e-06
N5065HD,0.8970957160810741,0.10030401938704685,0.0020833734055469805,0.000489761057990653,2.713006834161845e-05
N5067HD,0.49913798117755415,0.3028208517898618,0.1648606236070367,0.03249269274420338,0.0006878506813440492
N5070HD,0.13119351196462956,0.40816102382571967,0.4178557241630115,0.041268486347367156,0.001521253699272305
N5071HD,0.4387589292459421,0.4846038939501061,0.07528600028218436,0.0013324211020284277,1.875541973907197e-05
N5072HD,0.35575678895492463,0.5751918926000517,0.06411534480504633,0.0048575297022081,7.844393776913691e-05
N5074HD,0.9977402223579087,0.002044197444010603,0.00020999695179769556,5.089008669528984e-06,4.942376133352618e-07
N5075HD,0.9989237556332975,0.0010680016960012968,7.463985647815934e-06,6.395046622288508e-07,1.3918039116959351e-07
N4923HD,0.9935828192081865,0.005988549881266349,0.0003974180915893016,2.6393251443071133e-05,4.819567514736168e-06
N5076HD,0.9876143191518384,0.012221274291236551,0.00015606099180062009,8.029751002391364e-06,3.158141219624182e-07
N5079HD,0.021423913383935525,0.2614252689672747,0.6221529679727832,0.09252107763833194,0.002476772037674683
N5080HD,0.6590307086588396,0.22916395991728072,0.1078066135652834,0.003693877198107113,0.000304840660489293
N5082HD,0.9913183137769209,0.008345088256184777,0.0002955067919895415,3.893488130608081e-05,2.1562935986547237e-06
N5083HD,0.9752302380549365,0.022802437307483294,0.0015472311549970033,0.00040591826560496024,1.4175216978248867e-05
N5085HD,0.12976131403677435,0.3999473192959499,0.451599374149407,0.018374165609849395,0.0003178269080194635
N5051HD,0.7440765585752238,0.2509390966676102,0.004876463980178041,9.985153321910027e-05,8.02924376866843e-06
N5039HD,0.009426130739431045,0.05091924660736259,0.5377502038765052,0.36683592704872486,0.03506849172797637
N5088HD,0.9968154688407987,0.003142550865230899,4.085352906316393e-05,1.0397730061160286e-06,8.699190117633319e-08
N5091HD,0.1328652752854811,0.8658587704420729,0.001255395300201313,1.803734557193668e-05,2.521626672887687e-06
N5093HD,0.00784256730488185,0.006755403378668109,0.17897929596423146,0.6838952461570518,0.12252748719516679
N5100HD,0.0017530202780424125,0.025552565426524152,0.2008394997242937,0.7644927113907473,0.00736220318039251
N5103HD,0.013722412160911822,0.13303072331931715,0.5145304704092363,0.27748813161786684,0.06122826249266786
N5104HD,0.9992309715854294,0.0007544959428784189,1.3420965859236181e-05,1.0438310457649632e-06,6.767478719598141e-08
N5105HD,0.9859176108628601,0.013781494458496945,0.00023356465899655482,6.295764462896956e-05,4.372375017630705e-06
N5106HD,0.9154791806720151,0.08319161284986831,0.0012902401355612055,2.979909595141034e-05,9.167246604088806e-06
N5109HD,0.7618894267010534,0.23461942088603432,0.0032425728980138417,0.00021599138640907394,3.258812848928799e-05
N5112HD,0.820788991851786,0.11782575272510888,0.05283913430668766,0.007533871168150853,0.0010122499482665738
N5115HD,0.9975853771571029,0.0022619811422376125,0.0001291260271638735,2.254327206951197e-05,9.724014263261563e-07
N5120HD,0.0009226698114011822,0.004889553760250771,0.1381040689239196,0.831435290355953,0.0246484171484754
N5121HD,0.9836171591411503,0.01603314391992539,0.00030014640407672433,4.5201390148710224e-05,4.3491446987469015e-06
N5122HD,0.9717160848942612,0.02240398503114205,0.005742171490861036,0.00013178082758459616,5.97775615128915e-06
N8305HB,0.9957590242511551,0.004228781604288715,8.208794517670044e-06,3.9252328852788965e-06,6.011715328595695e-08
N5126HD,0.5187256356397708,0.0822641704709447,0.19000158725891053,0.14692831935596767,0.062080287274406294
N5128HD,0.9983434564578286,0.0016217535707768996,3.27374361179786e-05,1.88759281448504e-06,1.6494246195680625e-07
N5133HD,0.004152541794868037,0.025527527495230237,0.6121188190102087,0.3434003334598653,0.014800778239827665
N5135HD,0.9911074270646715,0.008601442863929559,0.0002408179459570444,4.8530891496426016e-05,1.7812339453331084e-06
N5143HD,0.9967030362478211,0.003210695401083523,8.337222188166697e-05,1.884451725038069e-06,1.0116774886874533e-06
N5144HD,0.753465178960171,0.2207332489758396,0.024725319917627223,0.0010334147310653706,4.2837415296714176e-05
N5149HD,0.28232504018690946,0.20071123325837115,0.4579869620948095,0.052067165910598734,0.006909598549311169
N5152HD,0.808225076416077,0.1903372776768017,0.0013695432520466422,6.64513356191083e-05,1.6513194555162483e-06
N4394HD,0.2018837361387858,0.439768097579953,0.31266954155373067,0.04264823917147563,0.0030303855560550375
N5029HD,0.2777686239188509,0.2660721113656632,0.3473339691113135,0.09123144340050984,0.01759385220366249
N4368HD,0.9979693365144215,0.002021153899481919,8.779228454204161e-06,6.443170292843677e-07,8.604061302844062e-08
N5013HD,0.43172038498605003,0.3508079001392658,0.20223580051836146,0.012010807068679009,0.003225107287643834
N5153HD,0.579667222795484,0.4051383201350032,0.01461212869955744,0.0005269513731852539,5.5376996770086575e-05
N5157HD,0.9963424756234707,0.003613523905840156,3.705550611266465e-05,5.103743229015474e-06,1.8412213475311617e-06
N5170HD,0.9729223511712558,0.02594036089708272,0.0011121203749679465,1.975470396702894e-05,5.412852726342466e-06
N5172HD,0.9976082233132639,0.0022779030825598283,0.00010963129898662671,3.225159520497578e-06,1.0171456690865203e-06
N5173HD,0.987928020763619,0.00972364382711164,0.0022746540084398344,6.934007068838513e-05,4.341330141180023e-06
N5147HD,0.9142876540131095,0.08049516669321972,0.0050539217325657766,0.00013907771013473296,2.41798509702869e-05
N5178HD,0.9861009978968205,0.013052393056186593,0.000806818785605449,3.865342161171861e-05,1.1368397758544714e-06
N5180HD,0.8420147605846698,0.11934646816867746,0.03580813112326619,0.0025495904542592526,0.0002810496691273061
N5181HD,0.8604905771876675,0.09756801484353748,0.03995765283152016,0.0016865483980939965,0.00029720673918072526
N5182HD,0.9940884713693081,0.005879544719387578,3.0354202947521877e-05,1.194724253091177e-06,4.349841036759177e-07
N5183HD,0.22404795950252834,0.7713869785960561,0.004488453237736607,6.852566505626085e-05,8.082998622672896e-06
N5185HD,0.4393614808824073,0.32287011061204063,0.16728706183170397,0.06848237496689652,0.001998971706951589
N5187HD,0.19028054225017116,0.10616718284177977,0.6308853457238517,0.047813885207572106,0.024853043976625435
N5188HD,0.7373800192178795,0.1598293965723769,0.07182072920315934,0.03033471717559295,0.0006351378309911633
N5190HD,0.001576370154464737,0.008342742540339449,0.34404048616423816,0.6151208004399041,0.030919600701053623
N5192HD,0.9684816381219942,0.031235320968316584,0.0002759111301750692,5.97407226317695e-06,1.1557072509026225e-06
N5193HD,0.9684217238917707,0.029993532776211775,0.0015110287011725135,6.717108684718909e-05,6.543543997647685e-06
N5197HD,0.9964926960383083,0.003370277926938799,0.00013555208652680907,1.1411866073776753e-06,3.327616188002219e-07
N5198HD,0.625908506256845,0.1837531574262727,0.12110154281652799,0.06582244640197046,0.003414347098383873
N5199HD,0.9177078340647299,0.07564231712003042,0.005926859699835733,0.0006365344340247851,8.645468137919826e-05
N5200HD,0.9641060412546192,0.035374142868483956,0.0005034422237840747,1.449470702073545e-05,1.8789460922348499e-06
N5203HD,0.03061031725655564,0.11517202336957999,0.6079756557217872,0.2402881167396336,0.0059538869124435645
N5209HD,0.041686213877216174,0.15185954112653233,0.610373587819251,0.19430446467048734,0.0017761925065132233
N5212HD,0.9894837729150421,0.010472977326940037,3.807603412649161e-05,4.952767800618472e-06,2.2095609079445983e-07
N5215HD,0.9403705814847525,0.05625568570094274,0.00322031070290822,0.0001275076012804364,2.5914510115965314e-05
N3574HD,0.9960489691156716,0.0037772062972341613,0.0001540657833547859,1.8400288165700303e-05,1.3585155735922023e-06
N4760HD,0.0050618772497614175,0.06933044123321822,0.33752360223236405,0.572042144767197,0.016041934517459302
N5225HD,0.9932221394855203,0.006722365610630177,5.054336463938594e-05,4.39566048459433e-06,5.558787255333086e-07
N5226HD,0.9138571514515257,0.08139919868811833,0.003066304389218538,0.0015173471345779931,0.0001599983365596581
N5227HD,0.9823534029022832,0.01726144226854073,0.0003497519352755652,3.4146444007805804e-05,1.2564498926711858e-06
N5233HD,0.0007692870610172853,0.011332723125026102,0.13760154742546912,0.4407108627780683,0.409585579610419
N5238HD,0.9784346644555921,0.01974378195160033,0.0017434032846063124,6.216726976664685e-05,1.5983038434485188e-05
N5241HD,0.9940691235558043,0.005237049113543272,0.0006759609410551429,1.3300283734823266e-05,4.566105862310731e-06
N5243HD,0.0011373161378557767,0.023868835943398586,0.46931986847803325,0.5044393545851867,0.0012346248555256895
N5246HD,0.94816690383235,0.050697765756668185,0.000995085550038357,0.0001234309341599499,1.681392678330794e-05
N5247HD,0.00016823187322523458,0.0007534505154117467,0.26065656578853014,0.7366828840748793,0.001738867747953574
N5248HD,0.8767546775239494,0.051519528056474584,0.06850251882124696,0.003138853923432661,8.442167489647101e-05
N5253HD,0.8489256602433025,0.12538638648606545,0.02451646193390704,0.0008419597443327613,0.0003295315923921517
N5257HD,0.016948219245615286,0.12639373994887138,0.5252264983371338,0.3189211682637457,0.012510374204633908
N5259HD,0.010151555641246285,0.010399370076945505,0.181844255664108,0.25570232366229356,0.5419024949554068
N5262HD,0.07734702959980552,0.6561018153944563,0.25867859486046363,0.007762757091262025,0.00010980305401233565
N5266HD,0.3009062447013713,0.6236124361258463,0.06174936771612483,0.013589487593750607,0.000142463862907077
N5270HD,0.990069211974774,0.009544294015512834,0.00036095525566371984,2.0335993097662415e-05,5.202760951547858e-06
N5271HD,0.9135417895296603,0.0750666953223767,0.010833704131892058,0.0004743324628128404,8.34785532581877e-05
N5273HD,0.9393732153414511,0.05787507414922286,0.002708331644601484,3.861210460786281e-05,4.766760116807812e-06
N5274HD,0.998273112117941,0.0016434540485309377,7.859096911026594e-05,4.567914215402912e-06,2.7495020244920624e-07
N5211HD,0.5868429841315338,0.37470704350496187,0.03548065896749938,0.002810483029336957,0.00015883036666801062
N4843HD,0.9386096676359109,0.05660500433331029,0.0043704485876488765,0.0003856233334925202,2.9256109637563984e-05
N5287HD,0.9909450935320679,0.008637208701608726,0.00038447277505169173,3.1327644721961304e-05,1.8973465496100706e-06
N5286HD,0.1429279519204109,0.0662387717118695,0.6865253380962402,0.07474824716402353,0.029559691107455918
N5292HD,0.023731421679509392,0.12524155184886002,0.5216191416480566,0.31781896796049475,0.011588916863079324
N5294HD,0.9808738859961494,0.018936948619707055,0.00018130628711977812,7.124423740831852e-06,7.346732828067092e-07
N5296HD,0.6765424220227187,0.256075129703718,0.05606910131108999,0.01088606970618413,0.00042727725628914745
N5298HD,0.9954586370865394,0.00428665174592546,0.0002478535651663488,6.53391617352512e-06,3.236861951118714e-07
N5303HD,0.9877626000475505,0.009812751715349172,0.002347770292970125,7.550695988856533e-05,1.3709842417054825e-06
N5305HD,0.13736824471043219,0.687609257715595,0.1422207112616523,0.032223822189109394,0.0005779641232111343
N5306HD,0.9907430501103459,0.00888589933402955,0.0003556052232060098,1.3930177898685482e-05,1.5151545199880353e-06
N5307HD,0.03164300006340327,0.3087709147078001,0.4679328170606482,0.16332197902799953,0.02833128914014893
N5311HD,0.7028286852059145,0.24879404402577707,0.0473813192959436,0.0009606923678187803,3.525910454587826e-05
N5314HD,0.991601807958339,0.008252592497379859,0.00011440335865632999,2.938347801603222e-05,1.812707608753919e-06
N5073HD,0.041693119869818836,0.15145699273401753,0.638964179126822,0.15083342932730717,0.017052278942034316
N5277HD,0.03021990973292799,0.08116141745587781,0.46667522558166585,0.18236572960958072,0.2395777176199477
N4885HD,0.9986067491443619,0.0013681009586871038,1.9321892239606898e-05,5.476453182069439e-06,3.5155152928609044e-07
N5318HD,0.016917330852928625,0.05815530600853583,0.8396802772793802,0.07779151419872396,0.007455571660431344
N5321HD,0.9615306601583495,0.036658263725967144,0.0016708212850881149,0.00012997719818627206,1.027763240928306e-05
N5323HD,0.998817397387069,0.001180341698811143,2.0851760895374466e-06,1.6143528491827285e-07,1.4302745585081451e-08
N5324HD,0.9881464766171333,0.010538977459597327,0.0012673717353740702,4.1775451014816815e-05,5.398736880625812e-06
N5326HD,0.9795012617704089,0.019937332619406972,0.0004647897807868038,9.338329783183318e-05,3.2325315656447217e-06
N5327HD,0.9689348393129681,0.030753579279628553,0.0002819067867849589,2.5797583943374084e-05,3.8770366751230235e-06
N5329HD,0.02060837977981408,0.04797034318819572,0.8787674545456173,0.04833718591205063,0.004316636574322308
N5331HD,0.99461698992554,0.005088333147380435,0.0002658453340048434,2.193780113826041e-05,6.89379193654704e-06
N5332HD,0.9795934915187579,0.018305756285434693,0.0016941435141762664,0.00038687342984308607,1.973525178800865e-05
N5333HD,0.9966992473094193,0.0032753151376493624,2.44191649942603e-05,8.793766098520608e-07,1.390113274025202e-07
N5334HD,0.02255912085459436,0.9744111478034477,0.0029797094692061523,4.471615039846842e-05,5.3057223533009135e-06
N5338HD,0.005600967665778259,0.019128715641522444,0.23919380018548783,0.5060802575789343,0.22999625892827713
N5339HD,0.0006831079898061456,0.010446327251175384,0.8405103278443586,0.12886402695450647,0.019496209960153256
N3820HD,0.011270592068742561,0.06258806978143583,0.4999304869209735,0.3313808038541627,0.09483004737468537
N5342HD,0.9955251496678016,0.004330781305864585,0.00014029901658913228,3.549092208938592e-06,2.2091753581510936e-07
N5345HD,0.9877857667014721,0.010694454009748073,0.0013586788013244169,0.00014148368162854752,1.9616805826949544e-05
N5346HD,0.8924442560732944,0.10682047621247498,0.0006543071099629078,7.860228742456679e-05,2.35831684322035e-06
N5348HD,0.011461182231671333,0.011842499809258743,0.12391711338198799,0.7197202934582413,0.13305891111884055
N5351HD,0.9641368110773539,0.01835000354268031,0.01588148966540841,0.0015049512537971602,0.0001267444607602597
N5354HD,0.0037081784319641393,0.019793658858065333,0.3129508033911745,0.6616240245357211,0.0019233347830750166
N5355HD,0.8046880591718655,0.15898038352580132,0.03579791553127676,0.0004974613591435568,3.618041191267396e-05
N5362HD,0.996697184979277,0.0032863053638683562,1.5010546209545298e-05,1.3393476793069905e-06,1.5976296564897163e-07
N5364HD,0.9958452503975529,0.0037012035892376406,0.0004268830792710852,2.5649286561120114e-05,1.013647377207221e-06
N1264HD,0.05368656139684196,0.930554039772257,0.015226044087530527,0.0005159719308397595,1.7382812530722407e-05
N4985HD,0.6503138324132705,0.20552933727254188,0.11592755108937036,0.02286362579238828,0.0053656534324291036
N5368HD,0.005434153181068116,0.02971503429958119,0.6892091067859019,0.2467208120629979,0.028920893670450837
N5371HD,0.987621288747892,0.010954515239143073,0.00130172457135532,0.00011895794617755516,3.5134954320418543e-06
N5372HD,0.990423819127551,0.009393737559010698,0.00017767986438988774,4.485895736228723e-06,2.7755331225044397e-07
N5373HD,0.9424340752922036,0.057407702657565673,0.00013980821143494193,1.7411538757471514e-05,1.0023000382528394e-06
N5374HD,0.967617239079076,0.031178054681776198,0.0011576112482277814,3.984460395570431e-05,7.250386964252432e-06
N5377HD,0.9825523060635679,0.01714593736444293,0.000258661254345616,3.7016120556207947e-05,6.0791970871894545e-06
N5379HD,0.9886571215487825,0.010807685477515788,0.00047011592141929986,6.16370409418091e-05,3.440011340261967e-06
N5381HD,0.18137438947188825,0.04889923030437158,0.3975502726700856,0.3235218295113347,0.048654278042319775
N5383HD,0.22500016529095201,0.20551106399024613,0.44411853784165295,0.11628103685407755,0.009089196023071485
N5385HD,0.9960755602754573,0.003908184965409547,1.5686809047689522e-05,4.6686465865659267e-07,1.0108542675028807e-07
N5387HD,0.002468265887613674,0.03697228221677032,0.18004004463957965,0.5179086751086893,0.2626107321473469
N5388HD,0.1044789948488979,0.08943511214928855,0.3315303698331566,0.4364873241005494,0.03806819906810745
N5389HD,0.022944242621598616,0.3425887986661628,0.6235936732116052,0.01037058091529668,0.0005027045853366642
N5391HD,0.9842077626879201,0.014313397324380988,0.0014430858751203718,2.8789005643678323e-05,6.965106935155044e-06
N5393HD,0.8843753351368278,0.11495712116149862,0.0006219984000492053,4.2853516463220224e-05,2.6917851612554872e-06
N5395HD,0.994756369299841,0.004060629349488577,0.0010665233167097795,0.00011007746408799618,6.400569872781642e-06
N5397HD,0.9886179882829681,0.010789336860473278,0.0005563937731151218,3.283840785749006e-05,3.4426755859509113e-06
N5398HD,0.995710721723864,0.0039736719853589635,0.0002784307304147061,3.531325328811559e-05,1.862307074397709e-06
N5386HD,0.3413147536941395,0.5935567785001895,0.06390765463731779,0.001192587352704956,2.8225815648330664e-05
N2483HD,0.9821063177924974,0.01740847187900285,0.000437462938695869,4.447862264773518e-05,3.268767156181895e-06
N5402HD,0.9972340296192524,0.002363504800685433,0.00038912925387629574,1.1546858195226938e-05,1.789467990479955e-06
N5404HD,0.9832015297807296,0.015548674891955609,0.0011301826878145071,0.00011217658734226578,7.436052157894283e-06
N5405HD,0.9982892442304923,0.0016935663847353615,1.615353213164295e-05,9.592504289677032e-07,7.660221194376756e-08
N5407HD,0.47569168056110245,0.4498023353566818,0.062220243795401024,0.01158794462697311,0.0006977956598416552
N5414HD,0.9670348389602733,0.03267251962324183,0.000270878043613473,2.0112456809234967e-05,1.6509160622146311e-06
N5415HD,0.9945896384404163,0.005380147664201348,2.5680580993698946e-05,4.1589829642342825e-06,3.7433142441816637e-07
N5416HD,0.3308059061108889,0.6566058185239548,0.011573269817646442,0.0009529340168241434,6.20715306855996e-05
N5421HD,0.9954375317921206,0.00406568638115435,0.00046945605072905695,2.5366643153981858e-05,1.9591328421295473e-06
