ncode,proba_0,proba_1,proba_2,proba_3,proba_4
N4541HD,0.9953457006761913,0.004337875013974949,0.0003029332882287188,9.223398561339508e-06,4.267623043660136e-06
N4397HD,0.0032926438870317857,0.015087101476876905,0.16222553386266217,0.8148936540688164,0.004501066704612791
N4544HD,0.9936351961978319,0.006293521150049024,6.27369013932706e-05,8.374894916406081e-06,1.708558095923953e-07
N4545HD,0.04162967684337093,0.09869746209050696,0.5074168074303507,0.1777096447475768,0.1745464088881946
N4546HD,0.34067330181792244,0.6349812223314506,0.024098240021509565,0.00022059599719416077,2.663983192321311e-05
N4550HD,0.9964026406491727,0.0035655837812408994,2.802752714173464e-05,3.3683875155727916e-06,3.7965492919319046e-07
N4551HD,0.9740783310098425,0.02573248420092544,0.00018108414521799472,7.654445363020248e-06,4.461986510471236e-07
N4554HD,0.16670154331535464,0.4347409671570302,0.38721787979388456,0.010084935770865978,0.0012546739628646647
N4555HD,0.9502891262649004,0.04770491668614404,0.0018903229962637226,9.966236153911762e-05,1.5971691152821556e-05
N4556HD,0.9127124335801979,0.05817667519011083,0.022390296249216225,0.0055993308538069214,0.0011212641266679414
N4563HD,0.9689235263194016,0.025002124636287214,0.005541343776389138,0.0005162523495052848,1.675291841689845e-05
N4567HD,0.9970714751619328,0.002881491189449985,4.270421532242417e-05,3.6736068114016165e-06,6.558264834338192e-07
N4561HD,0.9938429915092897,0.006128369266769994,2.422020270757739e-05,3.851700603576241e-06,5.673206289666257e-07
N4571HD,0.6849471459927947,0.17263471389237883,0.12164120073860307,0.019068487072505462,0.0017084523037177203
N4574HD,0.9983714042721624,0.0016199422146190082,6.66931846536141e-06,1.627811368633652e-06,3.5638338462023343e-07
N4575HD,0.9311629028666908,0.06547231512075444,0.0031587819662931564,0.0001915323926678324,1.446765359375942e-05
N4579HD,0.5943110345502415,0.2817634131670093,0.10631461770527373,0.01653676569945007,0.001074168878025472
N4581HD,0.5531143199334362,0.4250707203687186,0.02133317988959548,0.0004484544250022787,3.3325383247475026e-05
N4584HD,0.40654969660101964,0.5811938074376776,0.012137172750883824,0.00010558788622553555,1.3735324193376413e-05
N4578HD,0.9858628323868438,0.01360744230997018,0.0005149665007637857,8.282293145619718e-06,6.47650927665161e-06
N4590HD,0.4591368717194845,0.4673973542918971,0.07224044113638996,0.0011507628286188056,7.457002360950683e-05
N4593HD,0.034927623557211726,0.19790236632867897,0.4478203569695889,0.3122168486125172,0.007132804532003135
N4151HD,0.22034936927743096,0.17388239096151464,0.33401244183374384,0.21555163508768763,0.056204162839622845
N4594HD,0.9970517462598828,0.002903752427397358,3.96956526702634e-05,4.1258345625942785e-06,6.798254871489251e-07
N4600HD,0.641144198785835,0.33402173032559007,0.024208663810310505,0.0006066964633153767,1.8710614949019724e-05
N4605HD,0.15793618454200503,0.30662212367580394,0.474488555710349,0.059593305824119265,0.0013598302477229403
N4612HD,0.9776283673423226,0.020856227293074507,0.0014187729997969215,8.978848153739584e-05,6.843883268393525e-06
N1701HC,0.028546647980049092,0.04820118324379237,0.8362834524417342,0.07561191825041072,0.011356798084013568
N3705HD,0.00010822358706044092,0.00109364533843718,0.0326370412180977,0.412746517680392,0.5534145721760126
N4589HD,0.985962043098243,0.013055751295942246,0.0006551495226998085,0.0003183749464466818,8.681136668253499e-06
N4339HD,0.9969315256346307,0.003047022481000052,1.9690694251833898e-05,1.6122247798142574e-06,1.4896533766677233e-07
N4615HD,0.016635370500306158,0.02844727637037989,0.28269055498624646,0.628152169008651,0.04407462913441655
N4618HD,0.9932780186671638,0.006702975281572999,1.4051006291686683e-05,4.36467905922023e-06,5.903659121839021e-07
N4624HD,0.9806052735444508,0.019131906790405998,0.0002526427515978516,9.367332743549213e-06,8.095808017122392e-07
N4626HD,0.9813548184482944,0.01627942176556742,0.0018739440394877466,0.0004669220886068293,2.4893658043555285e-05
N4628HD,0.15578589923248995,0.5161468594536242,0.2531981873358584,0.061883917469885495,0.012985136508142033
N4638HD,0.3497222577916903,0.22607329049612276,0.28839313986014214,0.10638923046904689,0.029422081382997827
N4639HD,0.9918149734100351,0.007893728061286418,0.0002583950058942049,2.886471574494595e-05,4.038807039041303e-06
N4642HD,0.9961744040591431,0.003777739649360834,4.40503075551687e-05,3.5422191762122955e-06,2.637647645606547e-07
N4646HD,0.9976321197281988,0.002311934570719989,5.3770396645122036e-05,1.9225926703880177e-06,2.5271176574883667e-07
N4631HD,0.9898196429060091,0.009908218244014404,0.0002212015851022298,4.973741508170204e-05,1.1998497924466673e-06
N4656HD,0.002770834411101818,0.015639865405936103,0.7347740839495237,0.1807253917042676,0.06608982452917063
N4658HD,0.9875630648713799,0.011370098703866412,0.0008786275955326877,0.00016017034743977024,2.803848178124857e-05
N4661HD,0.9941158779967276,0.005792139207567501,8.10134268861782e-05,9.530553820483946e-06,1.4388149984729231e-06
N4665HD,0.9835773843340492,0.01610719387118348,0.00029931104016201946,1.415393168016831e-05,1.9568229251802652e-06
N4667HD,0.9956042694229357,0.004315268873681219,7.346895881385699e-05,5.664418602935363e-06,1.3283259664157303e-06
N4669HD,0.9885165698150937,0.011421361967189321,5.61517229690604e-05,5.324129271114349e-06,5.923654765488019e-07
N4673HD,0.3495883984054338,0.2282478277703388,0.3948278672603002,0.013789544878162974,0.013546361685764166
N0760HD,0.09768126584509833,0.33315970127572725,0.5414725219618464,0.02730669679688104,0.000379814120446945
N4672HD,0.9847712887909252,0.012272658927936955,0.0025233639818623465,0.0003838616815797461,4.8826617695491656e-05
N2593HD,0.9986393252268241,0.001317381570812669,3.0945725315459985e-05,1.1867083629391496e-05,4.803934185250332e-07
N4677HD,0.3064030208534313,0.6110208560065299,0.07418897257344449,0.00799742326764236,0.00038972729895191404
N4680HD,0.6099349244765552,0.2168828674428184,0.153843226287904,0.018318310195004666,0.0010206715977176851
N4688HD,0.0042850819246026154,0.023826482037361818,0.68938066155499,0.25336582558966697,0.029141948893378684
N4689HD,0.9902351512038599,0.00970898336739083,5.233101478824852e-05,2.9943145753825136e-06,5.400993856406607e-07
N4691HD,0.15863634362786413,0.15401752901901344,0.411677879398125,0.24368616129082238,0.03198208666417512
N4692HD,0.857180216605869,0.11358320279063304,0.02116841543636907,0.006108235807929013,0.001959929359199886
N4694HD,0.029148762957622632,0.10449600538805809,0.7780951944418306,0.07121519993282228,0.017044837279666533
N4695HD,0.3750836284131107,0.40094866792023864,0.21879026594582018,0.004460711665912403,0.0007167260549181757
N4699HD,0.23900696772576938,0.07647021669185808,0.629791815461133,0.05356523400662461,0.0011657661146148941
N4703HD,0.8913014180497293,0.09270109796092453,0.014247831887249955,0.001676544445776997,7.310765631953441e-05
N4704HD,0.0007123325094690064,0.0008940065991696367,0.41921934168753366,0.5770761814729111,0.0020981377309165963
N4708HD,0.998786710107635,0.0011929607155902052,1.9059225563460954e-05,9.677095776535062e-07,3.022416338845032e-07
N4714HD,0.8606130943512715,0.06481665289477953,0.06881915961073037,0.002860884162715732,0.002890208980502789
N4721HD,0.2705453858840056,0.542174769098992,0.1054707981110565,0.06444772691168063,0.017361319994265233
N4722HD,0.9893850009574924,0.010528060753130692,7.631716572701064e-05,9.043405986807423e-06,1.5777176633126436e-06
N4724HD,0.5940246674656164,0.2988473788444474,0.10325607088462847,0.003793057804570062,7.882500073766455e-05
N4726HD,0.18411955992399956,0.6958438024530483,0.11912688990210109,0.0008499063634525625,5.9841357398399956e-05
N4735HD,0.9853297802481745,0.014224048039016179,0.0004126990148526318,1.610629699892212e-05,1.736640095762691e-05
N4063HD,0.9054628337667534,0.06654169132873287,0.02404710894963736,0.0032038371762243933,0.0007445287786516463
N4712HD,0.9934434418156548,0.0064557294285593515,9.351278613635047e-05,6.488064768519709e-06,8.279048810898445e-07
N4738HD,0.05736444280522264,0.08597021995614205,0.7956509815763675,0.05785514593474035,0.0031592097275274867
N4740HD,0.03291012368583838,0.07130317023401656,0.48665535715599617,0.3507885581368794,0.05834279078726946
N4742HD,0.0020802052391794574,0.0294611382612082,0.800829525840199,0.1165420132658871,0.05108711739352636
N4745HD,0.9964490252156232,0.003289227521785488,0.00024636575833781655,1.4079538751931871e-05,1.3019655015552374e-06
N4747HD,0.9774214375181669,0.020886898275865255,0.0015535705041827513,0.00011818993849672231,1.9903763288395274e-05
N4750HD,0.9883696620895787,0.01031809235892441,0.0010861647265354819,0.00021999361844234438,6.087206518894788e-06
N4752HD,0.0005823230009849413,0.018521818893777985,0.7159916305503855,0.25436742636035303,0.010536801194498643
N4754HD,0.8368639943661236,0.16135670245584346,0.0017191540232672777,4.029096340130566e-05,1.9858191364439613e-05
N4755HD,0.6056292914782826,0.21891494933265893,0.15955422239699668,0.013950543073580358,0.0019509937184814625
N4756HD,0.3551313690145348,0.516669006731316,0.11331125359845352,0.013056683178775542,0.0018316874769201232
N4757HD,0.9911131420058792,0.00865874273152515,0.00020667598646890688,1.817836276915199e-05,3.2609133575536e-06
N4759HD,0.56644503572537,0.423311254868697,0.009467406294094382,0.0007483450869679636,2.795802487076566e-05
N4762HD,0.7083823514889432,0.2031914116687629,0.08611621487430791,0.002176172210687162,0.0001338497572987731
N4763HD,0.9314299906671519,0.05047357628976396,0.0161477470579344,0.0011120643958842135,0.0008366215892654668
N4767HD,0.9935147355363335,0.005672154921815624,0.0007456539610356933,6.522003511063661e-05,2.2355457044308194e-06
N4769HD,0.10480462391333416,0.44250912645058355,0.3975911092105536,0.05466030290895629,0.00043483751657240793
N4770HD,0.9907578281098094,0.007732073532930107,0.0014449960856860713,5.991935333003411e-05,5.182918244276534e-06
N4676HD,0.4930024399024655,0.46817460966802377,0.03413144467661774,0.004162305556682557,0.0005292001962101734
N4614HD,0.3574909518611644,0.04399889138432662,0.5780298640012782,0.019784007534940574,0.0006962852182901592
N4774HD,0.5937641092876905,0.1559305200635107,0.2377099049883647,0.01191939404517823,0.0006760716152557941
N4778HD,0.05995008473418508,0.25469497309365935,0.5088747698965336,0.16818137579349504,0.008298796482127009
N4780HD,0.0005651534854451233,0.004539288222846341,0.12547985837162187,0.6745205856957345,0.19489511422435213
N4783HD,0.9426269966416696,0.04813788143710896,0.008247119757941318,0.0005754341854421851,0.00041256797783782934
N4789HD,0.9918151199392142,0.007664686053340736,0.0004505191913542316,6.28935931247825e-05,6.7812229661586705e-06
N4792HD,0.9779181803974385,0.021609186081095626,0.00046358992194881035,7.601343044287285e-06,1.44225647295818e-06
N4793HD,0.005870517486662471,0.8096226233263241,0.17592249702163695,0.007374526009626662,0.0012098361557497204
N4794HD,0.003339106371179807,0.011708344985294944,0.46077544559538364,0.5144761669539276,0.009700936094213979
N4799HD,0.9534568846589441,0.04236295125372773,0.0041271782575292995,4.567728661891381e-05,7.308543179952927e-06
N4800HD,0.9979732946534866,0.002016701938896108,7.98295931576413e-06,1.66746580614708e-06,3.5298249551360534e-07
N4808HD,0.1799672728104785,0.8018474552424363,0.01745011919230015,0.0007054724073175993,2.9680347467480614e-05
N4809HD,0.8756012648094839,0.10303663013065359,0.020334114791869893,0.0008537968617758731,0.0001741934062168343
N4634HD,0.9376227870587452,0.05029417766584765,0.01083236191536326,0.0011712806387774604,7.939272126628491e-05
N4784HD,0.9610278893064339,0.03865821696848493,0.0002996521498833153,1.2719970106560451e-05,1.5216050912274515e-06
N4815HD,0.9923889933287111,0.007540972539502287,6.739378506837272e-05,1.8145467396978704e-06,8.257999783032305e-07
N4816HD,0.9953838646512881,0.004401130131667472,0.0001927345083986246,2.0886204109699018e-05,1.3845045357443273e-06
N4817HD,0.9289687058156304,0.06541876134251923,0.005474514028120996,0.00011533172967980777,2.2687084049373247e-05
N4818HD,0.9965842741339216,0.0033450510113963833,5.355773136149191e-05,1.4512782802820352e-05,2.604340517794119e-06
N4821HD,0.027097876344955737,0.96016803893538,0.012321919775194198,0.00039797809620835444,1.418684826164161e-05
N4830HD,0.9959120568798143,0.003893751624104229,0.00017568078910215463,1.7713123809187855e-05,7.97583170128751e-07
N4748HD,0.9978163308450516,0.0021642456108095383,1.7233483930791957e-05,2.0191181480725433e-06,1.7094205989240183e-07
N4684HD,0.9963277428811594,0.0034638396782253112,0.00018811083571555574,1.8470199977271133e-05,1.8364049224659382e-06
N0389HD,0.06165673137009076,0.9236895967408986,0.014522129422800574,0.00012477456222327374,6.767903986706889e-06
N4796HD,0.9177013566745278,0.07015019014709899,0.01095451426569527,0.0010713090791591624,0.00012262983351884842
N4834HD,0.0014268383108645161,0.004390233003222347,0.4476211411977742,0.5444185779594594,0.00214320952867967
N4835HD,0.2674975908045016,0.7295567844558222,0.0028822390822902466,4.994720378803994e-05,1.3438453597817121e-05
N4837HD,0.9714658952923184,0.02814448118171933,0.0003769988081931172,1.0557003033552434e-05,2.06771473552747e-06
N4838HD,0.3118923355598864,0.6540665709569574,0.03341260033376266,0.0006036260833413915,2.486706605215287e-05
N4839HD,0.061152105259021414,0.8055612391188798,0.1302054939171759,0.0029403944940786277,0.00014076721084426515
N4842HD,0.9802577506480598,0.01724919358329633,0.0023449973897011127,0.00014180416391707003,6.254215025662783e-06
N4844HD,0.9981648129934378,0.0018195205141461341,1.4580554364990056e-05,8.98173907628868e-07,1.87764143291955e-07
N4846HD,0.07884937766894944,0.2686074880206645,0.4749998992271339,0.1296454218096904,0.047897813273561844
N4847HD,0.9885684478574565,0.011300066828084862,0.00011320551716070048,1.5207069746572401e-05,3.0727275512125925e-06
N4849HD,0.77648107098592,0.20839376757568512,0.011900367510134227,0.002989823086829306,0.0002349708414312592
N4852HD,0.08732906707254726,0.7864783072718555,0.12389819146439782,0.0021869443765286044,0.00010748981467080296
N4853HD,0.9600542894134855,0.039342831244908186,0.0005569708185770882,4.503553190041103e-05,8.729911288364992e-07
N4856HD,0.9895534684910754,0.010388745982669928,5.1552831545182176e-05,5.846461672979563e-06,3.8623303650162523e-07
N4858HD,0.996834621120991,0.003109001417446154,5.214911380030066e-05,3.7681154229235757e-06,4.6023233968749133e-07
N4860HD,0.13563734250245457,0.26521361745482136,0.543346964418631,0.050843384745935125,0.0049586908781579335
N4861HD,0.9943753704966367,0.005559198651322367,6.150890211087296e-05,3.024575213034987e-06,8.973747171090725e-07
N4863HD,0.9738671346255632,0.025838594093901227,0.00026990450166408116,1.7494012270753853e-05,6.872766600923516e-06
N4864HD,0.9945650070923668,0.005345906529100546,8.217847073690104e-05,5.986838609002265e-06,9.210691866627195e-07
N4866HD,0.9971539685707296,0.002728085585392921,0.00010958445574394321,7.216554050307895e-06,1.1448340832934161e-06
N4012HD,0.9739387056205177,0.024709506722608212,0.0010430802006008784,0.0002882250863955321,2.048236987786873e-05
N4825HD,0.6596731818992939,0.17191617175594798,0.14525285908424662,0.021009178297230084,0.002148608963281346
N4875HD,0.01609715314872054,0.30138790175203695,0.5803527741699779,0.09187736473434602,0.01028480619491853
N4878HD,0.011071991092304534,0.01771608836046577,0.22209776529378827,0.233288747243802,0.5158254080096394
N4883HD,0.03010889449209478,0.7418437906338669,0.21678631201750218,0.010634694377389167,0.0006263084791469257
N4884HD,0.9947382113174439,0.004400302393028013,0.000837830990735394,2.089081394094213e-05,2.7644848515716974e-06
N4887HD,0.23359987813315577,0.5466894114922999,0.21559903735071131,0.004081956831325454,2.9716192507602003e-05
N4891HD,0.9778329477830562,0.021655505602329306,0.0004711643936645346,3.818732943591601e-05,2.1948915140566435e-06
N4892HD,0.3510696347592966,0.6099460664736054,0.036585521866504274,0.002315760556259828,8.301634433399124e-05
N4895HD,0.9737537494695145,0.020571028511716844,0.005575622784933975,9.754209737392882e-05,2.057136460738404e-06
N4899HD,0.9845183750389283,0.015398574039942173,6.616163391515838e-05,1.527461455291537e-05,1.6146726615216901e-06
N4898HD,0.4583182898082328,0.49147160538225765,0.048580846206985266,0.0015271269320553124,0.00010213167046882156
N4902HD,0.9874115060323976,0.011651133912962472,0.0005740477703995094,0.00035291445136938085,1.0397832870938409e-05
N4904HD,0.18864990731331974,0.2785087350400329,0.48253479525054976,0.03462377790819863,0.01568278448789906
N4906HD,0.994527353478827,0.004929038974960907,0.000360570220949561,0.00017726065490769708,5.776670354902461e-06
N4909HD,0.9197609000891163,0.0332149424333089,0.046335470600579264,0.0005740633141082582,0.00011462356288739471
N4912HD,0.9565971568505007,0.040437411081945235,0.0026317478431743223,0.0002897689022485684,4.391532213095794e-05
N4913HD,0.9850673488699421,0.014664507910889529,0.00025979226031612034,6.976307153796789e-06,1.374651698339838e-06
N4914HD,0.47224642216727186,0.4287592748268142,0.0921651190673373,0.0066593853344978325,0.00016979860407892051
N4908HD,0.9973669177090936,0.002609629933953699,2.1416552324831002e-05,1.6819371340156961e-06,3.5386749378476553e-07
N4937HD,0.9933977182688932,0.006568961836056678,3.070284849677089e-05,2.200252605497041e-06,4.1679394783883863e-07
N4938HD,0.9943345298560471,0.005624764775273315,3.586628494092813e-05,3.6999004778063727e-06,1.1391832608338663e-06
N4949HD,0.9958768809520764,0.003971664808652214,0.00012901395498654943,1.3724264191533145e-05,8.716020093286973e-06
N4952HD,0.9832732788416435,0.015530555173066058,0.0010514821159287229,0.00012711107861103406,1.7572790750613823e-05
N4954HD,0.713403923113621,0.2779888120750269,0.008398862406728517,0.00018038948606812792,2.801291855529797e-05
N7917HB,0.995613244663963,0.00435802834434786,2.7207581647435635e-05,1.0098604797362715e-06,5.095495621763252e-07
N4951HD,0.9859928768051159,0.013971827199495399,3.255644569029603e-05,2.557389399368548e-06,1.8216029903288996e-07
N0385HC,0.46745278633997767,0.23454480979904885,0.23208773058598858,0.06057226461314226,0.005342408661842513
N3920HD,0.9121190681276079,0.08284132021119106,0.004659886624723072,0.00034686761300321535,3.28574234749543e-05
N9498GW,0.9969010551623737,0.0026526353921405956,0.0004315426773647287,1.1999372142737177e-05,2.7673959783713308e-06
N4961HD,0.9978113479262936,0.002173554632070093,1.404039142000284e-05,6.580039177032762e-07,3.990462985292838e-07
N4965HD,0.7835950625289515,0.20522134595446567,0.010148207110206609,0.0009870156195874653,4.8368786788803205e-05
N4967HD,0.9826118785028601,0.01615207058008115,0.0007360160903270862,0.0004625661412791945,3.746868545236185e-05
N4968HD,0.906173731706163,0.0871653971807091,0.004875765528918105,0.001729217724965351,5.588785924457714e-05
N4973HD,0.9871944851656311,0.012224159868078451,0.00043980785432338283,0.00013971179331789983,1.8353186490668601e-06
N4976HD,0.006819553372053262,0.28763434569180285,0.6705358807237076,0.03207647115964601,0.002933749052790299
N4977HD,0.8933836564481545,0.10471595959525207,0.0018245233766881366,7.140473652310394e-05,4.455843382118133e-06
N4978HD,0.9819479001623416,0.017175830167039604,0.0007199104382208278,0.00014708562992272805,9.273602475279903e-06
N4982HD,0.6218869685046962,0.33539989790856684,0.03900192644573421,0.003191106559305175,0.0005201005816978134
N4983HD,0.21036448744525563,0.5567148831809259,0.1869996235579486,0.045180130577582946,0.0007408752382869629
N4984HD,0.9863717152205547,0.01340140874783967,0.00020301240609432744,1.8545724370824838e-05,5.317901140668018e-06
N4992HD,0.0008992306779438817,0.032428042693644715,0.15560354158798112,0.7052161233395281,0.10585306170090218
N5000HD,0.9087561260794071,0.058799231838353484,0.030468945748020868,0.0017282073452745284,0.00024748898894390607
N5006HD,0.851467871349856,0.13437996045513942,0.01364083168717686,0.0004952772141272218,1.6059293700396702e-05
N5007HD,0.9823586971128184,0.016854261461228984,0.0007034040741955765,7.034473455675595e-05,1.3292617200165468e-05
N5008HD,0.897940075510112,0.09392469737845612,0.007218685972587538,0.0008782875541500051,3.8253584694345974e-05
N5011HD,0.4450137299364851,0.4250695444770551,0.12054061083773576,0.00869541178989794,0.0006807029588260838
N5020HD,0.9737052007496227,0.021938640587600474,0.004080165557299732,0.00023163565525758,4.435745021929668e-05
N5024HD,0.9943223165710358,0.005234640820150453,0.00041536289042628735,2.680634550683829e-05,8.733728805590761e-07
N4826HD,0.9951694277182724,0.004731950945142018,8.275303493491017e-05,1.5178834844911354e-05,6.894668057523455e-07
N5032HD,0.9940150551306695,0.005588886811120846,0.0003488881513405564,4.458643185195839e-05,2.5834750174523794e-06
N5041HD,0.995635604466898,0.004349646741253203,1.3434508562807054e-05,1.1819574017869417e-06,1.323258842481683e-07
N5043HD,0.9987249049037008,0.001235616740939624,3.7731610739011923e-05,1.027080212906833e-06,7.196644074412378e-07
N5044HD,0.07481655882136418,0.17202732386803624,0.5796418924841547,0.14837941695481974,0.02513480787162513
N5045HD,0.991913950460733,0.007676442622390231,0.00034765798023019,5.266113515498875e-05,9.287801491612758e-06
N5004HD,0.9976168673182232,0.002354720607269152,2.6873170649317534e-05,1.326740357171445e-06,2.121635013955428e-07
N5055HD,0.964443877335192,0.0294466780508108,0.00576728939813716,0.0003305687446151165,1.1586471244786073e-05
N5056HD,0.0914887033568362,0.22979661131050438,0.47030841007650004,0.15647281725421586,0.05193345800194356
N5057HD,0.9955285067254409,0.004399924261908829,6.937032102738685e-05,2.0344627821796494e-06,1.6422884067136844e-07
N5059HD,0.6933043386719469,0.14547180707613125,0.15854233749866584,0.002259147439958885,0.0004223693132971264
N5061HD,0.935191894108995,0.059115198335539944,0.0043889963327207685,0.0012068767071156668,9.703451562855668e-05
N5018HD,0.9986561765181691,0.0013088404885971225,3.1834570573992276e-05,2.76842820570182e-06,3.799944540976338e-07
N4896HD,0.9870480555275709,0.012728036909686284,0.00020827431975562583,1.4175727232329976e-05,1.4575157548961405e-06
N5064HD,0.9880500396213096,0.011488246102970893,0.00037498087986740367,8.212542264361649e-05,4.607973208330195e-06
N5065HD,0.9640483333196984,0.03454176796587577,0.0011486639821009143,0.00025033099839855306,1.0903733926281713e-05
N5067HD,0.5068291707975457,0.32454329879899746,0.15294051702247136,0.01452602331592321,0.0011609900650623253
N5070HD,0.13023124145513007,0.4208342435745748,0.4115150098265835,0.03591018631964996,0.001509318824061702
N5071HD,0.6997491649421054,0.24898253885994698,0.04971894228174729,0.0015061682413874304,4.318567481290422e-05
N5072HD,0.6502716188128771,0.32125045916557055,0.026436556406000532,0.002007642069163528,3.37235463883267e-05
N5074HD,0.9855521131729514,0.011748620246846739,0.0026287246585652325,6.56991774418798e-05,4.842744194655123e-06
N5075HD,0.9970202577355238,0.002958545739492728,1.743720381784261e-05,3.301626598913599e-06,4.5769456661920666e-07
N4923HD,0.9933433546554324,0.006039918215198768,0.0005748952638464952,3.2429195010167266e-05,9.402670512025549e-06
N5076HD,0.9747043266838596,0.02482029111192408,0.0004533269693126108,1.8470894679087415e-05,3.5843402244858627e-06
N5079HD,0.023105811203183408,0.2108019741807194,0.6921106300970402,0.06973608972980874,0.004245494789248228
N5080HD,0.6679125075090725,0.21718484272744593,0.10649847742242576,0.007712245980052543,0.000691926361003275
N5082HD,0.994336977776113,0.005392363045841896,0.0002504826661807143,1.9173992870433663e-05,1.0025189940879557e-06
N5083HD,0.9896206268639425,0.009161862653585174,0.0010815390188185867,0.00011528438216700242,2.068708148680363e-05
N5085HD,0.17326713284052095,0.5450534987497337,0.2764367079305285,0.004945280017450749,0.0002973804617659006
N5051HD,0.8104537110490159,0.18401229021726354,0.0054605674192952395,5.502433192072544e-05,1.840698250467163e-05
N5039HD,0.01117030617729085,0.115875787959738,0.6355793943282412,0.19526034336809467,0.04211416816663516
N5088HD,0.9944538925069885,0.005496423741188263,4.6736556212967124e-05,2.5542975802823376e-06,3.928980299382639e-07
N5091HD,0.10793970843661588,0.8910595650775368,0.0009891454727521145,8.447042783499937e-06,3.133970311683957e-06
N5093HD,0.004786440699542357,0.005182859221885705,0.29859980600905606,0.5449112243878035,0.1465196696817123
N5100HD,0.0027352951514999445,0.03185599664200628,0.2661455752192748,0.6841935510280396,0.015069581959179327
N5103HD,0.009329853975956788,0.07391512992207315,0.4959966879174434,0.34326344960426974,0.07749487858025698
N5104HD,0.9986242502723436,0.0013600803623391327,1.4096682527173583e-05,1.3630449471013467e-06,2.0963784292519714e-07
N5105HD,0.9911127277423265,0.008619743081760814,0.00017331531425202873,8.592499988421618e-05,8.2888617764705e-06
N5106HD,0.9686015794706716,0.030430711126684815,0.0009103068941403914,3.1593625611488545e-05,2.5808882891822254e-05
N5109HD,0.9141819785218144,0.08260589456490272,0.0030306323264921876,0.00014877830299863382,3.271628379203499e-05
N5112HD,0.8624760869356342,0.112971827796832,0.020767592908066665,0.0034047594542783903,0.00037973290518862927
N5115HD,0.992636847665888,0.006864095993937203,0.0004711245687088254,2.609132039112648e-05,1.8404510749066363e-06
N5120HD,0.0013945574301407664,0.005957996227260006,0.09527999950963764,0.8746895254249127,0.02267792140804884
N5121HD,0.9858185644162191,0.013697202136989885,0.0004042480160148193,6.911434581292794e-05,1.0871084963017456e-05
N5122HD,0.9671666257225211,0.019650547945166914,0.012884529471011279,0.00028268932543404265,1.560753586676426e-05
N8305HB,0.9961905526308095,0.003762810707337539,4.373280825546538e-05,2.768092001793912e-06,1.3576159568268868e-07
N5126HD,0.058913219758021926,0.08802673591155774,0.34109655244424264,0.4085011698647318,0.10346232202144581
N5128HD,0.9988194388727357,0.0011601063527918237,1.936785299365447e-05,9.181287933883932e-07,1.6879268552781486e-07
N5133HD,0.0025590398929617496,0.02533542525722766,0.39901952024703663,0.5483646322732355,0.024721382329538466
N5135HD,0.9766993415844595,0.022957791783411653,0.00027973465553995756,5.9859716086767876e-05,3.2722605021031903e-06
N5143HD,0.9900316288144104,0.009598164986054461,0.00035943624131958306,8.286736492012701e-06,2.483221723453323e-06
N5144HD,0.794407317347806,0.18221746445682874,0.02272322121324521,0.0006163616806783507,3.5635301441626773e-05
N5149HD,0.36044968545971257,0.22819660120844035,0.3111488175793193,0.08905975863511333,0.01114513711741463
N5152HD,0.8399563145943632,0.1580344496758644,0.0019034001891701526,0.00010157329087356377,4.262249728747904e-06
N4394HD,0.31921277126421777,0.4740385548593989,0.17323430677764232,0.029353723617147453,0.004160643481593507
N5029HD,0.6562387586518291,0.1224120448294474,0.17400764342696415,0.03934152544027365,0.008000027651485568
N4368HD,0.9975251245758541,0.002447848071457244,2.5126416308214484e-05,1.4005505748656368e-06,5.003858057203939e-07
N5013HD,0.24826747600680216,0.3630102134492674,0.36668462417456144,0.015672472481733576,0.006365213887635331
N5153HD,0.8094632197742746,0.17454681033639258,0.015130246625686185,0.0007797284910117538,7.99947726349307e-05
N5157HD,0.9977916336174881,0.002155996404927419,4.628154682415723e-05,4.0480308187463875e-06,2.0403999416858774e-06
N5170HD,0.988757283838502,0.010553232910764676,0.0006594423648272882,2.0493377753830236e-05,9.547508152145662e-06
N5172HD,0.9918996215276139,0.007915437243900713,0.0001672580037713704,1.3573075466534794e-05,4.110149247209304e-06
N5173HD,0.9589427901216323,0.03586787459005192,0.004925207949913116,0.00022978237967799628,3.434495872465859e-05
N5147HD,0.8840173140032632,0.11066187105507669,0.004960434537389643,0.00033155610200881133,2.8824302261658642e-05
N5178HD,0.9767084072654777,0.022183840206979253,0.001067171251412094,3.3557919994304375e-05,7.0233561364616606e-06
N5180HD,0.7749920181619498,0.14608830513545829,0.07031509988649724,0.0072772030032996005,0.0013273738127949149
N5181HD,0.8932559319030329,0.05265433527303906,0.052219758394978014,0.0015335297531101656,0.00033644467584003024
N5182HD,0.9973002568249854,0.002659345225119166,3.81690384193277e-05,1.5290498912893646e-06,6.998615849204443e-07
N5183HD,0.25563180772876376,0.7367520288144022,0.007399128710274165,0.00017748682105462658,3.954792550532946e-05
N5185HD,0.45490477097089277,0.24446405558948467,0.172319205849848,0.12678504063984503,0.001526926949929393
N5187HD,0.17676407048639825,0.12225472075053281,0.4447295778842522,0.22741836288134804,0.02883326799746876
N5188HD,0.6907760468775876,0.21139080882922173,0.05863667693089346,0.038230623860956686,0.0009658435013404586
N5190HD,0.002156602919471788,0.012836286915899059,0.5112537155151732,0.4258492405503523,0.047904154099103625
N5192HD,0.9627277099004625,0.03684942646166137,0.00041112980098562883,7.813247695818324e-06,3.920589194349315e-06
N5193HD,0.945267061147824,0.05174552717250894,0.0028556708714076464,0.00010452667728006417,2.721413097945895e-05
N5197HD,0.9971168779974028,0.002808797195043779,7.125411494394494e-05,1.8893522557610068e-06,1.181340353846838e-06
N5198HD,0.7121738135283736,0.08201965806221999,0.15361533070750286,0.048780834578527624,0.0034103631233759635
N5199HD,0.9354118126472565,0.06030099204514969,0.00345861808220408,0.0006695627321717056,0.00015901449321786972
N5200HD,0.9043288480214277,0.09404925017420271,0.0015356459055534996,7.482407793040944e-05,1.1431820885811789e-05
N5203HD,0.09159912984701929,0.11152757862548528,0.5388120117543147,0.24868054916563614,0.009380730607544673
N5209HD,0.04540653405728317,0.09851914496676176,0.6348243453898897,0.21757996796124623,0.00367000762481911
N5212HD,0.9920744393032694,0.007847203559757368,7.513649496062269e-05,2.7779955169920803e-06,4.4264649581830064e-07
N5215HD,0.9464421632765199,0.0480527106447745,0.004933566064984885,0.0004917840354916528,7.977597822906016e-05
N3574HD,0.983637219041324,0.01601746082407823,0.000306420653610115,3.3930013631356015e-05,4.9694673563801435e-06
N4760HD,0.009329322554891405,0.03453256065925591,0.6714577436588353,0.21746862746825962,0.0672117456587578
N5225HD,0.9935475242045391,0.006359369014450217,8.666075581587378e-05,5.380157060941548e-06,1.0658681338760607e-06
N5226HD,0.9384355616768918,0.05554871969717907,0.004901917877910982,0.0008001090167606418,0.00031369173125760726
N5227HD,0.9771507463712815,0.02219569991306917,0.0006138883094472231,3.686877890077926e-05,2.7966273014493517e-06
N5233HD,0.002182673593858156,0.017505348389645174,0.12295100348604217,0.6468083433279186,0.21055263120253592
N5238HD,0.9913840263437055,0.007975636693891505,0.000594865963572959,3.83265798455274e-05,7.144418984570199e-06
N5241HD,0.9833840361585547,0.014873980078423912,0.0016748867720080241,4.707194430854312e-05,2.0025046704721808e-05
N5243HD,0.003328207896906816,0.10965659712449659,0.4963925756903466,0.38259076264936315,0.008031856638886989
N5246HD,0.9423028781990187,0.05666721224203691,0.0008673799825996725,0.00012388978985598278,3.863978648895222e-05
N5247HD,0.0007494196617674096,0.0013403963660933679,0.258473568555216,0.7347109314639249,0.0047256839529984515
N5248HD,0.8371404809959087,0.03422472418331433,0.12518876127794615,0.003292083559737921,0.00015394998309292598
N5253HD,0.911625737612772,0.06410974931604582,0.022740849392237552,0.001191958022313017,0.000331705656631647
N5257HD,0.07984653638247244,0.1518526262393191,0.4902046183383015,0.263816460703564,0.014279758336342905
N5259HD,0.003398934550883319,0.01107731245186388,0.19047751115785982,0.19077195220493592,0.604274289634457
N5262HD,0.051035817752617285,0.707865067032533,0.23501040178303115,0.005914503686864057,0.0001742097449545455
N5266HD,0.30598297053234036,0.586516665531854,0.1044712728154014,0.002856287503159983,0.00017280361724425418
N5270HD,0.9789263193681869,0.020578245864423833,0.00044721433257501406,3.9738099787683045e-05,8.482335026474781e-06
N5271HD,0.8158803003965993,0.15136814970294274,0.0304391899446384,0.0021383900457786604,0.000173969910040949
N5273HD,0.9749930531959978,0.022963827765967157,0.0019851921469042884,5.273943251887101e-05,5.187458611868479e-06
N5274HD,0.9958180565777386,0.004010572126223642,0.00016476426038522824,5.806780867858946e-06,8.002547848057118e-07
N5211HD,0.7841147614121508,0.17279567835600632,0.03562138451834006,0.007097176839098755,0.000370998874404107
N4843HD,0.9571361324098108,0.03618972847345603,0.005878578616698238,0.0007013267424517819,9.42337575832521e-05
N5287HD,0.9540875371451979,0.04501549793728664,0.0007699767192541327,0.00011822406799298486,8.764130268197082e-06
N5286HD,0.21453823264441624,0.17386773338125258,0.5081793222277637,0.0732605351347821,0.030154176611785377
N5292HD,0.10169664770615085,0.14935035916819864,0.43820574839277543,0.29398491030430673,0.01676233442856851
N5294HD,0.9897377838252461,0.010147683120033491,9.902767282765524e-05,1.3556345699174155e-05,1.9490361937803784e-06
N5296HD,0.6415814655994561,0.2635243071018462,0.06831743173421696,0.02590796484943224,0.0006688307150486626
N5298HD,0.9876031605657656,0.011910945737435692,0.00046998679428052187,1.33943249659269e-05,2.5125775522820118e-06
N5303HD,0.979213491444556,0.012840215792234367,0.007888404780393272,5.4288006762507125e-05,3.5999760537425333e-06
N5305HD,0.11065596362464643,0.6916266135950864,0.17237642311382695,0.025039526239897712,0.0003014734265425519
N5306HD,0.9838758492781612,0.0158019065943941,0.0003134803440535697,7.25596353378851e-06,1.507819857294062e-06
N5307HD,0.02803163883671628,0.1358167214752031,0.5082683834094585,0.2608917371928024,0.06699151908581974
N5311HD,0.5273314650221576,0.3171692380942463,0.15253605211246732,0.002828534501392658,0.00013471026973621558
N5314HD,0.991685263885361,0.00804360184846641,0.00019913766107548098,6.514675980881075e-05,6.849845288177253e-06
N5073HD,0.06717076156000384,0.24192325750532653,0.4560674144788608,0.20967771585563608,0.025160850600172747
N5277HD,0.046833756430805146,0.06115923623965811,0.49218309773158536,0.2132787922978547,0.18654511730009657
N4885HD,0.9949012631141523,0.004952057819992133,0.0001218142497393818,2.2470392332321846e-05,2.3944237838049315e-06
N5318HD,0.007375398466986538,0.03907040550553861,0.8574387014386589,0.08985731821385202,0.006258176374963816
N5321HD,0.9655745653208594,0.03024845027266828,0.003833223893686449,0.00030856891761374525,3.5191595172194524e-05
N5323HD,0.9964227080916445,0.0035700292484286016,6.521320476114911e-06,6.510671819576497e-07,9.027226897214398e-08
N5324HD,0.9599478096588034,0.03299027107057299,0.006814667394037721,0.00018958092000345456,5.7670956582398906e-05
N5326HD,0.9822503673700947,0.017025852013544385,0.0006359599763957065,8.096642764128931e-05,6.854212323967736e-06
N5327HD,0.9889678138764889,0.010855531612859995,0.00016719507007066092,8.078727013255393e-06,1.380713567130332e-06
N5329HD,0.00731307907460912,0.031210162421131084,0.9291862912801789,0.030078087335403687,0.0022123798886770274
N5331HD,0.913111064927795,0.0857453950827263,0.0009622181190281006,0.00010084655090484002,8.04753195457276e-05
N5332HD,0.9831107477385881,0.015383630222235335,0.0012472006837209895,0.00022934959743355418,2.9071758022314595e-05
N5333HD,0.9965633774406669,0.0033854477080635893,4.8283711963713325e-05,2.721071724349002e-06,1.7006758124023292e-07
N5334HD,0.009026520979753644,0.9886603076796835,0.0022636294664342103,4.479614414780766e-05,4.745729981185563e-06
N5338HD,0.011376030065999515,0.014884406945500705,0.3013502211876471,0.46150708135676494,0.21088226044408775
N5339HD,0.00048111406777668887,0.008974041968685816,0.9232904233896156,0.04993983371438189,0.017314586859539974
N3820HD,0.010795277741300329,0.1402464482917931,0.3715725701210013,0.33210899635876945,0.14527670748713578
N5342HD,0.9916403745716941,0.0081072987718753,0.00024039637970601135,1.1041803651989096e-05,8.884730726457066e-07
N5345HD,0.9778062776126234,0.019592986107527407,0.002363573241569859,0.00019441590829039475,4.2747129989084827e-05
N5346HD,0.9734364199478083,0.02641266405926445,0.00013411812328576063,1.5479743181220667e-05,1.3181264604675639e-06
N5348HD,0.005902542128717102,0.02557516525059786,0.17522555327727193,0.6632618106612075,0.13003492868220562
N5351HD,0.860947260220139,0.12018308684199432,0.016458579414532604,0.0019365907184762962,0.00047448280485790155
N5354HD,0.0028723258359439905,0.008753070094110034,0.22722647494736478,0.7586980123385881,0.0024501167839931144
N5355HD,0.8243833808758213,0.1682179960095505,0.007235713838367776,0.00014861309276212342,1.4296183498263805e-05
N5362HD,0.9950465600046656,0.004915537045672212,3.5842208967589394e-05,1.9147909326070046e-06,1.4594976175171396e-07
N5364HD,0.9867712325007296,0.01197739756415126,0.001185022807418764,6.225399755499903e-05,4.093130145226199e-06
N1264HD,0.05166158072952317,0.7278644153473414,0.21898836087183216,0.0014064821078830596,7.916094342017403e-05
N4985HD,0.38106924549751153,0.3501338537827538,0.2376395124570007,0.02257423491837887,0.00858315334435502
N5368HD,0.014540227440784637,0.06611185153724404,0.42766323316461047,0.4552845119726053,0.036400175884755526
N5371HD,0.9890812216393533,0.010764524812207908,0.0001393208127151121,1.4099247247747148e-05,8.334884760198559e-07
N5372HD,0.992335370258689,0.007465883409372393,0.00019410607550916843,4.15175696656856e-06,4.884994629444789e-07
N5373HD,0.9464358548674023,0.05332516958631,0.0002252495102213215,1.1199178965782082e-05,2.5268571006869134e-06
N5374HD,0.5966478651292361,0.3594740864435685,0.042646218074293536,0.0011765055289070596,5.532482399488164e-05
N5377HD,0.8583386128449171,0.1286039738151156,0.012159393091058275,0.0007996214038252352,9.839884508374238e-05
N5379HD,0.9796347018918243,0.019899705886585854,0.00043809620895825436,2.4951260816045782e-05,2.544751815537313e-06
N5381HD,0.08778425812289098,0.09706618790359972,0.3399136109439055,0.41820895359245663,0.05702698943714725
N5383HD,0.231037141667231,0.20706710504132533,0.32672276683788337,0.2108657530793732,0.024307233374187113
N5385HD,0.9958665619523266,0.004112372125940179,1.9932316286056697e-05,7.973920058505801e-07,3.362134412074597e-07
N5387HD,0.0019010963050637988,0.03012581672476997,0.10212085552503872,0.5711506340332759,0.2947015974118514
N5388HD,0.14456286494739798,0.11717992193232912,0.38312221930034035,0.3224516573693413,0.03268333645059118
N5389HD,0.02003506568361194,0.39280432401831,0.568047110258448,0.01787552098397275,0.0012379790556573483
N5391HD,0.9647845162440255,0.0316763110051591,0.0034676492489802775,5.7437625163684945e-05,1.4085876671418956e-05
N5393HD,0.9510078841760998,0.04805681871123334,0.0008411165251322529,8.47942057078722e-05,9.386381826689295e-06
N5395HD,0.9903710727980081,0.007647005560291386,0.0018100002548833629,0.00016227236709841442,9.649019718872413e-06
N5397HD,0.989213479217056,0.009417232356082737,0.0012928185220499662,7.274978757666528e-05,3.720117234836998e-06
N5398HD,0.9909841981775203,0.007829837836237755,0.0011099616393753066,7.1796898434211e-05,4.205448432286068e-06
N5386HD,0.28470337883684976,0.6270976314103618,0.08762715609452439,0.0005391221866075334,3.271147165642916e-05
N2483HD,0.9916909451572268,0.007895081215161762,0.0003871911314182933,2.15908349075042e-05,5.191661285558797e-06
N5402HD,0.9927202932713912,0.006863991750995697,0.0003568256625161284,4.7275968723835026e-05,1.1613346373242912e-05
N5404HD,0.9843225464568816,0.014192917700769478,0.0012837048592158015,0.00018883134325674644,1.1999639876218289e-05
N5405HD,0.9989863336663605,0.0009952855328762102,1.762717918624609e-05,5.044369832282471e-07,2.49184593706627e-07
N5407HD,0.47330661407154734,0.4592157023108627,0.05942746559726263,0.0070935535248605065,0.0009566644954668662
N5414HD,0.9679939830931221,0.03161134298706668,0.00035534624488733365,3.582252797583454e-05,3.5051469480405133e-06
N5415HD,0.9789036963646259,0.021032834378073264,5.662453503494763e-05,5.799163975549395e-06,1.0455582901873183e-06
N5416HD,0.17887131493312028,0.8086397547068241,0.011505794454146635,0.0008725107024927383,0.00011062520341636595
N5421HD,0.9931775120073923,0.005933094264843322,0.000828406053423301,5.468092563971747e-05,6.3067487011153e-06
