ncode,proba_0,proba_1,proba_2,proba_3,proba_4
N4541HD,0.9986210515611952,0.0013303069481330986,4.6255532296186434e-05,1.4395898825427805e-06,9.463684930825935e-07
N4397HD,0.0024633022254533722,0.020350856805731017,0.2847024937669633,0.6876340737759215,0.004849273425930901
N4544HD,0.9957912240816051,0.004162335209190067,4.004310072209019e-05,6.232167126668847e-06,1.6544135607141777e-07
N4545HD,0.037605656705194175,0.08252742862835072,0.5875959482138544,0.20070527964157558,0.09156568681102513
N4546HD,0.48782752696512527,0.4897660929385244,0.022256442113827837,0.00013977309776969478,1.0164884752635597e-05
N4550HD,0.9955147282704943,0.00447393503322692,9.67737054149984e-06,1.4405648100382025e-06,2.1876092703770065e-07
N4551HD,0.9910031119573878,0.008948457229180473,4.599939315078981e-05,2.33581072426774e-06,9.560955694970464e-08
N4554HD,0.13107288170464543,0.5726310705036648,0.2884621603503294,0.0069779571791472785,0.0008559302622132191
N4555HD,0.9499826922183376,0.04923121033445058,0.0007356641775410697,4.524700876054605e-05,5.186260910299794e-06
N4556HD,0.9442789605291328,0.043923060811345005,0.008247295669462699,0.003046976660982548,0.000503706329076841
N4563HD,0.9620552518124367,0.028309656883845267,0.0088324351254713,0.0007800322301507372,2.2623948095899142e-05
N4567HD,0.9964671266551859,0.00351704934040258,1.3835066988411777e-05,1.872506851970136e-06,1.1643057115423666e-07
N4561HD,0.9931183266180243,0.006872705287590801,7.369648434030419e-06,1.329985017511677e-06,2.684609335014943e-07
N4571HD,0.7501527371775741,0.17074855012537518,0.06043981736746342,0.01663169554493603,0.002027199784651158
N4574HD,0.9982763029801212,0.001714177808173034,8.31275471541496e-06,9.87384478169465e-07,2.1907251223765195e-07
N4575HD,0.9906139823163854,0.009024838959906658,0.00031828362113267556,4.183558832537112e-05,1.05951424985269e-06
N4579HD,0.5734280850559881,0.33913706420667733,0.0720637437149383,0.014556868337792175,0.0008142386846040653
N4581HD,0.29662559022052104,0.6864664789445634,0.01628634932507024,0.000606265644132781,1.5315865712638937e-05
N4584HD,0.3543988659010819,0.629088244862374,0.01635696433588008,0.0001500255816610263,5.899319002829971e-06
N4578HD,0.9950089149291216,0.004853387698284333,0.00012840267965990798,7.066359558261465e-06,2.2283333759206324e-06
N4590HD,0.6422904549928392,0.305160683369188,0.05059020641789144,0.001935681347288484,2.2973872792792105e-05
N4593HD,0.030635949875297667,0.6015162340593727,0.1893438185488273,0.17268327802288247,0.00582071949361976
N4151HD,0.20711798015403066,0.2410104125022069,0.20350987528326317,0.31514135133573085,0.033220380724768434
N4594HD,0.9982817278647138,0.0016807471181796217,3.382599751589418e-05,3.2808251749688986e-06,4.1819441571811405e-07
N4600HD,0.8530031303409529,0.13904482607732618,0.007517545214924818,0.0004314246338304803,3.0737329654582926e-06
N4605HD,0.08573933066225993,0.329177218720344,0.5376130697420561,0.04572534789126709,0.0017450329840727286
N4612HD,0.9664049969044199,0.03137652280711557,0.002116119512659455,9.895476805020457e-05,3.4060077549016323e-06
N1701HC,0.019109642972132045,0.08139228023659557,0.7651077425231135,0.10868596611658542,0.025704368151573464
N3705HD,2.9934262366128977e-05,0.00038546352609740664,0.020344915989790612,0.1871691731270652,0.7920705130946807
N4589HD,0.9893404223018815,0.009846605060591804,0.0005286708306813137,0.00027716653014624935,7.1352766991137146e-06
N4339HD,0.9975296921434729,0.002448282097452017,1.9004410854602445e-05,2.9069725552923614e-06,1.1437566542235507e-07
N4615HD,0.015279173787110287,0.037922401254475255,0.3066245036799119,0.568271722660471,0.07190219861803165
N4618HD,0.989271893957469,0.010699916262516327,2.3357275477749875e-05,4.5526694036958415e-06,2.798351334793906e-07
N4624HD,0.9745324336314151,0.025322251795255477,0.0001394233608649781,4.982369532794495e-06,9.088429316442697e-07
N4626HD,0.9842316508072863,0.01502129521821439,0.0006024524862217938,0.00013369503056168271,1.090645771592686e-05
N4628HD,0.142704710221512,0.4441462999883775,0.3568989838691071,0.05133824020116963,0.00491176571983365
N4638HD,0.2983908173642952,0.34420047392901904,0.1905087271352569,0.15022768889060445,0.016672292680824406
N4639HD,0.9892783422778665,0.010568526360424772,0.00013736767585469987,1.3113500317426192e-05,2.650185536828673e-06
N4642HD,0.9975885518942622,0.0023967131122926647,1.3477571239811363e-05,1.1526291953185036e-06,1.0479301002770487e-07
N4646HD,0.9985488340275025,0.001428015724097932,2.124963327543476e-05,1.6951637472741092e-06,2.0545137694849343e-07
N4631HD,0.9950025698198057,0.0047925732606791125,0.00014948030513945346,5.481581074471887e-05,5.608036310401387e-07
N4656HD,0.006265817143781843,0.027967044906956486,0.49272652802264805,0.4160807100883545,0.05695989983825898
N4658HD,0.99419810709175,0.0044035314029161,0.0011872123849650013,0.00019299952353314366,1.8149596835950045e-05
N4661HD,0.9970541881656125,0.002892986559747205,4.150597958948662e-05,1.0573442288173112e-05,7.458527626396154e-07
N4665HD,0.9889732753944106,0.010931620120156716,7.498054201413325e-05,1.899745795032788e-05,1.1264854682583668e-06
N4667HD,0.9960433217388059,0.003908504626282914,4.3077237046273054e-05,4.12115211526456e-06,9.752457496542114e-07
N4669HD,0.9844784506415805,0.015445353835834248,6.829235282762069e-05,7.231033013496741e-06,6.72136744124319e-07
N4673HD,0.31815187239115517,0.3690278605196208,0.2991670360854319,0.008972461617865388,0.004680769385926611
N0760HD,0.2199102287110738,0.46116561077249,0.29706564775120603,0.021371784696163004,0.00048672806906730555
N4672HD,0.9797380847390196,0.0171502778560584,0.0026984115888109275,0.000346515648773501,6.671016733767578e-05
N2593HD,0.9949699558723821,0.004983521615078235,3.109805090436367e-05,1.4113395368775505e-05,1.3110662664527104e-06
N4677HD,0.24431796417694526,0.6812755670615971,0.06767291081170336,0.006607411920424876,0.00012614602932941435
N4680HD,0.4576609211876353,0.25950342411122124,0.26513915888093537,0.016903307421014726,0.0007931883991934142
N4688HD,0.020252299210762093,0.08284763135441423,0.6178831019553225,0.22744579678514076,0.05157117069436042
N4689HD,0.9846327648527528,0.015312714483209262,4.702271950832981e-05,6.910827062684931e-06,5.871174669101808e-07
N4691HD,0.26632502906170646,0.09677551898904377,0.4632064748423636,0.15110096896295674,0.022592008143929414
N4692HD,0.9281755593879975,0.054013130925282773,0.016183038378004118,0.0011086528094133615,0.0005196184993024279
N4694HD,0.0071869827449128135,0.10124860871499657,0.7583057777114799,0.12213741593500714,0.011121214893603638
N4695HD,0.16633730875199365,0.5669719453298453,0.263046155728206,0.003335060285154422,0.00030952990480064474
N4699HD,0.24097097205309503,0.08724109890801965,0.6380877452030261,0.03216777223452464,0.0015324116013344061
N4703HD,0.9752015657561466,0.022353140792889862,0.0016718992151958216,0.0007454483898535837,2.7945845914406686e-05
N4704HD,0.0003808191560259901,0.001442683060508231,0.6771639672955811,0.31949824363770735,0.0015142868501773121
N4708HD,0.99894029529089,0.0010408836482875658,1.7953927160979372e-05,6.512913666529922e-07,2.1584229487845452e-07
N4714HD,0.82722985594431,0.1018007627961971,0.06394106656885161,0.002723088713343766,0.004305225977297487
N4721HD,0.19546298919342653,0.46964733093824396,0.21272882745773317,0.10923037146809278,0.01293048094250364
N4722HD,0.9830900583036939,0.016861312453729356,3.91761148738292e-05,7.922536131589436e-06,1.530591571486965e-06
N4724HD,0.5110579169655124,0.3781310198944449,0.106464141360728,0.004299698233173101,4.7223546141468595e-05
N4726HD,0.3066523748919095,0.5964818430935122,0.09561321719148975,0.001236682461808532,1.5882361279956914e-05
N4735HD,0.9803198888219068,0.01957224391636945,9.404459281804748e-05,7.887349793835321e-06,5.935319111860365e-06
N4063HD,0.7536308701386115,0.21084476533316499,0.02898385798083718,0.005556777243251356,0.0009837293041348827
N4712HD,0.985938928354594,0.013892236088516302,0.000150093678861108,1.6582228250827647e-05,2.1596497777556034e-06
N4738HD,0.028328481896790485,0.07444757310727276,0.8283554902487881,0.06560586204451037,0.0032625927026381967
N4740HD,0.01914748641981874,0.02543914596364713,0.5011478685493884,0.42035257880911925,0.033912920258026516
N4742HD,0.006673928492422668,0.05311319560972077,0.6645790817634323,0.21596238073684507,0.05967141339757927
N4745HD,0.9946895375820222,0.004843424114356826,0.00044535108198360526,1.766708200905968e-05,4.02013962847811e-06
N4747HD,0.9899784262837389,0.009340020508758162,0.000641134281727622,3.65199811052677e-05,3.898944670026766e-06
N4750HD,0.9870549661601323,0.012141008080206354,0.0006335425191151694,0.00016666322604180534,3.820014504208576e-06
N4752HD,0.00102491365402441,0.0424014286690491,0.635033698671872,0.30494637136983416,0.0165935876352204
N4754HD,0.9283579468798235,0.07073366682000985,0.0008673726394992289,2.796272786379004e-05,1.3050932803555271e-05
N4755HD,0.6523810530271924,0.13239605097464635,0.20284608317752617,0.009493201985578278,0.002883610835056861
N4756HD,0.5263600135598285,0.2312335916688377,0.23421423804881603,0.006464786290571475,0.0017273704319463524
N4757HD,0.9895195616810886,0.010215244861691297,0.0002390685749558303,2.246292995830095e-05,3.6619523062081323e-06
N4759HD,0.9447758424842149,0.05238798924697761,0.0025473126112112525,0.0002846663190976189,4.189338498559259e-06
N4762HD,0.6293327460347751,0.2877062256704886,0.08093769366454956,0.0019420034013978482,8.133122878895291e-05
N4763HD,0.8378194810783169,0.1401122696157277,0.017880595621392794,0.0012533656014330748,0.0029342880831295807
N4767HD,0.9976264511561573,0.002142302767906302,0.00020878070455184174,2.167538103997905e-05,7.899903446514268e-07
N4769HD,0.1666148395085917,0.5009992109868393,0.282689190820241,0.04908694731750285,0.0006098113668252109
N4770HD,0.9855720598085923,0.013263529753516978,0.0010510926873098906,0.00010531657759542396,8.00117298554622e-06
N4676HD,0.5504509085808753,0.408093104580244,0.034278800772423186,0.006760546227192634,0.0004166398392648758
N4614HD,0.33976873663342344,0.09478044702950784,0.5524212006255069,0.012602823304856306,0.00042679240670539116
N4774HD,0.2915254393262289,0.24353942536443202,0.45614175130331686,0.007410955006081586,0.0013824289999406743
N4778HD,0.04237185675613419,0.33936829230251586,0.5069448129429617,0.09290502301299278,0.01841001498539544
N4780HD,0.0005731113988919718,0.00826500037937092,0.09355797249339537,0.6362897922124203,0.2613141235159215
N4783HD,0.9398710969315636,0.053108046449979615,0.006378194113186287,0.00028284051212925813,0.00035982199314140545
N4789HD,0.9868165290818897,0.011576603259922909,0.0015479841329853901,5.183276330377499e-05,7.05076189846143e-06
N4792HD,0.9727660920020609,0.0268068721036197,0.000413103738398256,1.1332409767954505e-05,2.599746152927999e-06
N4793HD,0.006484718188775249,0.31767397274062176,0.6593644335191503,0.014761770349924565,0.001715105201528185
N4794HD,0.0011611066123661431,0.014851517538536512,0.4446441905076658,0.5337415368308592,0.005601648510572307
N4799HD,0.9527337231228977,0.04476314244185346,0.002452078638217687,4.611190851425806e-05,4.943888516809318e-06
N4800HD,0.9986513635666374,0.0013326140004134785,1.3820649514317362e-05,1.9092328918162614e-06,2.925505430778761e-07
N4808HD,0.10172976701112982,0.882348293071588,0.014145450866393112,0.0017573301162836202,1.9158934605511626e-05
N4809HD,0.9402091905440029,0.05340227660581572,0.0060473565280861775,0.00022171483997524547,0.0001194614821199208
N4634HD,0.9695172848211544,0.024233232452282802,0.005483107957766944,0.0007511687185032614,1.5206050292706789e-05
N4784HD,0.9889309033433037,0.010943625270078658,0.00011994034050431994,4.755714573388902e-06,7.753315402128905e-07
N4815HD,0.9938926784062235,0.006088313229387263,1.7973024049288588e-05,7.500728198744641e-07,2.8526752004386865e-07
N4816HD,0.9945124824855864,0.005068738603962658,0.00039581227594323885,2.1322418855108702e-05,1.64421565256627e-06
N4817HD,0.8066025673585272,0.18965037317688704,0.0033137761598662843,0.00040047318445117556,3.2810120267942794e-05
N4818HD,0.99893365841119,0.001036847433058584,2.234549090872711e-05,5.770451192932305e-06,1.3782136497115187e-06
N4821HD,0.04040087695835336,0.9527178836982051,0.00673092714713332,0.0001451153730878427,5.196823220093149e-06
N4830HD,0.9981534961932744,0.0017249480630911916,0.0001098371357558958,1.1525337696859565e-05,1.9327018155397535e-07
N4748HD,0.9975018886157685,0.0024947720717720125,2.7737831956594996e-06,4.74404877670822e-07,9.112438616615884e-08
N4684HD,0.9991966092614456,0.0007454233272055085,5.0365238516866085e-05,6.759871630552061e-06,8.423012014987626e-07
N0389HD,0.03903059647601425,0.9420746181991878,0.018726250858367276,0.00016260982535035813,5.924641080358772e-06
N4796HD,0.7779149097623194,0.18739927656044642,0.033163980725232335,0.0014034004249725907,0.00011843252702926702
N4834HD,0.000938488547098417,0.010995623502016386,0.6108602514736203,0.37587728743349985,0.0013283490437650703
N4835HD,0.41575709906066804,0.5828353421396197,0.0013449806092888192,5.642126593545442e-05,6.156924487882369e-06
N4837HD,0.9612732126361136,0.038541245552790454,0.00018126773134319186,3.150769929742568e-06,1.1233098228234377e-06
N4838HD,0.17645886467890573,0.8054357676955817,0.01759367653346866,0.0004925049784107312,1.9186113633169327e-05
N4839HD,0.06187662055281674,0.8789935059724514,0.057459746748583666,0.0016420580409215373,2.8068685226501103e-05
N4842HD,0.984432889543529,0.012751410736099296,0.00260317321528041,0.00020896475063449346,3.561754456651243e-06
N4844HD,0.9975351315119731,0.002459571483356667,4.7375650095106615e-06,4.1014292643180826e-07,1.4929673430534824e-07
N4846HD,0.10591625144101015,0.16549429052052406,0.4335661863100618,0.25131347166482554,0.0437098000635784
N4847HD,0.9715167470050998,0.02832740579534462,0.00013957273330821629,1.4553927644516292e-05,1.7205386029417993e-06
N4849HD,0.5261691992973203,0.44252602313234324,0.022619367576498843,0.007648291257975389,0.0010371187358621519
N4852HD,0.28197753200342246,0.5223315295343014,0.18278438149276116,0.012677339930372152,0.00022921703914297942
N4853HD,0.9919454702748485,0.007849295401228622,0.00019040983753593365,1.3873934176907492e-05,9.505522097375132e-07
N4856HD,0.9977877261878341,0.002198064374616277,1.1769641602375136e-05,2.272507776197269e-06,1.6728817100942983e-07
N4858HD,0.9978454326395064,0.0021209943982856373,3.1500017679225244e-05,1.7139116831968049e-06,3.590328454520944e-07
N4860HD,0.16855029542994066,0.3913277043966828,0.40380832272616374,0.03502487224610906,0.00128880520110375
N4861HD,0.9955906613361767,0.0043629489470205455,4.1032978940854665e-05,4.909524371162408e-06,4.472134909265302e-07
N4863HD,0.968152644777151,0.03171854049973668,0.00010118812017031792,2.378811666698973e-05,3.838486275263008e-06
N4864HD,0.9980451784327732,0.0019170259476288954,3.296794508501981e-05,4.535714171455326e-06,2.9196034153673767e-07
N4866HD,0.9932986253367733,0.006587928060777638,0.00010185005404432706,1.0740900587079702e-05,8.556478177294581e-07
N4012HD,0.9701924500741873,0.0290343421059863,0.0005783553847209695,0.00018329675005772413,1.1555685047744224e-05
N4825HD,0.46422667198317413,0.1719733605319124,0.30968257893938,0.05066291038795056,0.0034544781575829137
N4875HD,0.025588007566459348,0.8209580314755496,0.1299994470401953,0.020489127046281426,0.002965386871514491
N4878HD,0.005842259144969517,0.023923608345213024,0.46658578638537984,0.36838733993443773,0.13526100618999978
N4883HD,0.0321259221427306,0.8936823208642539,0.06975999488087722,0.004341416648356401,9.034546378174289e-05
N4884HD,0.9772118486059841,0.021726834122779284,0.0010179473018750453,4.1493348805671864e-05,1.876620555872199e-06
N4887HD,0.18349103315145657,0.6406635495961448,0.17021111887010093,0.0056011509341033425,3.3147448194486935e-05
N4891HD,0.9694248437719113,0.02991438693747007,0.000631636880412224,2.664014644621411e-05,2.4922637601670214e-06
N4892HD,0.27618037156607217,0.671899884939288,0.04649606668478505,0.0053037042129732955,0.00011997259688148472
N4895HD,0.960908534940938,0.02630043474602122,0.012493703432514698,0.00029010730520656917,7.219575319716582e-06
N4899HD,0.9935046838141891,0.006442614471389103,4.420506823086048e-05,8.116372541536457e-06,3.8027364919258115e-07
N4898HD,0.7679306900987737,0.19389503561015947,0.03657417820618309,0.0015353211329272119,6.477495195667657e-05
N4902HD,0.9938698835016626,0.005699131091826251,0.0003449259528036664,8.178883696940796e-05,4.27061673812985e-06
N4904HD,0.19443325991454147,0.24155279365319302,0.5341412846429423,0.018910306059968136,0.010962355729355082
N4906HD,0.9933421504138814,0.006223922558354111,0.00030893122182729934,0.00012210580378070807,2.890002156728113e-06
N4909HD,0.870104739377432,0.07337260434575456,0.054829227438940815,0.0013501850110142397,0.0003432438268582243
N4912HD,0.9582955916352217,0.03835103195861312,0.003122845612329435,0.0002102243103329536,2.030648350252402e-05
N4913HD,0.9878903158804635,0.011881380351241314,0.00022417452855578087,3.815835552650543e-06,3.1340418650160934e-07
N4914HD,0.3207931358386563,0.47328448903701387,0.1927226872069814,0.01304665947004061,0.0001530284473080155
N4908HD,0.9933274322659892,0.006648447891346174,2.2362079980626526e-05,1.5879137463173953e-06,1.6984893770078134e-07
N4937HD,0.9951300584341685,0.004849144625518069,1.8274160323944328e-05,2.027274920767782e-06,4.955050688058949e-07
N4938HD,0.9894121596622345,0.010554229426250956,2.9364124350893334e-05,3.884352796730908e-06,3.6243436691963273e-07
N4949HD,0.9970148414141548,0.0028255335864955274,0.0001481670580877748,8.602344502243584e-06,2.855596759828555e-06
N4952HD,0.9929342607187426,0.006629416971931091,0.0003890086324750721,4.3430517844789445e-05,3.883159006413667e-06
N4954HD,0.8604222020634648,0.13309932120687268,0.0063200958767206765,0.000147713722921564,1.0667130020241167e-05
N7917HB,0.9973032754859142,0.0026664794915857563,2.9125112618136326e-05,7.481109815657853e-07,3.7179890040459187e-07
N4951HD,0.9836130940426102,0.01629828054159293,8.730762257825388e-05,1.1478141556342753e-06,1.6997906303383347e-07
N0385HC,0.4962322143511702,0.20615958807945656,0.25100120449407837,0.036608289311418206,0.009998703763876758
N3920HD,0.9101593252839115,0.0837980989731552,0.005579282184231941,0.00041211427759169967,5.117928110948192e-05
N9498GW,0.9944139044174899,0.005280421733144235,0.00028622669053231904,1.795631740436897e-05,1.4908414293015188e-06
N4961HD,0.9955974462176076,0.004390043198324753,1.1628139353481968e-05,5.745068021016995e-07,3.079379122327777e-07
N4965HD,0.73420102950298,0.24578878238094362,0.01938305587583534,0.0005660234296508707,6.110881059009332e-05
N4967HD,0.9939822341621083,0.00579360080414093,0.0001535540152968581,6.778697084892251e-05,2.8240476050663834e-06
N4968HD,0.9294604502555883,0.06377534475467331,0.0046268778576468135,0.0019894268822583444,0.0001479002498333275
N4973HD,0.9936373961456187,0.006091422169668101,0.0001959767875377268,7.431906601459408e-05,8.858311606638192e-07
N4976HD,0.014371979620300642,0.20044280590930927,0.7682548039031589,0.015717383723597052,0.0012130268436341218
N4977HD,0.8830531281087869,0.11427476395738702,0.002548193041632109,0.00011741988299176419,6.4950092023162e-06
N4978HD,0.988356535407764,0.010557186421113338,0.0008042005680603616,0.0002780156792942348,4.061923768118304e-06
N4982HD,0.545001194790856,0.4160229011588606,0.03587189862759894,0.002919985985636223,0.00018401943704833546
N4983HD,0.4501330914562855,0.40856150550904374,0.10028645139568583,0.040434192527283835,0.0005847591117010882
N4984HD,0.988443102691075,0.011423337489346643,0.00012328046731361787,8.536849897573855e-06,1.742502367090089e-06
N4992HD,0.0008355542218721419,0.02854770265698676,0.16308195828086297,0.7573326225240317,0.05020216231624658
N5000HD,0.9063960710157686,0.0748136817115554,0.01714892402653711,0.0013797712200245506,0.0002615520261143599
N5006HD,0.9162861966636399,0.07191425045352973,0.010995144804014194,0.0007924958748300461,1.191220398619569e-05
N5007HD,0.9954632597224202,0.004163181960319457,0.00035510297344491044,1.5836675539223616e-05,2.618668275949982e-06
N5008HD,0.8327641496114434,0.1482845379263018,0.015856710402944535,0.0030712097016053668,2.3392357704857873e-05
N5011HD,0.6782658084647306,0.2675084285940358,0.052147647090972825,0.0018093683836290127,0.0002687474666319505
N5020HD,0.9139374938526023,0.07750833613880947,0.008109700823694947,0.00033384905105797463,0.00011062013383537407
N5024HD,0.9728015040466131,0.026293533920234032,0.0008636057708845881,4.050525805119457e-05,8.510042169352647e-07
N4826HD,0.9944443260164572,0.0053989248336934895,0.00014059560377282062,1.55388148335231e-05,6.147312428248558e-07
N5032HD,0.9945589286874721,0.005109362792275967,0.00029820631504563484,3.096671357520679e-05,2.535491630980809e-06
N5041HD,0.999402521796192,0.0005946954767836285,2.5188696594157224e-06,2.3422930216252734e-07,2.962806262905947e-08
N5043HD,0.9992120506506339,0.0007732827667365998,1.381080377528076e-05,6.843464997617578e-07,1.7143235451836284e-07
N5044HD,0.03168064070415947,0.06549828502244852,0.7672389120360261,0.12245805021503697,0.013124112022329007
N5045HD,0.9837136478149474,0.016015926283825803,0.0002258243947840769,3.921049410629167e-05,5.391012336467916e-06
N5004HD,0.9975732208784944,0.00239638900413735,2.6168214898286148e-05,4.037019070968068e-06,1.8488339877202407e-07
N5055HD,0.9463409906410654,0.048970117506154175,0.004397547831680688,0.00027561976398825065,1.5724257111643737e-05
N5056HD,0.09772295901734604,0.11207960599932554,0.502410776944652,0.2357882190493869,0.05199843898928938
N5057HD,0.9975106601090177,0.00243988290002539,4.7273177612957246e-05,2.105301243422285e-06,7.85121005399975e-08
N5059HD,0.708170284921148,0.14582037127870476,0.1441723356515815,0.0015446687563964348,0.0002923393921692572
N5061HD,0.9776531095189208,0.019952174690216855,0.002032599026589414,0.0003510863531268257,1.10304111459894e-05
N5018HD,0.9975737381659373,0.0023932184242333866,3.0373639751960224e-05,2.4555525380943957e-06,2.142175393140226e-07
N4896HD,0.9728391276276482,0.02683208976201124,0.0003131044615199813,1.3919599482352983e-05,1.7585493383928884e-06
N5064HD,0.985555595602972,0.013889637721872813,0.0004362105863368192,0.00011596087262532918,2.5952161931851812e-06
N5065HD,0.9765681838034482,0.022122370872208058,0.001087041364614639,0.00020146577208555864,2.0938187643511404e-05
N5067HD,0.4626495343739615,0.3699964688325594,0.1297675021901479,0.03708248566941336,0.0005040089339177748
N5070HD,0.13334447325717644,0.4982818861684208,0.3358118790167541,0.03201649726956016,0.0005452642880883685
N5071HD,0.653665618014098,0.30862769275180874,0.03592694619945767,0.0017482588972007908,3.148413743479629e-05
N5072HD,0.671792226147759,0.26096302678259997,0.0622117404550198,0.004985332196471454,4.767441814975702e-05
N5074HD,0.9961969374900924,0.0028130748099368815,0.0009229383283588377,6.506036869619797e-05,1.989002915497897e-06
N5075HD,0.9990214651286757,0.0009729634527131544,4.678860106707442e-06,7.111691472302755e-07,1.8138935738738079e-07
N4923HD,0.9894302181306697,0.00999176836410535,0.0005289507190196068,4.260005824020534e-05,6.462727965246122e-06
N5076HD,0.9941222089920976,0.005786478295994356,8.832284253688803e-05,2.6600770554082996e-06,3.297923156693992e-07
N5079HD,0.01931994654574134,0.462227855232054,0.44731821667215765,0.06934122512443462,0.0017927564256126059
N5080HD,0.8699577216107609,0.06033867702376907,0.06823052412219158,0.0013331374549475994,0.00013993978833107992
N5082HD,0.9929015197998601,0.006511469525791702,0.000558793130524234,2.6170103699251838e-05,2.047440124789503e-06
N5083HD,0.9877818048733601,0.011055792234929602,0.000762895886533978,0.000360953323219856,3.8553681956515145e-05
N5085HD,0.28323220368848656,0.4908792997893413,0.21974472316214078,0.005803567422676129,0.00034020593735538743
N5051HD,0.8073497477789486,0.18740372816195938,0.00519158061354343,4.413081261490911e-05,1.0812632933719014e-05
N5039HD,0.01684518959373625,0.05519956395458777,0.6718330535516783,0.23112417639818433,0.024998016501813318
N5088HD,0.9962302716205982,0.003733351432722631,3.442643380395409e-05,1.684175195284024e-06,2.663376797207864e-07
N5091HD,0.29864953647327414,0.700470364620991,0.0008550150469751024,2.2802551716385464e-05,2.2813070435470066e-06
N5093HD,0.0029267627942339124,0.0096730175789612,0.24791300630777502,0.6475309584046238,0.09195625491440611
N5100HD,0.002327839239756665,0.07490561381753741,0.29415559696607785,0.5992553264246403,0.02935562355198777
N5103HD,0.00922425168749644,0.03429800079600622,0.48476982306779326,0.36139335481207974,0.11031456963662441
N5104HD,0.9976640417242805,0.002311487145147987,2.3455913107779205e-05,7.504893374865468e-07,2.647281263461576e-07
N5105HD,0.9879006910584632,0.011931761753793178,0.000134768053640079,2.80078849406077e-05,4.771249163034379e-06
N5106HD,0.88843482566919,0.10948023770738152,0.0019913274883636076,7.799564174791716e-05,1.5613493317036287e-05
N5109HD,0.9332620577163029,0.06469035204518621,0.0019464522077090192,9.062037746309157e-05,1.0517653338741804e-05
N5112HD,0.7580233455388574,0.1969468320997281,0.03599085548798581,0.008244587612009822,0.0007943792614187444
N5115HD,0.9979465649507461,0.0018475375123205122,0.00017789226666989536,2.655262781071492e-05,1.4526424529495025e-06
N5120HD,0.0012252677912293957,0.010750649786147936,0.21734039747759534,0.7377018146351413,0.03298187030988602
N5121HD,0.9651867016018926,0.03381280815920287,0.000797731661660758,0.00018845070586983388,1.4307871374113646e-05
N5122HD,0.9821567324550817,0.012231367429795378,0.005406604712042984,0.0001981555793956135,7.1398236843204205e-06
N8305HB,0.9959468644674682,0.00403582047322882,1.4649965861214504e-05,2.4930912411705897e-06,1.7200220042026659e-07
N5126HD,0.13364391645832124,0.13798997290701184,0.25628375632383793,0.36733836556329347,0.10474398874753552
N5128HD,0.9982176461599065,0.0017630983376889183,1.8484646532479458e-05,6.777581577258219e-07,9.309771434940813e-08
N5133HD,0.003927845159072204,0.04347524051110664,0.6004694763777825,0.34262479209389357,0.009502645858145212
N5135HD,0.9930576616944071,0.006657735918945728,0.0002767675333973574,7.071829267433275e-06,7.630239823266606e-07
N5143HD,0.995541551145006,0.0043124070448727955,0.0001421942308675706,1.8858670096081086e-06,1.9617122440591324e-06
N5144HD,0.8950023490719997,0.09878586105433905,0.005858563106549888,0.0003331788561230583,2.0047910988106677e-05
N5149HD,0.2942996946166659,0.21817420048744984,0.4310926872516766,0.05144633385707899,0.004987083787128864
N5152HD,0.816807690792009,0.18192713597398963,0.0011254936989194217,0.0001355418657686429,4.137669313218929e-06
N4394HD,0.2525559345880235,0.5036284941931778,0.20040934229397103,0.03925616009110688,0.004150068833720796
N5029HD,0.2134596338791122,0.2923998848483622,0.38645839397215587,0.0946818973223357,0.013000189978034017
N4368HD,0.9991436708487395,0.0008459390704924548,9.716692246711376e-06,5.442424768900038e-07,1.2914604453529813e-07
N5013HD,0.36817134773535126,0.26693034531567966,0.34720087341361233,0.01391196498033591,0.003785468555020791
N5153HD,0.7169563674289186,0.27190700714748955,0.010556208966426598,0.000546500876511474,3.391558065394365e-05
N5157HD,0.9966717413617141,0.0032750399320926557,4.773306421395305e-05,4.117401006823488e-06,1.3682409725173513e-06
N5170HD,0.9713785118426523,0.027931073462774483,0.0006329564217418147,4.956044284128637e-05,7.897829990265152e-06
N5172HD,0.9958521817066601,0.003909979354402868,0.00022731426050990447,6.999451021652399e-06,3.525227405525613e-06
N5173HD,0.9771975124295436,0.02045572915517029,0.002273026591717823,6.77147230947002e-05,6.017100473812694e-06
N5147HD,0.8226398786342007,0.173054551099843,0.004038299667298,0.00023292888948271768,3.4341709175513604e-05
N5178HD,0.9802273836206881,0.01860127883284342,0.0011119239593132908,5.6410867288415805e-05,3.0027198668606756e-06
N5180HD,0.8154694453701601,0.13131762025902538,0.05000215791143669,0.0029464257786882453,0.0002643506806896455
N5181HD,0.8590871898173601,0.08199646607117715,0.057474144378382976,0.0011257238965484357,0.0003164758365312999
N5182HD,0.9962969920632107,0.003649910689140076,5.0873086686381786e-05,1.7748760049654369e-06,4.492849581530424e-07
N5183HD,0.2819478625978404,0.7157141050024005,0.002270585194028901,5.9732704692528645e-05,7.714501037758184e-06
N5185HD,0.7091900081013879,0.16718896916311501,0.060932939129048784,0.06160381434562115,0.0010842692608271308
N5187HD,0.09233759450430239,0.1351115487681436,0.5886341969083122,0.1458829573922855,0.03803370242695624
N5188HD,0.6186821722669489,0.31376355584412885,0.0486020140472704,0.017996468756634902,0.0009557890850169545
N5190HD,0.0032789385587121975,0.034929286742166374,0.4941012122842221,0.4285913940219693,0.03909916839293
N5192HD,0.9705794603236326,0.029194105610831456,0.00022164477524439278,2.8717652001834565e-06,1.9175250912255707e-06
N5193HD,0.9508226844836072,0.04694624645049648,0.0021724381281369733,4.318738394460136e-05,1.544355381472351e-05
N5197HD,0.998479118698851,0.001455505385905603,6.333650393783991e-05,1.7949425228440017e-06,2.444687828443143e-07
N5198HD,0.7134130922117801,0.14163971147106041,0.10439816450770699,0.03582796779602424,0.0047210640134282954
N5199HD,0.9585347692158205,0.035515590280254854,0.0046438340185329325,0.0010496071306921526,0.00025619935469959097
N5200HD,0.9608688799021665,0.038163387903084496,0.0009276016370491947,2.6565850818245556e-05,1.3564706881466275e-05
N5203HD,0.07344453075032759,0.18424236997629265,0.4893207196338548,0.24179248584588336,0.011199893793641644
N5209HD,0.06423092136669986,0.29400174094555415,0.5095115734599179,0.13096003554307334,0.0012957286847546658
N5212HD,0.9897909235669949,0.010169853466820766,3.616369371290962e-05,2.873106244469666e-06,1.861662269466952e-07
N5215HD,0.937562869107904,0.05755610987345587,0.004697051847206388,0.0001566227432820636,2.7346428151619412e-05
N3574HD,0.992216034073287,0.0075977348524241695,0.00012487807556949433,5.560729272004933e-05,5.745705999481083e-06
N4760HD,0.005540362662085488,0.04636230256438363,0.4232827344247314,0.4536813672306911,0.07113323311810837
N5225HD,0.9892899181981946,0.010629444363595229,7.419774866612186e-05,5.683667449537599e-06,7.560220944809098e-07
N5226HD,0.9018466480354561,0.09356906648749762,0.003224604890962201,0.0012102437656633825,0.00014943682042087986
N5227HD,0.9735218818109487,0.02508164444510807,0.0012449435044175339,0.00014742528220830644,4.104957317471351e-06
N5233HD,0.0012313962084152506,0.008627778431395313,0.26789988858243885,0.4692969843301844,0.2529439524475663
N5238HD,0.9913338420653902,0.008087977860122242,0.0005459802872760688,2.396871864027991e-05,8.23106857153083e-06
N5241HD,0.9908240225811005,0.008361820686775098,0.0007853807034866528,2.0711637218053113e-05,8.064391419893167e-06
N5243HD,0.002742301131524093,0.08146248737644299,0.6042683305005676,0.3071154710073757,0.004411409984089656
N5246HD,0.9553076529958688,0.04385741811464423,0.000725048964320796,8.953540090373736e-05,2.0344524262518408e-05
N5247HD,0.0004041545247459297,0.0021389481690540194,0.6096906634599707,0.3858783804383016,0.0018878534079277112
N5248HD,0.876236587755735,0.05338271319126025,0.067285790915187,0.0029036717635568393,0.00019123637426099035
N5253HD,0.8974274691859462,0.09062678177733459,0.011237250951661766,0.0004647027280390017,0.00024379535701840555
N5257HD,0.058347029068393355,0.1433483798352872,0.5570305424242321,0.22731219317632076,0.013961855495766704
N5259HD,0.006110485848762164,0.031936804770273476,0.2542702271981152,0.22075687996947246,0.4869256022133766
N5262HD,0.033493331347519716,0.6401013612628529,0.3227974247786664,0.003568448860778902,3.943375018205699e-05
N5266HD,0.6043963640228457,0.3381406274472384,0.049375200576243214,0.008001493704963131,8.63142487096779e-05
N5270HD,0.9939264625324201,0.0058234248924213415,0.0002246397427703041,2.0055297914270998e-05,5.417534474047795e-06
N5271HD,0.8420822245369445,0.12857312762638423,0.027403169910940627,0.00170659116393942,0.00023488676179144626
N5273HD,0.9943496065573989,0.004877448421176351,0.0007586484505921385,1.2206155247504046e-05,2.0904155850587574e-06
N5274HD,0.9955081215009258,0.004414630141980492,6.97984723939638e-05,6.890088969841857e-06,5.597957299100488e-07
N5211HD,0.7614611857950337,0.20039192832238295,0.02724249492265627,0.010424946664994142,0.00047944429493284864
N4843HD,0.8992176905905055,0.0957440251918078,0.004567944842341424,0.0003982277104706219,7.211166487448198e-05
N5287HD,0.9771653821338832,0.02242840284791161,0.0003459717529340043,5.692644719217159e-05,3.3168180790581084e-06
N5286HD,0.23396901915544058,0.18448052811517096,0.48575266910865944,0.07619287147059008,0.01960491215013887
N5292HD,0.06687894622062822,0.15211541102732906,0.5060294254555266,0.2600140878122344,0.014962129484281605
N5294HD,0.9737449533703757,0.026142534380113186,9.671649509714288e-05,1.4638904338324535e-05,1.1568500756475613e-06
N5296HD,0.8294948420768818,0.11756376608439721,0.03108531394142066,0.02075631008839272,0.0010997678089078096
N5298HD,0.9937755784613691,0.005938737129938201,0.000277047554912127,7.62141890738289e-06,1.0154348734245903e-06
N5303HD,0.9850851734701779,0.011317161052487461,0.003551464750174464,4.1801604794486744e-05,4.39912236570483e-06
N5305HD,0.13616737400561318,0.5474472895614604,0.2872805484478272,0.02842668187474796,0.0006781061103513616
N5306HD,0.9948401221828141,0.004951402987646888,0.0002012634829799967,6.6657402100825336e-06,5.456063488105237e-07
N5307HD,0.032873580380378006,0.27379507735842534,0.3886195368311388,0.2683861012312755,0.036325704198782276
N5311HD,0.7012065263389159,0.21976782810830228,0.07706339077944936,0.0019182453517620106,4.400942157039189e-05
N5314HD,0.9907794320477425,0.008979118210251831,0.0001759157680524407,6.263788096400764e-05,2.896092989375293e-06
N5073HD,0.08398400029237094,0.25763059425887125,0.40373370734848507,0.21771618338905638,0.03693551471121634
N5277HD,0.026457617713244425,0.07885910957653153,0.29954976136478684,0.47711724216706913,0.118016269178368
N4885HD,0.9991697201077971,0.0008161449894983251,1.219861561489857e-05,1.6658131910101791e-06,2.7047389869276825e-07
N5318HD,0.031243297934940923,0.09337770070899194,0.7744800582053106,0.0940380909361174,0.006860852214639189
N5321HD,0.9752414087023005,0.020941255680404162,0.0034212667537715786,0.00037219074458806677,2.387811893595496e-05
N5323HD,0.9983566767153379,0.0016414656153390331,1.7377417724793989e-06,1.0878188763288024e-07,1.1145663249784323e-08
N5324HD,0.9708403506407878,0.027252482697254565,0.001804445345755384,9.384787944813335e-05,8.873436754141631e-06
N5326HD,0.9881412756056833,0.01159293888482976,0.0002301463797092527,3.175316309480206e-05,3.8859666827426495e-06
N5327HD,0.9820573884282396,0.017695121224521562,0.00023786564053013024,8.201715211237448e-06,1.422991497508159e-06
N5329HD,0.01532705459486803,0.029184056890327225,0.939487353130735,0.013386752027220788,0.0026147833568491256
N5331HD,0.9828317275941555,0.016743320591389874,0.00037330565227533194,3.714338982048754e-05,1.450277235876795e-05
N5332HD,0.983250847972607,0.015784187957227653,0.0007429108265075374,0.0001994569565531771,2.259628710472418e-05
N5333HD,0.9933374485852492,0.006625871560763675,3.481428304929381e-05,1.7462517356953806e-06,1.1931920198727392e-07
N5334HD,0.02412322800900057,0.9741316636193995,0.0016576206400859687,8.442973770678618e-05,3.0579938071400042e-06
N5338HD,0.005302480373826327,0.009167824179056587,0.41178991139938365,0.2816860105787468,0.2920537734689866
N5339HD,0.0008016531241656152,0.009562992221774586,0.8103910066231347,0.16236643241452006,0.01687791561640506
N3820HD,0.017776179288133746,0.11776341391291313,0.34782468731889443,0.3339922176453389,0.1826435018347199
N5342HD,0.9918223463456118,0.007850776317797126,0.0003183337198956024,8.072411488074571e-06,4.712052072462223e-07
N5345HD,0.9855897681261345,0.012490428080784197,0.0016542818136532063,0.00022549563757654503,4.002634185168138e-05
N5346HD,0.9690045314276056,0.030921837534472765,6.556635033613532e-05,7.209557786502524e-06,8.55129799015785e-07
N5348HD,0.011328799483449871,0.03230869041237874,0.1114226704653128,0.724585809455268,0.12035403018359057
N5351HD,0.98556486596943,0.011024426113255005,0.0028690260195417287,0.0004705665474097363,7.111535036336642e-05
N5354HD,0.001177831789929764,0.01260766462449628,0.34829864593150806,0.6365218418184493,0.001394015835616454
N5355HD,0.7865971315854645,0.20890926124007073,0.0043566328891965515,0.00012443383926285308,1.2540446005257939e-05
N5362HD,0.9972013430269837,0.002792391422052847,5.7487457908496155e-06,4.976639591083218e-07,1.9141213302530318e-08
N5364HD,0.9959843876704829,0.0037643349435066056,0.00022650162284515543,1.988756246462523e-05,4.888200700591547e-06
N1264HD,0.03280518579964751,0.9504337846591349,0.016048062684408608,0.0007048093818225386,8.157474986613345e-06
N4985HD,0.37028874428404734,0.444976805002339,0.156587510751806,0.021418316890031243,0.006728623071776399
N5368HD,0.008602286207346129,0.061954845780271946,0.6524753978034064,0.2550908241944164,0.021876646014559107
N5371HD,0.9969743727473377,0.002817013754689543,0.0001899049231396577,1.8249426147132035e-05,4.591486858079426e-07
N5372HD,0.9937734815187811,0.0060453290599438375,0.00016895127812205526,1.1787876453889332e-05,4.502666990216883e-07
N5373HD,0.966757628908653,0.03303848773363582,0.00017632303032720677,2.5807271438816013e-05,1.7530559450940452e-06
N5374HD,0.9917417436711158,0.007675510117447658,0.0005331949149743229,4.69584137365874e-05,2.592882725633095e-06
N5377HD,0.9766490078837999,0.022149135570861442,0.001143793186324399,4.483457949283708e-05,1.3228779521186257e-05
N5379HD,0.9886600343703723,0.010270344217119894,0.00102996083476347,3.821054385361376e-05,1.4500338906161515e-06
N5381HD,0.12099080624501334,0.20292878179859677,0.27951936254359977,0.2944661489340648,0.10209490047872537
N5383HD,0.284258228518567,0.14302284861998896,0.35104476882975033,0.2017644984502126,0.019909655581481108
N5385HD,0.9956643986438878,0.004322544954440508,1.244793563690393e-05,4.773516359126793e-07,1.3111439893118785e-07
N5387HD,0.0017016579198861808,0.01419360303031324,0.16714172614910633,0.5251676731260096,0.2917953397746847
N5388HD,0.18086036698132946,0.12395721940753583,0.4247484455862137,0.25563868110585647,0.014795286919064388
N5389HD,0.022728063603072977,0.18516670693640974,0.7768488088557954,0.014930258279683549,0.0003261623250382803
N5391HD,0.9721016069701487,0.026303828322104005,0.0015182203746750367,6.936503739869006e-05,6.979295673466394e-06
N5393HD,0.8966258472524203,0.10217034851661073,0.0011149756686836358,8.409317081699817e-05,4.735391468350189e-06
N5395HD,0.9957499634168424,0.003428127526643117,0.0007276395542937788,8.985140660226448e-05,4.418095618661887e-06
N5397HD,0.9938321417237628,0.005784897315441003,0.00034409032112546093,3.6087863719170264e-05,2.7827759515713178e-06
N5398HD,0.993254958216861,0.006239722377000455,0.00043508711187693503,6.853911660268016e-05,1.6931776588497193e-06
N5386HD,0.621272055724817,0.3603641708446698,0.018027873188579666,0.0003281792719505177,7.720969982982377e-06
N2483HD,0.9872814647849715,0.01228333774090944,0.0004036772822238796,2.725638525290299e-05,4.263806642266885e-06
N5402HD,0.9913184273779634,0.008095557527459482,0.0005414348255732202,4.076708430447317e-05,3.8131846995075915e-06
N5404HD,0.986058561536566,0.012553054447879334,0.0011862033113933176,0.00019119911626824042,1.098158789303359e-05
N5405HD,0.9988491066272993,0.0011394753028686397,1.118800161809596e-05,2.036278338879153e-07,2.644038011558559e-08
N5407HD,0.7115800221782242,0.26257979882065113,0.021813347384207864,0.0035535259381254346,0.00047330567879130245
N5414HD,0.9593142206989149,0.040391204520503744,0.00027434802605338324,1.6590251072701612e-05,3.6365034553247916e-06
N5415HD,0.997970616220202,0.0020093161969256357,1.4314375897023019e-05,5.183800862376408e-06,5.694061130859159e-07
N5416HD,0.34584768142794303,0.6323359271063012,0.020470343429750324,0.0013026386673922865,4.3409368613088225e-05
N5421HD,0.9943892631441718,0.005171894695671378,0.00040648961137819417,3.109260717935987e-05,1.2599415993339313e-06
