ncode,proba_0,proba_1,proba_2,proba_3,proba_4
N4541HD,0.9924891802914967,0.007251305897939512,0.00024768079152813585,5.55488834092646e-06,6.278130694570686e-06
N4397HD,0.0026666658192115353,0.0167451686841843,0.33804505252718187,0.6319841572207825,0.010558955748639841
N4544HD,0.9920329869730571,0.007833241159224192,0.00011866166140026787,1.4671419640814824e-05,4.3878667744545377e-07
N4545HD,0.05899874450091541,0.06868786953527072,0.5632255860176452,0.23782287718560127,0.07126492276056753
N4546HD,0.4464565614726504,0.49992346033568563,0.053268258456838344,0.00033610627848767023,1.5613456338098268e-05
N4550HD,0.9968133247523969,0.0031630886270300027,1.7958649995477604e-05,5.217056778407938e-06,4.109137991629119e-07
N4551HD,0.9719633135267631,0.027957305272262416,7.326356418380697e-05,5.91923783252909e-06,1.9839895828474842e-07
N4554HD,0.20204266323739417,0.357041680470237,0.4266219189149331,0.012141331030164288,0.0021524063472713327
N4555HD,0.8607215060076089,0.13734516690122167,0.0017760686505688232,0.00013767217191527448,1.9586268685365076e-05
N4556HD,0.8814779779060962,0.0783274675209246,0.030717459758823746,0.007116739939404967,0.00236035487475054
N4563HD,0.9705349362393179,0.027095831021019895,0.0020971254572917444,0.00025204262126865947,2.0064661101848046e-05
N4567HD,0.9966147616765193,0.003328735061276882,5.287313311018781e-05,3.3256363944476693e-06,3.0449269928795387e-07
N4561HD,0.9855994555484082,0.014368445769599811,2.9805807053166507e-05,1.9111943479701525e-06,3.816805909565417e-07
N4571HD,0.7527258114565096,0.17728945268219898,0.056456365196531515,0.009464195261272077,0.004064175403487908
N4574HD,0.9972001079373074,0.002786554155855246,1.1069124261387601e-05,1.918679005038728e-06,3.5010357096751446e-07
N4575HD,0.9475783262890324,0.050509984209319375,0.001535963445297145,0.00036031090607044667,1.5415150280509788e-05
N4579HD,0.5589234126731433,0.3107948446336195,0.11029677832173668,0.018360860531242983,0.0016241038402577059
N4581HD,0.4796310774128745,0.4743988195726366,0.04536053398876787,0.0005771933275693315,3.2375698151773956e-05
N4584HD,0.560234648000778,0.41171024035614545,0.027666225494518956,0.0003359871510536459,5.2898997503863825e-05
N4578HD,0.9949089935455764,0.004905418090242249,0.00018041030679375554,3.305308737803924e-06,1.872748649703211e-06
N4590HD,0.4894991121418755,0.45663684293504,0.05299130189441867,0.0008390727510130277,3.3670277652701904e-05
N4593HD,0.044592466542734945,0.5763055555659319,0.24285787765290096,0.12844842935218884,0.00779567088624332
N4151HD,0.20119478688062148,0.2563724220772087,0.32588831291375386,0.17997120584451762,0.036573272283898395
N4594HD,0.9903989775922617,0.009486072624641585,0.0001070035134381498,6.764991205866593e-06,1.1812784526040111e-06
N4600HD,0.18023631400701148,0.7893524611771914,0.030049752730525334,0.0003494204001979723,1.2051685073823622e-05
N4605HD,0.1074190660684319,0.3844448053207967,0.4773430345921663,0.029591459012485385,0.0012016350061198333
N4612HD,0.9686235966705178,0.027797170963515697,0.003436181938404226,0.0001377056360184142,5.344791543971173e-06
N1701HC,0.036663154012222594,0.10289628922026424,0.7370067625702406,0.10084957495751067,0.022584219239761914
N3705HD,6.891869977965282e-05,0.0006316339865466946,0.01275321294464569,0.15014960034339098,0.836396634025637
N4589HD,0.9875698132277009,0.011403299721799742,0.0006941332526241869,0.000324779458355997,7.974339519385849e-06
N4339HD,0.9984836742154524,0.0015062840378003643,9.191429376991924e-06,7.688301612764277e-07,8.1487209045034e-08
N4615HD,0.009450433342493635,0.04046965763443821,0.26810841076329694,0.609923297327908,0.07204820093186322
N4618HD,0.9946248327152617,0.00535544414837028,1.5935782663296747e-05,3.5694693889968204e-06,2.1788431596872275e-07
N4624HD,0.9839799072485904,0.015847562212156812,0.00016613788962758906,5.8321947378843715e-06,5.604548874006258e-07
N4626HD,0.9829435856592986,0.015600723935127764,0.0011673774270830038,0.0002769546799051412,1.1358298585427832e-05
N4628HD,0.11911979337752611,0.5228009825612941,0.30582027108669063,0.04668963754926121,0.005569315425227739
N4638HD,0.3000228469196965,0.321948058795515,0.23725013802686093,0.12076484661402875,0.020014109643898836
N4639HD,0.9860946221629265,0.013648789343755505,0.0002165892375019514,3.364352331995279e-05,6.3557324959090855e-06
N4642HD,0.9973349143925881,0.0026120477684916845,4.955869805789005e-05,3.102362277129991e-06,3.767785854713493e-07
N4646HD,0.9991583493098652,0.0008205506117884316,2.0209497931990103e-05,7.218801173458643e-07,1.6870029700477442e-07
N4631HD,0.9977187290628262,0.002185882026561786,5.422395251329737e-05,3.9523849840048784e-05,1.641108258416084e-06
N4656HD,0.004242579302403472,0.024415329097378247,0.6485598141748484,0.2728670688415139,0.04991520858385598
N4658HD,0.9947844709513465,0.004202863152792444,0.0008969007193617558,0.00010276741486274886,1.2997761636314451e-05
N4661HD,0.9986162009644197,0.0013143072708686674,5.8293425500561826e-05,1.0625116511897395e-05,5.732226991790116e-07
N4665HD,0.9944416281412388,0.005437376319152502,0.00010897552841588632,1.0370477397907185e-05,1.6495337948807176e-06
N4667HD,0.9970245127089553,0.0029061198190969417,6.29036618191278e-05,5.180698093572476e-06,1.2831120351891208e-06
N4669HD,0.9818707899536905,0.01800332489673331,0.00011991635883729802,5.559006381288718e-06,4.097843576878525e-07
N4673HD,0.15460077570645656,0.32696276143795033,0.4989844099402758,0.009952826262866718,0.009499226652450532
N0760HD,0.1574548436028715,0.6296948832279547,0.19843796848070558,0.014179687791284786,0.00023261689718337764
N4672HD,0.9662568751745032,0.025609857604099645,0.00730832682605372,0.0006919559766559824,0.00013298441868748036
N2593HD,0.9919424271917162,0.007998641855119547,4.2182918409613046e-05,1.3949693287314655e-05,2.798341467337299e-06
N4677HD,0.2211782170096436,0.5813307237197656,0.18754178996551785,0.009054830067957226,0.0008944392371155709
N4680HD,0.5896542093814796,0.23629976158798233,0.15400027371035493,0.018238838466402167,0.0018069168537808943
N4688HD,0.0070371052551768684,0.042095046896188995,0.43970435515382783,0.4479093494633636,0.0632541432314428
N4689HD,0.9919729977326249,0.007978339800964143,4.4653205135207677e-05,3.408822796527879e-06,6.004384792452925e-07
N4691HD,0.16312156865077837,0.11064337700444224,0.564601354085423,0.13622599573661992,0.025407704522736396
N4692HD,0.9301798551508745,0.051943067992559405,0.013914964617295642,0.002470768497712657,0.001491343741557675
N4694HD,0.006586765573862816,0.06504959997779207,0.8520628481777458,0.05449142062725895,0.02180936564334047
N4695HD,0.25760965418994586,0.45947112301157833,0.274810354621063,0.0077019710774146695,0.0004068970999980464
N4699HD,0.2933248159781658,0.069342017040504,0.6076839964346717,0.02800134733147729,0.001647823215181165
N4703HD,0.9676282256163088,0.026843301988468665,0.004648573317596798,0.0008290147450402916,5.08843325854146e-05
N4704HD,0.00048121359781800433,0.0015423611232703318,0.2034826861717313,0.7911533232628044,0.0033404158443760016
N4708HD,0.9981947695811318,0.00176096780072204,4.214380222591035e-05,1.4837744456349622e-06,6.350414745168794e-07
N4714HD,0.8269732303839566,0.10859331891001772,0.04973127224922032,0.005732711209379622,0.008969467247425594
N4721HD,0.2797224002571494,0.40609416032802687,0.24219617290119647,0.05087292382492332,0.021114342688704067
N4722HD,0.9904395242209368,0.009489887090120623,5.900335902624313e-05,1.0321017349775745e-05,1.264312566509568e-06
N4724HD,0.4804292348600137,0.3573641082687597,0.15945851546253764,0.002700805565961706,4.733584272743278e-05
N4726HD,0.34490038248909105,0.46046449117008115,0.19255932808385737,0.001977505394915499,9.829286205489691e-05
N4735HD,0.9831687392489638,0.01651194788119402,0.0002792588034378301,2.0227679376905665e-05,1.982638702728395e-05
N4063HD,0.941806703149883,0.03519201103484469,0.020979811023743872,0.0016586039593221523,0.00036287083220625893
N4712HD,0.9878166207887286,0.012061107978158684,0.00011056551860436272,1.0887342300879298e-05,8.183722073622745e-07
N4738HD,0.040669802273656235,0.07127795726829131,0.7834783696555794,0.09613236776853044,0.008441503033942479
N4740HD,0.031456210735702934,0.03025822142072328,0.5164804305467956,0.40409686644690207,0.01770827084987623
N4742HD,0.003974918977333999,0.0389788117878821,0.5450548736926552,0.32897543170189236,0.08301596384023646
N4745HD,0.9943909087356613,0.005316070583597839,0.00027430886042884256,1.6032031268614158e-05,2.6797890433260284e-06
N4747HD,0.9868974873074235,0.011972537888324867,0.0010074792444709395,9.811138403066292e-05,2.4384175749905208e-05
N4750HD,0.9895790242105875,0.009709450836719568,0.0006261726036302816,8.141772376111446e-05,3.934625301591593e-06
N4752HD,0.0007669364009303091,0.021150075624877637,0.41824265901528795,0.549327728363526,0.01051260059537815
N4754HD,0.8426521676626936,0.15624925893364486,0.0009191660293200793,0.0001611719290674084,1.8235445274134646e-05
N4755HD,0.6602628758778507,0.11919861452140888,0.20519041896437248,0.011564404497402477,0.0037836861389652057
N4756HD,0.6256313445546927,0.1570980784316976,0.21011725786344207,0.005431917978618851,0.0017214011715486503
N4757HD,0.9853064511437956,0.014326655409418096,0.0003426830347408053,2.157815649279665e-05,2.632255552577159e-06
N4759HD,0.9154353859278801,0.08010911044220151,0.00411741606606879,0.0003214202024119408,1.6667361437833677e-05
N4762HD,0.7917991186423728,0.16832823049377915,0.03885192755191238,0.0009070987276804532,0.00011362458425520251
N4763HD,0.8561398524416312,0.11527717545567658,0.024640757925345758,0.0018710087042626835,0.0020712054730837454
N4767HD,0.9972744594858143,0.002447692840499443,0.00023975580397169824,3.726256453701494e-05,8.293051776036065e-07
N4769HD,0.25293953021177085,0.3321344641809179,0.3910170400761427,0.023287679899387726,0.000621285631780853
N4770HD,0.9884830017567842,0.010995992122213855,0.0004397448951279696,7.87236895926897e-05,2.5375362812761065e-06
N4676HD,0.5681202645598391,0.2950744198769039,0.1259996676272516,0.009027581883152822,0.0017780660528526004
N4614HD,0.1594729994884525,0.07516688862955544,0.7524221464302685,0.012719506455077984,0.0002184589966454691
N4774HD,0.3596631468089875,0.11019375020435782,0.5112276517116092,0.0173220967566054,0.001593354518439977
N4778HD,0.09467489091364788,0.19503580381564256,0.6063747026812843,0.0943389807881921,0.00957562180123301
N4780HD,0.0007016138586059842,0.0031005461270032,0.10246070053540106,0.4351830317978144,0.4585541076811752
N4783HD,0.9697222116816141,0.024941764836609863,0.0048175495300849785,0.0002336750342380337,0.00028479891745304675
N4789HD,0.9934301293598705,0.0059955718103308735,0.00047444428484289355,8.238961667327782e-05,1.7464928282625465e-05
N4792HD,0.9593144428508482,0.04027180258278455,0.0003945434917509932,1.7297886356290654e-05,1.9131882600284878e-06
N4793HD,0.0023294211481275306,0.700282894172873,0.29044234155714793,0.005950271014609975,0.0009950721072415302
N4794HD,0.0012536742298596604,0.030243925506907784,0.3332135972876831,0.6314498406694372,0.0038389623061121877
N4799HD,0.9696667465802021,0.027601859547559986,0.002622504055139515,0.00010581949537806799,3.0703217205315247e-06
N4800HD,0.9926177557768556,0.007316126546955277,5.841564294037445e-05,6.569386538956429e-06,1.132646709644875e-06
N4808HD,0.17811533970225368,0.782514510299562,0.03742736745457299,0.0019047505554176565,3.8031988193628233e-05
N4809HD,0.8856197651401579,0.10067318600578519,0.012029734844395757,0.0010967724918953582,0.000580541517765664
N4634HD,0.9665097639301045,0.02931739915826948,0.003735398615640416,0.00041975270595198786,1.7685590033556848e-05
N4784HD,0.9830221544480071,0.016744250988174843,0.00021999790444240177,1.2366403438898042e-05,1.2302559365635998e-06
N4815HD,0.9824803752945589,0.017474613275388375,4.241526072808992e-05,1.6145150332766386e-06,9.816542914076805e-07
N4816HD,0.9849220774982893,0.014866006643328534,0.0001765442998623734,3.416842593946766e-05,1.203132580307188e-06
N4817HD,0.9079559749269324,0.08877357489599762,0.002800564322116301,0.0004130894527547365,5.6796402199051105e-05
N4818HD,0.9951113031948531,0.004752010128768681,0.0001155156196678041,1.6735164162949078e-05,4.435892547429087e-06
N4821HD,0.006814434325963965,0.9838425077536594,0.009173418543340847,0.00016403332828303558,5.606048752628489e-06
N4830HD,0.994122033073339,0.00571301303612841,0.0001339307479813644,3.073649143551932e-05,2.8665111572249307e-07
N4748HD,0.9963171387215219,0.0036413719350676284,3.91637921315092e-05,2.051116045039416e-06,2.7443523401962415e-07
N4684HD,0.9964231684801433,0.0034578322991488898,9.881235888528434e-05,1.6702021091464404e-05,3.484840730962749e-06
N0389HD,0.042399374205742454,0.9232488340106222,0.03419947856800946,0.0001452981786535097,7.01503697258536e-06
N4796HD,0.8158260342838943,0.16214082246350484,0.02069999994574263,0.0012532383947556002,7.990491210258736e-05
N4834HD,0.0012133218177496686,0.00781170319415447,0.5961851336302355,0.3886354562126456,0.006154385145214692
N4835HD,0.2728731407930946,0.7232024017380037,0.0038701154058938332,4.045904936935801e-05,1.3883013638448085e-05
N4837HD,0.9814320657543616,0.018227239343351315,0.0003297245077463051,8.716228574860058e-06,2.2541659657613645e-06
N4838HD,0.1899597448562348,0.786369482882548,0.022997111249875198,0.0006422284387839345,3.1432572557926106e-05
N4839HD,0.08399535189800203,0.7637634889377406,0.14943838749140873,0.002717079253760865,8.569241908767383e-05
N4842HD,0.9674276350964752,0.03045321260371571,0.002022778479038864,9.168561922836448e-05,4.68820154193865e-06
N4844HD,0.9975214549235993,0.0024635931044421386,1.4002144440482672e-05,7.661793044473835e-07,1.8364821351763254e-07
N4846HD,0.2121499858979901,0.12786756750525347,0.4202940325821597,0.18223121198798847,0.05745720202660816
N4847HD,0.98045468072421,0.01928485624143252,0.00023190079336797966,2.6720496230154947e-05,1.8417447592736072e-06
N4849HD,0.7867992857387546,0.18070072721161523,0.024656341811167423,0.006929311769566997,0.0009143334688957157
N4852HD,0.21620581393088428,0.6911234136579999,0.09044766543762996,0.0021213567978876544,0.00010175017559804649
N4853HD,0.9698008581574609,0.029653799566677838,0.0005283462363168411,1.6060663854426948e-05,9.353756900770427e-07
N4856HD,0.9857441877516351,0.014203623488623255,4.710003765046045e-05,4.72182838582621e-06,3.66893705353433e-07
N4858HD,0.9986423549420705,0.0013194409239446218,3.607818426453296e-05,1.8701172149749945e-06,2.5583250519212355e-07
N4860HD,0.20233730399528224,0.3481134680769804,0.42200413115545726,0.024589803412091656,0.0029552933601883808
N4861HD,0.997365237517342,0.0025930956379866146,3.7314900065153846e-05,3.50590815902784e-06,8.460364472087142e-07
N4863HD,0.9646529400853243,0.035148869806562934,0.00015774667398270111,3.7393251108268205e-05,3.0501830216948996e-06
N4864HD,0.9934992719128122,0.006423613032605208,7.100986478237705e-05,5.759409300137097e-06,3.4578050013930307e-07
N4866HD,0.9888942775167571,0.010933346409003277,0.00016442701807107667,6.67205386466131e-06,1.2770023039133732e-06
N4012HD,0.9798880108519605,0.019438474956962364,0.0005305035259816299,0.00012903800546290055,1.3972659632585264e-05
N4825HD,0.4178313236114918,0.3631402362625818,0.15105347751529657,0.06507743855335771,0.002897524057272229
N4875HD,0.014959999161937569,0.3835110995976651,0.5281780310227437,0.06854873420649948,0.004802136011154164
N4878HD,0.0072183087025364445,0.024517416668167324,0.23192704387031207,0.3000620964356147,0.4362751343233695
N4883HD,0.05282216300200287,0.7611939342500835,0.18044488879019202,0.005179699272673865,0.00035931468504772017
N4884HD,0.973805395098339,0.023209499239890116,0.0028639832544570787,0.00011533985000387226,5.782557310213547e-06
N4887HD,0.2731918324587571,0.5361903723229794,0.1863675724884913,0.004228272261424993,2.1950468347211763e-05
N4891HD,0.9824604320768208,0.017088032356029053,0.0004186548819355124,3.037838629788931e-05,2.5022989169471286e-06
N4892HD,0.48057360401507926,0.40418803508575163,0.10755323330690746,0.0073823363408465365,0.00030279125141517184
N4895HD,0.9790010150607872,0.014406505053162679,0.006419497017296033,0.00017023449494033862,2.748373813797309e-06
N4899HD,0.9814208706006602,0.01835772582166393,0.00020551768651600616,1.4740213117679064e-05,1.1456780421531159e-06
N4898HD,0.5628012077330353,0.35487900253849314,0.08010919387112861,0.0020875431380944546,0.000123052719248384
N4902HD,0.9671283339575241,0.031159521191636966,0.001542642013840268,0.0001593721054473955,1.0130731551309902e-05
N4904HD,0.32309197523955036,0.29878669324870727,0.3416763643675143,0.026115199081294272,0.010329768062933741
N4906HD,0.9932869865289399,0.006280321282955241,0.0003720411772545672,5.813620999733828e-05,2.514800852954447e-06
N4909HD,0.8672605848994396,0.0796878985056011,0.05232568547352782,0.0005957231821100493,0.00013010793932145988
N4912HD,0.95737950266483,0.0392877606277784,0.002927112161468833,0.00037096457720398306,3.465996871896469e-05
N4913HD,0.9753414334875374,0.024296796828086983,0.00034811707216784765,1.3075451313198216e-05,5.771608944759465e-07
N4914HD,0.20970637506622375,0.6382682061301288,0.14002229595407645,0.011809173116365316,0.00019394973320565129
N4908HD,0.991957693909476,0.00800844093547735,3.2075354940975564e-05,1.5704995222324303e-06,2.1930058343646065e-07
N4937HD,0.9826869736524638,0.017250210325266614,5.2236466478387445e-05,8.917030558798411e-06,1.6625252323966884e-06
N4938HD,0.993695699235898,0.006246836174003486,5.088780346806713e-05,5.714253536793085e-06,8.625330938539236e-07
N4949HD,0.9962567608059,0.0035002415302344196,0.00022071089540851444,1.9673021423074838e-05,2.613747033892772e-06
N4952HD,0.9907004862848209,0.009151481058741836,0.00012010302601616639,2.499568365575604e-05,2.9339467653761065e-06
N4954HD,0.8734629672085092,0.11892762797722482,0.007387548704966163,0.00019359862531707987,2.8257483982859734e-05
N7917HB,0.9961089473991932,0.00384206238476493,4.774158683665961e-05,9.110454403158433e-07,3.3758376492703884e-07
N4951HD,0.9836597146210517,0.01623520961483082,0.00010227223142051556,2.595895043233058e-06,2.0763765348012361e-07
N0385HC,0.34181096616298595,0.25018479827835965,0.3598173135924693,0.04235176097793188,0.005835160988253327
N3920HD,0.3916733442687617,0.48927949312776664,0.11440702305894922,0.004321237398427149,0.0003189021460952007
N9498GW,0.992398128336612,0.006402264918995477,0.001135929538245632,5.8221220383455385e-05,5.455985763255517e-06
N4961HD,0.9976249641458486,0.002355461619758197,1.8798540102131644e-05,5.103112958946131e-07,2.6538299519828636e-07
N4965HD,0.8770322874456313,0.11784241703110265,0.004707717011547968,0.0003640784454349648,5.350006628322664e-05
N4967HD,0.9571112628424382,0.04167164782437862,0.0010135268488064492,0.00018234121897871727,2.122126539808166e-05
N4968HD,0.8916517230926401,0.09598849376146562,0.009429080421981057,0.0027780351447722154,0.0001526675791409292
N4973HD,0.9872765056373909,0.012190850313663104,0.0004348616766411643,9.58717111345501e-05,1.9106611701581963e-06
N4976HD,0.014968136971578448,0.24495167733895704,0.7200110957469225,0.01797325045875684,0.002095839483785266
N4977HD,0.9292266084023406,0.06806823852930252,0.0026339680428862774,6.483690774611936e-05,6.348117724497685e-06
N4978HD,0.9761954093288281,0.02284370210537992,0.0008413843607059558,0.00011455956285679615,4.944642229024388e-06
N4982HD,0.8381040941359936,0.11716625168316025,0.03963533864711198,0.00488408994358539,0.00021022559014878645
N4983HD,0.5762845344930368,0.2613978556075846,0.13425333238069775,0.02735259985201854,0.0007116776666623674
N4984HD,0.9894425241467557,0.010389335300269142,0.00015644070080845853,7.74953955140861e-06,3.950312615338307e-06
N4992HD,0.0006540567583481645,0.04782694830046481,0.16548482790247857,0.6918653720990041,0.09416879493970437
N5000HD,0.9226513130735057,0.06752312241491198,0.008519731555654818,0.0012298966890238732,7.593626690350227e-05
N5006HD,0.8058042956645757,0.16175293798704124,0.03035104101947543,0.0020012756493827696,9.044967952494094e-05
N5007HD,0.9926589850911708,0.006868757919840458,0.0004312067098387087,3.194369223579759e-05,9.10658691441027e-06
N5008HD,0.897239056762865,0.08349172670538298,0.016655300342920898,0.0025975122982311405,1.640389060016089e-05
N5011HD,0.4667802014085849,0.46361591255256,0.0673085468900112,0.0016541796112837844,0.0006411595375599182
N5020HD,0.9335152917714049,0.0550241318609812,0.010923553068466055,0.00043140240398570345,0.00010562089516239254
N5024HD,0.9795045280523895,0.02001749377983316,0.00044310159472963587,3.429709231348543e-05,5.794807342229564e-07
N4826HD,0.9950073284729675,0.004768062470824521,0.00020545201387737086,1.752259341559348e-05,1.6344489152434066e-06
N5032HD,0.9930537076328814,0.006322312558035124,0.0005732992286563694,4.582443978834132e-05,4.856140638690262e-06
N5041HD,0.9965649651915894,0.0034185461363955305,1.5922674760644296e-05,4.42580463863882e-07,1.234167904935428e-07
N5043HD,0.9993176617740172,0.0006686976123324762,1.2612754226559433e-05,7.119067623699453e-07,3.1595266151048377e-07
N5044HD,0.030823365191905934,0.11211200803593135,0.7552063008466563,0.08534226711054131,0.016516058814965175
N5045HD,0.9944099044941971,0.005364767542341344,0.00018897404658787132,3.28366168129261e-05,3.5173000609378742e-06
N5004HD,0.9974890164859471,0.0024961248267994893,1.2931678216673693e-05,1.8096275127934275e-06,1.17381523759614e-07
N5055HD,0.9864490282211082,0.012376006063806151,0.0011095702538185107,6.333790341751962e-05,2.0575578499220257e-06
N5056HD,0.10551960581439486,0.1210100436203863,0.5755533257075415,0.13926363736815892,0.05865338748951836
N5057HD,0.9950118264163533,0.004895671166601748,8.871057661722879e-05,3.6143246629922065e-06,1.7751576461473522e-07
N5059HD,0.7508535907825393,0.08666129931985639,0.1593095967263651,0.00292314498199113,0.00025236818924793725
N5061HD,0.9435698931717017,0.05347156676677107,0.0023580536674143813,0.0005274766414665536,7.300975264610786e-05
N5018HD,0.9938868523789443,0.006059950555749416,4.7579664683460195e-05,5.0643391613933376e-06,5.530614612638293e-07
N4896HD,0.9794514866802837,0.02022077774889634,0.00031137491242515085,1.4275493749474235e-05,2.0851646454783232e-06
N5064HD,0.9843863536982962,0.014517900201824934,0.0010136893561781993,7.470941184140255e-05,7.347331859505727e-06
N5065HD,0.9509315690387424,0.04576983501355622,0.002964928753167679,0.00030725124368570907,2.6415950848013573e-05
N5067HD,0.5388639022428403,0.30396366784820283,0.14218874376900278,0.014628142242616689,0.00035554389733755273
N5070HD,0.15218347548189626,0.47404592454900174,0.3536119278223158,0.019648527034020008,0.0005101451127662627
N5071HD,0.6344940970616023,0.3201157921368781,0.04261656167500578,0.002681095642214958,9.245348429889506e-05
N5072HD,0.45155660217218896,0.4779684424356876,0.06340258828808336,0.00700448756966053,6.78795343795694e-05
N5074HD,0.9677278617220035,0.02867223736422995,0.003323053918827493,0.0002675978297298664,9.249165209312921e-06
N5075HD,0.9992652486461818,0.00072730203968611,6.566637172646769e-06,7.482369549582911e-07,1.3444000436296685e-07
N4923HD,0.984720528117491,0.014451348247539807,0.0006679423209864005,0.00014372476188664356,1.6456552095882276e-05
N5076HD,0.9845019472729755,0.01517752677432977,0.0003119400621797935,7.400042674900196e-06,1.1858478401035748e-06
N5079HD,0.01342840843658673,0.40840049037190895,0.5068987521960636,0.06905509459096221,0.002217254404478611
N5080HD,0.1828950338039202,0.3203251908366343,0.4679336425475289,0.026833705925775476,0.0020124268861410988
N5082HD,0.989281257706078,0.010539821422725052,0.00015784850341448855,1.887654273525685e-05,2.1958250469423303e-06
N5083HD,0.9591229267358861,0.03870287565741503,0.001820162853171591,0.0003092632941832512,4.477145934393253e-05
N5085HD,0.18846813654557618,0.6447683916599474,0.1568827086580276,0.009592896718199526,0.0002878664182493159
N5051HD,0.9178459899412841,0.07873340775928017,0.0033411494527628574,7.295935039499628e-05,6.493496277592274e-06
N5039HD,0.00771816330829128,0.05823289246338647,0.5377754556623787,0.37711543851458673,0.019158050051356776
N5088HD,0.9939845888151168,0.005929364605506954,8.335270721014685e-05,2.401980496064874e-06,2.918916702770397e-07
N5091HD,0.20820087086865263,0.789353078130143,0.002398457928188002,4.446905990401537e-05,3.124013112324247e-06
N5093HD,0.0028493939978827105,0.010698673021312088,0.23863305216918884,0.6208121094440873,0.127006771367529
N5100HD,0.004255042925334103,0.05542529367409341,0.3950874110048421,0.532660791404617,0.012571460991113288
N5103HD,0.008312929114765806,0.04964187452951366,0.2784063935945543,0.5227780262666166,0.14086077649454964
N5104HD,0.9989369917855823,0.001043384976799419,1.8658425905529292e-05,8.078482487487671e-07,1.5696346388235603e-07
N5105HD,0.975435976564718,0.023531425313497435,0.0008097470098007801,0.00019293308795351928,2.9918024030222193e-05
N5106HD,0.9469072922145416,0.05228544155009038,0.0007682743810599575,3.204295891079374e-05,6.948895397167071e-06
N5109HD,0.9498003381187577,0.04917606700518074,0.0009551636735742787,5.88932385213376e-05,9.53796396577256e-06
N5112HD,0.8377233359955906,0.1330834390968381,0.02702822305251489,0.0017726513703992409,0.0003923504846572352
N5115HD,0.998848430237987,0.0009996268030608804,0.00012215369068245942,2.880927104548858e-05,9.799972242037784e-07
N5120HD,0.0011118969202272633,0.009453248014622688,0.0749785028281363,0.886953341487326,0.02750301074968758
N5121HD,0.971688930359959,0.027482398325319977,0.0007221392534189005,9.438708845009815e-05,1.2144972851937907e-05
N5122HD,0.9820223072902998,0.009526913634009862,0.008246987940142362,0.00019937715713569065,4.413978412215274e-06
N8305HB,0.9888091906629943,0.011139843573655264,4.643375675289111e-05,4.377509510012245e-06,1.5449708753533693e-07
N5126HD,0.09033721252042785,0.1708926558347843,0.27701788811279515,0.40133850362965795,0.06041373990233472
N5128HD,0.9988615290548928,0.0011003668708722536,3.6342931738601995e-05,1.4990206216718086e-06,2.621218748136258e-07
N5133HD,0.003491288758779413,0.03407260317526709,0.5331877506121405,0.41230020806419143,0.01694814938962162
N5135HD,0.9911423501144933,0.008645113714485186,0.00018883006320867245,2.2258399471425986e-05,1.4477083415043097e-06
N5143HD,0.9836686270699212,0.015888216935768064,0.00042952731667465435,9.661931898207073e-06,3.966745737825889e-06
N5144HD,0.8741813990706196,0.11817045251948147,0.007111316386535732,0.0004980596438489661,3.877237951435021e-05
N5149HD,0.4170420190802805,0.1792233266169582,0.3266215038329127,0.07189982323199666,0.005213327237851948
N5152HD,0.8117022945040685,0.18700636916974708,0.001175698697252057,0.00011084351685087497,4.794112081494598e-06
N4394HD,0.46794772250132616,0.28566966016358614,0.20019768153412765,0.04205385986546431,0.004131075935495717
N5029HD,0.40261742792609373,0.20027351732094717,0.28682686424323645,0.09308928480338069,0.01719290570634187
N4368HD,0.9986805758860855,0.0012987176080122191,1.944462776795709e-05,7.902087154571169e-07,4.716694189893058e-07
N5013HD,0.2849638296167125,0.2923791052756109,0.3933345558193978,0.01665200329543217,0.01267050599284672
N5153HD,0.8271854589171704,0.14887197006567035,0.023430239361983456,0.00046433302062969586,4.7998634545920207e-05
N5157HD,0.9969489302972177,0.0029484146741039466,9.387622556621009e-05,4.94814529603302e-06,3.830657815879825e-06
N5170HD,0.9488406517964041,0.04718637323107191,0.0038621275691391585,8.177701179222751e-05,2.9070391592450125e-05
N5172HD,0.9943268992160649,0.005348786199884676,0.00030879423004403806,1.2834329508439588e-05,2.686024497911896e-06
N5173HD,0.9795610365083133,0.017060518254203544,0.0031033271613542294,0.00026011896425667705,1.4999111872452349e-05
N5147HD,0.9036099810577639,0.09210743878910323,0.0038654778466295503,0.0003583476961349286,5.875461036835676e-05
N5178HD,0.9577711676724538,0.0411995267331796,0.0009812942340051308,4.4750899452991326e-05,3.260460908396515e-06
N5180HD,0.7554052410677196,0.18656794891635484,0.05492026219274031,0.0026970605310106953,0.00040948729217455266
N5181HD,0.7967033189393445,0.148043062621612,0.05026379653979853,0.003941176215133991,0.001048645684110978
N5182HD,0.9958216982443928,0.004134007620578683,4.115978694203766e-05,2.675234087986869e-06,4.591139984637439e-07
N5183HD,0.11946047724105435,0.8763228959594233,0.0041240061876023975,6.988742742830194e-05,2.2733184491724555e-05
N5185HD,0.6705600333712111,0.11219741414023698,0.12159078584362766,0.09356717248404496,0.0020845941608793233
N5187HD,0.2009375406618184,0.12628648214354007,0.5522997444594815,0.07968085932548534,0.04079537340967469
N5188HD,0.6976860868445554,0.2081867065805823,0.05958460638594771,0.033865350971833796,0.0006772492170809176
N5190HD,0.005659635269444339,0.036907125417035905,0.4957646548513358,0.4301667323158371,0.03150185214634694
N5192HD,0.9675267517625871,0.032158231577246614,0.00030562180849274737,7.246548075649041e-06,2.1483035982371247e-06
N5193HD,0.8860718982308524,0.10800503241191364,0.005710591403538838,0.00016946411490146175,4.301383879342834e-05
N5197HD,0.9983129577834878,0.0015767136821446632,0.00010712225580950855,2.7172463418044093e-06,4.890322163214644e-07
N5198HD,0.6042679380673266,0.17297782859965247,0.17729043855710297,0.041712397600409734,0.003751397175508275
N5199HD,0.9635662145188948,0.03346382562239071,0.002222348747182075,0.0006475180760797481,0.00010009303545240804
N5200HD,0.9686255304644968,0.03087609282782563,0.0004830529368054204,1.2366587458995786e-05,2.9571834130369583e-06
N5203HD,0.0581806221820491,0.17141052525833764,0.4356390704704689,0.3266207258790149,0.008149056210129525
N5209HD,0.04292645666433169,0.29038244086495274,0.5449151784144506,0.12019398797066984,0.0015819360855951717
N5212HD,0.9953324909349124,0.004644842243406784,2.0250590080308944e-05,2.2380077046760576e-06,1.7822389578388128e-07
N5215HD,0.9165485642945591,0.07417511161618763,0.008800411364910323,0.00037763773743485895,9.827498690800073e-05
N3574HD,0.9948167876368509,0.005014276867259844,0.00012552905629051032,3.8106904061227685e-05,5.299535537731174e-06
N4760HD,0.007057684289244024,0.05973219565499244,0.5672064462178793,0.2826241929876983,0.08337948085018596
N5225HD,0.9727608665653276,0.027050843541582457,0.00016502541444639584,2.210540644536851e-05,1.1590721981705088e-06
N5226HD,0.854944470457265,0.13927750868432176,0.004786703842060248,0.0008117841502903149,0.00017953286606270927
N5227HD,0.9842394541803341,0.014593811044437705,0.0010939623946088202,6.990729541793464e-05,2.865085201422872e-06
N5233HD,0.0010527775128072172,0.005307102090921176,0.12798912273623195,0.5034881095514339,0.36216288810860586
N5238HD,0.988413992938367,0.010783074076758933,0.0007243602741912772,6.652620319971018e-05,1.2046507483227117e-05
N5241HD,0.9869684932497499,0.01156563152326797,0.0014129127623048645,4.1759863221724926e-05,1.1202601455608268e-05
N5243HD,0.0033697466213227544,0.04234488269814617,0.35087900518521903,0.5995328328482551,0.003873532647057106
N5246HD,0.9242303521829928,0.07486141280568524,0.0007962714747310248,8.465292825374023e-05,2.7310608337324147e-05
N5247HD,0.0009476463002229887,0.0034315156612997277,0.28038790208936,0.7121327369624224,0.003100198986694963
N5248HD,0.8132975478876644,0.07386936738269456,0.1070537111364815,0.005416075026886074,0.0003632985662734846
N5253HD,0.9114722455251015,0.05207207015042859,0.03455799348576805,0.0012773761151339278,0.0006203147235677376
N5257HD,0.0537016339713871,0.2422859151684541,0.42165258558105123,0.27363598043986664,0.0087238848392409
N5259HD,0.0032026942856357874,0.015103464686409385,0.180916677536618,0.4602400653193429,0.34053709817199385
N5262HD,0.11371342362975125,0.4704939965268856,0.40497356617481256,0.010563705566157136,0.0002553081023933057
N5266HD,0.40207587774409714,0.5324750186843289,0.057988455553163114,0.0073114533889876,0.00014919462942325755
N5270HD,0.9893818465153239,0.010114881521019924,0.0004345190608415936,5.269270636796994e-05,1.6060196446727533e-05
N5271HD,0.64188800327803,0.32038937516592536,0.035878445179854696,0.0017097184658578912,0.00013445791033207317
N5273HD,0.9808135318565712,0.01784634369789935,0.0013009095880783341,3.589630325727095e-05,3.318554193940637e-06
N5274HD,0.997207016265226,0.0025578713186288618,0.00022516586336900068,8.960376123464103e-06,9.861766525522517e-07
N5211HD,0.813526629258822,0.13732847758560995,0.04283230675236956,0.005985335595305391,0.0003272508078931421
N4843HD,0.9498270627514221,0.04409556699019759,0.005702714921643344,0.00028589338172081946,8.876195501625233e-05
N5287HD,0.9562126133612956,0.04274209805129097,0.0009683389323565709,7.200315628607387e-05,4.946498770922383e-06
N5286HD,0.19450880190775258,0.11307038824020024,0.620084110023412,0.05108951186350659,0.021247187965128523
N5292HD,0.060680847406301905,0.24838090142181649,0.42548310861276123,0.24902294913399922,0.016432193425121235
N5294HD,0.9926241304787391,0.007284171236316039,8.007796750987105e-05,1.0720892378437838e-05,8.99425056572949e-07
N5296HD,0.7688995813721539,0.18082619591451446,0.035647795198929,0.014244863562627188,0.0003815639517753891
N5298HD,0.9907908031862344,0.008696372445070115,0.0004942084918220222,1.671507864028174e-05,1.9007982331060906e-06
N5303HD,0.9693468256886801,0.025810753319382634,0.004598739461379369,0.00023918877689247303,4.492753665545419e-06
N5305HD,0.18758374287250043,0.6386366544411752,0.14731420810341878,0.025644490885990474,0.0008209036969151044
N5306HD,0.9851809346323598,0.014473075266720679,0.00033183381082012677,1.2646295510007302e-05,1.5099945892869001e-06
N5307HD,0.07646421470023153,0.29297939134679696,0.29714360795649236,0.2443870851221017,0.08902570087437754
N5311HD,0.7396814232796484,0.1435653830112749,0.11511718629953879,0.0015323989135824225,0.00010360849595545342
N5314HD,0.9905638546356799,0.009063072545905885,0.00033346439495852504,3.610506827596218e-05,3.5033551799211097e-06
N5073HD,0.08442333265964685,0.30655612032738,0.39119790829355267,0.19628450482092805,0.021538133898492358
N5277HD,0.030480696826579213,0.0635234955024262,0.3459899970254171,0.1563187067856492,0.40368710385992823
N4885HD,0.9952180774698586,0.004704275166229738,7.094308075376055e-05,5.788602267312461e-06,9.156808906994568e-07
N5318HD,0.008972102386853451,0.06523851518647765,0.8072167643323337,0.10803651417379055,0.01053610392054456
N5321HD,0.974965788508879,0.019572242413586016,0.0050404307717070015,0.00039900272886916936,2.253557695876178e-05
N5323HD,0.9966768830626579,0.003316980911791431,5.711675588105902e-06,3.7245399845772064e-07,5.1895964084319376e-08
N5324HD,0.9900829472727226,0.008800336722369037,0.0010865070359167832,2.5249210999748088e-05,4.9597579917469925e-06
N5326HD,0.985849221798579,0.01339213780640099,0.0006205046072089217,0.00012664991330584862,1.1485874504967714e-05
N5327HD,0.9535119930307855,0.04601296010682502,0.00046398448938188654,9.334586466665222e-06,1.727786540937235e-06
N5329HD,0.012489383748226621,0.04443932202779645,0.9108022192165037,0.028782599500748064,0.00348647550672502
N5331HD,0.9840488302674752,0.015278447800814936,0.0006065035679596428,4.580730363342557e-05,2.0411060116563906e-05
N5332HD,0.9773771204169284,0.021538915102464178,0.0009344933197990064,0.00013428109120313493,1.5190069605326643e-05
N5333HD,0.9927407159653101,0.0072185278426456076,3.689410338896829e-05,3.6311481507517907e-06,2.3094050445668168e-07
N5334HD,0.008078371601671928,0.9892075242623375,0.0026809143231189543,2.7000152369292228e-05,6.1896605023312054e-06
N5338HD,0.005245111550929068,0.023154312933836962,0.1866411867794472,0.49282029471238004,0.2921390940234069
N5339HD,0.0016142447264625534,0.025675860621811694,0.8405720743692296,0.11383177823811688,0.01830604204437929
N3820HD,0.016499734048291043,0.060307050186043994,0.36955025797265934,0.39555433703059734,0.15808862076240826
N5342HD,0.9870906397775144,0.012545411412227515,0.0003482637090683648,1.4729102446547967e-05,9.559987429413102e-07
N5345HD,0.976903804797462,0.020651475465878318,0.0021093720511743833,0.0002897739207242591,4.557376476118408e-05
N5346HD,0.9556578472340663,0.044107485503321046,0.0002032210652163072,2.9717006591215357e-05,1.7291908051274388e-06
N5348HD,0.011120081539516158,0.051741797977392916,0.2104034185536644,0.5216783042237868,0.20505639770563983
N5351HD,0.9108461458971077,0.07320985195404621,0.010578628567647658,0.004822553396548179,0.0005428201846505504
N5354HD,0.0037285230574193545,0.015255300221884767,0.35965654940984554,0.6151831282738511,0.006176499036999326
N5355HD,0.8121944569140223,0.18417262075564628,0.0035306641716486274,8.367628683909573e-05,1.85818718437353e-05
N5362HD,0.9974580098553516,0.0025251311369902762,1.5542227414978553e-05,1.1634539522531216e-06,1.5332629079795948e-07
N5364HD,0.9805854740438031,0.018668278977656452,0.000708261445447874,3.363083518737331e-05,4.354697905187238e-06
N1264HD,0.022180065957223122,0.926307023404385,0.051115279673163073,0.00038239154160096627,1.5239423627913542e-05
N4985HD,0.4989412941861964,0.31256551139858074,0.1621329931016226,0.017857879613855585,0.008502321699744742
N5368HD,0.010814313115752707,0.06592769477261363,0.7035449630860235,0.1771859232757301,0.04252710574988005
N5371HD,0.9962944387372159,0.0035278919822597466,0.0001551471694883596,2.138920443929276e-05,1.1329065966059341e-06
N5372HD,0.9895610253235276,0.010054300608088798,0.0003740564688916845,9.916908229138313e-06,7.006912629103427e-07
N5373HD,0.97606599611265,0.02374075464791629,0.00018454057903307766,7.431905629614514e-06,1.2767547710151714e-06
N5374HD,0.9636537447657512,0.03328829239084924,0.00294123459516994,9.763768675211957e-05,1.9090561477311034e-05
N5377HD,0.9873452012382223,0.01185317921147474,0.000705790259679884,8.986407189926803e-05,5.965218723734028e-06
N5379HD,0.9917629751543351,0.007687442239212656,0.0005138190160239746,3.429832170920193e-05,1.4652687191340761e-06
N5381HD,0.08830313481939102,0.06498650982772845,0.16922269432346032,0.5994696318386894,0.07801802919073077
N5383HD,0.3063123391712014,0.10938200007517188,0.3339683462603498,0.22658008332526733,0.0237572311680097
N5385HD,0.9947625240169075,0.005207205669261056,2.9199371759757587e-05,8.652364279664064e-07,2.0570564361510006e-07
N5387HD,0.002861847881378675,0.020104717086406602,0.26531474134089283,0.3295256568167466,0.3821930368745752
N5388HD,0.13319153834377379,0.10979282487537544,0.423386610805711,0.2875390854177546,0.04608994055738503
N5389HD,0.026533183081821055,0.22161774890765937,0.7249867561952906,0.026235484426415268,0.0006268273888135857
N5391HD,0.9857052279506839,0.012312128646509045,0.0019389129251119368,3.5557006534540906e-05,8.173471160320392e-06
N5393HD,0.8900335765513241,0.10903057160025542,0.0008018336863741644,0.00012902557161156855,4.992590434728468e-06
N5395HD,0.982773187799877,0.01461007901195605,0.002357874964627597,0.0002525328748607554,6.325348678588821e-06
N5397HD,0.9900384538196267,0.00937643056045435,0.0005019916745104224,7.714667245894021e-05,5.977272949372288e-06
N5398HD,0.995341883025761,0.004074636430217917,0.0005064578659615196,7.4620135819479e-05,2.4025422401355966e-06
N5386HD,0.38164206020151836,0.5742103430690172,0.043408653595811086,0.0007059207912825279,3.3022342370723226e-05
N2483HD,0.9961845816493291,0.0036598012433226817,0.0001271052900386171,2.645531042607951e-05,2.0565068833903062e-06
N5402HD,0.9913415078259931,0.008180541214276287,0.00045559365824077294,1.2561762108380142e-05,9.79553938140762e-06
N5404HD,0.9783768387602017,0.01920891538944596,0.002277217616752704,0.0001295723959158959,7.455837683718065e-06
N5405HD,0.9983215505209585,0.001653014564923161,2.2189364520412827e-05,3.0358334205940012e-06,2.0971617744811288e-07
N5407HD,0.7100399339851469,0.22545997802363563,0.04694617436650606,0.017262753951385594,0.00029115967332570816
N5414HD,0.9780921461143094,0.021605668028460097,0.0002642516188048369,3.4203556063331575e-05,3.730682362329759e-06
N5415HD,0.9949414045361081,0.005018291004040956,3.558039147513993e-05,3.825697665659487e-06,8.98370710239464e-07
N5416HD,0.27348694465202805,0.7151123546707753,0.01067852730393092,0.0006454021590722321,7.677121419362815e-05
N5421HD,0.9903915931799296,0.008704367422033297,0.0008256996357369525,7.569201769545814e-05,2.647744604488325e-06
