ncode,proba_0,proba_1,proba_2,proba_3,proba_4
N4541HD,0.9431008007743318,0.050617800997328516,0.0048105299368181465,0.0010057008681621145,0.0004651674233594821
N4397HD,0.010344222528006056,0.06519066942683013,0.38201587891880906,0.48478527523329173,0.057663953893063086
N4544HD,0.9723482498679104,0.02568376450152111,0.0013795683866600697,0.0004875848039099838,0.00010083243999850958
N4545HD,0.048808754946889826,0.13520926827872576,0.43737346137864686,0.23378936043645737,0.14481915495928024
N4546HD,0.315937739466899,0.5923740794049088,0.08141936261950977,0.008923834647262142,0.0013449838614202198
N4550HD,0.9578860172947286,0.03886223795417891,0.00217995633661677,0.0007961382512668367,0.00027565016320878715
N4551HD,0.9405779821795647,0.056578740650979266,0.002203507409801098,0.0005203997787015609,0.00011936998095346608
N4554HD,0.17412819030452004,0.43541045748054863,0.34331117714814413,0.03799373162449193,0.009156443442295274
N4555HD,0.8313877486323711,0.15496998168476103,0.009642471321530578,0.0031573472277749946,0.0008424511335622221
N4556HD,0.7938621043106333,0.13354844723834897,0.04885077709971476,0.01975610055002722,0.003982570801275772
N4563HD,0.8269565671376631,0.11660116295486606,0.044183090162547,0.010021607425539427,0.0022375723193843867
N4567HD,0.9607129255951651,0.03672223125288938,0.0016949041766787388,0.0006855598637706821,0.00018437911149612912
N4561HD,0.9702865894463504,0.028004588433636166,0.0011623855278749592,0.0004301327384376032,0.00011630385370117849
N4571HD,0.486745921736044,0.3185264411068383,0.14896471520442964,0.03465627255491152,0.011106649397776504
N4574HD,0.9793351363949065,0.019182127697695374,0.0009049973744984613,0.00043794220138322707,0.00013979633151604465
N4575HD,0.8971983432437973,0.0823165449727719,0.016147213545548742,0.0035530920038235447,0.0007848062340588257
N4579HD,0.5151035049267029,0.3609032416335509,0.08534479286842525,0.03003787375943491,0.008610586811886077
N4581HD,0.4662108715844837,0.43000080507315613,0.09411738812612339,0.008390939430833962,0.0012799957854028703
N4584HD,0.3081253631779913,0.6162397434562523,0.06928248895842481,0.00529041313391101,0.0010619912734204594
N4578HD,0.9606875932908233,0.03682418028062066,0.0018232595541012697,0.00048730625169433634,0.00017766062276027158
N4590HD,0.545618626072076,0.34647904545492036,0.09090716127417116,0.015833567862565356,0.0011615993362670994
N4593HD,0.04902455760356226,0.4247247875120486,0.3382913036164357,0.16422594723304662,0.02373340403490674
N4151HD,0.27904970483954056,0.28222454965290156,0.1911476982616792,0.19574428306473263,0.05183376418114612
N4594HD,0.9683851087907599,0.02791392396069042,0.002591194816312717,0.0008593761814225856,0.00025039625081434543
N4600HD,0.592651254012886,0.3228889731715415,0.07341786311743433,0.010121834728218109,0.0009200749699201141
N4605HD,0.17936959822725151,0.32032481711312016,0.39058739950932647,0.1012353959032378,0.008482789247064129
N4612HD,0.7878014391968284,0.16216019024671974,0.03695109714362194,0.011714558346964936,0.001372715065865063
N1701HC,0.08193384100496198,0.16606668482450007,0.48980243978343196,0.20404619539239255,0.05815083899471335
N3705HD,0.0014376078525777656,0.008382662255441254,0.05674354748240633,0.2570201325852737,0.6764160498243009
N4589HD,0.88551157159397,0.08226935444886975,0.022850217192469206,0.007538997337637659,0.001829859427053721
N4339HD,0.9747890287166849,0.023449414593464633,0.001215460476517409,0.00042389609888959995,0.00012220011444330847
N4615HD,0.04298616441855165,0.11019103508162359,0.2975351705075804,0.42878146872591144,0.12050616126633294
N4618HD,0.9601409112835696,0.037365465828202334,0.001534718947228766,0.0007380382624259625,0.00022086567857330266
N4624HD,0.8992799303030204,0.09575738203221844,0.0037975236609867754,0.0008648653467770854,0.0003002986569969869
N4626HD,0.9251745491785541,0.05949289387015502,0.011346453848857827,0.0033346789473936394,0.0006514241550394275
N4628HD,0.13352589838913811,0.390514311390632,0.334923382164613,0.11764533456386843,0.02339107349174856
N4638HD,0.22446248012172948,0.3187177078422108,0.2697671996896721,0.12195670726281842,0.0650959050835691
N4639HD,0.9495887720467642,0.04285257714346476,0.005371672643263576,0.0014183180310960528,0.0007686601354114612
N4642HD,0.9786468907924847,0.01985428472491129,0.0010467630054725515,0.00032931489407165356,0.00012274658305977724
N4646HD,0.9762514440433635,0.021910339952963376,0.0012960276743558322,0.0004212172247335175,0.0001209711045839219
N4631HD,0.9501552191923259,0.04114007991016783,0.005819023788065701,0.0024863014431813738,0.0003993756662591018
N4656HD,0.01524630212041857,0.05815700240213533,0.45018497363061755,0.31659557034012026,0.1598161515067081
N4658HD,0.9271724170513665,0.05395818701953003,0.014901574038207603,0.0031257244551264073,0.0008420974357694831
N4661HD,0.9773306873791379,0.019859792312639322,0.0018574205284925965,0.0007287995647488813,0.0002233002149811497
N4665HD,0.9443431333619575,0.048305543992357654,0.005611152422268529,0.0014089821942645953,0.0003311880291517278
N4667HD,0.9651106069967201,0.031015676093391988,0.002746883273557221,0.0008487972312691721,0.00027803640506153044
N4669HD,0.9439770484231971,0.05177712626518142,0.003040371726026696,0.0008880563633270883,0.00031739722226784575
N4673HD,0.41234507355672984,0.29821834658746,0.22646708372462224,0.04536198685559942,0.017607509275588525
N0760HD,0.24935637625573373,0.41003274682820945,0.2723744371942802,0.05947874829080363,0.008757691430973043
N4672HD,0.8716953065850562,0.10260689160766133,0.01699103473683483,0.007293007842345602,0.0014137592281019315
N2593HD,0.9680477483267864,0.02895048839070583,0.0016670694162761828,0.0009427778021465025,0.0003919160640849822
N4677HD,0.3922387507229161,0.39230353102685345,0.18519909871521076,0.027298225786592165,0.0029603937484277342
N4680HD,0.3775700746878721,0.380933682609216,0.2045360992980924,0.030986610237289814,0.005973533167529529
N4688HD,0.02966418786035454,0.10908400648796773,0.49977921714388057,0.2779953002689318,0.0834772882388655
N4689HD,0.9572160331282529,0.03936814800990419,0.0022326399028421043,0.0008522770950220842,0.00033090186397862707
N4691HD,0.23618643740306494,0.35187158397848683,0.20951357544745433,0.1590391388867709,0.043389264284223024
N4692HD,0.72109863698524,0.2014590081547187,0.05826252296452823,0.010812971002665348,0.008366860892847586
N4694HD,0.0310342872582216,0.13996868879295188,0.5480531836649168,0.22594774094829911,0.05499609933561051
N4695HD,0.28126947950287867,0.4440846156880488,0.23140898518980704,0.03806191939928944,0.0051750002199761076
N4699HD,0.24413880534130486,0.1318569717465215,0.5277722695266622,0.08147775362066745,0.014754199764843969
N4703HD,0.6900724307840508,0.22528356872153746,0.05673362656035031,0.022828259676039443,0.005082114258022184
N4704HD,0.004453006981382791,0.023786687798387884,0.575899750297546,0.3715803737470499,0.02428018117563328
N4708HD,0.9815127013483007,0.017175418523031054,0.0009124207837523864,0.00030034187016958973,9.911747474609048e-05
N4714HD,0.7028918016060655,0.190469670522181,0.07760192271745688,0.01700371552406882,0.012032889630227944
N4721HD,0.19044408426248138,0.40803361876928546,0.2419255201427024,0.12085338529023826,0.038743391535292535
N4722HD,0.9644737174942934,0.03313638872262657,0.0015803650279678724,0.0006094715070072002,0.00020005724810470503
N4724HD,0.38915493763841563,0.40873128843711365,0.17717493890639216,0.022314694594390165,0.0026241404236884472
N4726HD,0.22807785507335127,0.6230968003546159,0.1316148186227195,0.015395768165885528,0.0018147577834277575
N4735HD,0.9193800621447444,0.07611011979977873,0.0032781250745323493,0.00087510467709187,0.0003565883038525799
N4063HD,0.5605259316721052,0.3177856191509101,0.08525936123874915,0.02402557013787363,0.012403517800361958
N4712HD,0.9400866570848151,0.05523026275589057,0.0034183027434180847,0.0009558847737160389,0.00030889264216031734
N4738HD,0.1076528066133601,0.180308823955296,0.5816364972713786,0.1087432079323588,0.02165866422760655
N4740HD,0.10672176430157167,0.13977721237697396,0.37581615248804134,0.2652200751008356,0.11246479573257732
N4742HD,0.022239117492010956,0.09234771248780527,0.5267478864132203,0.2280163684455105,0.1306489151614529
N4745HD,0.9477063013193874,0.045328077336370114,0.005464663781920735,0.001187249604083156,0.0003137079582387496
N4747HD,0.9109254533237701,0.07318549110649082,0.011052259649930096,0.002984886387123516,0.0018519095326852621
N4750HD,0.914123796062823,0.0702797450283226,0.009805141245921068,0.005094861193063521,0.0006964564698699983
N4752HD,0.007930690966798895,0.0746871713561791,0.5156604344454975,0.34438313791102626,0.057338565320498275
N4754HD,0.8013354624411524,0.18724236249122833,0.009219076824638668,0.001580552074699358,0.000622546168281199
N4755HD,0.42444706350464145,0.27310056711292086,0.23443232792412563,0.04827997714939528,0.019740064308916606
N4756HD,0.47055250937392373,0.34084569896993666,0.15941480942921366,0.021098515917197146,0.008088466309728936
N4757HD,0.9427947062476526,0.050875081697391994,0.004570782404212793,0.0012991791464733171,0.0004602505042692116
N4759HD,0.8197389993552788,0.15936648322342384,0.01589926945880316,0.0040138120736886536,0.0009814358888055787
N4762HD,0.5709286301266573,0.3104679627171064,0.10297789414478174,0.013031040400083035,0.0025944726113715233
N4763HD,0.6915227664401703,0.24242866408896166,0.04922560761105528,0.01017033648256922,0.006652625377243539
N4767HD,0.9527394195150127,0.03948706054770689,0.0055064955562711985,0.0019364977456242294,0.00033052663538509706
N4769HD,0.16807912250406717,0.3523863542227783,0.3398535424373166,0.13050293274474692,0.009178048091090777
N4770HD,0.9377046715605141,0.05308774629110839,0.006894075538283269,0.0018559038842687848,0.00045760272582539755
N4676HD,0.5577248814400193,0.34644558285991905,0.06498431369696023,0.02078031429200867,0.010064907711092825
N4614HD,0.32490031685099946,0.15143777829499752,0.4755215520619935,0.04140837026974153,0.006731982522267955
N4774HD,0.21777777423052916,0.2589127058807277,0.4413962065771861,0.0659904679678138,0.015922845343743403
N4778HD,0.09124159557068896,0.3669615673917717,0.33187714700071747,0.15465248552889696,0.055267204507924814
N4780HD,0.004156634963089129,0.01646304593764872,0.134798545560379,0.36868900052468295,0.4758927730142002
N4783HD,0.7725203142866048,0.17504984797791706,0.04130121895388709,0.00822764123275312,0.002900977548838036
N4789HD,0.9370172073321524,0.04913675219822535,0.009257430798940008,0.002770182789727677,0.001818426880954737
N4792HD,0.8857134270967418,0.10664407118183807,0.006223419764274001,0.001124267666125967,0.00029481429101996324
N4793HD,0.027985370777729994,0.4374635672268618,0.40965221213010505,0.09899512836393685,0.025903721501366366
N4794HD,0.011364748664347571,0.06279745932982368,0.4113492899432286,0.48987404624077263,0.024614455821827627
N4799HD,0.82124713101075,0.1525181094048276,0.021685866274828224,0.003927885422762278,0.0006210078868319268
N4800HD,0.9759937212812761,0.021282869485679846,0.0019306369139229392,0.0005823772834833204,0.00021039503563771302
N4808HD,0.36245819922469413,0.5360439449575496,0.08784949801763967,0.012277813445015183,0.0013705443551013977
N4809HD,0.7355049362960225,0.2008685929343831,0.05246333286578678,0.007400851682051964,0.003762286221755539
N4634HD,0.8994115942893147,0.07903458523918233,0.01707157290165531,0.003651975017715591,0.0008302725521317267
N4784HD,0.9332935243082182,0.0610645934638591,0.004276879761225264,0.0010365023719425162,0.00032850009475483035
N4815HD,0.9631859797036454,0.03521227748803209,0.0011732831527725516,0.00032584853648284643,0.00010261111906691222
N4816HD,0.9293434726049734,0.06070771448122049,0.007054232555988153,0.0022378853064301445,0.0006566950513877583
N4817HD,0.8220785040975667,0.16298428426090003,0.010074058460605466,0.0035841997219475848,0.0012789534589805515
N4818HD,0.9784726804505791,0.018792742948151548,0.001728215418663953,0.000786806485038629,0.00021955469756679974
N4821HD,0.07490475212766444,0.8779523786938679,0.040910983283038126,0.005600844672138986,0.0006310412232906057
N4830HD,0.9502716044751607,0.043586033990379754,0.00480867213844799,0.0011355871501797106,0.00019810224583176328
N4748HD,0.9713615949340062,0.026323065004690095,0.001621734077204832,0.0005161703758589241,0.00017743560823996093
N4684HD,0.9669743587892415,0.028999933565684168,0.0026115271886678992,0.0010214801884045315,0.0003927002680018621
N0389HD,0.07531596793221326,0.8377304894628168,0.07998073895642739,0.0059941695340246575,0.0009786341145180202
N4796HD,0.5696044855927032,0.3035225426019041,0.10187927425487936,0.01943242648716298,0.005561271063350418
N4834HD,0.006845749683656813,0.027936328479271428,0.6103854660399457,0.33264281765878795,0.022189638138338144
N4835HD,0.4094833169156749,0.5732164772736188,0.014729881584302655,0.001978023219383179,0.0005923010070205087
N4837HD,0.9159714749821297,0.07886742495580044,0.004228640353966651,0.0007419655557666104,0.00019049415233659636
N4838HD,0.2915223621638841,0.6041175539818361,0.09156961158020624,0.011322631882870847,0.0014678403912027245
N4839HD,0.11728269590225988,0.6485212547355478,0.18946824068314888,0.03859869471796375,0.006129113961079515
N4842HD,0.8527360128608705,0.12138640011959549,0.01986627557660041,0.005310952408151731,0.0007003590347818947
N4844HD,0.97329771775506,0.02530572810625979,0.0009527667981345995,0.00031236076305622766,0.00013142657748926715
N4846HD,0.0946472216744563,0.1945142866793954,0.3589242471062764,0.2021970890986824,0.14971715544118946
N4847HD,0.9504679148830374,0.046870649852034874,0.001888541102211053,0.0005479382836451487,0.00022495587907141106
N4849HD,0.5027763057967525,0.4135781003508164,0.060232575936366,0.017538049221643624,0.005874968694421534
N4852HD,0.15427256312557663,0.6360173886936715,0.1821240130793234,0.024785464445939473,0.0028005706554888998
N4853HD,0.9156914747677161,0.07545807746357246,0.0065910177974079585,0.001669040612427102,0.0005903893588764706
N4856HD,0.9750640964368468,0.022976374118174252,0.0013475374126404984,0.0005097459844694792,0.00010224604786904693
N4858HD,0.964775439792099,0.0310260237991607,0.002705079399059984,0.0011393293684007898,0.0003541276412794542
N4860HD,0.1613850164109574,0.33132699692443157,0.41513177707467447,0.07529074390712223,0.016865465682814346
N4861HD,0.9753612551177185,0.022275992228654132,0.0016666718003683022,0.0005230744695173987,0.00017300638374184683
N4863HD,0.8950657604911287,0.09937366759001749,0.0036650234185159523,0.001389274146426462,0.0005062743539113591
N4864HD,0.95578143395996,0.04063104815067594,0.0024861306204518262,0.000842242975728965,0.00025914429318329356
N4866HD,0.9565867938603636,0.03887766457943115,0.003180781323226861,0.001079856937901311,0.0002749032990770507
N4012HD,0.8757132158293429,0.10926098746800636,0.01051540197813218,0.003721007482584614,0.0007893872419342016
N4825HD,0.40860006307589564,0.3026923892120568,0.19952950330405128,0.07161493537150454,0.01756310903649171
N4875HD,0.12249481496054784,0.40673105757267125,0.3205370096759041,0.1175098621273855,0.03272725566349147
N4878HD,0.02113675100574622,0.07325607982521488,0.2972940770152407,0.32714897290679273,0.28116411924700563
N4883HD,0.10812484842804142,0.5703583395518192,0.26162544672672594,0.05428831436149738,0.0056030509319160435
N4884HD,0.9030351687845943,0.07953721250556094,0.014419168596702423,0.0025137912028343357,0.0004946589103080046
N4887HD,0.258893277497063,0.48931913465970694,0.2319372218231127,0.017793970347137877,0.0020563956729796194
N4891HD,0.921825093315985,0.0678249785802509,0.008183681797843656,0.0017902404971501648,0.00037600580877031553
N4892HD,0.3741117774526374,0.4685623064122651,0.12764602653034038,0.027145624344914483,0.0025342652598427814
N4895HD,0.8013887819019531,0.118504455063577,0.07249476583694445,0.006572145484857687,0.0010398517126675472
N4899HD,0.9518172146246189,0.04486380109779433,0.0022622671541643207,0.0008570221988268459,0.0001996949245955632
N4898HD,0.5572286437066631,0.3502517400397863,0.0809710140243849,0.009733322411820497,0.0018152798173451611
N4902HD,0.9071286516972398,0.07149946612599145,0.014331792677174096,0.005892566716355667,0.0011475227832388754
N4904HD,0.15975514389804468,0.33808711473810116,0.38568531697161496,0.08372964138683874,0.032742783005400566
N4906HD,0.9511647362562958,0.04229038758945672,0.004364970805755605,0.0017166621330784624,0.00046324321541345873
N4909HD,0.826955098362762,0.09956970264456129,0.06347774480722869,0.007203622673319176,0.002793831512128591
N4912HD,0.8825767912774843,0.10440375067539673,0.009747175565878969,0.002518287705273713,0.0007539947759661023
N4913HD,0.9052036887362704,0.08415898420992926,0.00906885166695787,0.0012759723664780799,0.0002925030203643207
N4914HD,0.42078160399860365,0.3834295849151448,0.15078367879744126,0.04113069691914378,0.0038744353696664605
N4908HD,0.9725118137924926,0.025854576471955982,0.001177309748805596,0.00031339263314017935,0.00014290735360566922
N4937HD,0.9596106032751821,0.03836611570771394,0.0013100816766062333,0.0005277650217386108,0.00018543431875906748
N4938HD,0.9634463272112752,0.03476904959410491,0.0012791056326065591,0.0003684107110759944,0.0001371068509374338
N4949HD,0.9652954125531705,0.03045302120008487,0.003125475739376413,0.0008527351879782132,0.0002733553193901939
N4952HD,0.9183452578350367,0.0661149700162623,0.010921211193223259,0.0036855595079907325,0.0009330014474870885
N4954HD,0.6213283944868514,0.33120180650704506,0.039126189322800486,0.007016600262631571,0.0013270094206715305
N7917HB,0.9718064825338366,0.026284833219037435,0.001411944927660251,0.0003593093714862366,0.0001374299479796554
N4951HD,0.9372991378672286,0.059231066719940315,0.002732027087047545,0.0005854515313246396,0.00015231679445876757
N0385HC,0.19129796749671538,0.31073322956067434,0.31703690750850877,0.1297769539419901,0.051154941492111396
N3920HD,0.8152177308965403,0.15417522944849935,0.024091070187545572,0.0052370227310388415,0.001278946736375999
N9498GW,0.9349542052697857,0.05579923632325804,0.00723804947270722,0.0016032231384635089,0.0004052857957855274
N4961HD,0.9754476255976969,0.02327454569100864,0.0008880819472951453,0.0002834480244022301,0.00010629873959725557
N4965HD,0.6507160295627461,0.2697955069148084,0.0618398645657698,0.015560277301559096,0.0020883216551165155
N4967HD,0.8902661811753673,0.08208123522279323,0.019092411717185294,0.006783017038790303,0.0017771548458639836
N4968HD,0.710928076811992,0.21757539733029443,0.04419747170927972,0.02176043925205899,0.005538614896374777
N4973HD,0.9353811279932134,0.05442708722630342,0.0073187824047642545,0.0024825085707184096,0.00039049380500037696
N4976HD,0.046992937082807835,0.2603085264547041,0.5827795451909323,0.0878188421728253,0.02210014909873034
N4977HD,0.6750326136695651,0.29154582238972077,0.027743834963997783,0.004952268977342707,0.0007254599993734559
N4978HD,0.9013458152829055,0.07741967757415429,0.015185037634219337,0.005011604228727408,0.0010378652799936077
N4982HD,0.5487639071861751,0.30897554478716227,0.10696973653505226,0.02872573002964698,0.00656508146196332
N4983HD,0.3780851654478012,0.3526545861194991,0.18135988698261968,0.081445628056681,0.00645473339339906
N4984HD,0.9701815148618915,0.027481614807974043,0.0015973349540532578,0.0005527425553297818,0.00018679282075135641
N4992HD,0.009601587397590056,0.06442193882551067,0.2213497680512334,0.49223935153327225,0.2123873541923935
N5000HD,0.7118621484357746,0.20140641369049575,0.06009934969438776,0.02070943241996937,0.00592265575937258
N5006HD,0.7647969120920376,0.19688145212665606,0.032689575245592295,0.004780216733894011,0.0008518438018201459
N5007HD,0.913507071996664,0.06950345707360452,0.012130426845611456,0.0036894135904200634,0.001169630493699906
N5008HD,0.6217816221767143,0.285660590476203,0.07448116149474925,0.015918747681417714,0.0021578781709157063
N5011HD,0.5377064704031115,0.32579202327345214,0.11201169534672484,0.019031746772645693,0.005458064204065745
N5020HD,0.8109399417928403,0.14991385937293694,0.03265137061684285,0.004843478548800998,0.0016513496685787636
N5024HD,0.9244329641535138,0.06582880770422112,0.007820727240459941,0.0015528552476516966,0.0003646456541531605
N4826HD,0.9409326831617002,0.052490091938381056,0.00522080522673836,0.0010621756051145982,0.00029424406806579517
N5032HD,0.9487390680239138,0.04303777821412636,0.006371261738789114,0.0015264627700101508,0.0003254292531604396
N5041HD,0.970936412167823,0.026992954839956926,0.0014722617179717028,0.0004398081468112909,0.00015856312743688046
N5043HD,0.9753324193340326,0.021967535284102703,0.002019742861496228,0.00044080550283442027,0.000239497017534133
N5044HD,0.08761399161692408,0.07964596076979083,0.49767328135412736,0.2462379452986831,0.0888288209604745
N5045HD,0.928286560555082,0.06206057436881231,0.006715036997553995,0.0021831507674407017,0.0007546773111109756
N5004HD,0.9676744799098836,0.029359543653929024,0.002243762958150571,0.0005562394414683852,0.00016597403656837736
N5055HD,0.8838853477892619,0.08817502648672979,0.02119827025940911,0.006004165094570269,0.0007371903700290045
N5056HD,0.09994485274507363,0.19243264793776166,0.3959668688204299,0.2180611729736433,0.09359445752309145
N5057HD,0.9412534691406492,0.0551747550251402,0.002678877716886572,0.0007031153203762799,0.00018978279694770528
N5059HD,0.5184010861936835,0.23002667806794638,0.2240491015819888,0.02067950575828808,0.006843628398093144
N5061HD,0.8672865225815423,0.11357425774773575,0.013560995714982564,0.004316133083310349,0.0012620908724290175
N5018HD,0.9739780517345141,0.02340223377199854,0.001691414802484616,0.0007327057998813781,0.00019559389112117876
N4896HD,0.9319086852980717,0.06221715026425089,0.004718244149732355,0.0009007894649277404,0.0002551308230173083
N5064HD,0.9012042182503713,0.08562341594874337,0.008576240904560705,0.003940434023341349,0.0006556908729833005
N5065HD,0.9146529088166193,0.0753700093839739,0.006996062151046092,0.002391318945935463,0.0005897007024251782
N5067HD,0.41323637297428384,0.3732224298862629,0.15096365695723638,0.05062745323336255,0.01195008694885431
N5070HD,0.1031547528689657,0.6205986325201825,0.21542327534581412,0.05185227951694607,0.008971059748091495
N5071HD,0.4422782464957385,0.3757168383635831,0.15748410784593547,0.021361400045334492,0.0031594072494085077
N5072HD,0.3972419296819196,0.42283037846552096,0.15610881352910114,0.021887132488680863,0.0019317458347774626
N5074HD,0.9523432072953751,0.03790837261429494,0.007281441673212988,0.0018978340582523846,0.0005691443588645196
N5075HD,0.9792087918540185,0.01893621504363798,0.0012294831218955188,0.0004906332825452479,0.00013487669790288528
N4923HD,0.9361576110386407,0.053856258265044414,0.006676225374192577,0.0024870158551698433,0.0008228894669522675
N5076HD,0.9401910601695254,0.05521899299704819,0.0035158375650341223,0.0008343495622362679,0.00023975970615618114
N5079HD,0.04545458869590958,0.26729659338107703,0.4993903693899823,0.1682678044312429,0.019590644101788072
N5080HD,0.6571249910854138,0.19863195333910053,0.12306912962567008,0.017541515574317768,0.0036324103754977956
N5082HD,0.9452298706975141,0.04631893873932159,0.006159577436982546,0.0016126847817254913,0.0006789283444564362
N5083HD,0.9055611545210633,0.08111679612973051,0.009592169521740994,0.003090579377156128,0.0006393004503090352
N5085HD,0.29912302048246936,0.3945872505797863,0.26821973746206257,0.03272917610263413,0.0053408153730476774
N5051HD,0.7628326666428653,0.22051518615635676,0.01334199028507868,0.0027969979963645966,0.00051315891933456
N5039HD,0.047212771032137196,0.18069737399669167,0.4443015598894188,0.2599450053642344,0.06784328971751798
N5088HD,0.9639978296450071,0.033486353935064064,0.0018775116932590904,0.00047401129660866546,0.00016429343006098453
N5091HD,0.346488907274735,0.6431105375512959,0.00885729753229177,0.0012282306466941462,0.0003150269949832452
N5093HD,0.0256860177060522,0.054650261480700964,0.27079135867550536,0.5029728978099256,0.14589946432781575
N5100HD,0.020850496798863843,0.17171015083176427,0.4087415857636781,0.3411034969808654,0.05759426962482841
N5103HD,0.05021780061499911,0.10149201857875198,0.4410008771258351,0.2725000005351364,0.13478930314527754
N5104HD,0.9808664306730042,0.017720665164972095,0.0010149910423529554,0.00028888076971761667,0.0001090323499531838
N5105HD,0.9668791275972863,0.026716407814523,0.0036742689803304475,0.001952042578899373,0.0007781530289610343
N5106HD,0.879031325310495,0.10661978489486182,0.011639989798753973,0.0020024913827244883,0.0007064086131649992
N5109HD,0.8193169731582743,0.17032713628552681,0.007898620694360372,0.0018333684837840024,0.0006239013780544186
N5112HD,0.6043635448336517,0.27361200076246495,0.09335202161601068,0.02304291730795904,0.005629515479913637
N5115HD,0.9669086663442437,0.027650134272840104,0.0036739613928859697,0.0014973790741722001,0.00026985891585802114
N5120HD,0.01458911569363377,0.07013246988129787,0.3646228657012031,0.4202433068373198,0.13041224188654546
N5121HD,0.9005937407959357,0.08669749134635993,0.008332567758722606,0.003563531755633197,0.0008126683433487654
N5122HD,0.8757658993559244,0.08656054305827991,0.029822158967834234,0.006353163001327443,0.001498235616633983
N8305HB,0.9604466003465755,0.03726088806636992,0.001570329370466804,0.0005750839981407055,0.00014709821844712098
N5126HD,0.08716993527329128,0.3273411351420752,0.3009393493184878,0.20198629477898097,0.08256328548716481
N5128HD,0.9790409271575911,0.01910595900557533,0.0012406508576803068,0.00046449798816382835,0.00014796499098960938
N5133HD,0.020146521941252576,0.14649383712708983,0.4409458450820504,0.3434397870001384,0.04897400884946871
N5135HD,0.9407201405836272,0.05029927140847943,0.006748648719860707,0.0019195443497055007,0.0003123949383272404
N5143HD,0.9473610457637348,0.04773109657981299,0.003841861206425959,0.0007512311947312925,0.0003147652552952798
N5144HD,0.8687189530642075,0.10656210596188481,0.0189068096999846,0.004816545312408484,0.0009955859615145652
N5149HD,0.3355056399248164,0.29085447589001534,0.29565624443625077,0.061594239596047914,0.016389400152869535
N5152HD,0.6579662460080596,0.32283488951194567,0.013617160299891629,0.0049550044747811535,0.0006266997053219582
N4394HD,0.31434161906985447,0.3705723911347924,0.22467230669809224,0.07514795170561005,0.015265731391650777
N5029HD,0.19136546195782708,0.29542548437769306,0.3564991778622523,0.11663006856197669,0.040079807240250884
N4368HD,0.9826933272184835,0.015423245947450731,0.001267376413165148,0.00044694321427117876,0.00016910720662950134
N5013HD,0.25271211448404113,0.3820802272786948,0.26577008682856346,0.06655984199934156,0.03287772940935904
N5153HD,0.6256210391806057,0.2656285625677209,0.08950774655436552,0.01593505708114767,0.0033075946161602136
N5157HD,0.974319684959398,0.022208151826418793,0.0022961520536347417,0.0008165146317122716,0.00035949652883623566
N5170HD,0.9050813663092501,0.08531382559460249,0.00769541488225279,0.0014103348311065962,0.0004990583827881378
N5172HD,0.9488827745223827,0.044660981496270964,0.0043217820211185224,0.0015107555306839398,0.0006237064295439917
N5173HD,0.9110711402921011,0.06668603080682785,0.01688056876780919,0.004148844990445748,0.0012134151428159496
N5147HD,0.7808047975667621,0.19018674721897647,0.022908047144138168,0.004409911345104867,0.001690496725018287
N5178HD,0.8949527098334882,0.08587251343534875,0.014448517634330027,0.0038956078196177545,0.0008306512772149394
N5180HD,0.5368006054837867,0.28255135716806234,0.14178094851351222,0.029576566848028632,0.009290521986610133
N5181HD,0.6659284468514799,0.24981354874279238,0.06475016958214795,0.014232708007022529,0.005275126816557387
N5182HD,0.9719949372546189,0.024885692431101964,0.002284283501075692,0.0005723520733845265,0.0002627347398186831
N5183HD,0.3973654009660739,0.5619337791412718,0.034923667176512636,0.00473412443828161,0.0010430282778599452
N5185HD,0.5216435298230274,0.24093080753534724,0.15441869529799684,0.07310910255957459,0.009897864784053838
N5187HD,0.16461969331141518,0.261229799350168,0.3844597989218901,0.12864308619387657,0.06104762222265014
N5188HD,0.5068815374378415,0.30458383682757006,0.11381963398099816,0.0646459117382717,0.010069080015318699
N5190HD,0.012227570920925364,0.09359791515121907,0.3859448021632706,0.44483838454138186,0.06339132722320301
N5192HD,0.898413903982725,0.09599000632361908,0.004521380127415816,0.0008449775621841572,0.00022973200405593169
N5193HD,0.8639870119550332,0.11160511753719726,0.019965874550342072,0.003303699037551721,0.0011382969198755384
N5197HD,0.9657049150859225,0.029457372759554307,0.003983236931720721,0.0006965112368606521,0.00015796398594196254
N5198HD,0.47142095307351456,0.21165324800241062,0.16415976230460858,0.12284488994515311,0.029921146674313105
N5199HD,0.8223689615616495,0.13556405414957767,0.027099643483089374,0.010558700959409535,0.004408639846273871
N5200HD,0.88136256167487,0.10981368894511773,0.006444473188607342,0.0017585215990480374,0.0006207545923569662
N5203HD,0.07420799848810015,0.1617275877020919,0.38752785604754136,0.31488274752717,0.06165381023509657
N5209HD,0.06961163622311034,0.23519575430871179,0.48111505304929447,0.20061251616806972,0.013465040250813676
N5212HD,0.9425462707778154,0.05211217022349776,0.004243654410248239,0.0008706850948221026,0.00022721949361641206
N5215HD,0.7362724620062749,0.19592939037207266,0.05512836000399923,0.010355217953703194,0.0023145696639497925
N3574HD,0.9432091816583089,0.04907843804248916,0.004916897307052354,0.0019342860806753383,0.0008611969114741065
N4760HD,0.03659354910444181,0.14643467598213855,0.39613506594213044,0.34258936160681364,0.0782473473644756
N5225HD,0.9581605868815107,0.03935782746704178,0.0018086644520309233,0.0005103035817345895,0.00016261761768198056
N5226HD,0.8400250815211934,0.1334263247459469,0.019708325023999995,0.005638162008309629,0.0012021067005500822
N5227HD,0.9081244640147462,0.07474178602911564,0.012049981003672773,0.004138463371740878,0.0009453055807243824
N5233HD,0.007228706858737464,0.02968579405622985,0.18672695440330395,0.3751017919247912,0.40125675275693756
N5238HD,0.9345429990017393,0.05413196877004472,0.00844093882295581,0.001994016333422627,0.0008900770718374928
N5241HD,0.924658083551825,0.05916150202114476,0.013009768280517841,0.002412173431585597,0.0007584727149268037
N5243HD,0.012041226021475868,0.07872233992942415,0.5615023223100519,0.32052931073127844,0.02720480100776956
N5246HD,0.901785773654185,0.08583579138135675,0.008942394892005706,0.0024944323983677446,0.0009416076740847883
N5247HD,0.00484383168245072,0.025096934114936464,0.5313812845824056,0.42370561776493193,0.014972331855275406
N5248HD,0.6468270851301585,0.13337992391411527,0.19202563331599154,0.024011427144879964,0.0037559304948548483
N5253HD,0.7050626009651003,0.22393441493981528,0.05536592076674445,0.010192881409040908,0.005444181919299012
N5257HD,0.06412645847158999,0.1633674170424308,0.3452412663704268,0.3410602501910114,0.08620460792454099
N5259HD,0.026041205289975413,0.07548354110475104,0.3023213191272569,0.28924641766263115,0.30690751681538553
N5262HD,0.1023925378100161,0.4450991671992663,0.42213277935647214,0.02842459309396211,0.001950922540283189
N5266HD,0.528043844649008,0.3319456857825709,0.12012656013007973,0.01762422254104895,0.002259686897292333
N5270HD,0.9165517619782856,0.06899839653546379,0.011743805518469376,0.0018713570589532513,0.0008346789088281066
N5271HD,0.5996649873864767,0.3033859706261908,0.08070543493188552,0.01328261678129102,0.002960990274155904
N5273HD,0.8902141991164582,0.0931958148931597,0.013438054796300874,0.002223820650208384,0.0009281105438725958
N5274HD,0.9564392114432675,0.03886686085512521,0.003517542160903302,0.0009686206299438907,0.00020776491076022574
N5211HD,0.5161082368260874,0.30516666785937535,0.12091009956699993,0.051703444900015584,0.006111550847521857
N4843HD,0.7026683256872021,0.2379382776456079,0.04153850460872224,0.01329484108449425,0.004560050973973615
N5287HD,0.8886795459913079,0.09731723884254982,0.0108376895068038,0.0025220090138979596,0.0006435166454403163
N5286HD,0.16217945295533387,0.18093182412337724,0.45661904062504055,0.12654221169888513,0.07372747059736325
N5292HD,0.07073808922305004,0.18147674893943944,0.34652602546975353,0.3237548823986461,0.07750425396911087
N5294HD,0.9449782461200616,0.05115824660033556,0.0028669838010420747,0.0008112903854906749,0.00018523309307004725
N5296HD,0.6044013671944529,0.21484522007105564,0.12468346571521578,0.04754510179220473,0.008524845227071058
N5298HD,0.9201027791495057,0.06552033055341187,0.011791520650415157,0.001821749511637855,0.0007636201350292663
N5303HD,0.88695430377069,0.08448429980916349,0.025012401182487494,0.002990819692288479,0.0005581755453707824
N5305HD,0.1955045113848299,0.40111621038368467,0.30830350918397076,0.08152620606220562,0.013549562985308978
N5306HD,0.9470389675330811,0.04599898004020397,0.005496219037871881,0.0011204964225677916,0.00034533696627537863
N5307HD,0.05046682819204051,0.19766088754452343,0.4001463223892592,0.2700307226063247,0.08169523926785206
N5311HD,0.5178512848663382,0.3396301411523674,0.12434022212196502,0.015580556047004795,0.002597795812324562
N5314HD,0.9376178232206799,0.056581005630294764,0.0038429818837528145,0.0015032862714684783,0.00045490299380402126
N5073HD,0.11134136944243242,0.24381911512574814,0.3966584702128813,0.19899646787219313,0.049184577346744994
N5277HD,0.04571553671381075,0.10200993927191221,0.27800407632387647,0.3461978835859481,0.2280725641044525
N4885HD,0.9712029299292363,0.024657180471218787,0.0027894774272049674,0.0010303396212160527,0.00032007255112390337
N5318HD,0.06866462889017155,0.2237265414712285,0.4467057216287619,0.20617955508279784,0.05472355292704039
N5321HD,0.8688563428579342,0.10131219979515427,0.024845826886560562,0.004045178163493054,0.000940452296858051
N5323HD,0.9787481457877938,0.02012180024702383,0.0007666767517342104,0.0002838848120340125,7.949240141400339e-05
N5324HD,0.8733611943501429,0.09933248678008644,0.02192449489887328,0.004262044158112037,0.0011197798127853523
N5326HD,0.9512633768322751,0.043285538737680415,0.003601859855405289,0.0014080527289465938,0.0004411718456923852
N5327HD,0.8894105555384371,0.09997896642820904,0.008018214165334773,0.0018272341065385393,0.0007650297614806438
N5329HD,0.0484696659036099,0.09864420677592256,0.7113072386754707,0.12379801690868328,0.01778087173631351
N5331HD,0.9186664814076063,0.07344990189324312,0.005537914106378771,0.0016337849580750864,0.0007119176346967287
N5332HD,0.920938229082542,0.06360774392239239,0.01117164744754357,0.003627460601726525,0.0006549189457957933
N5333HD,0.9564974285778448,0.040294934940052714,0.002400069392647906,0.0006618061147776576,0.00014576097467682196
N5334HD,0.06689982150629571,0.9106034299109993,0.019881344921819893,0.0022345477733021154,0.0003808558875829164
N5338HD,0.01848860155537267,0.059944447665810835,0.3285651570047686,0.3915630583218532,0.2014387354521947
N5339HD,0.007396964003506832,0.03556507267347006,0.6949382521367357,0.22977168537519577,0.03232802581109146
N3820HD,0.026734219671501237,0.07805748526425949,0.2540020121570059,0.2789625464871565,0.3622437364200768
N5342HD,0.9522012925172622,0.04404742217203229,0.0029128801901881474,0.0006815052547775638,0.00015689986573985332
N5345HD,0.9000598113588328,0.07385352039484806,0.0177238468032007,0.006643388644216479,0.0017194327989018014
N5346HD,0.9446597413711141,0.05194213900387866,0.002372257215320062,0.0008511547586927324,0.0001747076509942815
N5348HD,0.05271821166594674,0.13911208760239627,0.21240069208658094,0.4224705913768466,0.1732984172682295
N5351HD,0.8449552123988805,0.11174844640630824,0.03271872510382101,0.008677556122103894,0.001900059968886436
N5354HD,0.007910358749066997,0.025922161669417264,0.4888981750119062,0.4594147091352408,0.017854595434368695
N5355HD,0.6575219470486318,0.3125887327568326,0.02375732194613133,0.004859748992540488,0.0012722492558638009
N5362HD,0.9740292070603038,0.0245274522100253,0.0009792583075542815,0.00034444695240727294,0.00011963546970911063
N5364HD,0.9327433667017968,0.054036876239410545,0.00937163947852487,0.0031839162201045797,0.0006642013601632334
N1264HD,0.09503043154007139,0.7703529040269201,0.1175233534405231,0.015513963292643939,0.0015793476998413492
N4985HD,0.442437512875072,0.37286925884712946,0.12962379378238081,0.040435016505448285,0.014634417989969431
N5368HD,0.023023401207894728,0.12022579149328357,0.49747529331421686,0.24850130375406684,0.1107742102305381
N5371HD,0.9495603264956558,0.043972144287849284,0.004380199050668348,0.001695466984774162,0.0003918631810523185
N5372HD,0.9361679366621305,0.057057730272414744,0.005244060472348333,0.001211493581050718,0.00031877901205554557
N5373HD,0.8990370303807464,0.09696951671642963,0.0028327186057128142,0.0009138124135025702,0.00024692188360862593
N5374HD,0.9239459512831292,0.06744626724976274,0.006486746731988407,0.0017032628798821512,0.0004177718552376749
N5377HD,0.9300107638698988,0.06240341603065372,0.005594683035087125,0.0016351519515068573,0.00035598511285339537
N5379HD,0.9249732375784584,0.0648434533898266,0.008019497156280522,0.0017902977552182097,0.00037351412021637475
N5381HD,0.25309548644669705,0.233867388363001,0.2127676727488916,0.22682246022719957,0.07344699221421083
N5383HD,0.3649356819408448,0.2740175445644582,0.23140661572622015,0.10050704373761146,0.029133114030865402
N5385HD,0.9727701920831586,0.025848771913733828,0.0010480517630695578,0.0002292137360147253,0.0001037705040233334
N5387HD,0.0203290815789108,0.10150159945040282,0.24539342936523645,0.31434813091143726,0.3184277586940127
N5388HD,0.15024223325682962,0.2804620397180989,0.2903661413922255,0.21653181719518924,0.06239776843765668
N5389HD,0.05437907543978392,0.26972293178658197,0.639122129602759,0.030842997036419764,0.00593286613445527
N5391HD,0.861315744253587,0.11178264389084122,0.022679830834829457,0.003158159418797563,0.0010636216019446103
N5393HD,0.720000205717682,0.24976883076737944,0.025344285602178315,0.00396240896708269,0.0009242689456775604
N5395HD,0.937286387507865,0.043831458172146794,0.013058316091991084,0.004874229580669463,0.0009496086473276255
N5397HD,0.9454519824772413,0.0435486419386616,0.008002784496057918,0.0024673847305051004,0.0005292063575341561
N5398HD,0.931705015878888,0.05730815660871814,0.007672795371737944,0.0028330289812766077,0.0004810031593791818
N5386HD,0.4857139954308497,0.37902649859249243,0.12139988188943074,0.012388168294327786,0.0014714557928992436
N2483HD,0.9403014476677647,0.05200580488204996,0.005179775325723852,0.001971633279796529,0.0005413388446651222
N5402HD,0.9464303398508701,0.04363284720975998,0.007196230669730847,0.0019404513845300616,0.0008001308851089488
N5404HD,0.8902199083382081,0.08379236310327282,0.018584737122877226,0.005954730363532292,0.0014482610721095195
N5405HD,0.9811900864366,0.01665005444044209,0.0016599461179109575,0.00040098167643223354,9.893132861473619e-05
N5407HD,0.6478992832418724,0.24575322279084028,0.06773679004576867,0.03253143058665685,0.006079273334861883
N5414HD,0.8889846620690581,0.10561037505308735,0.004111842542361904,0.0009684526951606383,0.00032466764033202135
N5415HD,0.9723792291624382,0.02558529603218368,0.001406227435545105,0.00047952116565776925,0.0001497262041752861
N5416HD,0.31737076170487827,0.594681909967585,0.07273437538281699,0.013563950877287808,0.0016490020674318957
N5421HD,0.9426647760298023,0.04486046578442858,0.008750986213008237,0.003092519325650633,0.0006312526471103829
N5430HD,0.9402973916408358,0.05337966003066878,0.00449915069883827,0.001483251831173187,0.0003405457984839279
N5431HD,0.21276673453697417,0.6509366280358078,0.12603941142159253,0.0090399246389138,0.001217301366711662
N5432HD,0.8966139870847329,0.09262506915701124,0.008906376454999488,0.0014730743733019998,0.00038149292995446043
N5437HD,0.9134875116815959,0.0738476229323073,0.00961645171589523,0.002362295941739225,0.0006861177284623492
N4225HD,0.5292242737050358,0.31717257996574055,0.12495952623223389,0.023549657462984326,0.005093962634005544
N5123HD,0.8167061269886486,0.1601448815159329,0.01772538691709654,0.004333806800339035,0.001089797777982925
N9187HC,0.05404160005610832,0.1850973550379818,0.295504478396314,0.3343095249329685,0.13104704157662736
