ncode,proba_0,proba_1,proba_2,proba_3,proba_4
N4541HD,0.6167318941540619,0.29080069709935996,0.08567690806256086,0.005522517288242065,0.0012679833957751686
N4397HD,0.020721547115213113,0.0658048922839338,0.2955158313067077,0.6136424576980873,0.004315271596058084
N4544HD,0.775385802798758,0.21126037521013433,0.01113988692157296,0.0016555464393129265,0.0005583886302218096
N4545HD,0.10813769963187979,0.38243359568047564,0.3620692539911208,0.1248127869899073,0.02254666370661646
N4546HD,0.6816181433785004,0.30750749450830067,0.008694874639357617,0.0016227005952369217,0.0005567868786044483
N4550HD,0.862754589427263,0.12731564091945669,0.008566326607875588,0.000992388459376433,0.00037105458602831973
N4551HD,0.6561257616630121,0.3334573021025265,0.0085485214929594,0.001380214455715065,0.00048820028578709976
N4554HD,0.11554369856013473,0.14932091272652018,0.7254306578645479,0.007701254873013797,0.002003475975783409
N4555HD,0.786174651076855,0.1791834492291327,0.03032072999046598,0.0038352813749440114,0.0004858883286022541
N4556HD,0.451467598065877,0.36719929772704607,0.13322084734392237,0.046870936603442964,0.0012413202597117861
N4563HD,0.20427546271451058,0.574614747252963,0.2152246615015909,0.0047094712667039235,0.0011756572642314255
N4567HD,0.8915148485420034,0.09020204342198655,0.014453849972043463,0.0032650214894391367,0.0005642365745275779
N4561HD,0.8729209954455742,0.12304299390747915,0.002804803253741972,0.0009429578494850691,0.00028824954371983865
N4571HD,0.21224049668400807,0.49185537152157166,0.20760631177943834,0.045835185721006894,0.042462634293975086
N4574HD,0.9878230321178565,0.009826458978138844,0.001899821885581936,0.0003303175944252972,0.00012036942399759994
N4575HD,0.5994532947190696,0.36631430030803236,0.02063224778025528,0.010398896416704132,0.003201260775938656
N4579HD,0.11398975446950022,0.7611464954640198,0.07609403142736271,0.04593538173551125,0.0028343369036061433
N4581HD,0.747184268356497,0.23867232101589164,0.011891765248237415,0.0016709143654739641,0.0005807310138998944
N4584HD,0.7428695530079582,0.24709679446781094,0.007932488945759823,0.0015427661375002405,0.0005583974409706871
N4578HD,0.8715329285395923,0.10520763684651249,0.02142592388164995,0.0013607721661245667,0.0004727385661209082
N4590HD,0.19191427009745865,0.7952857849388801,0.011400547580059863,0.001087100050893929,0.0003122973327074397
N4593HD,0.019250257734120667,0.08657244299647804,0.06124939050915125,0.8317556458825133,0.00117226287773692
N4151HD,0.14425477273471551,0.3095380972454761,0.3155263157281519,0.22710081746657637,0.003579996825080063
N4594HD,0.7637026223367428,0.22913333910453323,0.00563283227560532,0.00112851898707296,0.00040268729604580906
N4600HD,0.5568851827005586,0.2894713949945089,0.1498697911955678,0.002737177069780298,0.001036454039584427
N4605HD,0.06570463298557297,0.0988876820787367,0.700632963116237,0.1339428006593564,0.0008319211600968557
N4612HD,0.7517035490972941,0.19356911016095335,0.03338794228434243,0.020483474992685907,0.0008559234647244024
N1701HC,0.04954982342913983,0.10470065919342456,0.417047005760017,0.37526935646596943,0.05343315515144936
N3705HD,0.010481119866747228,0.0343146234614179,0.13264087580817027,0.6675974833636606,0.154965897500004
N4589HD,0.7885948472352207,0.1381358298547589,0.06416567159149876,0.007704588531521102,0.0013990627870005634
N4339HD,0.9507397069412851,0.04535991953666648,0.0028919763260672566,0.0007406638306865143,0.00026773336529488693
N4615HD,0.020286919979517787,0.07635420825821995,0.19493930775850113,0.7002266266952502,0.008192937308510955
N4618HD,0.7394494152279774,0.24664514362191323,0.011281313964925004,0.002007366121438815,0.0006167610637457144
N4624HD,0.2679631023029992,0.7244934500796707,0.005713102425041992,0.0013335140298124505,0.0004968311624756812
N4626HD,0.8472215114519004,0.1344739642709738,0.015936827185733277,0.0019130818734245545,0.00045461521796802504
N4628HD,0.1474270299766995,0.5794729759570814,0.21688859504306224,0.04555386029590084,0.010657538727255958
N4638HD,0.046166107124428896,0.21285406449617092,0.6487431729210478,0.08233674071543196,0.009899914742920363
N4639HD,0.47537941896043306,0.41197632653011323,0.07915090246638654,0.02591650277271145,0.0075768492703557075
N4642HD,0.921777914253419,0.07254110891958312,0.004364200610325005,0.0010088729832886357,0.00030790323338409856
N4646HD,0.9752304937896937,0.020983230754008188,0.0025158728853344886,0.0010297449632927372,0.00024065760767075657
N4631HD,0.807950447336979,0.18480446902969713,0.005796612652701766,0.0010691143566191308,0.00037935662400293734
N4656HD,0.024419817276476203,0.12260953320593854,0.6861930483360894,0.14508854629214915,0.02168905488934676
N4658HD,0.9077697347482058,0.07937322337522011,0.009867318119802118,0.0025867397644814293,0.00040298399229046886
N4661HD,0.6304402692387284,0.30989012520632325,0.051114777610997204,0.007602373629367037,0.0009524543145839921
N4665HD,0.8240932913365562,0.16424636482422295,0.009928351399188424,0.001350949661466659,0.0003810427785658685
N4667HD,0.9246519327766137,0.06468319567671048,0.009386598361786536,0.0009483141955497534,0.00032995898933953547
N4669HD,0.6721301071562803,0.311698140329833,0.010808273218714526,0.004759612944471314,0.0006038663507008669
N4673HD,0.18875674814681617,0.4271624626774233,0.34739828732002354,0.03006899428488955,0.006613507570847366
N0760HD,0.21980257143103807,0.4764355112183204,0.2806487403620396,0.018801468874118474,0.004311708114483425
N4672HD,0.6859322966861267,0.2663443117169063,0.043457275517263826,0.0033744093329394344,0.0008917067467637407
N2593HD,0.8665288775857148,0.12657661330702116,0.004994474496598207,0.0015027822889719423,0.000397252321693882
N4677HD,0.3632616026565573,0.5594422480627239,0.07082051963040242,0.003983027458475702,0.0024926021918405283
N4680HD,0.39061893787344365,0.40048025554753625,0.19264929528782437,0.010149561178928325,0.006101950112267498
N4688HD,0.04102355444134879,0.3302037903458416,0.2916127498271412,0.31910944554247417,0.018050459843194398
N4689HD,0.8688387033173463,0.11369176842146383,0.014542141099773432,0.0019398612446222868,0.0009875259167943218
N4691HD,0.086273772652136,0.22846600944257756,0.5506500858927947,0.09620910131095123,0.03840103070154055
N4692HD,0.7892427414334544,0.11909008798469184,0.07169336669365797,0.016623169058631253,0.0033506348295645884
N4694HD,0.048109508120218206,0.315685416744306,0.48874877012173784,0.13771749281532908,0.009738812198408832
N4695HD,0.3316969589117011,0.598153715906502,0.05290193915017157,0.01117784632405812,0.006069539707567273
N4699HD,0.1286039969470643,0.1569579321900393,0.6411825902690285,0.057293090649552146,0.01596238994431565
N4703HD,0.37120559326447994,0.3508734741545291,0.23226393575984738,0.039369897522262054,0.006287099298881625
N4704HD,0.0025549696216216325,0.009311728505708881,0.09448330772342857,0.8929621795840198,0.0006878145652211512
N4708HD,0.9158240414919374,0.07765998820415972,0.00481863813700273,0.001209458022209492,0.0004878741446907687
N4714HD,0.8091431589946348,0.0972740626631923,0.0726856031756661,0.017472915306332045,0.003424259860174729
N4721HD,0.29907630955762626,0.49290650147863435,0.16685805153010413,0.02047143698961026,0.020687700444025042
N4722HD,0.8116167706656632,0.18081229923598552,0.006033804158366499,0.001148163146585174,0.00038896279339963394
N4724HD,0.7119306893827485,0.2623584918794556,0.021829421931255102,0.0032010415322867563,0.0006803552742540046
N4726HD,0.05021752615655982,0.9322836857872053,0.01156179863605068,0.004311438346663047,0.0016255510735211913
N4735HD,0.6712218268162053,0.30270804147985847,0.01715956371259496,0.005018045785218965,0.003892522206122219
N4063HD,0.7190895706508884,0.17100928624327721,0.08156335754885394,0.023223309787068425,0.005114475769912188
N4712HD,0.7309224782413444,0.25580064217050924,0.010122886619798313,0.0024261654169652554,0.000727827551382892
N4738HD,0.14469630210005152,0.42070593729070327,0.3557240650265699,0.0677973601392521,0.011076335443423251
N4740HD,0.15346316799257503,0.26629130544888935,0.42311117643177487,0.1531734523308299,0.0039608977959308365
N4742HD,0.04656658236025411,0.0695678048256123,0.3222517326903891,0.4030730854244955,0.1585407946992491
N4745HD,0.8632528624223793,0.1242277154754641,0.008600535499810357,0.003498011093844116,0.00042087550850198273
N4747HD,0.9301813842228487,0.06115798619477211,0.005542479048719654,0.0026796734411592992,0.0004384770925000534
N4750HD,0.8158188066568927,0.15216548596792173,0.025784945964640257,0.005639937257254511,0.0005908241532908619
N4752HD,0.026617482351460657,0.1306948288476805,0.6989575685278376,0.12618820393936928,0.01754191633365172
N4754HD,0.7416055551684794,0.25028055512730235,0.006084910326186419,0.001427383535700042,0.0006015958423318031
N4755HD,0.18931158567460493,0.4478562744762203,0.2692689629899038,0.056989852321069075,0.036573324538202064
N4756HD,0.452306126731811,0.2137499767350409,0.28478363135973483,0.042407193110685415,0.006753072062727835
N4757HD,0.8625756271451278,0.13007056928176491,0.0057814110383709386,0.0011532879669069699,0.000419104567829288
N4759HD,0.3913688759978282,0.553652340648216,0.04863757564069018,0.004559594620794299,0.0017816130924714303
N4762HD,0.6532356456936376,0.2913646432419418,0.04793004973332518,0.0063817058728324666,0.0010879554582630955
N4763HD,0.7412404502310995,0.1378931422122227,0.10888170469102468,0.00970963556383058,0.002275067301822447
N4767HD,0.7832909782286305,0.19045044703006497,0.02025708984613,0.005496059269357058,0.0005054256258176514
N4769HD,0.06447379218371109,0.3431374731250429,0.5817735281144285,0.0099032010232193,0.0007120055535982856
N4770HD,0.8725250014724899,0.11872157445476139,0.006639512629356121,0.00126348464830698,0.0008504267950857342
N4676HD,0.5388213789366625,0.301720555086237,0.11702434947579378,0.040313232249577946,0.0021204842517287986
N4614HD,0.5943829947270225,0.07378166721821235,0.28979077792923313,0.03805282068587594,0.003991739439656128
N4774HD,0.23159068449035075,0.3617586512048863,0.36989001218729395,0.031249987296675667,0.005510664820793219
N4778HD,0.07796230547193245,0.4873340457308169,0.354955619489132,0.06868576834181009,0.011062260966308569
N4780HD,0.010833221532681979,0.053598363361520615,0.21280438059086568,0.6513988932419232,0.0713651412730084
N4783HD,0.6523835122132406,0.28609662498351895,0.05086115637094269,0.006918217863494244,0.003740488568803593
N4789HD,0.9038062818058277,0.08285279596112885,0.010251965270959295,0.002507736176099608,0.0005812207859846302
N4792HD,0.4539712619559376,0.5358148441940913,0.0058097196515460615,0.003768511651378202,0.0006356625470466574
N4793HD,0.02890631291176164,0.47959814814993035,0.48388310829359416,0.005837629713048118,0.0017748009316657716
N4794HD,0.004731608144901317,0.02113670159451826,0.10623844308550533,0.867276105226409,0.0006171419486661868
N4799HD,0.8115626620886864,0.1655066579231783,0.02028214643500917,0.0013260930245075806,0.0013224405286184778
N4800HD,0.9870781046707643,0.009350053247752963,0.0031191138299510005,0.0003377594187318898,0.00011496883279985989
N4808HD,0.07737498299451424,0.9179316971272073,0.0038049380505175926,0.0006522887675587276,0.00023609306020217196
N4809HD,0.7833043656145057,0.10683935668226474,0.09815794316491437,0.009401478261521478,0.0022968562767938946
N4634HD,0.7689667252746366,0.21628355645819927,0.011141528862539963,0.002409964956709547,0.001198224447914603
N4784HD,0.9715524512432676,0.022567159159534746,0.004694323987127293,0.001008486314490463,0.00017757929557984812
N4815HD,0.8062549160715545,0.18091727978564412,0.008903428710567225,0.003230202292436593,0.0006941731397975853
N4816HD,0.8875628668575759,0.09332487803824233,0.016350615758981234,0.00222617393000014,0.0005354654152002144
N4817HD,0.23091302527143837,0.7325859431422427,0.032565187337295146,0.0023921504858288377,0.001543693763194891
N4818HD,0.8514530772186918,0.13955873902703464,0.006826746956335725,0.0016273328341905157,0.0005341039637474646
N4821HD,0.011961071561192771,0.9836048283413146,0.0033938753681232526,0.0007003038694665293,0.0003399208599027779
N4830HD,0.887754974575763,0.1055380905596313,0.005385078345057574,0.0009842259171298398,0.00033763060241830605
N4748HD,0.7532842286308602,0.2316321928012669,0.012190663129615996,0.002237852556380493,0.0006550628818764582
N4684HD,0.693139127395262,0.2951938754553382,0.009672333264240376,0.0014341241834948675,0.0005605397016644648
N0389HD,0.006126373829545307,0.9663556653348235,0.026311020883565777,0.0010008889353727924,0.00020605101669259146
N4796HD,0.5660828697194525,0.3762301862151563,0.04814693950933554,0.006990732744356531,0.002549271811699187
N4834HD,0.008861190772943357,0.028199667755543254,0.5595166326490204,0.4012575218602699,0.002164986962223013
N4835HD,0.13185649143877604,0.8611054621724366,0.005230070831246903,0.0014118509182803757,0.00039612463925996357
N4837HD,0.47867175983813476,0.5141425475094508,0.004978379899457216,0.0016430699041003383,0.0005642428488569349
N4838HD,0.06071888937964987,0.9338144357547057,0.004341339741321079,0.0008187520302567636,0.0003065830940665043
N4839HD,0.012483430081067849,0.6308149076188944,0.342574547778487,0.013354010989892539,0.0007731035316581474
N4842HD,0.8538686979596217,0.11221966613703994,0.028264042959483145,0.005098440801259088,0.000549152142595899
N4844HD,0.8951504334805354,0.09485044362255635,0.007080617310025908,0.002452161301307814,0.00046634428557457147
N4846HD,0.05079925773640569,0.22380377128312864,0.5173142993325843,0.0640667698717741,0.1440159017761072
N4847HD,0.5592294049187776,0.42733504474874573,0.010776765087266715,0.002085613162040659,0.0005731720831691843
N4849HD,0.3229708817151061,0.3719839172621021,0.20327647759899184,0.06742010041748855,0.034348623006311294
N4852HD,0.020709739749596983,0.3860522302834706,0.5843997427315099,0.007764014470421991,0.0010742727650007418
N4853HD,0.7328612869540911,0.24496475598651624,0.016419055516172596,0.005104276660920919,0.0006506248822991843
N4856HD,0.6028663391687505,0.38343485219567097,0.01121104886978474,0.0017679539321130905,0.0007198058336806399
N4858HD,0.6307725602390473,0.35280542110089136,0.013027528115251173,0.002668888138543474,0.0007256024062667122
N4860HD,0.38357984013545443,0.28561549755783294,0.29296532686473165,0.026715358389217285,0.01112397705276351
N4861HD,0.9171721695790517,0.07656637979860079,0.004887203141606978,0.0010012200451166207,0.00037302743562376
N4863HD,0.4523306403593422,0.5410560686575889,0.004591266819607745,0.001464471776512251,0.0005575523869490418
N4864HD,0.6427801028864695,0.3432032939006542,0.011166779303197896,0.0021939458287521243,0.0006558780809263474
N4866HD,0.8068327462789672,0.17467958577218518,0.01565437293653397,0.0021902461041384525,0.0006430489081750988
N4012HD,0.8146619333202751,0.16755449850473683,0.015621678012250124,0.0016416947553678362,0.0005201954073699741
N4825HD,0.33355621876381053,0.3778886710311232,0.24467791039414435,0.030347622435305015,0.013529577375616966
N4875HD,0.08702847501627957,0.7117573321780861,0.15717977840295297,0.038959393644653374,0.005075020758027772
N4878HD,0.022622843908463277,0.10498373143236626,0.4256585185570194,0.4127329644606773,0.03400194164147381
N4883HD,0.014648020162542897,0.24832015504293076,0.688660230433037,0.04758137378194832,0.0007902205795410777
N4884HD,0.5508812160158368,0.4263095600696254,0.018215930261092507,0.0036351094604256643,0.0009581841930196019
N4887HD,0.17830478196311514,0.7899817206022413,0.028878341795272794,0.0024128107181898553,0.00042234492118095883
N4891HD,0.6776725587895609,0.31003521742225776,0.009678637594832997,0.00180095627831362,0.000812629915034807
N4892HD,0.20894191198178674,0.7795592911423477,0.009889143768520882,0.001222633522889833,0.0003870195844548507
N4895HD,0.8888008929115839,0.06355616019457438,0.041319408825110635,0.005416479487435065,0.0009070585812960987
N4899HD,0.5308166215483532,0.45639646785920807,0.00935398723459558,0.002415199871671405,0.001017723486171763
N4898HD,0.654892611296956,0.21895843336155976,0.11346285556050863,0.011637589386764208,0.0010485103942113748
N4902HD,0.7561514600559373,0.21815928106636379,0.020941145294164326,0.0036288419895454524,0.0011192715939890685
N4904HD,0.09501734571183965,0.5192869841003597,0.3044163748272163,0.024136744720019306,0.05714255064056509
N4906HD,0.7721673621781637,0.20817833492444404,0.016853290602699342,0.002229949669251715,0.0005710626254412073
N4909HD,0.581833531263601,0.08448855988390007,0.2895925907134451,0.03319243706861463,0.010892881070439201
N4912HD,0.6708659358162556,0.3026202259177727,0.023254471562407605,0.002550924498296451,0.0007084422052676551
N4913HD,0.6772467771719828,0.3070897446370549,0.013207378051106992,0.0018025506004139453,0.000653549539441275
N4914HD,0.15960353939514102,0.5026005083282353,0.3314983763383032,0.005420602734875852,0.0008769732034446862
N4908HD,0.7676418836884111,0.2215541092619859,0.007732498554155984,0.002540954617507094,0.0005305538779396635
N4937HD,0.7817662138216905,0.2057925780272167,0.010074894711820619,0.001766324858167228,0.0005999885811047934
N4938HD,0.7243248409524315,0.26360137043608284,0.008877964657228878,0.002049311605320575,0.0011465123489361121
N4949HD,0.940520520871955,0.0516299673412096,0.006447433042895966,0.001104113516733006,0.0002979652272061728
N4952HD,0.8907408451153082,0.10038729774625212,0.007291816184364186,0.001165400216093418,0.00041464073798211886
N4954HD,0.7522686662855376,0.2315553293253509,0.01151328856847184,0.00379846199972342,0.0008642538209162573
N7917HB,0.8688272679131362,0.11998036130293425,0.008673882620042003,0.001957001810266691,0.0005614863536207111
N4951HD,0.7016426637158429,0.2881520206012378,0.0070907554192856746,0.0020209016848928333,0.0010936585787407322
N0385HC,0.051037626815046554,0.5333067635676231,0.3437991385159162,0.05839783634345356,0.013458634757960561
N3920HD,0.24127473479059858,0.583801601308091,0.1650519789134687,0.008432275375899736,0.0014394096119420675
N9498GW,0.8774396748343778,0.10764235759776132,0.012274000515915475,0.0021531223163803784,0.0004908447355648832
N4961HD,0.8412135358176477,0.15366683159192626,0.0038158928670502133,0.0009101509320821444,0.0003935887912936978
N4965HD,0.4865080746846339,0.41841509715992475,0.04953178253958529,0.04356655423347035,0.001978491382385564
N4967HD,0.633288016622613,0.3342259742794639,0.024589069209216365,0.007097433867971411,0.0007995060207354679
N4968HD,0.12478149784818973,0.6083415588087351,0.23243781444312922,0.025736658684419426,0.008702470215526626
N4973HD,0.8525849354907016,0.13017974648723438,0.014641749574336173,0.002033201977720174,0.0005603664700076251
N4976HD,0.00795070158503492,0.23962738515744458,0.67732628715235,0.07443347231608487,0.0006621537890856901
N4977HD,0.7698512599255145,0.2210964930405132,0.006637445150009865,0.0017589363595425095,0.0006558655244198042
N4978HD,0.7654297959909662,0.20424652750263617,0.019762051013348825,0.009568862319796088,0.0009927631732526844
N4982HD,0.5412833456028521,0.3761368687619568,0.05653076521288837,0.008192956074696434,0.01785606434760629
N4983HD,0.14357272952253142,0.6602582186576937,0.11433118480590507,0.08036625011797521,0.0014716168958945617
N4984HD,0.8057438455023299,0.18436460858600398,0.008130781445097624,0.001339039272209054,0.00042172519435946864
N4992HD,0.0252561158886243,0.34494904143859967,0.21589335066218177,0.34946264164689467,0.06443885036369963
N5000HD,0.6629645189284612,0.29132369255540563,0.027361931505776375,0.017224439643432475,0.0011254173669245832
N5006HD,0.6168216956066991,0.2893326296119331,0.08518216138307942,0.006837272174202273,0.0018262412240861712
N5007HD,0.7889583999936322,0.1982151908933118,0.009430722744302676,0.0028256470186966637,0.0005700393500566723
N5008HD,0.573049790239918,0.38542770983323094,0.03485265164939373,0.005282268649592649,0.0013875796278647017
N5011HD,0.5954287341612786,0.36574993117816734,0.027683958546577868,0.005772095753893411,0.005365280360082732
N5020HD,0.8020779461534011,0.17303632542162725,0.019727413000760544,0.003464113088935886,0.0016942023352752836
N5024HD,0.7405682962553858,0.24631980901299455,0.010612966460959748,0.0018595610209832592,0.0006393672496764733
N4826HD,0.8930932144526766,0.10226560739077406,0.003575696874427058,0.0007660266062854586,0.000299454675836796
N5032HD,0.8364244605975061,0.15199053362808976,0.0076112606903524695,0.0034102110767420127,0.0005635340073095741
N5041HD,0.8360266693145784,0.14844631299749003,0.012842911543952697,0.002057031295197976,0.0006270748487807754
N5043HD,0.9777414107810705,0.019513477104801814,0.0019065372156824413,0.0006551453863489972,0.00018342951209636784
N5044HD,0.06517374947873453,0.11628018677698286,0.5290033652634077,0.24915787192878747,0.040384826552087354
N5045HD,0.7907745142961085,0.19907964190884106,0.007994999265911667,0.0017522637914241539,0.00039858073771453545
N5004HD,0.9079911316687871,0.08248398959741944,0.006619405728044712,0.002346376011239759,0.0005590969945088732
N5055HD,0.5036809633874589,0.35707288777786733,0.12403878059532368,0.014275764730386071,0.0009316035089639053
N5056HD,0.15363681570854845,0.34038130544944706,0.1754161690942114,0.2931929566716326,0.03737275307616053
N5057HD,0.7406943287794917,0.24813458617998493,0.00973909051241569,0.0009995712735803208,0.00043242325452716234
N5059HD,0.8044512110050311,0.07872796952214348,0.10511503928999821,0.01002513024905062,0.001680649933776513
N5061HD,0.4269929624636939,0.4964361449697755,0.07016720651130616,0.00546938422262931,0.0009343018325951066
N5018HD,0.8828668628571353,0.10693245432379313,0.008359876085345727,0.0013901869093580076,0.0004506198243678035
N4896HD,0.3065630088589645,0.6541271591746215,0.03220924922842767,0.006389598847878691,0.0007109838901075858
N5064HD,0.8181234550498355,0.1413802827726565,0.036672602871762425,0.003200567794690748,0.0006230915110550047
N5065HD,0.3781071378999052,0.5422523012730174,0.07391237325501353,0.004358230093861245,0.0013699574782025555
N5067HD,0.21050011876522584,0.5315301483176611,0.14586389460943633,0.10499515720496887,0.007110681102707951
N5070HD,0.015960331334796112,0.30419486460112394,0.6676318338068066,0.011029930348091225,0.0011830399091822994
N5071HD,0.7032826813822073,0.28514639488767396,0.008554534228403316,0.0021342948021562617,0.000882094699559206
N5072HD,0.7092734870319165,0.27870927062702255,0.00946608954598327,0.0018887182927310377,0.0006624345023466069
N5074HD,0.6052681167927184,0.3319076300498269,0.05786221316715997,0.00387169242843406,0.0010903475618605572
N5075HD,0.9832786493447435,0.013976284663605058,0.002067784508115737,0.0005129893375116834,0.00016429214602405823
N4923HD,0.7954245537915986,0.1879934120813191,0.01059031539239782,0.005192588014355656,0.0007991307203288552
N5076HD,0.817920266287926,0.17669065452336452,0.003914645933577255,0.0011395885325652321,0.00033484472256695017
N5079HD,0.06672636563276249,0.3788836568821277,0.3761243367499802,0.17217904296490713,0.006086597770222468
N5080HD,0.3543244555550086,0.21227750762072034,0.31409450923827503,0.11121175678297816,0.008091770803017952
N5082HD,0.6239628856289946,0.35026386207475796,0.01792741380296918,0.007328537017639321,0.0005173014756390924
N5083HD,0.6344179841965327,0.32434077548935214,0.03443662149648165,0.005930713944387225,0.0008739048732462296
N5085HD,0.5494762894948494,0.39721356827084864,0.047024601917120434,0.00497529030523711,0.001310250011944409
N5051HD,0.3768202449018652,0.6181460892289794,0.004171462708668117,0.0006361907544304008,0.00022601240605678747
N5039HD,0.05683172566325893,0.3297917381349436,0.3079227117591568,0.25389691509824325,0.051556909344397495
N5088HD,0.9769705861316802,0.01931497616385626,0.0031707025430658046,0.0003933582095435957,0.00015037695185407532
N5091HD,0.13449322468745956,0.8591467605379429,0.004473656840201123,0.0014234848691070223,0.000462873065289281
N5093HD,0.037531897506277945,0.14567373722040994,0.2840093564998064,0.4726919894673158,0.06009301930618999
N5100HD,0.021901169456127686,0.13979598311826705,0.15400921102746756,0.6590327366765529,0.02526089972158478
N5103HD,0.06616638011340267,0.22587098179047602,0.2590255518024045,0.24318161925182918,0.20575546704188766
N5104HD,0.9880127781549953,0.0091464206743717,0.002443938579268606,0.00029608787416725936,0.00010077471719701695
N5105HD,0.8698239682420571,0.11031665078209077,0.013614151113103544,0.005859829350418782,0.000385400512329692
N5106HD,0.7530761196850428,0.23406352460853536,0.00839364944181698,0.004032679396691619,0.00043402686791319195
N5109HD,0.7400551231686018,0.24754774725024103,0.010136831672347656,0.0017028980932632973,0.0005573998155461669
N5112HD,0.4284059180644987,0.4920995520512658,0.05449669852289444,0.022214458672490188,0.0027833726888507357
N5115HD,0.8653160787146226,0.12607242236823463,0.005820232043750012,0.0018503310409752431,0.0009409358324176048
N5120HD,0.027207529653601556,0.12470275407826703,0.6124901219563211,0.22841694652856082,0.0071826477832496035
N5121HD,0.48893909441808103,0.4770457095742971,0.023608986667354417,0.009329415959829737,0.0010767933804376752
N5122HD,0.4188464662777627,0.4557125912124593,0.1056056290999404,0.016817969967185195,0.003017343442652411
N8305HB,0.6505326735079097,0.33572347551075765,0.011327145198154124,0.001342636901488224,0.001074068881690157
N5126HD,0.07253204411677959,0.5620513359647313,0.16328199192866272,0.18375381185652798,0.01838081613329855
N5128HD,0.8665810751605543,0.12530368009508397,0.006368274022179817,0.0013313574676381802,0.0004156132545437589
N5133HD,0.02488706844188318,0.15751832804893348,0.6439504079025695,0.16945006992394124,0.004194125682672632
N5135HD,0.8023928827831596,0.18841692736158483,0.007376045230667704,0.0013860915048427307,0.0004280531197449522
N5143HD,0.7439265561560996,0.2426305805650873,0.011747283237481554,0.001219219914330917,0.00047636012700082603
N5144HD,0.49649369417168254,0.40436891404365727,0.0927724535280535,0.005359740831122074,0.0010051974254845367
N5149HD,0.16788610632136283,0.5095001420064763,0.2439048861087065,0.05855565911435894,0.020153206449095303
N5152HD,0.410534490231081,0.5628184718118406,0.019117243427549297,0.005343648492824461,0.0021861460367046314
N4394HD,0.23859869977874149,0.5857078334417979,0.11860224920323867,0.04200668202339199,0.015084535552829997
N5029HD,0.27224126626633044,0.4784053387563608,0.1803169378971577,0.038292291107000206,0.03074416597315083
N4368HD,0.9500194653524974,0.045670327206786446,0.0033012404338429876,0.0007550734748154171,0.0002538935320578646
N5013HD,0.28298796026012923,0.35905732388760075,0.2792204505156395,0.0668025666507535,0.01193169868587693
N5153HD,0.45436264644043933,0.4519478488541092,0.07320713567993951,0.017037871176758076,0.003444497848753667
N5157HD,0.8929634730261056,0.0918670423714083,0.01291948221643054,0.001838889774035811,0.00041111261201990653
N5170HD,0.4486204133104405,0.4729948215042292,0.07023618350440448,0.0056943852151850665,0.002454196465740829
N5172HD,0.8158540688061195,0.1643454813301462,0.017200012702509194,0.0020328625653345637,0.000567574595890492
N5173HD,0.8035135658473772,0.15068279886292504,0.03814971267844505,0.006727430119483345,0.0009264924917694728
N5147HD,0.5760857728735964,0.32319200863851194,0.07825423547367902,0.016608016416374514,0.005859966597838145
N5178HD,0.723018161244045,0.20836286917908672,0.05354291109339519,0.013020195156572654,0.002055863326900281
N5180HD,0.6995564599901648,0.18060577564043626,0.08943780875458739,0.02714882635195269,0.0032511292628587905
N5181HD,0.35978551211420645,0.5227925640306096,0.09897017498396647,0.01744801564871983,0.001003733222497627
N5182HD,0.9396605978955964,0.04706180617048845,0.012013274300267721,0.0010029662931529202,0.0002613553404945183
N5183HD,0.02211829148726014,0.9713902624042592,0.0057381631165532975,0.0005555942945728452,0.0001976886973546695
N5185HD,0.48105482451715004,0.40838468871963457,0.06825492040634706,0.04121225987339419,0.0010933064834741085
N5187HD,0.11860254861007857,0.4492202605737453,0.2996160426455645,0.11900966555580153,0.013551482614810043
N5188HD,0.1585880450963576,0.3820863268370064,0.3261477300245903,0.12672426956697866,0.006453628475066993
N5190HD,0.00944150327746557,0.036555285038461276,0.04280686051189499,0.9080933912287782,0.0031029599434001212
N5192HD,0.41026209242510664,0.5833167552251458,0.004677146934442188,0.001243535147422189,0.0005004702678831181
N5193HD,0.895963110892667,0.08529698350875735,0.012753728084062681,0.005331546643027064,0.0006546308714856441
N5197HD,0.8760256066728906,0.1181581789898551,0.004157388473345145,0.0013416946217019844,0.00031713124220707114
N5198HD,0.17243260225386783,0.458666574840863,0.21033839513625946,0.15594648821825732,0.002615939550752397
N5199HD,0.6262131783691034,0.2778693169331725,0.07710413713730387,0.01745768335793476,0.0013556842024854802
N5200HD,0.7260825983629211,0.25825216689149005,0.012529009754992585,0.002599370872250881,0.0005368541183451697
N5203HD,0.05061712215818771,0.29780522596323966,0.42838644869481624,0.21126190852865498,0.01192929465510134
N5209HD,0.028293933795079516,0.10123251359481096,0.07068138855544427,0.7964460134589461,0.003346150595719067
N5212HD,0.8808098067813019,0.10894515390107973,0.008548252942631273,0.0012321763972676686,0.0004646099777194
N5215HD,0.7712456516819314,0.20231415177573042,0.018826798140419224,0.0041596064069853445,0.0034537919949335872
N3574HD,0.7968891418451629,0.19305411880747134,0.007329846676621708,0.0022275922336425203,0.000499300437101467
N4760HD,0.03014648338841207,0.17061365391882932,0.6050713985576722,0.1776599955323892,0.016508468602697158
N5225HD,0.7140993717718621,0.27754930904031305,0.00671928383073537,0.0011733377149653157,0.00045869764212408415
N5226HD,0.614796373403536,0.34631753274654975,0.029074308964268988,0.008630874143691158,0.0011809107419541648
N5227HD,0.7479812951825804,0.22448532181036857,0.022138914384394536,0.0047123194928801,0.0006821491297763105
N5233HD,0.02120309120197097,0.07442541514412976,0.29545102866631323,0.5005225752506264,0.10839788973695964
N5238HD,0.9177699211335077,0.07231962924733498,0.006848794340629193,0.0026331771041362595,0.00042847817439184936
N5241HD,0.7431873738382854,0.22036238024469543,0.027088529300788634,0.00743425508067671,0.0019274615355538338
N5243HD,0.02178345568325979,0.2591601937793764,0.29602726570324134,0.4192774635132438,0.0037516213208787495
N5246HD,0.7993706940308426,0.16040511969703455,0.03616802086057435,0.003289893102657339,0.0007662723088912128
N5247HD,0.015414111828605725,0.042238576743868404,0.6451101214134655,0.29162189617171574,0.005615293842344695
N5248HD,0.5866236733858544,0.1434761590537912,0.24825181435369278,0.0200385971098277,0.0016097560968339106
N5253HD,0.7477283462019527,0.20499820430388255,0.03595974990582714,0.008982273956494652,0.002331425631843039
N5257HD,0.04675591941174096,0.2891774004885923,0.4596926029667572,0.18997568074779592,0.014398396385113697
N5259HD,0.05395234815005072,0.22949001075901868,0.3231660206864391,0.15740737933119742,0.23598424107329405
N5262HD,0.16029497889492855,0.23092310813239178,0.603967302522035,0.004038879801293907,0.0007757306493507459
N5266HD,0.4947683972146427,0.4810278566762369,0.019649443579411043,0.0035311311791712003,0.0010231713505379797
N5270HD,0.6148280536048677,0.36338680094542,0.0187274087662734,0.0024134604512460055,0.000644276232192877
N5271HD,0.5234624500155357,0.4279991830947229,0.0397737999776586,0.008106469519712316,0.0006580973923705072
N5273HD,0.7748277695808446,0.1724054185259978,0.03537244009203269,0.016536870645253197,0.0008575011558716891
N5274HD,0.9132378794505733,0.07820567314827852,0.005387615151073694,0.002793580909241763,0.0003752513408326485
N5211HD,0.44180752896641845,0.3826042583789784,0.12941587840920063,0.04425669686610562,0.0019156373792968136
N4843HD,0.8273635790955952,0.11367541092250842,0.04455693994050613,0.010959196724571196,0.0034448733168190304
N5287HD,0.5965855688703098,0.3654414320520153,0.03343468998633729,0.003407327390845215,0.0011309817004923415
N5286HD,0.09358523740717671,0.23663830126347996,0.5774964506047785,0.060672117980902836,0.03160789274366195
N5292HD,0.0502115700847766,0.30372228349147284,0.43274502175193175,0.19553999395719573,0.017781130714623117
N5294HD,0.8302760172966419,0.15532343169989546,0.009495282471885622,0.0020264431682508813,0.0028788253633259832
N5296HD,0.17164548548582478,0.5337729851464892,0.25232559450020475,0.04033730742121822,0.0019186274462631757
N5298HD,0.7354786058325086,0.2453504497153138,0.015234806469376043,0.00315763098434296,0.0007785069984585832
N5303HD,0.6979533187429353,0.12687769231143808,0.15531639523219817,0.018816773853323462,0.0010358198601050348
N5305HD,0.4527123359350833,0.2878794289863076,0.23759790723564805,0.01865304504264142,0.0031572828003194704
N5306HD,0.8447331891092412,0.14223552261782155,0.010478674794381292,0.0021173914863641327,0.0004352219921917057
N5307HD,0.09211351340686975,0.35111883092879936,0.37516641587153965,0.1485403848073182,0.03306085498547307
N5311HD,0.8089353335751241,0.1311293084777501,0.04907407396907769,0.008451733326073563,0.0024095506519744843
N5314HD,0.7526289152896071,0.218480412630314,0.023708599923307247,0.004498995913428024,0.0006830762433435319
N5073HD,0.06086316297362928,0.2145216441043749,0.4561193083079047,0.23748022642051922,0.03101565819357173
N5277HD,0.043528800301962246,0.34121005582184766,0.4105455595505207,0.15334647624718914,0.05136910807848036
N4885HD,0.9808239657115053,0.01236174066622028,0.006058009593701954,0.0004437970743961723,0.00031248695417618533
N5318HD,0.037920972104376914,0.5065685274365189,0.4083746457960639,0.040514270013573245,0.006621584649467102
N5321HD,0.9025527963916952,0.0850700771468991,0.009310207351734974,0.0020300022613208082,0.0010369168483498324
N5323HD,0.9414459976678742,0.05459309352705973,0.002941345618790317,0.0007489186534710467,0.0002706445328045293
N5324HD,0.7903161337341382,0.17926397621409618,0.02046056771998821,0.008687844345996497,0.0012714779857807821
N5326HD,0.7554084020809366,0.2157204746702038,0.00909897203643997,0.01922065249348779,0.0005514987189319132
N5327HD,0.6886481339291151,0.2661293649327121,0.032450773397365185,0.010686514775834093,0.002085212964973577
N5329HD,0.32644151860591075,0.20679994253082923,0.4137895549529541,0.049750253110770415,0.003218730799535597
N5331HD,0.8628457623556925,0.12343952647532963,0.011458720884238082,0.0016876468246963057,0.0005683434600434604
N5332HD,0.7164344649736359,0.2697254915194553,0.009599967230030563,0.003781851829635795,0.0004582244472424973
N5333HD,0.7659891445776413,0.2265100276570918,0.005912839487118552,0.0011569427761555242,0.00043104550199298116
N5334HD,0.00997468374906516,0.9865394634266731,0.0026799468744494242,0.0004730088399953858,0.0003328971098167256
N5338HD,0.024708736570055914,0.10153067675614504,0.23061191224760477,0.5092603154243694,0.13388835900182477
N5339HD,0.04228426387272004,0.12739878397689872,0.7527646035740072,0.04234757966116824,0.03520476891520576
N3820HD,0.03450103241029225,0.140313188170314,0.3636926486626338,0.3750366145383245,0.08645651621843545
N5342HD,0.7555601418076391,0.22253478330270612,0.019348837857480913,0.0019568787313753062,0.0005993583007984295
N5345HD,0.7895882490382803,0.13996669518375468,0.05658340242153685,0.012915536840987016,0.0009461165154411506
N5346HD,0.8305397591580664,0.15840587236422396,0.0066048843395481015,0.003983044801132302,0.00046643933702921023
N5348HD,0.038616885351989004,0.1809096545759031,0.1258751107234279,0.6168216302106753,0.03777671913800476
N5351HD,0.5930648878270128,0.38292325507051916,0.01286072177807484,0.010548303516931925,0.0006028318074611498
N5354HD,0.0034203230143054625,0.015048834691880649,0.06466954128790937,0.9161230148133671,0.0007382861925374715
N5355HD,0.577216924805426,0.32739848405723654,0.08773769601375357,0.005895556846901807,0.0017513382766821705
N5362HD,0.878440381237318,0.11327782206845444,0.006554749268171917,0.001260323240993651,0.0004667241850619976
N5364HD,0.7434108317456106,0.24083225030367278,0.012277849029373802,0.002974899975749462,0.0005041689455933504
N1264HD,0.006631006926219133,0.954505742148425,0.037528998999881456,0.0011298379821195323,0.00020441394335497473
N4985HD,0.2537578344789612,0.6267384759545761,0.09290708035618231,0.018447817822298703,0.008148791387981651
N5368HD,0.03840625487971531,0.12397126271883167,0.35043241483221577,0.3171738466832908,0.17001622088594648
N5371HD,0.82438181481179,0.1622584392359176,0.0063235793050814264,0.0064483010057033285,0.0005878656415077803
N5372HD,0.8138352646948382,0.16543764703387928,0.011848225658171485,0.00841106059335974,0.0004678020197512699
N5373HD,0.5143989026049778,0.4767986889794322,0.00620117548229976,0.001886555009666827,0.0007146779236235569
N5374HD,0.8485737929191998,0.1438568453419612,0.005746353881378305,0.0013402447616357718,0.0004827630958252593
N5377HD,0.8371999152626665,0.15176886348401622,0.008491435814126761,0.0020150568773181807,0.0005247285618721842
N5379HD,0.8316272271479722,0.1564458191450027,0.009411573884735938,0.001993169853487839,0.0005222099688014181
N5381HD,0.05029807532339932,0.37269427070851185,0.366060815425992,0.18263662649934867,0.028310212042748077
N5383HD,0.1812107160768868,0.3790151399095106,0.32735262573895524,0.10669508143282457,0.005726436841822883
N5385HD,0.8412689888622349,0.1463964379876529,0.00984773718795652,0.0018685544823884407,0.0006182814797671181
N5387HD,0.015138324875546212,0.22417936377475894,0.30866603181043095,0.37076285268786935,0.08125342685139442
N5388HD,0.10090516351999822,0.38001493360869215,0.2514267333219903,0.2574781415888022,0.010175027960517226
N5389HD,0.0335936302905648,0.2877120609357261,0.6418346721824597,0.03459277268769413,0.0022668639035553413
N5391HD,0.7310074353144578,0.23523085910345323,0.027616026943478506,0.005255548682883712,0.0008901299557268745
N5393HD,0.7826319713222668,0.20586031674888466,0.009175397356062868,0.0017559376532093765,0.0005763769195761836
N5395HD,0.7101344437026413,0.25876519575455,0.024725638163319547,0.005164551863380371,0.001210170516108648
N5397HD,0.8684605174878022,0.11050966254374843,0.017574486953066192,0.0028974612312425386,0.000557871784140648
N5398HD,0.8102778518446021,0.1713095900592665,0.014739213601208072,0.0029060191002157573,0.0007673253947075217
N5386HD,0.08681510132419751,0.19990138137723146,0.7110321706613976,0.0018952514847747509,0.00035609515239877406
N2483HD,0.4921941069588699,0.4702529356777768,0.029644054032298785,0.006424843965157886,0.0014840593658967877
N5402HD,0.8844154592058724,0.10434823798784555,0.008624515187521017,0.0022400007059094843,0.0003717869128514783
N5404HD,0.5568097953580945,0.3818875371815258,0.05446309940156587,0.005541196745179709,0.0012983713136341004
N5405HD,0.7883880209485129,0.1957099508100378,0.009032703294955532,0.00632878407923228,0.0005405408672614454
N5407HD,0.40131702657193435,0.5261030036424154,0.0503760051903552,0.02108921071833615,0.0011147538769589083
N5414HD,0.28864856686722073,0.7014499305658946,0.006037348161037279,0.0032792779504278472,0.0005848764554196462
N5415HD,0.833508249422781,0.1610173760053708,0.0035833193036543995,0.0014820140221454686,0.0004090412460484137
N5416HD,0.5811890951380243,0.4057693041147616,0.00954262183058957,0.0025815374684129673,0.0009174414482115356
N5421HD,0.814183515548026,0.1733856821299721,0.00943466679730943,0.002341078495024684,0.0006550570296678384
N5430HD,0.7165205304976486,0.27295850532067645,0.006660092421173127,0.0034303369777684283,0.0004305347827334325
N5431HD,0.03310325140274012,0.1722306113985644,0.7772154597864509,0.016416604964516992,0.001034072447727529
N5432HD,0.7364923677695845,0.2224991497517828,0.03755577655236069,0.0028055303684642752,0.0006471755578077394
N5437HD,0.8427252662664135,0.14341800033933075,0.011083114370488284,0.0023087675964581895,0.0004648514273092274
N4225HD,0.3762831923093252,0.34535518773940466,0.2619206736509533,0.013309976931239094,0.003130969369077637
N5123HD,0.1841733441610107,0.6308503953697614,0.15748356310965278,0.024946745267750068,0.0025459520918250734
N9187HC,0.07172347377582196,0.18942701400627524,0.4173400876676239,0.29758384237550045,0.02392558217477841
N5439HD,0.08207893855926184,0.39872554736216553,0.3612891517828793,0.12296460617505134,0.03494175612064194
