ncode,proba_0,proba_1,proba_2,proba_3,proba_4
N4541HD,0.7611166622801998,0.1540399805208169,0.07769473136881408,0.005792316639741512,0.0013563091904275524
N4397HD,0.024073818748514254,0.07266500302846235,0.17254020298819453,0.7236862544290531,0.007034720805775722
N4544HD,0.8150886497681228,0.1703160335470331,0.010650431870329932,0.0028746489205227744,0.0010702358939912568
N4545HD,0.11729546021331387,0.4190238189071374,0.26354009897013786,0.14528705486063623,0.054853567048774705
N4546HD,0.6900652039977908,0.2923053497785599,0.012092289649284022,0.0042670347126357805,0.001270121861729543
N4550HD,0.8302674783294903,0.15404954533477394,0.013136525042809466,0.0018146419590917974,0.0007318093338344653
N4551HD,0.5964585256734067,0.38554805977386164,0.01362266383925132,0.00338130221647749,0.0009894484970028824
N4554HD,0.10635817417343088,0.10684710781159948,0.7788614988973039,0.005532847267993471,0.002400371849672313
N4555HD,0.7038127791718024,0.25133127414000367,0.031568269188656795,0.012085762155556097,0.0012019153439811604
N4556HD,0.5779868012359881,0.26908967010909757,0.09679137477039179,0.05331207566171352,0.002820078222808934
N4563HD,0.17747297964056769,0.6877478046462968,0.1256624105522768,0.007541435218298847,0.001575369942559812
N4567HD,0.8671055975694193,0.11156925060155092,0.016021977359550146,0.00431882438201885,0.000984350087460851
N4561HD,0.8398074946614764,0.1529446908558348,0.004626625077821382,0.0020041238249751243,0.0006170655798922506
N4571HD,0.18502298434826955,0.5104385292854234,0.21898911329256573,0.07335536014817425,0.01219401292556707
N4574HD,0.9836104782519209,0.013776176271622795,0.001873271476146708,0.0005305186625854794,0.00020955533772419783
N4575HD,0.511643280378315,0.4561380896618442,0.020271737333769805,0.00758199489380036,0.004364897732270583
N4579HD,0.23964321998868848,0.4563957550967061,0.17106607993070383,0.12196743594301468,0.01092750904088679
N4581HD,0.7857168017206141,0.19062610348572423,0.018220737219769332,0.004123226702079515,0.0013131308718128051
N4584HD,0.7865852832032751,0.2027952220988742,0.007437551413888513,0.002319253450243347,0.0008626898337188648
N4578HD,0.7927085072368594,0.18899825792057998,0.01545339030115719,0.002108451159614627,0.0007313933817889761
N4590HD,0.13576640370327359,0.8558826883981487,0.006243480765481647,0.0016435087040586702,0.00046391842903741097
N4593HD,0.025526105843117937,0.12858983185169515,0.12587603019316895,0.7179626952997732,0.0020453368122447016
N4151HD,0.17168574473191922,0.2600729739851043,0.4072326264859648,0.1553099009490502,0.005698753847961495
N4594HD,0.831785965818785,0.1570166712244313,0.008527922582496001,0.0019150640857274845,0.000754376288560325
N4600HD,0.5492122996811746,0.2909550659387129,0.15499809323708785,0.0036358756975560756,0.0011986654454686477
N4605HD,0.11291736244422843,0.15604756607628034,0.6220418102172768,0.1008354762588113,0.00815778500340309
N4612HD,0.6002016850798971,0.3247567692521041,0.05932318284453278,0.014374290345157914,0.001344072478308041
N1701HC,0.06410570782586862,0.11954524262202362,0.5313261835204536,0.252160491336942,0.032862374694712336
N3705HD,0.013999157443102657,0.035770072352524426,0.1812099372058476,0.6414627120649423,0.1275581209335829
N4589HD,0.8131167601849766,0.11922142748542862,0.05799702737091994,0.00846610422482648,0.0011986807338483427
N4339HD,0.932894310850764,0.062360505127226774,0.003321633557625217,0.0010177265741275793,0.0004058238902563823
N4615HD,0.03661431898811334,0.12656898744030043,0.18609266861146084,0.6266415322464179,0.024082492713707434
N4618HD,0.8701413999867492,0.11715081275000394,0.00913723027593997,0.0027657906518103316,0.0008047663354966239
N4624HD,0.4118391770720095,0.5776686847407247,0.0069746838191835974,0.002523431726882692,0.0009940226411994987
N4626HD,0.8418677668990875,0.1380097933143894,0.01577928295201181,0.003602511176957771,0.000740645657553521
N4628HD,0.11528597748802148,0.49175966798382936,0.3158330350680505,0.06228784509748467,0.014833474362613869
N4638HD,0.06006473781848429,0.30044400324049336,0.40444929674048385,0.22104312957829653,0.013998832622241842
N4639HD,0.4627401691763312,0.4118486067313006,0.08883937844322876,0.029593496279094956,0.006978349370044352
N4642HD,0.9043055103514349,0.08781010318408791,0.005444099136454903,0.0018473884942116446,0.0005928988338106115
N4646HD,0.9611131320426836,0.032410150718362125,0.004417675699131206,0.001518299268949961,0.0005407422708729871
N4631HD,0.7792892557608772,0.2105723111661467,0.0075298148509424,0.0018789196588493537,0.0007296985631841046
N4656HD,0.047682010093518995,0.1611418789055308,0.38945785694753104,0.3182834132811173,0.0834348407723017
N4658HD,0.8596039370946461,0.1088706276017008,0.02220629640628667,0.008368452284061493,0.0009506866133046505
N4661HD,0.7271265422335432,0.2283500680793763,0.034736842479663216,0.008338817620819897,0.0014477295865974518
N4665HD,0.8293043558541494,0.15338799401289135,0.01397750651410458,0.002485608728592037,0.000844534890262449
N4667HD,0.90162115965376,0.08244476828008046,0.012536050667964517,0.0026727416590103825,0.0007252797391845795
N4669HD,0.405117501362261,0.5655737267081284,0.01993838558546683,0.008120228880349564,0.001250157463794155
N4673HD,0.2345496303899937,0.37349756905411224,0.3220514152720435,0.06378326649786148,0.0061181187859889
N0760HD,0.17085890357617944,0.5520501026903695,0.24966362428172867,0.01811011949629538,0.009317249955427043
N4672HD,0.6887909672499007,0.247378140637295,0.055113411431237505,0.007145271439227201,0.0015722092423394673
N2593HD,0.8023771890777271,0.18741146634938002,0.006790170042609886,0.0026194259933511902,0.0008017485369316936
N4677HD,0.6417484954969688,0.2745470352400711,0.0727531964510768,0.007385526313797998,0.003565746498085316
N4680HD,0.4295657781907229,0.44834620557586446,0.10190564804169629,0.010701351402548393,0.009481016789167858
N4688HD,0.06822225299786382,0.2596190216438385,0.3025227055966123,0.35307715102926224,0.01655886873242328
N4689HD,0.8643342698863654,0.1134092709912606,0.0168464977693211,0.0038108329262969472,0.001599128426755716
N4691HD,0.11413589049963654,0.2725037150329979,0.4984561774043352,0.08337391124912398,0.03153030581390652
N4692HD,0.7879817195210483,0.09835348838951888,0.08697201323763326,0.016721413662017234,0.00997136518978239
N4694HD,0.09341891689324809,0.32327987030087485,0.47678630169205455,0.0897412182158988,0.016773692897923735
N4695HD,0.34608111149982057,0.5974870569199342,0.039135503593644705,0.009868203627347858,0.00742812435925278
N4699HD,0.24933198573547605,0.11946937502281206,0.5400573901530663,0.07396765059554306,0.01717359849310266
N4703HD,0.5726232544053694,0.2720485754251682,0.11673464992006954,0.027925306509153213,0.010668213740239511
N4704HD,0.0022941137734295534,0.009772347670032697,0.0767185666617213,0.910618573770524,0.0005963981242924784
N4708HD,0.9314490499970295,0.0608040467202076,0.005096339520770901,0.0017350673845293947,0.0009154963774623596
N4714HD,0.7687325604994195,0.09320882677084028,0.1115250953304529,0.02102528870974838,0.0055082286895389455
N4721HD,0.20732762233280236,0.4824216023056623,0.2310849085407925,0.051406236113895,0.027759630706847706
N4722HD,0.8066580327828365,0.177480434209104,0.012421414814460435,0.0025547727443023683,0.0008853454492967684
N4724HD,0.5857761297441623,0.3843889639411884,0.023882745449890854,0.004716069658333733,0.0012360912064246629
N4726HD,0.04881129781759748,0.9285201283787486,0.016179993829468865,0.004278098969329925,0.002210481004855134
N4735HD,0.5660475905513649,0.39842270016055276,0.022680070146041245,0.008509756251050375,0.0043398828909908035
N4063HD,0.7302247024477078,0.14984669299714834,0.08164388072231527,0.03170179860011017,0.006582925232718416
N4712HD,0.7162612969933307,0.26158849440216375,0.017257720707450575,0.0038203862974231935,0.0010721015996316963
N4738HD,0.16569755032159178,0.4175861233584609,0.3496584145391424,0.06127147078649444,0.005786440994310357
N4740HD,0.13462990753685633,0.27405197589755037,0.4312016048147094,0.15512328184516952,0.0049932299057142545
N4742HD,0.10522163987465223,0.15156779892912578,0.36370444076872255,0.32222685542991075,0.05727926499758873
N4745HD,0.7446146567983805,0.23477567394645354,0.01406459215245851,0.00570913813780204,0.0008359389649054958
N4747HD,0.9027914787943043,0.08088783430007034,0.010017324276722113,0.005565067576981001,0.0007382950519224051
N4750HD,0.8161292889055284,0.14993730541508912,0.02656530274862281,0.0062884395643305595,0.0010796633664293181
N4752HD,0.018527076659117233,0.05914844036938522,0.8245963757324352,0.0933825384951619,0.004345568743900288
N4754HD,0.7779758320125414,0.21194518166123502,0.00705595855971764,0.00210205813685116,0.000920969629654823
N4755HD,0.2656239089604762,0.3352658492323222,0.3065564172089036,0.05443252262555901,0.03812130197273908
N4756HD,0.3771431795538165,0.26958713953584673,0.3153601552490549,0.03188573785590736,0.006023787805374423
N4757HD,0.8883419609390807,0.10203759415803725,0.007254314266681558,0.0016708461479397257,0.0006952844882607957
N4759HD,0.38481800413439043,0.5041815131665692,0.10082084724990206,0.007578037828374188,0.0026015976207639556
N4762HD,0.5674920998117725,0.39396827345155927,0.03182198303555777,0.005491883586934165,0.0012257601141763426
N4763HD,0.7730020806640094,0.12049921764761087,0.08928892192464359,0.014669127169350926,0.002540652594384978
N4767HD,0.7777206365196215,0.1882441046029919,0.027838315253610253,0.005342608996576321,0.0008543346271998254
N4769HD,0.03610350926352472,0.43024534548625215,0.5205162139094837,0.01120225386330501,0.0019326774774343987
N4770HD,0.8593297429760666,0.12565842520232437,0.010819789930145936,0.0029667383915227235,0.0012253034999405571
N4676HD,0.6167718099326978,0.2744881219272932,0.08314933172303304,0.022753385309787173,0.0028373511071887654
N4614HD,0.5918801442748416,0.07376382929595388,0.30112051811205587,0.026677807983173332,0.006557700333975203
N4774HD,0.2122274750081904,0.4280860199744019,0.32779424840302834,0.026364824131212085,0.005527432483167232
N4778HD,0.09956384173478468,0.33617456315609484,0.4805598970186755,0.07144134333223279,0.012260354758212131
N4780HD,0.025821523896206174,0.08480307076852693,0.23651590836288863,0.45145596201622046,0.20140353495615781
N4783HD,0.730422629654349,0.19513398036428836,0.0602257684464792,0.009824304939229192,0.004393316595654143
N4789HD,0.9063855521604287,0.07830744392882062,0.010741026820272632,0.0038317043264636005,0.0007342727640144339
N4792HD,0.5463005474848748,0.4437155885349384,0.006234520828017344,0.0027983904868116006,0.0009509526653579555
N4793HD,0.04056600920137812,0.5365646297133493,0.412460547018011,0.007313998261820115,0.003094815805441476
N4794HD,0.0061905760867319035,0.045113806442226304,0.13543200272006792,0.8124751348669722,0.0007884798840016083
N4799HD,0.8880706419835108,0.09025088855134568,0.01913161873129353,0.001640322658262209,0.0009065280755875052
N4800HD,0.9823014787581785,0.013543041243498791,0.0029603502077547605,0.0009592447392106801,0.0002358850513573235
N4808HD,0.06567374765781496,0.9299131290541414,0.003161514794570409,0.0008979074784097744,0.0003537010150634274
N4809HD,0.8147609981032895,0.07590887690367286,0.09548689535634322,0.01104059893625373,0.002802630700440776
N4634HD,0.8131197861178642,0.16761048205856272,0.013195363328846818,0.004491841977075597,0.0015825265176508832
N4784HD,0.9589570749132676,0.03158553219450242,0.007656277399118513,0.0014571229693010812,0.00034399252381060215
N4815HD,0.8456427128637517,0.13814916937268618,0.011730021910885319,0.0033038100566470177,0.001174285796029779
N4816HD,0.8245086838657623,0.15517286145128845,0.01621695171306868,0.0032342661181137345,0.0008672368517669512
N4817HD,0.2823624957915216,0.6321428158145329,0.07391003781014881,0.008174732563058746,0.0034099180207378507
N4818HD,0.8553852298220198,0.1311520931737871,0.009935164267932796,0.0026241688213354424,0.0009033439149249056
N4821HD,0.011497389112835352,0.9814943772265388,0.005832078486996438,0.0008993859061979479,0.0002767692674314327
N4830HD,0.855959835802859,0.13583357652618322,0.006022113483636704,0.0015961071755386596,0.0005883670117824678
N4748HD,0.7744578245572962,0.2096258480708944,0.011522375535233541,0.003356514638320473,0.0010374371982552599
N4684HD,0.6581988168168209,0.32503688701567846,0.013498640783647483,0.0023271583084804627,0.0009384970753728048
N0389HD,0.009426551221172896,0.9632441895982246,0.02513372251900439,0.001703482821120646,0.000492053840477522
N4796HD,0.6384730110418585,0.23951275487548146,0.10055328767201456,0.018806931041097198,0.0026540153695480263
N4834HD,0.007449183938721281,0.03277170496444606,0.4483181082199199,0.5100972190934691,0.0013637837834435905
N4835HD,0.14686642273398917,0.8449024342447155,0.005335497486503062,0.0022347665965691387,0.0006608789382232851
N4837HD,0.4794293515332398,0.5105999249976777,0.006684515260454372,0.0024256866712821716,0.0008605215373459795
N4838HD,0.0731502738947619,0.9208186857585746,0.004260925839670109,0.001268975708815609,0.0005011387981777026
N4839HD,0.020752298889606977,0.5059081522331406,0.44972300388257097,0.02107975161575598,0.0025367933789254733
N4842HD,0.8532058679700082,0.12046884718241084,0.01959005768498903,0.006016260360324004,0.0007189668022679022
N4844HD,0.9038366253737944,0.08388953828937029,0.008916287030874492,0.0025615466923298437,0.0007960026136309739
N4846HD,0.044887876391338025,0.2040606665433068,0.4874705801208216,0.0477354522696811,0.21584542467485238
N4847HD,0.6198832703727377,0.3602479703128123,0.014700495703619709,0.0038680960872620584,0.0013001675235683248
N4849HD,0.33660897262921835,0.3831698656754376,0.1376913747150938,0.11221494292249755,0.03031484405775274
N4852HD,0.015167747884591829,0.41095562210174114,0.5604306601117479,0.012270976694701763,0.001174993207217254
N4853HD,0.5984254796915388,0.37110545069415324,0.024037353609705055,0.005279162973628896,0.001152553030973873
N4856HD,0.602448079294571,0.38175890356065045,0.011580286787236903,0.0030002093419201417,0.001212521015621597
N4858HD,0.5884364823379662,0.3841758946845052,0.02271493500220284,0.003420413282613624,0.0012522746927121982
N4860HD,0.30345666110818237,0.3137826346578048,0.326923348644158,0.03787775926209745,0.017959596327757368
N4861HD,0.9401141608955133,0.048936531240454835,0.008663559025529266,0.0016398026911456163,0.0006459461473571248
N4863HD,0.6153662657449618,0.37278211234460235,0.007700169373965589,0.0029634648049165365,0.0011879877315536284
N4864HD,0.7205797787337491,0.26084715164482913,0.01460467914051284,0.0029014886661654846,0.0010669018147434694
N4866HD,0.7946605822412207,0.18194963145081297,0.018968114385909698,0.0034673206273541537,0.000954351294702502
N4012HD,0.7644809479031488,0.2097853184217957,0.020655264581215735,0.003952009030842425,0.0011264600629973995
N4825HD,0.27735720746509096,0.45360397774724437,0.17592684186422922,0.07126510227659362,0.021846870646841713
N4875HD,0.09265477451480203,0.7026721927433742,0.15145243638030254,0.043226484257352836,0.00999411210416842
N4878HD,0.03803072161804998,0.11506015303263539,0.358567052381053,0.42004129017572106,0.0683007827925406
N4883HD,0.023925238653150112,0.35759227905115315,0.5621263889345596,0.054605373466455845,0.0017507198946813934
N4884HD,0.611932402001412,0.3599523826497971,0.022647310812131588,0.004105412130135746,0.0013624924065237301
N4887HD,0.24167167461986266,0.7350163592031677,0.020095016895114046,0.0027011401965045057,0.0005158090853512057
N4891HD,0.7153062721502025,0.2667136812756979,0.01272612961752333,0.0040206160738836365,0.0012333008826924962
N4892HD,0.22525369314285398,0.7618912413360118,0.009759287011714668,0.0025274023020077623,0.000568376207411716
N4895HD,0.837278515438073,0.10213005972737176,0.048662497612374074,0.010031371425201527,0.001897555796979629
N4899HD,0.5395034998953615,0.44451059569640244,0.009508407262112595,0.0034705473577072506,0.0030069497884161697
N4898HD,0.528631996141286,0.32299470574672257,0.13023275905337067,0.016440677490707684,0.0016998615679130996
N4902HD,0.7257923776110211,0.24389538812354347,0.020895258284887145,0.005908206449161427,0.0035087695313868153
N4904HD,0.09662878993795594,0.6086381416868483,0.18276600869002058,0.032004811400548484,0.07996224828462671
N4906HD,0.7601915949051044,0.21301129589495862,0.02225224623539693,0.003562732174073175,0.0009821307904670055
N4909HD,0.6226861733291629,0.08218716565121596,0.2688801270468852,0.015467228266865012,0.010779305705870993
N4912HD,0.6231505157198373,0.3421546970408216,0.02834848207217931,0.004950694321005589,0.0013956108461562935
N4913HD,0.5780586319678224,0.39994563284629714,0.017224530169230035,0.0035767908952221406,0.0011944141214282169
N4914HD,0.1421296546691988,0.7141144152103511,0.13611205950540417,0.005957852669092347,0.0016860179459536342
N4908HD,0.6785372013988797,0.30913937664616536,0.007764659632992416,0.003628663547747859,0.0009300987742145658
N4937HD,0.7981943203938389,0.18581010894200242,0.012147015534822394,0.002724441556681239,0.0011241135726551468
N4938HD,0.7786616477974588,0.206487398779231,0.010385641796402932,0.003000696141958421,0.001464615484948825
N4949HD,0.9619128774768503,0.03127042745330071,0.005134730890765103,0.0012900530463857388,0.00039191113269801755
N4952HD,0.8780659488626584,0.10791359334251993,0.011440802773269209,0.0019453940721508435,0.0006342609494017739
N4954HD,0.7557581019323736,0.2150302073595299,0.023375160219975592,0.004600200885715807,0.0012363296024051334
N7917HB,0.858036373588134,0.12856074377972262,0.009301124395468967,0.0031061270334196956,0.000995631203254561
N4951HD,0.6659707302505824,0.3223003244491527,0.007305877729512268,0.0029080516309350738,0.0015150159398175519
N0385HC,0.05493245218713316,0.5643877327486951,0.2858579463497392,0.07767841979274111,0.017143448921691354
N3920HD,0.33865586783534624,0.5202342718050145,0.128234653974549,0.01069642920008176,0.0021787771850085716
N9498GW,0.8828121756643645,0.09026378144096209,0.022324988782321562,0.003733248514703259,0.0008658055976486064
N4961HD,0.8593991407909034,0.13433043452284554,0.0041215961747397955,0.0015171615933236811,0.0006316669181877398
N4965HD,0.4808319246506878,0.46915746565130656,0.029308206134600428,0.017367673974980718,0.0033347295884244513
N4967HD,0.7012366413211645,0.26087776240586835,0.029178059355950327,0.007365976527994887,0.0013415603890218352
N4968HD,0.17951014496783946,0.5618777529280623,0.20802083568068003,0.04751063293820906,0.003080633485209175
N4973HD,0.8211914606965792,0.16719730062913343,0.008898262718296248,0.002028742812374211,0.0006842331436169892
N4976HD,0.009798541545230497,0.3878470940422545,0.5550223172556354,0.04629334562964045,0.001038701527239137
N4977HD,0.8169255023954816,0.17112280431046764,0.008459582428513518,0.0024819764433819374,0.001010134422155282
N4978HD,0.7332056230537397,0.2237184132073508,0.033043075438564995,0.008107950059118508,0.0019249382412259161
N4982HD,0.4833031409238014,0.4263198393586731,0.03199424550560511,0.01695066771733822,0.04143210649458222
N4983HD,0.2573309732056868,0.49081942087520186,0.1458033149132169,0.10367377247970269,0.002372518526191885
N4984HD,0.7346700779393441,0.25258042462681496,0.009689042275089972,0.0022191106001907693,0.0008413445585601566
N4992HD,0.01945109701717501,0.4689445656765435,0.06949659112735863,0.40273765744079293,0.03937008873812991
N5000HD,0.6682160687102899,0.28643406686822154,0.02866609679942333,0.015106734950037413,0.0015770326720278807
N5006HD,0.46156032688809867,0.41809654445757494,0.10484375896850656,0.01210113415500182,0.0033982355308181805
N5007HD,0.7872217544692096,0.19231379497706433,0.014900567931302589,0.004509651696710824,0.0010542309257125654
N5008HD,0.651643855094744,0.3123666299186959,0.030567290574410533,0.004169587609762005,0.0012526368023876452
N5011HD,0.5216199485821277,0.4192985276085364,0.04422511910108024,0.00793937916163039,0.00691702554662524
N5020HD,0.7856106097846584,0.17769590084977466,0.030029320089022805,0.004704614548418518,0.001959554728125586
N5024HD,0.6674546983475868,0.3173274042006582,0.011770986081814813,0.0027231722815922186,0.0007237390883480363
N4826HD,0.8671038404957031,0.1267148379416622,0.004494911358031993,0.00123248890387875,0.0004539213007240475
N5032HD,0.8761560407694716,0.11195704268771485,0.006748334452597065,0.004229069665447033,0.000909512424769559
N5041HD,0.8464765406011139,0.13495894098400513,0.014196780849115638,0.003387870561172669,0.0009798670045925834
N5043HD,0.9651178569629,0.03031126579009259,0.0031338840337549884,0.001116994937610028,0.0003199982756424211
N5044HD,0.061744636283124786,0.11421313378844232,0.45112208456429187,0.2922784163414967,0.08064172902264435
N5045HD,0.7932652298072652,0.19095379736052295,0.012746710393169592,0.0021817252070435063,0.0008525372319987041
N5004HD,0.916665262755311,0.06941381667187574,0.010716148150527334,0.0021622110701867824,0.0010425613520990624
N5055HD,0.48596472350034436,0.3845527191386086,0.11098549688408631,0.016138295883801813,0.002358764593158934
N5056HD,0.17663309195604363,0.289843758142311,0.20846643848798616,0.2526351220126993,0.07242158940095991
N5057HD,0.6827449930666547,0.3059350586574319,0.007470642713543562,0.002970143622459321,0.0008791619399104485
N5059HD,0.7692340126641591,0.08888484154987172,0.12186670227381687,0.017006402847773813,0.003008040664378573
N5061HD,0.5188697921635156,0.38667031139251073,0.08672982867329845,0.006193976291138734,0.0015360914795363276
N5018HD,0.8685239090590171,0.11861035430628891,0.009348142094479128,0.002583087521989635,0.0009345070182251017
N4896HD,0.37049880603630536,0.5814275886840434,0.03315481493214855,0.013570584106174066,0.0013482062413286708
N5064HD,0.7200133204109592,0.24471765081314695,0.026709158826972796,0.007231983741313095,0.0013278862076079412
N5065HD,0.4009006957402867,0.5208004568077722,0.07043298843999642,0.005740324713833493,0.002125534298111179
N5067HD,0.19842227637913973,0.5285291518011077,0.13365181033276552,0.132597200424894,0.006799561062092981
N5070HD,0.021886449693611705,0.4398585152992861,0.5113307081809971,0.02505791401712253,0.0018664128089825767
N5071HD,0.629423053230161,0.35344169709454215,0.01266757848144745,0.0031863705698365113,0.001281300624012781
N5072HD,0.6543424534592891,0.3236105112629739,0.017286090614812386,0.003443795360899079,0.0013171493020255056
N5074HD,0.6801560608147191,0.26315809964139736,0.04960316553219727,0.005487529457891059,0.001595144553795069
N5075HD,0.9753556124272195,0.02061871809361857,0.0027563838634954776,0.000937519900214641,0.0003317657154519967
N4923HD,0.8003404568855846,0.18383823390880377,0.010059680457947601,0.004538462069823521,0.0012231666778404272
N5076HD,0.8058807478254872,0.18476854376777382,0.0063515144699695285,0.0023970202803624122,0.0006021736564070792
N5079HD,0.060794633118708356,0.385054902197765,0.17009823987659342,0.36925161950213325,0.014800605304800093
N5080HD,0.2934442257600452,0.2574117509101576,0.2551574324458016,0.17924237083188652,0.014744220052109146
N5082HD,0.5986170846449596,0.35396960705183755,0.03155536831348541,0.014725027729409744,0.0011329122603078372
N5083HD,0.6311833500725476,0.31173779466800255,0.04991010743223293,0.005973470014118162,0.0011952778130988107
N5085HD,0.5911042106499046,0.35235251568617043,0.04630899580181239,0.0077232282892718855,0.0025110495728407436
N5051HD,0.34267189450704716,0.6486006197885523,0.006964447733740818,0.0012939125039683286,0.0004691254666914546
N5039HD,0.06974771096028393,0.36139820604532613,0.3147547625542988,0.21512667623790574,0.03897264420218543
N5088HD,0.960671558962269,0.032363677394371446,0.00536167257113883,0.0011460839821030356,0.00045700709011777777
N5091HD,0.1294478714180893,0.8640330421981355,0.00428213635085196,0.0016219938775978578,0.0006149561553252603
N5093HD,0.016408199608874696,0.0781708848209627,0.19069266625547215,0.21819221307268347,0.49653603624200693
N5100HD,0.03620526399761662,0.19648875660132978,0.21102148789718866,0.5483627131226194,0.007921778381245538
N5103HD,0.08172295918395876,0.27354633017587787,0.31154388254847015,0.1594553087606886,0.17373151933100459
N5104HD,0.9864090213972073,0.010679604500029843,0.0021452721014813157,0.0005610402951020591,0.000205061706179462
N5105HD,0.857762696736861,0.12608278006403056,0.01223404451489817,0.0032002869772682534,0.0007201917069420816
N5106HD,0.6872528786384596,0.291879019609651,0.014773531964060853,0.0052208764052973505,0.0008736933825312158
N5109HD,0.7852382245611944,0.19548652123846558,0.015202095448809088,0.002870658343737828,0.0012025004077931938
N5112HD,0.501044103846272,0.42515405700536363,0.0394558667574918,0.030813513345566455,0.0035324590453059486
N5115HD,0.874538625640381,0.1144875756602637,0.007325058820871056,0.002360000669314088,0.0012887392091704187
N5120HD,0.033881160965184336,0.09987131529688568,0.5743602249677938,0.2778310782998267,0.014056220470309595
N5121HD,0.5476609435933382,0.3889683394271754,0.051910034504069676,0.009152307197292367,0.00230837527812439
N5122HD,0.36988941270552916,0.46387226236278456,0.14856175133949212,0.01217333288732085,0.005503240704873243
N8305HB,0.6619861078467835,0.3143974762982325,0.018799215044664263,0.0028469938293469174,0.0019702069809728532
N5126HD,0.091246507401942,0.41989649095797466,0.20415003200827384,0.2696960407669524,0.015010928864857139
N5128HD,0.8568458819099536,0.13063931309403184,0.009191107947913385,0.0024263988738549664,0.0008972981742463327
N5133HD,0.03595554813487069,0.2271181765676904,0.4517520222774878,0.2786150422096131,0.006559210810337834
N5135HD,0.8202505248801109,0.16827224511528763,0.009174909666705089,0.0017145120432834476,0.0005878082946129211
N5143HD,0.7822390262776262,0.196912801828313,0.018160112151343145,0.0019274485730827223,0.0007606111696348766
N5144HD,0.2657128490754764,0.6734795068099911,0.05475015145404035,0.005036364615992051,0.0010211280445001146
N5149HD,0.22184066976271352,0.47893297557621456,0.23141288815852878,0.05117713703114528,0.01663632947139784
N5152HD,0.4616609448041957,0.4959706034951797,0.033484713856408714,0.007723039951921366,0.0011606978922945074
N4394HD,0.22316572138969115,0.48756031568993696,0.20037582704137136,0.06775798321867796,0.02114015266032259
N5029HD,0.25974132075045775,0.45463107899323196,0.18564462200868972,0.07420751497588836,0.025775463271732104
N4368HD,0.9425336602227853,0.051964819497910535,0.0038756204271543277,0.001184146947647951,0.0004417529045020952
N5013HD,0.29167825488796983,0.31351958952311937,0.30868634676547546,0.06194114159340611,0.024174667230029104
N5153HD,0.44893391369026264,0.4808819931002308,0.038125759252612995,0.020547712619444693,0.011510621337448994
N5157HD,0.8794451283890476,0.10523110675649358,0.012083260668905721,0.0025450648341135314,0.0006954393514396056
N5170HD,0.48414295616563885,0.44398478987601053,0.0620756035712523,0.007293650810798885,0.00250299957629966
N5172HD,0.7435952515660286,0.23435137486133065,0.017275063383902292,0.0037661603603700903,0.0010121498283684359
N5173HD,0.7500983546082846,0.21636013904536336,0.025959733325895858,0.006426256145142922,0.0011555168753133818
N5147HD,0.4716787157027633,0.327757402386975,0.123751423127133,0.059384950221568256,0.017427508561560306
N5178HD,0.7601820504228072,0.19135505234728323,0.03787356183857865,0.00935898864529216,0.001230346746038811
N5180HD,0.6326474263459657,0.2614200188639079,0.06235712216902017,0.03484616385870502,0.008729268762401316
N5181HD,0.35132859814944417,0.5221254357135041,0.10784655252061791,0.01689436523672628,0.0018050483797075105
N5182HD,0.9192050274488445,0.055699344391711834,0.02283013939386556,0.0016401092393518615,0.000625379526226355
N5183HD,0.0369382778224931,0.9533885611863672,0.00806180815970894,0.00115024497144036,0.0004611078599905582
N5185HD,0.47787018693954386,0.4102281376251766,0.08623275254739854,0.024135739028783257,0.0015331838590977394
N5187HD,0.12540345007587814,0.4079751169266849,0.30497355962832023,0.14889642163649033,0.012751451732626444
N5188HD,0.14307706915814633,0.33646009172821933,0.4368833022403246,0.07939489642778648,0.004184640445523104
N5190HD,0.012439429746864628,0.045304800183115806,0.23558235293795646,0.6683300613699232,0.038343355762139895
N5192HD,0.4785654484844337,0.5097888573557322,0.007914299397385185,0.002657413239052747,0.0010739815233960699
N5193HD,0.8646947478205366,0.11278618355968849,0.01902068598974155,0.0026155170539634543,0.0008828655760701528
N5197HD,0.8947983433877146,0.09657986785866782,0.006444566682407351,0.0016045076278525991,0.0005727144433576225
N5198HD,0.22294135897526424,0.3808031991306828,0.2501818300620564,0.14047406086235104,0.005599550969645584
N5199HD,0.6570716121232888,0.2401513498453514,0.06803272665375336,0.0325646844090738,0.0021796269685328195
N5200HD,0.737764940944201,0.2455153938886504,0.012407753968728726,0.003410816662145963,0.000901094536274085
N5203HD,0.05175241712551834,0.24478758929615596,0.42681965998692034,0.2677495766860268,0.008890756905378579
N5209HD,0.07065050682345364,0.27838351298193265,0.18420954250008956,0.44059544032948716,0.026160997365037023
N5212HD,0.8217265063913748,0.16288435369798737,0.012517967743959722,0.0020597870449953607,0.0008113851216827395
N5215HD,0.760327650938853,0.1916267221124236,0.03285206431371074,0.007883390657582309,0.007310171977430306
N3574HD,0.7864723016867418,0.19774281319563541,0.010617350980882945,0.0038959181222337695,0.0012716160145061026
N4760HD,0.042781824457157544,0.21208404646549098,0.4161626282914325,0.30009644922900647,0.02887505155691253
N5225HD,0.7208910474499967,0.2704611386173986,0.006160073456582924,0.0017775810501510188,0.0007101594258709219
N5226HD,0.5974160561443667,0.3452941691702338,0.040232539376087034,0.011431993589926833,0.005625241719385632
N5227HD,0.6959459214623198,0.2592379369936758,0.03907431082563842,0.0048108520685129965,0.0009309786498529048
N5233HD,0.0286140546954915,0.0548807976789112,0.21846004735348534,0.5608304213803086,0.13721467889180336
N5238HD,0.8913750604955082,0.09481621532585047,0.009731985616630861,0.0032749239396877854,0.0008018146223228625
N5241HD,0.7841564987982752,0.17543042977293408,0.031090381892803925,0.007847585536384398,0.0014751039996022826
N5243HD,0.029027533490296024,0.28663574375990025,0.2732126598413529,0.40772104779919094,0.0034030151092598
N5246HD,0.7155801419009158,0.24143031919378502,0.03582719725398941,0.005767899142748596,0.0013944425085610924
N5247HD,0.013306668970971798,0.04918893287167197,0.4959285516690468,0.4354440691131915,0.006131777375117991
N5248HD,0.5910001956894513,0.1331122142656684,0.2520020427070583,0.02170754912710545,0.0021779982107164864
N5253HD,0.7597681903787036,0.18015050433691263,0.03875325078339242,0.016029584410486894,0.005298470090504298
N5257HD,0.046155894201824636,0.2692886667875738,0.43865144899419056,0.23506703197750137,0.010836958038909772
N5259HD,0.0339053227988691,0.1413722453962814,0.27765110160608475,0.20242125624751062,0.344650073951254
N5262HD,0.30510242534698756,0.31360477407549847,0.37199858061722246,0.007921442620684345,0.0013727773396071358
N5266HD,0.7255933724759327,0.25839809186248514,0.012272981692049814,0.002758953117500393,0.0009766008520320367
N5270HD,0.624170673624057,0.3540481368968006,0.018070161110602074,0.0027414649408551545,0.0009695634276852992
N5271HD,0.5615853455650562,0.3064691944377362,0.10593161662778186,0.023934819763350466,0.002079023606075072
N5273HD,0.7221277670473593,0.20671775910998377,0.05192868461573948,0.01738412481096754,0.0018416644159500175
N5274HD,0.8921080618831254,0.09346614626305368,0.009011201281515061,0.004699670963105246,0.0007149196092006451
N5211HD,0.3578620400212074,0.5214599125662016,0.08145516882107019,0.037242919580941405,0.0019799590105793984
N4843HD,0.7885744407395053,0.13895505845922143,0.05033647699831728,0.017755155348714885,0.0043788684542411605
N5287HD,0.7186159674280652,0.24845860082641424,0.026300158140175472,0.005343134871124758,0.0012821387342201785
N5286HD,0.105941703711135,0.23309668571326247,0.518016863724667,0.11645907041264908,0.026485676438286358
N5292HD,0.05182709207502069,0.2847477590621529,0.3964216185831522,0.25642177386487336,0.010581756414800868
N5294HD,0.7933113715142266,0.18320998323061174,0.015748309648771247,0.005206190203542537,0.0025241454028476977
N5296HD,0.1882318411409141,0.43388142274710967,0.3318228320643925,0.04343572042934862,0.0026281836182349767
N5298HD,0.7331634526327049,0.23811032435328078,0.02421486820683225,0.0031511160202685024,0.001360238786913641
N5303HD,0.7069256989927821,0.10987452882389334,0.16418524122028097,0.016767631749167945,0.0022468992138756816
N5305HD,0.4345406094531603,0.23332569939581843,0.28471088958820195,0.044839871732699446,0.0025829298301198213
N5306HD,0.8682572626101488,0.11880772525434934,0.009451912102810964,0.0028771032263980654,0.000605996806292908
N5307HD,0.09033174753316353,0.40151879234172544,0.30843839889644425,0.1869085711876733,0.012802490040993429
N5311HD,0.7715304418798634,0.17748333038421676,0.035156196853652,0.010657629445551726,0.005172401436716097
N5314HD,0.6813580851800423,0.28152647755446825,0.03080623119683985,0.005411305288121849,0.0008979007805277334
N5073HD,0.08456089646728027,0.23547501775273305,0.4942252687267107,0.16120436872008576,0.024534448333190285
N5277HD,0.04644354840479486,0.34826834108567156,0.29541971745426693,0.252630972401246,0.057237420654020696
N4885HD,0.9805285460619588,0.012717983813417428,0.005706429314713319,0.0008090922622269765,0.00023794854768354915
N5318HD,0.04752548535714888,0.5849084658289602,0.3170981021956472,0.04307123124601181,0.007396715372231969
N5321HD,0.8776968429939506,0.09903169541494221,0.017449442579584036,0.004542634803736226,0.0012793842077871611
N5323HD,0.9464548688493586,0.047400059997726916,0.004250183189822552,0.001388305357772566,0.0005065826053192972
N5324HD,0.6763199139845686,0.2829053596591357,0.031155400054906825,0.008372820283851142,0.0012465060175376572
N5326HD,0.822177039359921,0.15512632613125554,0.0122216351468522,0.009410236925075522,0.001064762436895603
N5327HD,0.6961113221774788,0.25649940430094353,0.03584034002021735,0.00901603448335513,0.0025328990180051502
N5329HD,0.30829087529421056,0.1403072249710288,0.47692523170167184,0.06765253131251478,0.00682413672057404
N5331HD,0.872244324314732,0.11319884775052272,0.011009589300830317,0.0027733892983111434,0.0007738493356039116
N5332HD,0.6875074873638436,0.29097762041314695,0.014671685303181822,0.00598058739690226,0.0008626195229255741
N5333HD,0.7726822972039759,0.2133000341021933,0.010526138079561634,0.0025048339524679757,0.0009866966618012026
N5334HD,0.01674547079224286,0.9785056543666446,0.0034021137419721985,0.0007802290820188609,0.0005665320171214316
N5338HD,0.02298007786843624,0.08480939184459475,0.28469857760277023,0.46776697698845665,0.13974497569574218
N5339HD,0.039105829567317035,0.11910515727680523,0.7434743780519668,0.07945886353789058,0.018855771566020436
N3820HD,0.044577109163177135,0.13816339250739862,0.40661139359701304,0.3130300751730166,0.0976180295593946
N5342HD,0.8051714507303107,0.16917030654823656,0.020892804281757025,0.0037167434295128877,0.0010486950101828122
N5345HD,0.6953381363825619,0.15172565616182299,0.13470983288445063,0.01650332515977623,0.0017230494113882747
N5346HD,0.7958780518301555,0.18748830538280434,0.010748889630826854,0.004775259026550943,0.0011094941296624222
N5348HD,0.06135499229362647,0.21104983038831787,0.19956149299462805,0.5100886893310261,0.017944994992401445
N5351HD,0.6454517573673274,0.32533268573998503,0.015603348683426065,0.012414345492133907,0.0011978627171275646
N5354HD,0.0025820706211760486,0.011683403268881003,0.06721127257203806,0.9174017638623252,0.0011214896755796953
N5355HD,0.6234633351114898,0.19789200210101449,0.16956513026843192,0.006262818320196388,0.002816714198867311
N5362HD,0.8772936208670973,0.1108669183005397,0.008733604393658632,0.002217078519955702,0.0008887779187486015
N5364HD,0.8488964442127847,0.12653250669743238,0.018538164785400452,0.0051620014970588015,0.0008708828073237389
N1264HD,0.00793158021354257,0.9426577954894853,0.04741598318911955,0.0016050941136526026,0.00038954699419988903
N4985HD,0.3316110462691533,0.4890108833224213,0.143951379551002,0.02703893289660485,0.00838775796081866
N5368HD,0.05902500772606756,0.17784327714576864,0.39589875700766025,0.3206651707568763,0.04656778736362723
N5371HD,0.731141661425935,0.24395795187807742,0.010599106694814982,0.013442649894354003,0.000858630106818672
N5372HD,0.7709252242849103,0.20949784392823426,0.011299652045890373,0.007317223385478806,0.0009600563554864465
N5373HD,0.594143270885099,0.392875838652173,0.008484654541278074,0.003247802495789667,0.0012484334256602544
N5374HD,0.8769374436064147,0.11385323169577258,0.006448669850660809,0.0019805016069259765,0.0007801532402259158
N5377HD,0.8574529767549879,0.13222960720095803,0.0071866793104819375,0.002457014422817489,0.0006737223107547546
N5379HD,0.7501158496160601,0.23152685381423935,0.014525062894976046,0.0027606819601266636,0.001071551714597649
N5381HD,0.06737893512876794,0.31894215703375645,0.3214568172439665,0.23833215003848301,0.0538899405550261
N5383HD,0.17254724290001133,0.26902509246857104,0.37396938740119373,0.1750408797961646,0.009417397434059437
N5385HD,0.7920990209304314,0.19410885005914177,0.009922817085062962,0.002767802812903714,0.0011015091124602135
N5387HD,0.017165981903893113,0.1515549001700169,0.19500632354958433,0.5317565085131415,0.10451628586336421
N5388HD,0.11933767593803159,0.30360772696188043,0.2675499557019398,0.2739412834543297,0.03556335794381854
N5389HD,0.03464032690426249,0.3668136330170136,0.5663819692446447,0.029187377273144032,0.0029766935609351506
N5391HD,0.7959001018115498,0.17793000388499572,0.020730969392774495,0.004182227216263077,0.0012566976944170436
N5393HD,0.7289723453369777,0.25629952920074817,0.011443692089406031,0.002390504615025944,0.0008939287578419563
N5395HD,0.7040080995090905,0.2623333281605936,0.026661944435621494,0.0055586803746816675,0.0014379475200127383
N5397HD,0.851858264096258,0.12123102428457593,0.021210950115226262,0.004381268584045139,0.0013184929198947087
N5398HD,0.7407432892098145,0.23978131141841363,0.014570951743980763,0.003670761521766265,0.0012336861060247572
N5386HD,0.14209246022400576,0.36301466832690765,0.4896267443643345,0.004161307185978323,0.0011048198987736978
N2483HD,0.44411612378067117,0.5031215037407565,0.04217965454216744,0.008505884459051033,0.0020768334773538693
N5402HD,0.852967463782244,0.1259459062298548,0.017159949996042704,0.003007395267912794,0.000919284723945664
N5404HD,0.7005726935999559,0.24384770108272477,0.04808647779664507,0.005421736354781075,0.002071391165892898
N5405HD,0.8425978757514504,0.13788229969454865,0.009744789788190919,0.008847276397758739,0.0009277583680514131
N5407HD,0.45359506820985024,0.4605548290944822,0.0619557054579541,0.021526716739796538,0.002367680497916946
N5414HD,0.26065738248843645,0.7265181921619084,0.00815507534558923,0.0035990613708997833,0.0010702886331662763
N5415HD,0.8138494172321701,0.17745768388646643,0.0056641858085305285,0.0023016510926437504,0.0007270619801892672
N5416HD,0.6035943767091867,0.37909496629172634,0.012052591766251782,0.003826484685859266,0.0014315805469759621
N5421HD,0.7746165007503064,0.2126243054795308,0.008713054942489692,0.003103806478945793,0.0009423323487273097
N5430HD,0.8562646998085414,0.13203972906277445,0.008080097008830289,0.0029739595928234123,0.000641514527030513
N5431HD,0.04478931984798926,0.23340926651603586,0.7020691607572657,0.018010094126062057,0.0017221587526471112
N5432HD,0.5985601126998943,0.3519298854010467,0.043015226777457616,0.004998216808419044,0.0014965583131822738
N5437HD,0.8606299364348419,0.1217657044326686,0.014319367188691753,0.00249213504577469,0.0007928568980229512
N4225HD,0.31358225783672194,0.3948291284683211,0.275098414335185,0.012844195349258371,0.0036460040105134608
N5123HD,0.20768025236930393,0.6035279761139808,0.14888971764604206,0.03264566375290404,0.00725639011776922
N9187HC,0.08388052311431665,0.22027694150720736,0.40192810386325944,0.2647501632884785,0.029164268226737896
N5439HD,0.15289044268845972,0.508100688630527,0.2258794888859621,0.10539183583599476,0.00773754395905638
N5440HD,0.2808675454635526,0.6192595168986348,0.08335392297314856,0.013189799236100279,0.0033292154285638254
