ncode,proba_0,proba_1,proba_2,proba_3,proba_4
N4541HD,0.784111413174102,0.16996726811032856,0.04278517048961507,0.0023495476710392693,0.0007866005549149134
N4397HD,0.016547340818300775,0.07189042392814748,0.39587914026179516,0.5121145036601676,0.0035685913315888834
N4544HD,0.7826189411758772,0.20184713628977288,0.012672023572070928,0.002158216755147469,0.0007036822071315819
N4545HD,0.09211934325608787,0.3903613593884331,0.4059709274725611,0.06524696452612802,0.04630140535679001
N4546HD,0.7332123216943713,0.2560240585957462,0.007690846561574029,0.002468880039864283,0.0006038931084441276
N4550HD,0.8380862544043727,0.14922339415814248,0.010832455945587488,0.001327145123099944,0.0005307503687975942
N4551HD,0.6489035453517646,0.337670676293662,0.010926733274558741,0.001818732754185931,0.0006803123258286854
N4554HD,0.13093130538819886,0.1648895245564187,0.6969830370296258,0.004678150396021748,0.0025179826297349636
N4555HD,0.7000244633161228,0.22117238218005625,0.0669681107239569,0.01085865264490807,0.0009763911349560857
N4556HD,0.5743580848985395,0.28980525014771774,0.09289422918489855,0.04121144184460535,0.0017309939242388947
N4563HD,0.2679822163336938,0.48527428381661947,0.23694537013987296,0.008004410304449901,0.0017937194053639456
N4567HD,0.9311427526866252,0.052451034103340684,0.012603992398498513,0.0033407499282296915,0.0004614708833058777
N4561HD,0.8504391329458774,0.14284763370987166,0.003965126498077915,0.002320972424470929,0.0004271344217022835
N4571HD,0.20292978056938518,0.5332484578329014,0.143189612153408,0.1038452028366424,0.016786946607662962
N4574HD,0.9882089910396789,0.010101957303217335,0.001243605687443741,0.0003278526255873643,0.00011759334407274275
N4575HD,0.5242827685709089,0.4446077902503184,0.019285240131780648,0.00844233280326621,0.003381868243725698
N4579HD,0.14466804101429634,0.6892431156513174,0.09731537684664662,0.06587554269555378,0.002897923792185976
N4581HD,0.7937361523298978,0.188143902851768,0.014221965025381148,0.0031571080656170717,0.0007408717273359487
N4584HD,0.7540622619954874,0.23859114061295322,0.005435254358203488,0.001384701341038529,0.0005266416923172461
N4578HD,0.7476306993948211,0.22994560576264017,0.02039000443907818,0.0015063785327946696,0.000527311870665931
N4590HD,0.1560012573690032,0.8324081045667018,0.010305059682369758,0.0009400124859742536,0.00034556589595096374
N4593HD,0.015573218881696209,0.09489996379389154,0.1373056642914647,0.7510001752683214,0.0012209777646261398
N4151HD,0.14674627872685547,0.2540159323673569,0.34782124838197015,0.24400943025181454,0.007407110272002835
N4594HD,0.8025207870162813,0.18953492820537282,0.006182644856277194,0.0012658490902970946,0.0004957908317716415
N4600HD,0.7000932504221062,0.24234204293386935,0.054004731180928675,0.002748709645979017,0.0008112658171166337
N4605HD,0.07592033550916966,0.10987445673034449,0.5862887180242526,0.22582640455428213,0.0020900851819510772
N4612HD,0.597235647834959,0.3500607180509742,0.044581121684539794,0.0071666198505566815,0.0009558925789701634
N1701HC,0.06691024507135829,0.09788123524608368,0.39298085394950244,0.409762164013683,0.03246550171937257
N3705HD,0.009673151913102395,0.023480885173576375,0.13908087252669196,0.6709530568112814,0.15681203357534798
N4589HD,0.7408485361013238,0.17749787510890822,0.07000771212383793,0.010718297963848574,0.0009275787020812886
N4339HD,0.930223308482256,0.06646943947300861,0.002453271885893264,0.0006104237037534407,0.00024355645508878667
N4615HD,0.02426206517378602,0.10570331143993408,0.13748381069249746,0.7181045856079713,0.014446227085811216
N4618HD,0.8881525335257704,0.09582745983803624,0.0129691747041058,0.0024078203111877056,0.0006430116208997735
N4624HD,0.37567376854150286,0.6127138736784494,0.008846599015240179,0.0020217455298432233,0.0007440132349643338
N4626HD,0.747314707602374,0.2307867332656102,0.018594691076538685,0.0027427731378698137,0.0005610949176072524
N4628HD,0.11372989282416496,0.5531392757542255,0.2530559838911585,0.0590787327046206,0.020996114825830397
N4638HD,0.040380286582483695,0.3454833500298796,0.46632600576879213,0.13544292780495734,0.012367429813886992
N4639HD,0.46638396862419457,0.4712000824021488,0.03139005714990219,0.020713853132449014,0.010312038691305427
N4642HD,0.9294309521859697,0.06464998971212385,0.004216509214279116,0.0013222517436876553,0.0003802971439394381
N4646HD,0.9743264059464934,0.022165004977442122,0.002327964766192751,0.0009532409985389521,0.00022738331133260426
N4631HD,0.8359028711415972,0.15720093503896282,0.005353597179911758,0.0011174438964009416,0.0004251527431271253
N4656HD,0.027481716006139526,0.24093698099525396,0.5864461552884374,0.11709439177113956,0.028040755939029504
N4658HD,0.8676176824317617,0.1128390395403545,0.013210660923750304,0.005795368915019771,0.0005372481891137223
N4661HD,0.5900901255120502,0.36038799469983374,0.03905699188952658,0.009159304344980529,0.0013055835536088676
N4665HD,0.850008963093439,0.13484652244063958,0.013142473670644155,0.001554993537900265,0.00044704725737696913
N4667HD,0.9065591918848996,0.08473152962831895,0.0067048402771731,0.0016474212756807413,0.0003570169339275939
N4669HD,0.6335856230511274,0.3492248200965076,0.012398499674174881,0.004098297225234303,0.000692759952955831
N4673HD,0.2725076748200237,0.38610349090652457,0.3123865456222918,0.02399545326246598,0.005006835388694021
N0760HD,0.15729787939349105,0.5214206925880269,0.2992894784957272,0.013661570680341503,0.008330378842413364
N4672HD,0.7136774303214928,0.23053552813788059,0.05125331963697732,0.00353445928408971,0.000999262619559331
N2593HD,0.8545627369144434,0.13562760412446684,0.0054783403814292145,0.003783008526550774,0.0005483100531097846
N4677HD,0.5965100670071243,0.32538743475284976,0.06937641497848965,0.005347060125170343,0.003379023136365923
N4680HD,0.3595959163248192,0.5157263372784096,0.10575008460976772,0.011262727439580112,0.007664934347423431
N4688HD,0.03720201870140082,0.3190642276132712,0.36496130014516304,0.2594169101433941,0.019355543396770973
N4689HD,0.9031594574087666,0.07970554398776553,0.013159253817366214,0.002499599177620431,0.0014761456084812859
N4691HD,0.1052868923618654,0.3466953298686857,0.41896581517540105,0.09548715003042176,0.033564812563626215
N4692HD,0.8168590419160022,0.11904552432629502,0.0418725093698741,0.015768481975286092,0.00645444241254263
N4694HD,0.05402803326200548,0.2840801683628165,0.528507871930693,0.11969491044594645,0.013689015998538423
N4695HD,0.34256256644578603,0.5986092001957243,0.039456535252141135,0.012009045559575496,0.007362652546773008
N4699HD,0.16858975782722171,0.16844425718610967,0.5729653099351449,0.0717350139634146,0.018265661088109054
N4703HD,0.592325836371012,0.23542050188192193,0.1361676704790702,0.03202503121527693,0.004060960052718921
N4704HD,0.003373286128945728,0.008744018947517935,0.15016432357205442,0.8368432795388527,0.000875091812629192
N4708HD,0.9495349008378801,0.04457731476955395,0.004200765880438173,0.0012194237998095557,0.0004675947123182058
N4714HD,0.7898199792027475,0.07700822564428306,0.10888851853037101,0.0180037384332671,0.006279538189331318
N4721HD,0.33979707924627267,0.4196971877452094,0.1738080633852549,0.024615267364205804,0.042082402259057114
N4722HD,0.8389766187983552,0.14964501039236153,0.009604955300059233,0.0012883600553570739,0.000485055453867023
N4724HD,0.5703093329872237,0.407887457456763,0.016983173486589342,0.00398815985989108,0.0008318762095329079
N4726HD,0.02635803237196177,0.9365095268926533,0.03430221598591372,0.0017163077442930424,0.0011139170051783177
N4735HD,0.6213152002213516,0.34459121487086036,0.023691483229208308,0.006938305936888527,0.0034637957416911707
N4063HD,0.6534492243783986,0.21610121683913816,0.08577154997521644,0.030306245862133364,0.014371762945113603
N4712HD,0.7618796963001496,0.2247174137500777,0.010075918665875813,0.0024792735162439935,0.0008476977676528893
N4738HD,0.1504034730420801,0.48874837461098125,0.3189811364939469,0.037135651045471785,0.004731364807519881
N4740HD,0.17815639586410725,0.31393890832470384,0.30566430069255723,0.19675993218354484,0.005480462935086788
N4742HD,0.04150793479216441,0.04579338501742823,0.13711708712303236,0.675391272747295,0.10019032032008017
N4745HD,0.8150329320397096,0.16555959750491098,0.011099366714634157,0.007829733207353369,0.00047837053339181806
N4747HD,0.9374844257432142,0.05069786572554968,0.007476396342671986,0.003688774154979336,0.0006525380335846558
N4750HD,0.8573260158411147,0.1157240607572529,0.020537845497093962,0.005655634972081051,0.000756442932457344
N4752HD,0.021285437608291467,0.08950652643281673,0.6742301300867525,0.17410922131085765,0.04086868456128175
N4754HD,0.8433344715693031,0.14933339526793604,0.005429643706960411,0.0013450103583664734,0.000557479097433928
N4755HD,0.24797619310208271,0.3658049033370048,0.28514398346417746,0.045259779932900035,0.055815140163834834
N4756HD,0.3845565937472326,0.262854148373551,0.3023943632931215,0.04419619106148239,0.005998703524612477
N4757HD,0.8609848877353863,0.13085649807580704,0.006672739840036563,0.0010838136534413755,0.0004020606953286954
N4759HD,0.4218367232792959,0.5185591398324103,0.05330330079951005,0.005019199895108094,0.0012816361936756305
N4762HD,0.7201669628297448,0.23606008842763265,0.03917241751150723,0.0037371306493532053,0.000863400581762069
N4763HD,0.7939008625308432,0.08923837417601409,0.10372406072122534,0.010899013176984364,0.0022376893949329537
N4767HD,0.7700762695271528,0.20975088067432276,0.015334561173745851,0.00433843768721427,0.0004998509375642799
N4769HD,0.06419506693093868,0.4673919827216427,0.44347807218009744,0.02421862273439979,0.0007162554329211734
N4770HD,0.7993742664913984,0.18604957794375704,0.010972132559547324,0.0027086130661111976,0.0008954099391861965
N4676HD,0.34471214839434816,0.5139916910133976,0.08208708441293076,0.05667568775295647,0.0025333884263669696
N4614HD,0.618874888896109,0.08336161786178743,0.24814074898910596,0.04366621341991339,0.005956530833084228
N4774HD,0.17579369152128674,0.4078149447026968,0.36980313718007285,0.040730657022874144,0.005857569573069614
N4778HD,0.05029173085760726,0.5481825616183755,0.33557907455248104,0.04931813218245101,0.01662850078908518
N4780HD,0.013312076475347198,0.049555865854393186,0.2333820880999431,0.3643552814736646,0.33939468809665196
N4783HD,0.7082417762152028,0.23327161758040693,0.04612532789119887,0.008284592535573015,0.004076685777618517
N4789HD,0.9221558129077915,0.06246605450756694,0.011830499427994573,0.0028841712239568236,0.0006634619326903157
N4792HD,0.46806190752781235,0.5240112967151159,0.005155308640843888,0.0021327911242823797,0.0006386959919454783
N4793HD,0.03701339359909061,0.4665210577338825,0.48576753316772164,0.007440958140066891,0.003257057359238479
N4794HD,0.0023136578795053646,0.025346777002193097,0.04839072897619634,0.9230844373999828,0.0008643987421223199
N4799HD,0.9242144622286806,0.06182316807905643,0.012270537650197866,0.0010755137242224216,0.0006163183178426168
N4800HD,0.9807119311251241,0.015502194916014364,0.002974010817358808,0.0006582157591916522,0.00015364738231084184
N4808HD,0.06602378892059146,0.9302121420630586,0.002706559721909242,0.0007810938662053689,0.0002764154282352013
N4809HD,0.7768142229228042,0.09891380147014862,0.10700020524724911,0.014003909302470408,0.003267861057327581
N4634HD,0.8158288034929242,0.16872521352055947,0.011404689655318358,0.0029048405422983847,0.0011364527888995863
N4784HD,0.9560702614975689,0.036301237376382745,0.006348793729157635,0.0010379490887287587,0.0002417583081621264
N4815HD,0.8809825593849416,0.11044108791809594,0.006154526130960887,0.0019004488977197708,0.0005213776682818647
N4816HD,0.8671482635286354,0.11963959158633658,0.009718535599701499,0.0028748665437401673,0.0006187427415861258
N4817HD,0.17176596683364645,0.7756427195190619,0.047522906603732096,0.002743914703544907,0.002324492340014542
N4818HD,0.8664456709869673,0.1209518681227797,0.010082096739506446,0.0019212188903680236,0.0005991452603784658
N4821HD,0.012337267431861953,0.9836391242551468,0.002570316355406001,0.0008593604713580885,0.0005939314862271411
N4830HD,0.8615567186119959,0.1309339844697715,0.005658955782677649,0.0014195766078555305,0.00043076452769939935
N4748HD,0.7772625384623791,0.20680952728808558,0.012286108746573356,0.0027236418395844724,0.0009181836633775688
N4684HD,0.7191336376925952,0.2694313562006382,0.009031630383721824,0.0018264291680132145,0.0005769465550314875
N0389HD,0.0068540789954902644,0.9654280324678346,0.02650371962885579,0.0009080958456551258,0.0003060730621639488
N4796HD,0.6327606407589931,0.2767032268016122,0.0835765784481572,0.0053720715978531385,0.0015874823933843883
N4834HD,0.004708841653029106,0.02008016664493533,0.3532954346971214,0.6208506152621331,0.001064941742780958
N4835HD,0.11536306294624812,0.8784867358806039,0.004604291613357748,0.0011402426146809865,0.00040566694510947744
N4837HD,0.5067888221055101,0.48462853796644817,0.006126868004993216,0.0017756896404284106,0.0006800822826200581
N4838HD,0.07485288944656791,0.9209218003196352,0.00321690202374637,0.0007342228600424773,0.00027418535000807323
N4839HD,0.009343342430024368,0.7907937420205656,0.18741897787834289,0.011154512179543013,0.0012894254915240652
N4842HD,0.8493707500187784,0.13558489278000552,0.012618021269269026,0.0019700283017944024,0.00045630763015251077
N4844HD,0.9193920837707894,0.07337141767843329,0.005391035563085361,0.0014630549179818753,0.00038240806970996484
N4846HD,0.0595478635491947,0.18375261167331172,0.5397762857505183,0.0635004906459995,0.15342274838097583
N4847HD,0.5952385371281878,0.3862447514389244,0.015145642030339277,0.0024973037258159215,0.0008737656767327786
N4849HD,0.33863149016410965,0.36565057331864803,0.22837513251850936,0.05195020005995589,0.01539260393877721
N4852HD,0.009172422937016405,0.5436342692039433,0.44047354174657827,0.005433589790492436,0.0012861763219693889
N4853HD,0.5766814959867831,0.3995631378230986,0.020651401436400003,0.0024911054135460086,0.000612859340172328
N4856HD,0.5295287593412401,0.45880089403721197,0.008859741139846953,0.0020636014981837794,0.0007470039835171347
N4858HD,0.5514896351854903,0.42658075116878785,0.01715702748440828,0.003837108485655203,0.0009354776756584029
N4860HD,0.4488858362836911,0.2704644324917561,0.24408781486116177,0.025368535489228728,0.011193380874162268
N4861HD,0.9056735248631953,0.08244945736947756,0.009757602124307839,0.0015492743462215332,0.0005701412967975857
N4863HD,0.5441363331206678,0.44680171417018033,0.006507706046071231,0.0017917620165230606,0.0007624846465575063
N4864HD,0.7097486548898809,0.27724162879609054,0.01008247725819124,0.0021567292573576847,0.0007705097984795259
N4866HD,0.8830374029467168,0.10279170207493761,0.011586226964037081,0.0019998583023458265,0.0005848097119626455
N4012HD,0.8137812782676146,0.1599871097857774,0.022125784758288965,0.003391843581403241,0.0007139836069157806
N4825HD,0.27824811525931786,0.3790231971922552,0.26370562981483453,0.06906683606171282,0.00995622167187958
N4875HD,0.12616919132338852,0.6710538228655716,0.15329854142800103,0.042280418166188466,0.007198026216850524
N4878HD,0.031571098303025534,0.13006200848886412,0.5349043639799197,0.24764262554944785,0.05581990367874281
N4883HD,0.022583282309896507,0.45154115125097627,0.48461704182779747,0.03991660553209296,0.0013419190792365177
N4884HD,0.4328460573942309,0.546656877954986,0.017285019666347552,0.0024324808821166973,0.000779564102318811
N4887HD,0.36401554124380314,0.5639310437911949,0.0655504320114659,0.005792033630851776,0.0007109493226844053
N4891HD,0.8126667512973199,0.1697625009716719,0.012230517949448573,0.004505648779146315,0.0008345810024134284
N4892HD,0.17742793539411247,0.8152435470591803,0.00529074623226043,0.0016269673417511417,0.0004108039726957016
N4895HD,0.9040346756895248,0.05055426575399481,0.03929089807600371,0.005095516397126613,0.0010246440833502452
N4899HD,0.5828183860893725,0.4070516258822343,0.006881343125975678,0.002032612454538416,0.0012160324478789996
N4898HD,0.6150795287275973,0.1676964009638474,0.21249653288083922,0.0033645029353482434,0.0013630344923678574
N4902HD,0.6211998978012508,0.3461393902949191,0.02650383780509844,0.0037886854467369412,0.0023681886519945996
N4904HD,0.09832244402727662,0.6534355277228483,0.1900591891884183,0.022994448872257066,0.03518839018919984
N4906HD,0.7580092133203696,0.2186758029912172,0.020480855673519902,0.0022017503852677606,0.0006323776296254664
N4909HD,0.6188744892476815,0.09567621288493276,0.25212658414097827,0.026850850045288605,0.0064718636811189004
N4912HD,0.608701218801597,0.345391157060722,0.04199317206688037,0.003021490433657003,0.0008929616371435467
N4913HD,0.4993712831959892,0.48526227896473373,0.011535376132550653,0.0029989799636796605,0.0008320817430466333
N4914HD,0.10393863379690595,0.59233822270142,0.2950214473012433,0.007713201456729197,0.0009884947437015944
N4908HD,0.7003443328016845,0.29224403400959204,0.005567549247762397,0.0013471135747471813,0.0004969703662138077
N4937HD,0.7880746456470528,0.19578117686135973,0.01325065545149039,0.002100951361823468,0.0007925706782735247
N4938HD,0.7246560740221409,0.26303658245476486,0.0088719147703076,0.0024749493897562496,0.0009604793630304277
N4949HD,0.9485390679272416,0.043062545766377205,0.007008075810501684,0.0010882130903260038,0.00030209740555338805
N4952HD,0.872164103657763,0.11799220661110384,0.008197881509440797,0.001246260362633407,0.00039954785905881507
N4954HD,0.6706274953620512,0.30523491732496466,0.019479813667699613,0.0035418620045121214,0.0011159116407723645
N7917HB,0.7914910150780657,0.19372813064819286,0.011132821059343963,0.0027720356025932287,0.0008759976118042033
N4951HD,0.5492515321454652,0.4396670409991978,0.007777462188667621,0.002524341940961357,0.0007796227257080994
N0385HC,0.05509290180505905,0.48780843466588175,0.39739476809758123,0.03273835047471654,0.026965544956761584
N3920HD,0.4421824458629336,0.4639506101169095,0.08132933887650831,0.010918700756333822,0.0016189043873147152
N9498GW,0.8586778868922359,0.11940060209174805,0.018545000928740334,0.0027665279477586706,0.0006099821395170295
N4961HD,0.8525825001375741,0.14299830412095538,0.0030789892875628046,0.0009814084223597394,0.0003587980315479182
N4965HD,0.4033400327564643,0.5564254767205157,0.02586715170274633,0.010913763417261416,0.0034535754030122078
N4967HD,0.7832063047893839,0.18441009749086879,0.02226195822927808,0.009320762380256002,0.0008008771102131043
N4968HD,0.11760631706421051,0.6618642782283841,0.16636085638643694,0.03925008416299412,0.0149184641579742
N4973HD,0.8487287014045942,0.1370225205837373,0.012211889325749138,0.0015739183781049544,0.00046297030781438633
N4976HD,0.007584238543206963,0.44243521964284105,0.47386692846104,0.07536287568580613,0.0007507376671058727
N4977HD,0.8170349206095533,0.1730731259704086,0.007305949599340382,0.0018260647264942056,0.0007599390942036261
N4978HD,0.7574429153601662,0.21129801231884898,0.018838129794167126,0.011346449257491278,0.001074493269326476
N4982HD,0.5084370281065634,0.40107151605391755,0.05441236202787785,0.01730112720342351,0.018777966608217723
N4983HD,0.304938002677226,0.4673706985568713,0.12239713957520947,0.10397147626954024,0.0013226829211530219
N4984HD,0.7916300107103287,0.19916035085031922,0.007479820258471791,0.00128261210144945,0.0004472060794309792
N4992HD,0.02200850887581618,0.3158410300826435,0.1554006074076478,0.46718762118950147,0.03956223244439105
N5000HD,0.5896807819612447,0.3633586825063599,0.022760569216495746,0.023154041930876616,0.0010459243850230665
N5006HD,0.43939846996821635,0.37171035130496527,0.17427533258461997,0.011539445831497575,0.0030764003107006956
N5007HD,0.8270833358503988,0.1568325576836935,0.012822744639625605,0.0026781146231674414,0.000583247203114747
N5008HD,0.5673040562853577,0.3955862528388362,0.03018384826631388,0.005221373731458431,0.0017044688780337763
N5011HD,0.5272040727725347,0.42224610724472234,0.03961137548355624,0.005892165469160551,0.0050462790300262695
N5020HD,0.7906146161175731,0.17533498544029671,0.02986688840197112,0.0027924485765299873,0.00139106146362892
N5024HD,0.7203257022256919,0.2686455049165599,0.0070896387906367,0.0027097328165854953,0.0012294212505261557
N4826HD,0.8477216642956786,0.14681055595745657,0.004116645463187605,0.0010265692402358106,0.00032456504344143206
N5032HD,0.8360083702573416,0.14738856681044402,0.008243996882048186,0.007418851494042009,0.0009402145561241441
N5041HD,0.7941921170847811,0.1811233039537311,0.02117522258303753,0.0027383494571029177,0.0007710069213472415
N5043HD,0.9646860426866641,0.032046497005716885,0.002199147073202246,0.0008645751773638955,0.00020373805705293016
N5044HD,0.05630343536751648,0.06741793054806909,0.5930684828009744,0.22771198619519917,0.055498165088240896
N5045HD,0.8302858886298407,0.15484593590480628,0.012459402620574277,0.0019065245291974352,0.0005022483155813691
N5004HD,0.9228179679534577,0.06617837247791117,0.007374302531730453,0.002523403058829478,0.0011059539780711785
N5055HD,0.4438455097907764,0.4460002359340937,0.09419375992307781,0.013720097427518582,0.002240396924533491
N5056HD,0.14575951413409527,0.2779520966686253,0.19656512456861203,0.33731154555842335,0.04241171907024419
N5057HD,0.6169567654774749,0.3662178311029747,0.013873424404213882,0.0020821011878751658,0.0008698778274613805
N5059HD,0.796024022084265,0.07706613983240011,0.11268558585984892,0.011415561226682568,0.0028086909968031855
N5061HD,0.4202090555904324,0.5227742741682931,0.05180489169282958,0.004142099866427918,0.0010696786820169773
N5018HD,0.9036520035409147,0.08708674595852997,0.0076070473225196686,0.001202256423246559,0.00045194675478903797
N4896HD,0.3604351273871598,0.5736854041274545,0.0592019370739924,0.0058962215104512005,0.0007813099009421421
N5064HD,0.7751635051831497,0.201432637077643,0.019265422006045762,0.0033570623611860755,0.0007813733719756763
N5065HD,0.4070894298244157,0.5318007406316205,0.054941775661778866,0.004173755627706278,0.001994298254478641
N5067HD,0.19491487768023943,0.5697221380176634,0.14074422665494837,0.0882708075639598,0.006347950083189077
N5070HD,0.012335628928714436,0.5633969794218244,0.4169980283786407,0.006231053770389171,0.0010383095004311983
N5071HD,0.6869714150949062,0.29891473103533633,0.010616573326293632,0.0027393106815037315,0.0007579698619600568
N5072HD,0.7105720834200935,0.2764103314892963,0.01064705154283061,0.0017238823762505654,0.0006466511715290687
N5074HD,0.5978396903390927,0.3529009920169272,0.04310002897904876,0.004455228903439407,0.001704059761491982
N5075HD,0.9742600250180271,0.02273197687483103,0.0021876714713939395,0.0006198879800574934,0.00020043865569049373
N4923HD,0.8431940295091025,0.14576432147671917,0.007661085924634965,0.00272508075629153,0.0006554823332520211
N5076HD,0.8639137159592911,0.1283655722534583,0.004983563937728528,0.00226879847519306,0.0004683493743291876
N5079HD,0.07902108189982938,0.5279022614038184,0.17537826915225616,0.20525197394065117,0.012446413603444857
N5080HD,0.2532620881547221,0.21056224384110428,0.3237486625898988,0.20041348774976311,0.012013517664511635
N5082HD,0.6965881754967792,0.2776110621646216,0.019319408132377085,0.00575245438673432,0.0007288998194878093
N5083HD,0.5725872260272825,0.3886970374037207,0.031085833369460206,0.006652698972948992,0.0009772042265876496
N5085HD,0.6407514075466864,0.313410164994415,0.03811020678699521,0.005906535076223086,0.0018216855956804192
N5051HD,0.36139720629049754,0.621203054597057,0.014612153446877413,0.0021535556847894948,0.0006340299807785205
N5039HD,0.06342218237337188,0.46998776261233216,0.23282140700680903,0.20682419725259363,0.02694445075489329
N5088HD,0.9668336176484974,0.0281412175708781,0.004170955178260621,0.000601718826960908,0.0002524907754028054
N5091HD,0.13814379231946852,0.8572504332999923,0.003171012412689421,0.001060488608470926,0.0003742733593788123
N5093HD,0.010775321477716628,0.052728226556560266,0.08313584949731583,0.13882778030845203,0.7145328221599553
N5100HD,0.03154468490510338,0.34459171509286185,0.21688006160736278,0.3406837162660185,0.06629982212865353
N5103HD,0.06543942877350054,0.3092353347346895,0.32877727101219345,0.16505568004781246,0.131492285431804
N5104HD,0.9857299660113545,0.011739294196456675,0.002061918745730362,0.0003359760416424548,0.00013284500481588695
N5105HD,0.8741182141156042,0.11028572269465409,0.012290864481207385,0.0028022301170556635,0.0005029685914785121
N5106HD,0.778748147344058,0.2065381840472828,0.01100966392935064,0.0032387168033512236,0.0004652878759574792
N5109HD,0.7205600139380577,0.2612623667361373,0.015343813620177007,0.0020909480833255153,0.0007428576223023211
N5112HD,0.4232202285411091,0.5038053202050077,0.03870124166469256,0.03116940038645503,0.003103809202735624
N5115HD,0.8458142548498394,0.14333770808575308,0.00745010877013562,0.002552587368331198,0.0008453409259404789
N5120HD,0.0308938939064147,0.11955422960460083,0.6468856283382123,0.19046579154330562,0.01220045660746662
N5121HD,0.5711287009342141,0.38339206340020715,0.03873573727974644,0.005440162163558515,0.0013033362222737662
N5122HD,0.3678604364490365,0.4423432304529253,0.17426823966794622,0.014046415942917735,0.00148167748717429
N8305HB,0.696952141983469,0.29006302952546215,0.010072874246855023,0.0014104041998276855,0.0015015500443861527
N5126HD,0.0682132943211309,0.31235307060850437,0.202961089017787,0.3793761848932181,0.03709636115935965
N5128HD,0.8709656575512092,0.12027489006549281,0.006992849091923359,0.0012868400723604109,0.000479763219014261
N5133HD,0.016406838363949232,0.19043877330832465,0.4300444593153325,0.35784796106021427,0.0052619679521794015
N5135HD,0.8676982311390252,0.12345672929836415,0.006661460050525777,0.0017019393998470459,0.00048164011223783977
N5143HD,0.7955232278905965,0.19363525345236418,0.009222721959414011,0.0012046987353601267,0.0004140979622652929
N5144HD,0.25511634387547033,0.6801976820602798,0.06092582881702166,0.003150821394975165,0.0006093238522531035
N5149HD,0.15165640784626785,0.5647250677492591,0.21288696961931372,0.060049001730485975,0.010682553054673322
N5152HD,0.45930041775721153,0.49804709728729,0.03121458152333632,0.00786458471647124,0.003573318715690962
N4394HD,0.2877564412489534,0.508190387321592,0.1451936791652964,0.04395164907686612,0.01490784318729197
N5029HD,0.32498329017366473,0.3687556982022163,0.20169800045628958,0.05699279333483641,0.047570217832992805
N4368HD,0.9254664281099035,0.07036758159310397,0.003194489575178385,0.0006969428849740708,0.0002745578368400069
N5013HD,0.2515074296524415,0.32136686727770714,0.3586497232460383,0.059985805010751646,0.00849017481306154
N5153HD,0.49581307550820053,0.4474906761113992,0.038748523627535725,0.016755457516947434,0.0011922672359170727
N5157HD,0.8462940944648211,0.1414315972077066,0.009804688141409596,0.0019487667178406227,0.0005208534682222645
N5170HD,0.4320383651758311,0.47084299502887056,0.08795122825962849,0.006942794339813207,0.0022246171958566355
N5172HD,0.7807316758282735,0.20440800346314567,0.011476681241332378,0.00285916434403933,0.0005244751232090914
N5173HD,0.6929649260573867,0.27233309378131815,0.02828744705221761,0.005237868024170309,0.0011766650849072936
N5147HD,0.6211239372859213,0.21561420673629622,0.0942068107795408,0.04247296862984808,0.026582076568393672
N5178HD,0.7932058187126665,0.16780787817621898,0.0331926368438953,0.004542648198928733,0.0012510180682905891
N5180HD,0.5238259287292387,0.3518867032342831,0.06959389257801582,0.04731529777948037,0.007378177678981965
N5181HD,0.3433776610095525,0.530169591356036,0.11384138173640791,0.01164170352825623,0.0009696623697472721
N5182HD,0.9163692318357493,0.07042491786853704,0.011949325341538678,0.0009168601335186497,0.00033966482065645267
N5183HD,0.025659521522180345,0.9687730263039732,0.004686809939102204,0.0006399254398803655,0.00024071679486381965
N5185HD,0.5150043027594412,0.3725460460670278,0.09022543305211538,0.021164372796829752,0.0010598453245858782
N5187HD,0.07662637482764605,0.38028746203001124,0.43540759662854484,0.10074799004801252,0.006930576465785356
N5188HD,0.14489265097933895,0.31644451682037705,0.3872709776887721,0.14664351319833388,0.004748341313177993
N5190HD,0.009675261029073465,0.031206992863278233,0.1492052728194612,0.7766259409581072,0.033286532330079895
N5192HD,0.41195738081678135,0.5808388467291595,0.005016227650884267,0.0015478325115899176,0.0006397122915848457
N5193HD,0.896199986036014,0.08305087029867368,0.015897391980066827,0.004278799325470848,0.0005729523597745969
N5197HD,0.8818571850790102,0.11104979241750094,0.005709410928817312,0.0010103289566707405,0.0003732826180008133
N5198HD,0.17968821359359682,0.3778162637186997,0.23164131928293277,0.20636365714536514,0.00449054625940547
N5199HD,0.6321266314093997,0.2527099436072841,0.08586066053181073,0.027098539166789302,0.0022042252847162547
N5200HD,0.6895611393658105,0.2931533226415997,0.014486277759685813,0.002130836988142453,0.0006684232447615151
N5203HD,0.05859266913827846,0.24423181610391564,0.5261688005105042,0.15457121779867458,0.016435496448627192
N5209HD,0.0636649006401684,0.2043111167259991,0.16956806169804634,0.5279571920975058,0.03449872883828033
N5212HD,0.8007992656178555,0.18517264708488018,0.011820963864840089,0.0016089746853056835,0.0005981487471184455
N5215HD,0.6318065371548183,0.32417351198546146,0.032501719260582984,0.006237222573426193,0.00528100902571115
N3574HD,0.822519955934711,0.16219345783353362,0.01068739154632536,0.003960230991939504,0.0006389636934905178
N4760HD,0.03710346636616567,0.16998750226935805,0.6402277682475498,0.13358327422776164,0.019097988889164867
N5225HD,0.7458979241209661,0.24402236840535876,0.008168398982392045,0.0013811878499707176,0.0005301206413123008
N5226HD,0.623743865024328,0.3341226430788242,0.031542328484620734,0.008468595435991164,0.002122567976235726
N5227HD,0.6864083605824814,0.28576332176188163,0.02224026169319339,0.004890353145634922,0.0006977028168084412
N5233HD,0.036339450503223625,0.060082760471484,0.22442048490506875,0.5115948063070158,0.1675624978132078
N5238HD,0.9355395432161064,0.054356415931187764,0.007101242038281551,0.002528198625477853,0.000474600188946337
N5241HD,0.8053081315837934,0.15535857919385004,0.028151107676803008,0.009791473020338228,0.0013907085252151557
N5243HD,0.016762234251544883,0.20694022306123536,0.19160155336768,0.5824805560513846,0.002215433268155151
N5246HD,0.6044099507735552,0.33240058426862285,0.05619098188121606,0.005519434066358237,0.0014790490102476177
N5247HD,0.012744809740586872,0.035059861719517985,0.40335426164839244,0.544384478825357,0.004456588066145595
N5248HD,0.49184683210687385,0.09735968255842141,0.39550687247637456,0.01357841156265749,0.001708201295672797
N5253HD,0.7653387432836916,0.18892873043584588,0.03430774436073666,0.008262803751421612,0.003161978168304293
N5257HD,0.049843979280350205,0.25510184259528373,0.5096521979811762,0.16285756601609372,0.022544414127096204
N5259HD,0.024222461143556976,0.07645414536268312,0.20368849628491797,0.16738179294012942,0.5282531042687125
N5262HD,0.2763320621749973,0.18049171675568998,0.5360986691395059,0.005517977750927208,0.0015595741788796886
N5266HD,0.670792419141208,0.3048726752121839,0.018801718457919503,0.004393281595380213,0.0011399055933083116
N5270HD,0.6648800735340763,0.31582873971480935,0.016364288121581822,0.0022224807332420662,0.0007044178962904279
N5271HD,0.6702416853721868,0.2281021490191342,0.0892828988991664,0.011660922327995815,0.0007123443815168403
N5273HD,0.8267790890552319,0.12662346268925,0.033135256994224725,0.012547041512051731,0.000915149749241751
N5274HD,0.8677467242217591,0.1200160351817563,0.006820007870853311,0.0049163522351025135,0.0005008804905287368
N5211HD,0.43604205900040066,0.42990884912536914,0.09418565798804032,0.03789351020103314,0.0019699236851567206
N4843HD,0.7080872339627768,0.21493478557981405,0.04875922503735048,0.020995612052010053,0.0072231433680485175
N5287HD,0.7538000004858917,0.22676349376595475,0.015451869003132074,0.003204844730583022,0.0007797920144384327
N5286HD,0.035867433635099207,0.3101651565391951,0.4879183410882705,0.10591764504212992,0.06013142369530547
N5292HD,0.05547944475638759,0.2390406431317878,0.519007748454533,0.16387632701735108,0.022595836639940425
N5294HD,0.8738873326307972,0.11292832441486914,0.009110550509866262,0.0018603740363528076,0.0022134184081145404
N5296HD,0.20545474363541086,0.39708882248871213,0.3673289563651708,0.02748981657598247,0.002637660934723836
N5298HD,0.7119369738996808,0.2707025971818195,0.013415156264348301,0.002938620801295665,0.0010066518528557208
N5303HD,0.7247133599902883,0.1547898784788034,0.10719513582052595,0.011995886139160554,0.001305739571221789
N5305HD,0.39605106558879816,0.3568187648597925,0.22405793785348843,0.020121250207208445,0.002950981490712285
N5306HD,0.8272138998536998,0.16354868340831571,0.007254869845427438,0.0015080360104963901,0.00047451088206053896
N5307HD,0.08856948231293178,0.4103657235076729,0.290536324359782,0.1824837917616321,0.028044678057981227
N5311HD,0.7862975630001218,0.12434349976889733,0.07040245936759157,0.01565250098477023,0.0033039768786189963
N5314HD,0.7803064449716356,0.2041191053029819,0.012148611138310325,0.0028603262658243216,0.0005655123212477053
N5073HD,0.07708140374552551,0.2210663604226363,0.5241650526109297,0.14701539071464345,0.030671792506265016
N5277HD,0.03779928531402985,0.4034065317723569,0.26491062609563915,0.23899690143188282,0.05488665538609117
N4885HD,0.983002698881901,0.01005545632760754,0.005930162955904526,0.0007963841526331639,0.00021529768195356985
N5318HD,0.047756222283839404,0.4204790182681761,0.45850169654060813,0.06179127302498098,0.011471789882395434
N5321HD,0.8938585355824878,0.09012783286512314,0.011205358626971067,0.0040439157057978094,0.0007643572196199572
N5323HD,0.9642134273093772,0.032466814321748826,0.002482734572008393,0.0005938111276474841,0.0002432126692180776
N5324HD,0.7552321250666106,0.20120680505607175,0.03181264374799627,0.01047237241167258,0.0012760537176487122
N5326HD,0.8344114476261747,0.1445857759674143,0.008962636570377214,0.011476659550504954,0.0005634802855286763
N5327HD,0.6765955472052229,0.2830949502936758,0.030872972121722103,0.007409651710084689,0.0020268786692946815
N5329HD,0.2826609535366874,0.22024247802810237,0.4532728399625108,0.03931619078472622,0.004507537687973181
N5331HD,0.8828468711217264,0.10157488827096356,0.012643518472414942,0.002469585224135687,0.00046513691075940935
N5332HD,0.7426158655059868,0.23998287906864668,0.011600409865579312,0.005207342872653625,0.0005935026871335786
N5333HD,0.6984414825530746,0.291973615681807,0.007419723454410852,0.0015662338968378544,0.0005989444138697638
N5334HD,0.013067861322367548,0.9828661194917604,0.0031160294843479634,0.0005436184126410582,0.00040637128888337446
N5338HD,0.02027773392040865,0.09416496719472148,0.2531951980011884,0.5527144765230917,0.0796476243605897
N5339HD,0.019099088614594223,0.06435539767555194,0.8061128955283869,0.0986711312067164,0.01176148697475042
N3820HD,0.03482629579423443,0.11671498978565832,0.3268933091470793,0.44393251516397025,0.07763289010905773
N5342HD,0.7772400298615252,0.20370821106106576,0.014920799991965479,0.0033555490872855228,0.0007754099981581405
N5345HD,0.7085066522985352,0.21137028501452576,0.04728086299067872,0.031024084046660145,0.001818115649600279
N5346HD,0.7683107863971373,0.2167209398420847,0.008858560574231934,0.005351675183140597,0.0007580380034054947
N5348HD,0.02949431480790158,0.20922369415928085,0.15254739744596324,0.5913042229274956,0.017430370659358804
N5351HD,0.7000312133614403,0.28189176004911837,0.01092286292584237,0.006446374133032229,0.0007077895305668669
N5354HD,0.003173176555743317,0.010531258626251627,0.07647989680986994,0.9088361981920743,0.0009794698160608527
N5355HD,0.5294392857893956,0.36440935682445585,0.09432624883778985,0.009443185548474191,0.002381922999884465
N5362HD,0.8638290345351667,0.12556108861606485,0.008274532770332492,0.0017059818373165118,0.0006293622411194284
N5364HD,0.7635258968764834,0.2219202231425723,0.010882407245714125,0.003188770941108964,0.00048270179412110865
N1264HD,0.006618686771797607,0.9392137761048246,0.05263543581700393,0.0012502616763934828,0.00028183962998055853
N4985HD,0.34585607219452047,0.5026600278414223,0.12564253623589938,0.01931665036270536,0.006524713365452649
N5368HD,0.03897393008228523,0.13774927280141275,0.46629620904489627,0.29280832106471744,0.0641722670066882
N5371HD,0.8005374097033633,0.18061007620670436,0.008185564265588634,0.010046097351639255,0.000620852472704377
N5372HD,0.7993726254462876,0.18592559508462939,0.00801677405074372,0.00606435486502485,0.0006206505533146311
N5373HD,0.6403440622332677,0.3503546505897939,0.005874716353022214,0.0026248234663459645,0.0008017473575702752
N5374HD,0.8853257029628927,0.1084031923287929,0.0045504697030738315,0.001249020979467881,0.00047161402577266203
N5377HD,0.8862405855315035,0.1045618038161554,0.0067138007425926,0.0019676126996658254,0.000516197210082662
N5379HD,0.7726923179940675,0.20849382992523868,0.014580260701854553,0.0034547334259155396,0.0007788579529236997
N5381HD,0.03778162336317227,0.36587240331846654,0.3090768727871768,0.1998390597664237,0.08743004076476052
N5383HD,0.13071043128471047,0.28762288851876705,0.33250333166745427,0.2328204554409371,0.01634289308813116
N5385HD,0.8344905408618398,0.15335427823604303,0.00910388888791438,0.002274158746966538,0.0007771332672361568
N5387HD,0.012769244974810906,0.09615595716702921,0.16102652375265905,0.33373012387126494,0.39631815023423583
N5388HD,0.09706192105895599,0.421661804058144,0.2352501192877233,0.23471469943724352,0.011311456157933223
N5389HD,0.02260186085798349,0.2895871576506156,0.6353784442454081,0.04923249186094983,0.003200045385043024
N5391HD,0.7488489870510787,0.21125961574294191,0.030658154674294634,0.00806510398811203,0.0011681385435727604
N5393HD,0.7499888636250598,0.2388266927999766,0.008580919606714105,0.0019715306946669828,0.0006319932735823357
N5395HD,0.6968106508691458,0.26806204091263514,0.027007307859869094,0.0070859828650231835,0.0010340174933265985
N5397HD,0.8599925503451218,0.11252379389274579,0.020811921539325973,0.006008486292184494,0.00066324793062177
N5398HD,0.7971648564760009,0.17873925009486832,0.020563189546609708,0.0027316219203603657,0.0008010819621606966
N5386HD,0.118688521345604,0.3263886943874939,0.5513098487629339,0.002909154620630189,0.0007037808833380691
N2483HD,0.54057521293576,0.42604495725260805,0.024492872779506965,0.007525634824071231,0.0013613222080536083
N5402HD,0.8683405042865944,0.11432850145569498,0.015112627602917464,0.0017508715872840907,0.00046749506750902177
N5404HD,0.6537703987416119,0.2755082748791144,0.06504870971127388,0.004148479150362746,0.0015241375176370411
N5405HD,0.8181239128807897,0.17001924399939822,0.00742413191432511,0.003787479147591887,0.0006452320578951414
N5407HD,0.519924038289469,0.3994502218136177,0.06471398492306812,0.014452500767160065,0.0014592542066852083
N5414HD,0.2619832131668433,0.7306777754613794,0.005094627056735242,0.0016380007124301924,0.0006063836026117134
N5415HD,0.8183959205808344,0.17375306552004166,0.004455125479552801,0.0029181111369857658,0.0004777772825853004
N5416HD,0.6320543516395558,0.3570456656070038,0.008134455512332356,0.002027811400134435,0.0007377158409734246
N5421HD,0.7976984388587731,0.1853808243893026,0.012737855516613677,0.00344465143556826,0.0007382297997423058
N5430HD,0.8144009966435009,0.17368998838835334,0.007004007328425039,0.0044184054529058615,0.00048660218681498746
N5431HD,0.043284574615576506,0.3161628892606575,0.605710210715455,0.03308139501067716,0.0017609303976337416
N5432HD,0.6334692494735934,0.328834570381756,0.03304139775989992,0.0036576593980612356,0.0009971229866893344
N5437HD,0.8705610069182678,0.1144515668578148,0.011422707150514837,0.002967566221646356,0.0005971528517563893
N4225HD,0.272825652098012,0.5212641853768675,0.18616796858609197,0.01661149032495394,0.0031307036140746486
N5123HD,0.21726416724134487,0.5780896329524868,0.16999705825300032,0.025689366212677825,0.008959775340490053
N9187HC,0.04721672286284314,0.16310213073819743,0.41476185308549296,0.356258073730823,0.018661219582643548
N5439HD,0.09154081164526376,0.4268835550512573,0.2783499303071047,0.18844704154578948,0.014778661450584818
