ncode,proba_0,proba_1,proba_2,proba_3,proba_4
N4541HD,0.7728362269120078,0.15341552637801237,0.06787052609989842,0.0046003994204568575,0.0012773211896245835
N4397HD,0.035822294606366115,0.0990984760734287,0.3447481374606939,0.5118917885467176,0.008439303312793625
N4544HD,0.8180470619781457,0.16447486787797716,0.01389735015964309,0.002649883963888414,0.0009308360203454983
N4545HD,0.1067724826403341,0.3539992807131003,0.39906754302572994,0.08765647529771659,0.05250421832311903
N4546HD,0.809210564645668,0.179093435034094,0.008498776482732595,0.0024431737425294627,0.0007540500949761517
N4550HD,0.879411455589127,0.10793904527305631,0.010607080851979145,0.0014596743056329133,0.0005827439802045803
N4551HD,0.6333111685806706,0.34634364571597653,0.016219942000460695,0.00300407293716598,0.0011211707657260777
N4554HD,0.12641583720951874,0.15799171229321313,0.7085677853251989,0.004473468478385241,0.0025511966936838503
N4555HD,0.7486359052863456,0.20866506165256554,0.026096316594427398,0.015490778843369784,0.0011119376232915875
N4556HD,0.47282961849202265,0.27396878347901127,0.19082773562370595,0.05917451548302704,0.0031993469222330374
N4563HD,0.2370206458224589,0.5479671787355369,0.20304007677192243,0.00942361959547152,0.0025484790746102813
N4567HD,0.8719538902529254,0.10480221721226089,0.017207207956758987,0.005104691109377067,0.0009319934686777281
N4561HD,0.8335556396000373,0.15992712323966815,0.004085244982035865,0.0018898176793708005,0.0005421744988879956
N4571HD,0.19240803653089442,0.5400886658647721,0.20644156458986804,0.043252822822987876,0.017808910191477574
N4574HD,0.9862853455150313,0.011041579357254422,0.00194203602031925,0.0005291518173241935,0.00020188729007080127
N4575HD,0.4816281069572056,0.46370346374990157,0.040413568670889945,0.00914933545601013,0.005105525165992716
N4579HD,0.2199579667493475,0.5753525289915595,0.10274572743784187,0.09666993504903375,0.005273841772217339
N4581HD,0.8492595932949927,0.13563116973491207,0.011097352083789005,0.002970312624100861,0.0010415722622052885
N4584HD,0.8275339788839514,0.16320137023802078,0.006476889092484456,0.00199235596194951,0.0007954058235938872
N4578HD,0.7697910857343861,0.20041619045592304,0.026242666582318244,0.002569981759454222,0.0009800754679180842
N4590HD,0.14479916718422875,0.8479058232113238,0.005857941102276303,0.001062339326319585,0.0003747291758515758
N4593HD,0.0296284661475038,0.14271052139306104,0.1357087071535741,0.6902848608105386,0.0016674444953225286
N4151HD,0.17077539934914707,0.3211430269532567,0.26218299869395234,0.24127621089583762,0.004622364107806297
N4594HD,0.7672919165754927,0.2216378879483521,0.00836539223262255,0.001933067199679108,0.000771736043853621
N4600HD,0.4658582379979688,0.3232438892410052,0.20462411402608985,0.004938486500978326,0.0013352722339577618
N4605HD,0.053291139261487167,0.09410582953939635,0.6244494351455114,0.22697786827915767,0.0011757277744474158
N4612HD,0.6640826215216987,0.28188345222386496,0.041578047872905755,0.0113837693463182,0.0010721090352123336
N1701HC,0.05738455986855578,0.09330762352843144,0.4927936270063728,0.3205912703180237,0.035922919278616315
N3705HD,0.014113822608538086,0.033323283689802544,0.19626309720977866,0.6872634639091817,0.06903633258269892
N4589HD,0.8133362105248396,0.12685947957206625,0.04680656644984359,0.011686005005076203,0.0013117384481743416
N4339HD,0.9398174609563337,0.055574265434119044,0.003173337025402128,0.001042339028788872,0.0003925975553560933
N4615HD,0.02586826282116609,0.16942173688676393,0.1898615875805543,0.5951528347418533,0.019695577969662308
N4618HD,0.8073551805399211,0.1741567982668765,0.01388462669565784,0.0036518921507721494,0.0009515023467722926
N4624HD,0.3817388509545903,0.6084130264240918,0.006803712402973752,0.002175777313754771,0.0008686329045892986
N4626HD,0.8185918434928193,0.1550416433060026,0.021814250924058105,0.0038741094995804496,0.0006781527775394637
N4628HD,0.0992581190578074,0.49081003278752877,0.2799467592707324,0.11375259000888777,0.016232498875043595
N4638HD,0.03483771429535153,0.2653122814011815,0.5341848559111526,0.15481292530349408,0.010852223088820187
N4639HD,0.40930497822565326,0.5052603465012225,0.04620197245015624,0.032630778190770746,0.0066019246321972515
N4642HD,0.8968626901337758,0.09592310763047186,0.0049234257385409085,0.001680598640103138,0.0006101778571083273
N4646HD,0.9695918924643386,0.025149916065155303,0.0034041326902678947,0.0014521880415321695,0.0004018707387061543
N4631HD,0.8558382565134525,0.136097915794107,0.006135176833385583,0.001389377631068164,0.0005392732279869791
N4656HD,0.03388096350729772,0.2940491954836213,0.5320337462492137,0.11048141021152637,0.029554684548340784
N4658HD,0.8723914238123073,0.10977585623110497,0.012054603575939172,0.005015700461829643,0.0007624159188190706
N4661HD,0.6346246406952037,0.3147885615354361,0.04242542512483915,0.006803293795677779,0.0013580788488431314
N4665HD,0.7502338068210775,0.23026891608964126,0.01603628615705466,0.002592983802697174,0.0008680071295293884
N4667HD,0.7908752932780757,0.19425810486916983,0.010803199698175106,0.003395864471405379,0.0006675376831739827
N4669HD,0.6959708975932662,0.2827723450264156,0.014532177565810673,0.0056448353925576,0.0010797444219501275
N4673HD,0.2928416237262945,0.4166072412263752,0.21285341472310462,0.07022249894428319,0.0074752213799426015
N0760HD,0.2185694452394727,0.4507201418124318,0.3038908270399827,0.014716598134447591,0.012102987773665063
N4672HD,0.6839172671145688,0.2814137913923837,0.02793361032521161,0.00546559992240586,0.0012697312454299646
N2593HD,0.8042466162300878,0.18387183866187728,0.006575434108980523,0.004560864956293729,0.0007452460427604695
N4677HD,0.48700077231940936,0.4637359456937824,0.04178488380775599,0.005012466819379542,0.002465931359672719
N4680HD,0.37711425688739236,0.4666460908342696,0.139499564827344,0.012019762490805332,0.004720324960188781
N4688HD,0.04766410170843411,0.24008569241529737,0.42557858062654935,0.27223687382234446,0.014434751427374895
N4689HD,0.8728009420125675,0.09496669483991818,0.025856526533228025,0.005095648672570416,0.0012801879417157589
N4691HD,0.10839447255621791,0.28480004494737826,0.48249536423285716,0.08471375454384539,0.03959636371970124
N4692HD,0.7138373770609373,0.18134237513705648,0.08119417930912624,0.016399051149470177,0.0072270173434095695
N4694HD,0.06015175253832786,0.27282328069349876,0.5431955236625531,0.10888136919943953,0.014948073906180753
N4695HD,0.4460865407277628,0.4768296269202301,0.05468771787774238,0.015118657401677529,0.007277457072587044
N4699HD,0.13711858678840957,0.11319509020193011,0.667064125473614,0.05783103661874384,0.024791160917302518
N4703HD,0.4874823023563589,0.29274964455934366,0.18959760967529418,0.025455157318217556,0.004715286090785583
N4704HD,0.0037805777992242,0.016409278810308618,0.1908802575638527,0.7880414568318203,0.0008884289947940359
N4708HD,0.9323352929023607,0.059461090055871545,0.005547472686200561,0.0018241494892070017,0.0008319948663600393
N4714HD,0.7254118849279894,0.13434157699140414,0.12139686721845205,0.015303220496863529,0.0035464503652909984
N4721HD,0.245281263846006,0.4689397226581029,0.23763717292775052,0.024374975572572094,0.0237668649955683
N4722HD,0.8023421818303983,0.18472996132127442,0.010410745451873956,0.0017766527463703933,0.0007404586500829658
N4724HD,0.47742817825139383,0.497583645374182,0.018858464462856,0.0050092361686144855,0.0011204757429535998
N4726HD,0.030212174309255723,0.9300446838465756,0.035526453832355365,0.0031526256113385965,0.0010640624004749518
N4735HD,0.6593690878174255,0.30777906572884084,0.021347467954492255,0.006518965416828129,0.004985413082413097
N4063HD,0.7428732601093845,0.15932061150063417,0.06885457838813226,0.02540328154041975,0.003548268461429327
N4712HD,0.6614317745304932,0.31940723879411353,0.01465335583981659,0.003425052580009395,0.001082578255567332
N4738HD,0.23047773550404793,0.41058405509482226,0.2785067943770963,0.07619663866097005,0.004234776363063489
N4740HD,0.1313506390437339,0.268869059217,0.4542667825170892,0.14001753390075497,0.005495985321422009
N4742HD,0.06851475632114103,0.056512661712948525,0.16750658789842648,0.604451951174523,0.10301404289296111
N4745HD,0.8124597542990131,0.16502755710272343,0.014421107931778938,0.007325537477236652,0.0007660431892477918
N4747HD,0.8631841129701081,0.11685273261483352,0.012987591890959568,0.005732521270785939,0.0012430412533127484
N4750HD,0.8278796585975471,0.1405188727928312,0.024248010158514164,0.006543893261902171,0.0008095651892053421
N4752HD,0.033731785536911356,0.125701721138357,0.6806420221867875,0.14291633020237904,0.01700814093556509
N4754HD,0.7888102123661749,0.20157301775503045,0.00684686204842881,0.001921960356070219,0.0008479474742955483
N4755HD,0.2083926477765422,0.4663245845804097,0.233023425633187,0.051123212027021976,0.04113612998283915
N4756HD,0.3760333277192561,0.27218023373526246,0.32143369833188845,0.024510693558236367,0.005842046655356786
N4757HD,0.8737996973625484,0.1177153564189656,0.006286935028066327,0.001562412941911432,0.0006355982485081535
N4759HD,0.3330152895337354,0.584833954097121,0.07214132032080701,0.00808730057057685,0.0019221354777597638
N4762HD,0.602448873601232,0.335164345238164,0.051631527045144385,0.009269969589839534,0.001485284525620001
N4763HD,0.7336169294521524,0.13768026023322344,0.11268056916023307,0.010873588647623918,0.005148652506767105
N4767HD,0.7630285255885155,0.20712427190128052,0.021937926251661376,0.007024693586250911,0.0008845826722917977
N4769HD,0.059580788570938875,0.315231739598468,0.6029142147886247,0.020882331141055272,0.0013909259009132235
N4770HD,0.8336710773938153,0.1530492870711511,0.0102144695229405,0.0021954152034941877,0.0008697508085988945
N4676HD,0.45860580733499984,0.3439031259382499,0.1444169293069127,0.04948681136285086,0.00358732605698684
N4614HD,0.5907719905354575,0.0735965864185896,0.23543137252234753,0.09325289136154938,0.006947159162056038
N4774HD,0.21258424603842607,0.3956307621989146,0.3394250999141076,0.04374216993768266,0.008617721910869253
N4778HD,0.055588937430680975,0.4591790208685438,0.4239634126540015,0.0463518075772574,0.014916821469516322
N4780HD,0.01870965073191805,0.07031042352431961,0.27821059564910927,0.5207739497538978,0.11199538034075525
N4783HD,0.6536864357231473,0.27092969611318846,0.06028814562336626,0.007981034587465198,0.007114687952832742
N4789HD,0.8746936217482764,0.09807255274267707,0.02098171818795107,0.004966406966773296,0.0012857003543222958
N4792HD,0.4678273933071123,0.5215433466989374,0.006884122043087174,0.0027059557207748976,0.0010391822300882523
N4793HD,0.05317807976691555,0.4655264700566341,0.4700538786902227,0.008436460535555978,0.002805110950671501
N4794HD,0.003107721228932295,0.026974038417404138,0.05388714230152386,0.9149900964394072,0.0010410016127323414
N4799HD,0.841593033842394,0.13302352445769627,0.021995991104764183,0.0022663002587820467,0.0011211503363636013
N4800HD,0.9853807244091084,0.011517103155908627,0.002305816857148275,0.0006419625768128326,0.00015439300102191515
N4808HD,0.054996417847654265,0.9400686409373649,0.0035209122435035105,0.001010577398076744,0.00040345157340060216
N4809HD,0.7293891948978365,0.13940775570571898,0.11367758868998441,0.012294602532470281,0.005230858173990041
N4634HD,0.8196311020722291,0.16342864285260253,0.012284660967420608,0.0032246878991612784,0.001430906208586343
N4784HD,0.9496496736391011,0.041207120220247556,0.006838891144383478,0.001919317064143381,0.00038499793212437355
N4815HD,0.8434893235701246,0.14332757263587892,0.008945848687851546,0.0033021112484580596,0.000935143857686807
N4816HD,0.7887435597525014,0.1812305360910044,0.025729638053798295,0.003199441091584765,0.0010968250111110071
N4817HD,0.4191478470541127,0.5234804538294247,0.04903005908558749,0.006806879764562839,0.0015347602663123077
N4818HD,0.8970571497958107,0.08960316524545298,0.010384827826718894,0.0021809612327203824,0.0007738958992969083
N4821HD,0.018559884364083526,0.9746670146736318,0.005355649553530605,0.0008047361342802443,0.0006127152744737781
N4830HD,0.8533394665244183,0.1358930545227725,0.008316948433033901,0.0017616762918315808,0.0006888542279438372
N4748HD,0.8323093539627693,0.15168186469088324,0.012899000120660451,0.0022622459053153695,0.0008475353203717464
N4684HD,0.7646894078855596,0.22175629458385424,0.010389268538486705,0.002299079473034271,0.0008659495190652178
N0389HD,0.009061878769089033,0.9659749268947456,0.023306612474240235,0.0012726885376755277,0.0003838933242495629
N4796HD,0.4538967367760188,0.458238744053164,0.07530587207454917,0.010782416263270297,0.0017762308329977103
N4834HD,0.008094557942459692,0.029199354446535118,0.5236719462469003,0.4366077972758166,0.00242634408828821
N4835HD,0.15439267372544252,0.835905687373608,0.007062124398115015,0.0019177962676205735,0.00072171823521381
N4837HD,0.5132963495258082,0.4765790031265587,0.00707142820568554,0.0021402953687003133,0.0009129237732472738
N4838HD,0.06112833872253902,0.9333071855597256,0.004059546742703828,0.0010705483339458295,0.00043438064108582
N4839HD,0.017565921405725018,0.7500404679022836,0.20832970500876222,0.02281219542211832,0.0012517102611108246
N4842HD,0.8701397484393587,0.09355731057275825,0.03166025865254935,0.003816938676849113,0.0008257436584844966
N4844HD,0.9082347539014004,0.08123597241196825,0.0077039640764608895,0.002097895910060831,0.0007274137001096623
N4846HD,0.0728538570858372,0.22615552730176752,0.4476486762179775,0.05779091096936228,0.19555102842505542
N4847HD,0.6880062483670827,0.28490723325188766,0.02081537102977434,0.004797141182038826,0.0014740061692164867
N4849HD,0.3983483827612213,0.3452899394032762,0.12709014841074545,0.086306003985055,0.04296552543970193
N4852HD,0.016834525877845178,0.5778257316720741,0.3973824212953527,0.006696205324986275,0.0012611158297418264
N4853HD,0.5557916640227555,0.419543580977105,0.017282489093608498,0.006490886305668498,0.0008913796008625985
N4856HD,0.5972784690835057,0.38711753832859197,0.011278865368457272,0.0030927216084293096,0.0012324056110158217
N4858HD,0.5272971255598653,0.4426615442534114,0.023127376622284725,0.005366593425353797,0.0015473601390846704
N4860HD,0.3587679508661479,0.3386028666135078,0.25151956155613053,0.03730755948703225,0.013802061477181493
N4861HD,0.9043218463979235,0.08409837922827147,0.008924197516293078,0.0018978861149170601,0.0007576907425949534
N4863HD,0.5531872074224087,0.43445669871495485,0.008203142908054068,0.002975317865195114,0.001177633089387311
N4864HD,0.7015537701461023,0.2830471699358027,0.011832451991727881,0.002685154726926556,0.0008814531994404575
N4866HD,0.7099734911298001,0.2654886815375498,0.019540181790465606,0.0037407035020099524,0.001256942040174429
N4012HD,0.7712278635553036,0.20824196608379372,0.015681867164455073,0.0038445646289351812,0.0010037385675123528
N4825HD,0.34730407217433634,0.4239261072612883,0.1585799307068498,0.054657749610232925,0.015532140247292667
N4875HD,0.12172898147365217,0.6664847803473897,0.15996177327287892,0.04305313825163548,0.00877132665444372
N4878HD,0.03462815569182384,0.1243352646860341,0.45099191250530485,0.2900601575677161,0.09998450954912103
N4883HD,0.023291297612065127,0.336360777333585,0.578055686958167,0.060779688423689304,0.0015125496724935617
N4884HD,0.5960078438662076,0.37133850067481716,0.027162663747828195,0.0042046803591544845,0.0012863113519923795
N4887HD,0.14454947772444085,0.8331563390245725,0.019696804381927984,0.002179281631295766,0.00041809723776296137
N4891HD,0.6153630964289023,0.3678322941798933,0.00984118269511901,0.006322890746729451,0.0006405359493559236
N4892HD,0.19775937543428868,0.7868242499235851,0.012390220873539267,0.002434079748188971,0.0005920740203980253
N4895HD,0.9002501145634664,0.058025856418370235,0.03518354925622053,0.0054890794885487796,0.001051400273394182
N4899HD,0.5887946379280153,0.3988841088029053,0.008002633354419466,0.0027344190997863073,0.001584200814873404
N4898HD,0.7042503779558049,0.18779017207657417,0.08951277235399469,0.017025693835740624,0.0014209837778854878
N4902HD,0.7270565575973281,0.22955285465331907,0.03547292849772052,0.005066788896491963,0.002850870355140176
N4904HD,0.0852040802443442,0.6459404687894779,0.21697793146275948,0.023468208978555845,0.028409310524862792
N4906HD,0.741490915805799,0.23004022636045687,0.0249444004003967,0.002676575603601563,0.0008478818297459897
N4909HD,0.5959926292291251,0.09106599366018854,0.2732402335398788,0.031022070187098662,0.008679073383708874
N4912HD,0.6277582587667195,0.32983536640289296,0.036673481599538676,0.004195348527016663,0.0015375447038321179
N4913HD,0.6431111606405606,0.32429888073092983,0.025867769903665024,0.0048966801902580095,0.0018255085345863387
N4914HD,0.14042168866005827,0.6227108032437656,0.22504260047104271,0.010038371753856828,0.0017865358712766115
N4908HD,0.6409651390657621,0.34666905183463986,0.008509591125804189,0.002970501239397839,0.000885716734395938
N4937HD,0.7622460781932192,0.22112752253966134,0.012421489466060462,0.0030276034706268637,0.001177306330431865
N4938HD,0.7702675804848235,0.21872520553560776,0.007786432642939256,0.0020331263700460998,0.0011876549665836222
N4949HD,0.9557733324107678,0.03513861815420922,0.006549010311215397,0.0020285838090876238,0.0005104553147198955
N4952HD,0.872170688872783,0.11681173291117733,0.008405193773888724,0.0019324626688300905,0.0006799217733206151
N4954HD,0.715829471591875,0.2589421979118737,0.016678332992095157,0.007090943478647162,0.0014590540255089272
N7917HB,0.8809974201555955,0.1062497017041436,0.008986605440581462,0.00285566714284079,0.0009106055568385486
N4951HD,0.60744184081434,0.3803280744054309,0.008753154802592793,0.0026019256959559944,0.0008750042816802275
N0385HC,0.05613081618531734,0.6049599475567904,0.2551709103057353,0.05529831089100075,0.028440015061156326
N3920HD,0.2286335465443304,0.655101939846306,0.10212935161373665,0.012549540892274353,0.0015856211033523468
N9498GW,0.8663880580567425,0.11278278667912474,0.017280942352160822,0.0027089366569166312,0.0008392762550552048
N4961HD,0.8438394557881221,0.14939877168191937,0.004719749885404407,0.001417829156861633,0.0006241934876924076
N4965HD,0.5190165753156635,0.39480208223581376,0.04387739436124973,0.03912004786390052,0.0031839002233725435
N4967HD,0.8140335396039984,0.15338018255511862,0.024679630535191753,0.007007655186363128,0.0008989921193282309
N4968HD,0.18528590964532315,0.47158376710925926,0.25418418669738535,0.0676829067805308,0.021263229767501477
N4973HD,0.8386885111055659,0.1434010880763991,0.014901345107347664,0.0022077262125137407,0.0008013294981736973
N4976HD,0.010650702221252733,0.32480214974267135,0.6254670564617099,0.038058368058739474,0.0010217235156266232
N4977HD,0.7049438682178276,0.2821617633753345,0.009098094998520365,0.0026402023383746455,0.0011560710699428268
N4978HD,0.7920706087594057,0.16916276149775783,0.029107534844056083,0.008106273740116033,0.0015528211586643826
N4982HD,0.608953775531975,0.2909841726644816,0.06089925368986915,0.01285578200015374,0.026307016113520425
N4983HD,0.27092476958574857,0.48505332671620993,0.1792762185130309,0.06200942079202851,0.0027362643929821546
N4984HD,0.7962949703518676,0.19311564098124123,0.008121391960105482,0.0017945858911082467,0.0006734108156774305
N4992HD,0.01799703814437701,0.34878681720858906,0.12104808227569376,0.46447957744883955,0.04768848492250055
N5000HD,0.6347365692121897,0.3053154700022614,0.03212658979882413,0.026363175903238584,0.0014581950834861427
N5006HD,0.5703475730737536,0.3133156242622085,0.10503113386481924,0.008247876835668109,0.003057791963550594
N5007HD,0.7850082085744502,0.19973446250174337,0.011162492221440563,0.003359306528093323,0.0007355301742727307
N5008HD,0.5477735051281732,0.40205030433772165,0.04266162969773402,0.005552633266051957,0.0019619275703191804
N5011HD,0.6684548521253045,0.2832121844222616,0.033602540730873307,0.006380091475341309,0.00835033124621924
N5020HD,0.7096856938331263,0.25259020390079234,0.03063119559142134,0.004241799133526579,0.0028511075411334877
N5024HD,0.7291886513593769,0.2571034484418098,0.010187422219327075,0.0022757806943570253,0.0012446972851292016
N4826HD,0.8948183453874468,0.09674845412966918,0.006516101279422389,0.0014211746651162085,0.0004959245383456143
N5032HD,0.8890528929984578,0.09630030529902886,0.007967972078780458,0.005595428954520937,0.0010834006692119866
N5041HD,0.8610255186826496,0.119838456408684,0.015741012922903454,0.0025407930585145894,0.0008542189272484013
N5043HD,0.9617765640457785,0.03305071171525105,0.0035186907719406517,0.0012894246494601735,0.0003646088175695715
N5044HD,0.0682270248561971,0.0880492966704406,0.6305636284673617,0.16810737345912966,0.045052676546871166
N5045HD,0.7900577659103589,0.1947367966191611,0.012117149329623187,0.0023437990692185976,0.0007444890716382036
N5004HD,0.8999127997612145,0.0870941205155717,0.008442906094725438,0.002865147354187624,0.0016850262743007367
N5055HD,0.4995221535707651,0.3291569885433987,0.14269257379465472,0.026741642288843532,0.0018866418023378974
N5056HD,0.09145470217639963,0.27961755236175484,0.22476390230545254,0.35192617722024483,0.052237665936148175
N5057HD,0.595869014839336,0.37782109400746355,0.02143674567310178,0.003401186265589061,0.0014719592145096534
N5059HD,0.7281312503331067,0.14980760693326767,0.09877938526577519,0.019354918091519267,0.003926839376331042
N5061HD,0.5275832345207662,0.3705065322914427,0.09623667531474793,0.004425527443744523,0.001248030429298553
N5018HD,0.9390584365753964,0.05192009323690891,0.0069206679658321965,0.0015552964222841032,0.000545505799578282
N4896HD,0.5435295036082293,0.4268092316899599,0.01904473176101705,0.009484913276720944,0.0011316196640727564
N5064HD,0.8180954797899048,0.1638727192199522,0.012388007370401513,0.004693617275032729,0.0009501763447087693
N5065HD,0.3478492274497968,0.5970380273636542,0.047863000006748695,0.005377755423187011,0.0018719897566132739
N5067HD,0.20171071081498765,0.5621507250239117,0.14814217735384985,0.08096079414217813,0.007035592665072518
N5070HD,0.019051270535418493,0.38537210782276493,0.5826991360754029,0.011180378119651896,0.0016971074467618732
N5071HD,0.7847006315498016,0.19971316636630135,0.011255512112893648,0.0031085237262064875,0.0012221662447969492
N5072HD,0.8044306359429965,0.18342490927829505,0.008761043768865346,0.0024139936340318545,0.0009694173758113812
N5074HD,0.5550571192233447,0.3817968240342691,0.054069317889935964,0.007865282812835089,0.001211456039615166
N5075HD,0.9767983034781587,0.019616345422978763,0.0024436320414060048,0.0008409089069703426,0.0003008101504861899
N4923HD,0.847467088386195,0.13539159126820124,0.011760522732206527,0.003360479629727332,0.002020317983670092
N5076HD,0.7973247466379513,0.19136557070912877,0.007568351605916304,0.0030637640522364596,0.000677566994767249
N5079HD,0.09639341736260676,0.3631260121499808,0.2524692731192041,0.2809920376803892,0.0070192596878190855
N5080HD,0.27974353633849963,0.2682639988794166,0.2654716109413246,0.177353555137395,0.009167298703364126
N5082HD,0.7320434568178451,0.2239390048527986,0.029737005848577622,0.012984728482496159,0.0012958039982825585
N5083HD,0.7502252575501394,0.2164886692743551,0.02612796365306964,0.005816952881109784,0.001341156641326115
N5085HD,0.6179411036223511,0.3320044455872211,0.040538441508647015,0.007155842031050791,0.002360167250730186
N5051HD,0.32598255601899595,0.667928926507669,0.004662782489389331,0.001045211545711253,0.00038052343823436824
N5039HD,0.08544231808139884,0.3741750153459205,0.27115578718788835,0.24031328807525923,0.028913591309533068
N5088HD,0.9733510148914094,0.021612060794156018,0.0038729535324731465,0.000831865957486548,0.00033210482447467056
N5091HD,0.12385286634342801,0.8705267401613235,0.0037182508904297176,0.0013579887597770038,0.0005441538450418451
N5093HD,0.013125306944138269,0.04903747498257288,0.09284736389606031,0.18130683235466172,0.6636830218225669
N5100HD,0.024936717705202702,0.1922203013048593,0.17930346058734364,0.5438421160678737,0.05969740433472072
N5103HD,0.07791545969293383,0.24230520006653022,0.294250479901313,0.14623948484777285,0.23928937549145018
N5104HD,0.98432798766831,0.012231304107221083,0.0026952167866660455,0.0005247219468235952,0.00022076949097918884
N5105HD,0.8549811459720308,0.1265082789827023,0.01469419924791778,0.0032294152757295475,0.0005869605216196162
N5106HD,0.8115052020883756,0.17338471986558152,0.007693038934178714,0.006717153492498037,0.0006998856193661902
N5109HD,0.8049993175813325,0.18124781135343845,0.010329817189942182,0.0024523943239514933,0.000970659551335538
N5112HD,0.47585595747814624,0.4496895262387922,0.04980844336341459,0.02084599950819035,0.0038000734114565127
N5115HD,0.835600056107476,0.15455646277884888,0.006880708765348681,0.001893463057040391,0.001069309291285956
N5120HD,0.043817002941778926,0.13689795476646635,0.6086896493502381,0.19275275394076397,0.017842639000752687
N5121HD,0.6474773517207871,0.3045488168571352,0.03955826182466873,0.006979714084663631,0.0014358555127452625
N5122HD,0.4713413729969756,0.3861858048289075,0.12032142774013903,0.01233202224957486,0.009819372184402882
N8305HB,0.7097777337664217,0.27349757719014633,0.013202852338012666,0.0024595938317899463,0.0010622428736294367
N5126HD,0.07558220962518752,0.42288489191830725,0.26397481012499896,0.21096505636830648,0.026593031963199815
N5128HD,0.8917888693620292,0.09629925709264385,0.008926781238921495,0.0021791141073073295,0.0008059781990980831
N5133HD,0.03295281917003349,0.19738133158709792,0.5523812270900361,0.21011050719693816,0.007174114955894328
N5135HD,0.8415125300130487,0.14686680704991975,0.009007832470563948,0.001987896180786282,0.0006249342856812857
N5143HD,0.7798175090295558,0.20484113942445034,0.012707942844675416,0.0018593761294986608,0.0007740325718199144
N5144HD,0.36129189425606556,0.5319653431769983,0.09870354953373774,0.006828438339610494,0.0012107746935877952
N5149HD,0.21048304676939122,0.5145886955658229,0.19134764175680244,0.06939169670712621,0.01418891920085731
N5152HD,0.47967483995482985,0.4764555644776489,0.03170731138843097,0.008249301971998446,0.003912982207092034
N4394HD,0.26079613760963805,0.5177683366821152,0.155036670369439,0.055779165709810515,0.010619689628997151
N5029HD,0.40863329654113056,0.41287508290398434,0.11563725668517562,0.047036903034063306,0.01581746083564631
N4368HD,0.9435476303228559,0.0524964608801356,0.0027407805632900946,0.0008778418601409435,0.00033728637357758543
N5013HD,0.3163143348111712,0.2948818552521348,0.3164310372439689,0.048163703963916775,0.0242090687288083
N5153HD,0.3477998818581588,0.5911845662528471,0.04035431153861258,0.0174788942557177,0.0031823460946637885
N5157HD,0.8244641892385572,0.16109283164221422,0.010909226942807262,0.002958950768347486,0.000574801408073674
N5170HD,0.4605012764327161,0.46296793258996694,0.0635001284368127,0.008869672778512428,0.0041609897619919395
N5172HD,0.7658760441179406,0.2184031704061969,0.01167715757563003,0.0033357894312655255,0.0007078384689668978
N5173HD,0.7724478163641108,0.19945417726193154,0.021079170513451546,0.005939782047307237,0.0010790538131987789
N5147HD,0.5460058490054569,0.31301696674133583,0.10167415244842372,0.03623148919822303,0.0030715426065605522
N5178HD,0.7842545079274543,0.16962194680967574,0.03843939455462396,0.006444992728865057,0.0012391579793807573
N5180HD,0.6609621224255041,0.21960513205845816,0.07312998443499802,0.03683948794508086,0.009463273135958936
N5181HD,0.35524661038451955,0.5451090063504079,0.07704737093763454,0.020862439135702942,0.001734573191735119
N5182HD,0.8698828855075517,0.10705962998665992,0.020737242636226668,0.0016942358298021622,0.000626006039759802
N5183HD,0.02450585855357328,0.9669348406272276,0.00711486211345571,0.0010331596948248553,0.00041127901091870725
N5185HD,0.43935366502223816,0.4559205454572878,0.07813484655240573,0.02543939342607545,0.00115154954199277
N5187HD,0.15641553645802006,0.3929970170179573,0.34401551611992526,0.09575275349256578,0.01081917691153155
N5188HD,0.18564555649240047,0.28585836254389463,0.352631867119884,0.16823211888941333,0.007632094954407576
N5190HD,0.009957919930844085,0.03229516317528913,0.11092776602603677,0.7678598289555644,0.07895932191226573
N5192HD,0.4661495551032691,0.5243247611854795,0.006465700960389554,0.0021416459672949787,0.0009183367835666364
N5193HD,0.8800429228593577,0.0971209782110016,0.015956884784348747,0.0056017454367624136,0.0012774687085292213
N5197HD,0.8857240757626657,0.10495957443193868,0.006352564424511303,0.0023349905652866906,0.0006287948155977325
N5198HD,0.2880773480817636,0.3592478255284504,0.15438378306676706,0.1929465033443839,0.005344539978635053
N5199HD,0.739790261302838,0.17356559521415998,0.05593711557380523,0.028710090770993096,0.0019969371382036957
N5200HD,0.7670803222295878,0.209919785153788,0.017988484637178215,0.004099917921563498,0.0009114900578824425
N5203HD,0.03690858724880272,0.19533637295275932,0.46933262712666574,0.2723680511831648,0.026054361488607434
N5209HD,0.03321372623604128,0.08854084504183848,0.0965922882504146,0.7655270040790049,0.016126136392700753
N5212HD,0.8415141486297949,0.1454092391494062,0.010599650876384042,0.0017702332845134492,0.0007067280599014841
N5215HD,0.6147978084364827,0.33430552532004354,0.03494868791447773,0.010436854717794784,0.005511123611201342
N3574HD,0.8378283722813366,0.1463153094660221,0.011175387269219132,0.0037513119228314057,0.0009296190605907857
N4760HD,0.03993991784661371,0.24899090436956514,0.5739846379665806,0.11015599067162034,0.026928549145620158
N5225HD,0.7430142369570186,0.248163894946642,0.006645212381117693,0.0015556110331312635,0.0006210446820902314
N5226HD,0.6682678337393544,0.2893860062623989,0.028994151839224557,0.01016840497477391,0.0031836031842480566
N5227HD,0.7373767866759128,0.2215512187266692,0.03617096125858659,0.004162797286301977,0.000738236052529374
N5233HD,0.022995595469722237,0.0669285298151672,0.27055300246403546,0.3835677996745703,0.25595507257650485
N5238HD,0.8509573065624376,0.13317538644162727,0.010841774497723387,0.003797345125552809,0.0012281873726589822
N5241HD,0.8137121489088016,0.15907693354005029,0.021306764649808196,0.0040905483660181865,0.0018136045353216582
N5243HD,0.024701735635699634,0.28532264856350104,0.2538066673191512,0.43312067684594596,0.0030482716357021615
N5246HD,0.7129222966997893,0.2611407426382703,0.021269516018122082,0.0035874480227791774,0.0010799966210391948
N5247HD,0.0077380574669052475,0.03197779799157266,0.34880544707546585,0.6074016902685437,0.004077007197512587
N5248HD,0.7303454529755343,0.05256072840783828,0.2025569855967427,0.013106495265299596,0.0014303377545851123
N5253HD,0.600435910213442,0.35378296472328363,0.0342077971024303,0.008143049313487933,0.0034302786473560036
N5257HD,0.03573951790583814,0.19537654977251825,0.4643138165202423,0.28030116994030524,0.024268945861096035
N5259HD,0.03407524474404558,0.13362847367577183,0.4154180638377493,0.2315184009254303,0.18535981681700303
N5262HD,0.3277932194633994,0.28084066018655035,0.36677988689414803,0.021401549620906075,0.003184683834995985
N5266HD,0.5011187905073679,0.480548220631495,0.013724420049557777,0.003451741299051868,0.0011568275125273914
N5270HD,0.7131771660766738,0.26627095846644067,0.016801060395039986,0.0028238852554515912,0.0009269298063940528
N5271HD,0.539242072117839,0.35336454931531547,0.09345990275919226,0.012672154223902365,0.0012613215837508646
N5273HD,0.8238089316993733,0.12397238702657652,0.03109743471916325,0.020024668265707462,0.0010965782891794718
N5274HD,0.8964186333718922,0.08989133347591531,0.007713755317466278,0.00526148813678761,0.0007147896979388345
N5211HD,0.4880613050810163,0.3736759284081489,0.09903807461257971,0.036705742764246777,0.002518949134008428
N4843HD,0.7658007871464529,0.16216243676164765,0.047820799725807904,0.01868100515124335,0.005534971214848193
N5287HD,0.7018948844102517,0.27243564080515464,0.01905504797100348,0.005466728122746049,0.0011476986908442038
N5286HD,0.10166852441240734,0.3040812257065469,0.44257821076046044,0.1031175394785361,0.04855449964204927
N5292HD,0.03377443221752335,0.2198899698223403,0.4562031064508336,0.2744539601177152,0.015678531391587598
N5294HD,0.8346461846810019,0.1413037476460784,0.013822258775158696,0.004328136197830824,0.0058996726999302205
N5296HD,0.23509674450934573,0.3981799436544809,0.2995657719358976,0.06469876441045747,0.0024587754898181637
N5298HD,0.5672208671608665,0.3776516728447646,0.047196815455597986,0.005657456237548927,0.0022731883012220835
N5303HD,0.6386340429696606,0.16287864571036303,0.18530717931931814,0.011314902938748437,0.0018652290619099459
N5305HD,0.42375183320414794,0.34155191752769837,0.1947730820577596,0.036487384309137366,0.0034357829012567373
N5306HD,0.8387816115556523,0.14695650781766528,0.010838753041770628,0.002620404750127657,0.0008027228347840318
N5307HD,0.08875582076848597,0.3887131922973678,0.35643269328470467,0.1446421389434357,0.02145615470600593
N5311HD,0.7733897203023368,0.16159703663044653,0.04902698784906396,0.012533834948908251,0.003452420269244338
N5314HD,0.6906920527114845,0.27802753657636975,0.024252471807310674,0.0061518948477106055,0.0008760440571244525
N5073HD,0.10421321223980903,0.22141428880482153,0.49275896478083975,0.15830045084577765,0.02331308332875216
N5277HD,0.02885768669976767,0.4035382826294556,0.29912568078165164,0.2315613970001767,0.036916952888948605
N4885HD,0.9834276021873626,0.009829951777213746,0.005803200516442498,0.0007633087250975761,0.0001759367938834276
N5318HD,0.05344469486327239,0.5183019125731808,0.34912826963782995,0.06848732895458448,0.010637793971132391
N5321HD,0.8759972644056555,0.10092408824886288,0.018467352931777148,0.003335818442667432,0.0012754759710369868
N5323HD,0.9485420738258175,0.04641333204004116,0.003564633665421016,0.0010585672483963509,0.00042139322032417595
N5324HD,0.7067665759702102,0.2577916663656586,0.025778005258588883,0.008779110568174105,0.0008846418373683261
N5326HD,0.7557785633874575,0.20407662135135407,0.016141263608240496,0.023014540759486068,0.000989010893461869
N5327HD,0.752481768722424,0.2086097121582953,0.027711322748472034,0.00856360763853416,0.002633588732274626
N5329HD,0.38883576128359976,0.16081234008807743,0.3850257294465634,0.061136206798688766,0.004189962383070584
N5331HD,0.8343085856887644,0.14850639820950903,0.011944435280995565,0.004220150895681347,0.0010204299250495927
N5332HD,0.6906701436109726,0.28819130121227404,0.014053083731934729,0.005758891016401386,0.0013265804284173161
N5333HD,0.7634396671564996,0.22554033327570952,0.00809702758589622,0.0021093558870510353,0.0008136160948438491
N5334HD,0.013236739506688985,0.9823521172567254,0.0031794304592819267,0.0006977875037774827,0.0005339252735260627
N5338HD,0.04291915605876285,0.1404673741947146,0.2722519931623983,0.48244780880399674,0.06191366778012762
N5339HD,0.03182542743888966,0.05382887281965368,0.8416803020843232,0.04671454260128063,0.025950855055852845
N3820HD,0.03652836092414143,0.14041503687991003,0.3660203666932002,0.3677039528679462,0.08933228263480196
N5342HD,0.7282660161141877,0.24601443522779481,0.02002029863722682,0.004489076483984479,0.0012101735368062361
N5345HD,0.803112278127287,0.14132940015712908,0.037601780773450895,0.016619290158108233,0.0013372507840249343
N5346HD,0.7224075905511196,0.26530028456113147,0.008379140658944413,0.002567066733606291,0.001345917495198168
N5348HD,0.055448963004387106,0.1851151177337062,0.26613149202734704,0.47841750201975497,0.014886925214804878
N5351HD,0.5886134661128715,0.38673960178267364,0.013662737759053783,0.009750223105343264,0.0012339712400580335
N5354HD,0.0027278534273661335,0.008813321109617848,0.061022063503478816,0.9259471102589383,0.0014896517005988307
N5355HD,0.4872658972501483,0.3361650104028165,0.16347954479008736,0.0102972623566149,0.002792285200332802
N5362HD,0.8966224419988065,0.0933226126961003,0.007179291235135611,0.0020644783326420517,0.0008111757373155889
N5364HD,0.8486006068128114,0.1358213178324861,0.010853553658662942,0.004107760028490093,0.0006167616675496716
N1264HD,0.007333550669831415,0.955193117205527,0.03565357514765735,0.001433352913034153,0.00038640406395005675
N4985HD,0.34244604886485003,0.5137045029127844,0.10961241057020792,0.022382805454972038,0.0118542321971857
N5368HD,0.04437754733771797,0.14188412170952486,0.3836203886388069,0.3500572445242241,0.08006069778972616
N5371HD,0.7892951932129743,0.19640396557998266,0.008256857604532325,0.005310064366757454,0.0007339192357534883
N5372HD,0.7856560342442803,0.19069713862087978,0.009737380023402244,0.013075023713565087,0.0008344233978726837
N5373HD,0.5060984098334319,0.482686137302354,0.00747736301067445,0.0027106020621001595,0.0010274877914394197
N5374HD,0.8508361638518424,0.14171197714682637,0.005277814701995434,0.0015537447079538112,0.0006202995913819359
N5377HD,0.7968626732611276,0.1886669116836249,0.009879463350511056,0.003702077736692352,0.0008888739680441892
N5379HD,0.7988246692723191,0.18323602937223255,0.013141501949866637,0.0038923171554392307,0.0009054822501423962
N5381HD,0.06942139056499293,0.3463620779904658,0.2492518393177775,0.28086676459109433,0.05409792753566954
N5383HD,0.14247292603049344,0.2780455796060307,0.38511391517562604,0.18729565561453027,0.007071923573319554
N5385HD,0.7925467548803337,0.1919592332154156,0.010974453489712505,0.0032752806719052534,0.001244277742633108
N5387HD,0.017433034459562825,0.14115499906951057,0.24396356376888909,0.455584896864883,0.14186350583715443
N5388HD,0.09818593405112232,0.3505985699281706,0.27631915601697066,0.25670335652352816,0.01819298348020821
N5389HD,0.028533764324507136,0.2845493997820406,0.6509711127497926,0.03281222897635946,0.0031334941673001977
N5391HD,0.6341830136524833,0.33044752343827,0.02702433520048529,0.0070324158958525495,0.0013127118129089132
N5393HD,0.7981894018449992,0.18865559732276585,0.010270855725397049,0.0021129037576283387,0.0007712413492095824
N5395HD,0.7062789141313407,0.2559901159210826,0.029669049103626433,0.006633444026173586,0.0014284768177766254
N5397HD,0.8261588836293267,0.14746703200725397,0.018381965016315425,0.006947840719420409,0.0010442786276834023
N5398HD,0.7910903673358034,0.190041841238985,0.014499495403806508,0.003424555956781839,0.00094374006462317
N5386HD,0.1924542130093561,0.24858871231043742,0.5547420225254893,0.003246651963979435,0.0009684001907377653
N2483HD,0.6568390907924055,0.31645208400331043,0.020006317813810147,0.005054181765915386,0.0016483256245585533
N5402HD,0.7695621932321626,0.21538603578506246,0.011734657273599538,0.0025786864626635595,0.0007384272465120477
N5404HD,0.7339311794488411,0.19245977694424532,0.06472325250143866,0.006127977265229982,0.0027578138402448524
N5405HD,0.8047125608486467,0.17931843240733783,0.00848709062635461,0.0065379567328657075,0.0009439593847949946
N5407HD,0.35436615693824075,0.5031049020727395,0.1254393340549968,0.015454886508963761,0.0016347204250592435
N5414HD,0.3003918319395999,0.6886401884392541,0.006974694598165664,0.0031262116921588643,0.0008670733308213445
N5415HD,0.7834473219748572,0.20610500887029637,0.005799414257145335,0.003930446257074429,0.0007178086406267626
N5416HD,0.5844186767788132,0.39799621389885803,0.012388265906908813,0.0037382546147096346,0.001458588800710329
N5421HD,0.8251857746466063,0.16111221984278698,0.009839451279450961,0.003063024246551892,0.0007995299846039553
N5430HD,0.7725967602919632,0.2127687685139397,0.010173660485974402,0.0037241022431537193,0.0007367084649689745
N5431HD,0.051961063149532645,0.15201018605547492,0.766494928234104,0.028264769271006566,0.0012690532898819347
N5432HD,0.6483944236344727,0.33245776451261877,0.01336623601098743,0.004920570077375208,0.0008610057645458652
N5437HD,0.8475665476044507,0.13793125587611912,0.011543808887423804,0.0021073635381005846,0.0008510240939056447
N4225HD,0.33639030363586425,0.3965939542009784,0.24372317754127357,0.01771710964849555,0.005575454973388281
N5123HD,0.16375604077567305,0.6976542902390876,0.10178304578823727,0.02914256895778852,0.0076640542392133635
N9187HC,0.04700550135670903,0.1985189335638145,0.35151362733671515,0.39178244861817074,0.01117948912459056
N5439HD,0.10318508528963984,0.5467982073728944,0.2115673583385855,0.12227850832384306,0.016170840675037167
