ncode,proba_0,proba_1,proba_2,proba_3,proba_4
N4541HD,0.7695917150482191,0.2048028750025722,0.01779618684791913,0.005396758462749545,0.0024124646385400824
N4397HD,0.017576931725702075,0.13265362914140125,0.43938461897834385,0.35244455897039423,0.0579402611841586
N4544HD,0.8867595041307472,0.10731046159569205,0.004055670553066268,0.0012915888132781163,0.0005827749072162921
N4545HD,0.07394854484622113,0.38025074600525827,0.36902098503121433,0.12224523272509326,0.05453449139221297
N4546HD,0.20150217257647507,0.694929884242557,0.09495757118762822,0.006219846036404119,0.0023905259569355513
N4550HD,0.8532758672813191,0.13942496771591215,0.004596201363753367,0.0016949544659389103,0.0010080091730764388
N4551HD,0.6955896599607454,0.2927382093105601,0.008840529304151233,0.0020611956121787687,0.0007704058123644369
N4554HD,0.059393923066793086,0.3468673446055174,0.5324145037193029,0.04973181191574067,0.011592416692645867
N4555HD,0.19100267040004565,0.5768625260022079,0.2062520290145195,0.0208516519307372,0.005031122652489745
N4556HD,0.3312630929097073,0.49225474317925155,0.11932708537387972,0.047271619409526185,0.00988345912763519
N4563HD,0.4077064512253046,0.48147131365897333,0.0861751216993008,0.02008088186794897,0.0045662315484725005
N4567HD,0.8615656029182375,0.12903798417557136,0.005216220827484528,0.0027282478338652187,0.0014519442448413886
N4561HD,0.8513989529553312,0.1404679529457795,0.005611494121708821,0.0018035400146961275,0.0007180599624843163
N4571HD,0.3230026371909313,0.5564007233251913,0.0911002163658679,0.022262877733568037,0.0072335453844414414
N4574HD,0.9433534165857436,0.05336570363850634,0.0020001297424903646,0.0008500433602140507,0.0004307066730456066
N4575HD,0.45264940866902104,0.514969554877373,0.02684732825719139,0.004058704397573477,0.00147500379884096
N4579HD,0.327785804012192,0.6023845784465273,0.05562330575213638,0.010667553990215297,0.003538757798928924
N4581HD,0.17913201748097432,0.6709570836723815,0.1371321943116303,0.009759988761996088,0.003018715773017944
N4584HD,0.2110487796977367,0.6900379583541493,0.08995166068735265,0.006502052763379304,0.00245954849738211
N4578HD,0.774520135515019,0.21493828838134788,0.008262128873091315,0.0016667756372721943,0.0006126715932697373
N4590HD,0.1898420597770014,0.7779040270059152,0.02721094709569794,0.003649616576628774,0.0013933495447566156
N4593HD,0.013635525086993868,0.08666507177963205,0.39762481517330445,0.4478535756787107,0.054221012281358935
N4151HD,0.1291308855289361,0.4066867909866846,0.28792406851273816,0.14556513038390478,0.03069312458773636
N4594HD,0.8284207327073518,0.16338667763431527,0.005838363434097749,0.0016063889130268254,0.0007478373112082595
N4600HD,0.22215913027754305,0.5681426462200214,0.18324990977791406,0.021264854679198794,0.005183459045322699
N4605HD,0.04207509495097856,0.2648397044081602,0.5728336251086688,0.11198645896065097,0.008265116571541529
N4612HD,0.3839333002919254,0.5425826974293082,0.05795521715944188,0.012202298136054283,0.003326486983270245
N1701HC,0.26523011109721756,0.6184217942242355,0.08732558757544245,0.022551434674319908,0.006471072428784561
N3705HD,0.007429726923994168,0.037582543073433144,0.24721998879358734,0.35957915406385,0.3481885871451354
N4589HD,0.6356156139318034,0.30845324438432603,0.039337343812937256,0.01256677267057488,0.00402702520035836
N4339HD,0.9255044881265324,0.06972615463272452,0.0029390661096396526,0.0012071133697482044,0.0006231777613551441
N4615HD,0.02879956219946883,0.13670919603700857,0.2630710120436333,0.4379240219659509,0.13349620775393836
N4618HD,0.8907169661508486,0.1012875849465813,0.005053936106588703,0.002059187936400483,0.000882324859580854
N4624HD,0.4860664433324508,0.5022644753842471,0.009485239261847859,0.0015082242174736915,0.0006756178039805757
N4626HD,0.7806416227041252,0.1987103860635622,0.01463478014936423,0.00462867223041558,0.0013845388525328243
N4628HD,0.1027272934191941,0.7442554154961585,0.12904593243393286,0.017038860601004728,0.006932498049709767
N4638HD,0.09296984282871207,0.3722258600122874,0.28026966040173773,0.1887638981985461,0.06577073855871692
N4639HD,0.788531071851788,0.19095390043181676,0.013858969480204245,0.004513523100987989,0.00214253513520306
N4642HD,0.8933275051817516,0.10156164632397578,0.003393113961583275,0.0011432178833563121,0.0005745166493331285
N4646HD,0.9383120999066766,0.05831645098406589,0.002123922229580357,0.0008131828427670387,0.00043434403691008184
N4631HD,0.853258516789469,0.13678167742008776,0.007086545826208949,0.002128905468123495,0.0007443544961106912
N4656HD,0.026907453711603982,0.2072861465233956,0.47455172193031736,0.23006526204069286,0.061189415793990246
N4658HD,0.8052311689882898,0.17907265387441354,0.010998819395422212,0.0034286029665788124,0.0012687547752955495
N4661HD,0.7700934984442062,0.21152540071423953,0.013583504842374321,0.003618341395229523,0.0011792546039504092
N4665HD,0.8218051496706938,0.1659251300831647,0.008726227921296468,0.0025435374663513354,0.000999954858493601
N4667HD,0.8747570111887604,0.11898711698099973,0.004261964818635912,0.0012541876679941987,0.0007397193436099532
N4669HD,0.699089370517966,0.2845858482914356,0.011938105327466357,0.0032611326595716403,0.0011255432035604444
N4673HD,0.19916379596508266,0.6731746992900141,0.10680879831748218,0.014245264559189785,0.0066074418682312425
N0760HD,0.10026748131299157,0.7922136117998404,0.09350501900900539,0.010410179897160159,0.003603707981002574
N4672HD,0.640616185262807,0.2977016214363065,0.0417724124166305,0.015978853145860877,0.0039309277383952285
N2593HD,0.8867044104164693,0.10571887137214418,0.004806372699774313,0.0018257419029630451,0.0009446036086492901
N4677HD,0.24719285731665708,0.6820675936038437,0.05959148023968808,0.008139154456865732,0.0030089143829454277
N4680HD,0.08972758750354774,0.3794453002570299,0.4021260101892351,0.10936499949283043,0.01933610255735679
N4688HD,0.009688803958029986,0.04110991089074162,0.24569278661023908,0.5467950081371843,0.15671349040380517
N4689HD,0.8605957000178003,0.13182851663048525,0.005314302758002574,0.001523195935892315,0.000738284657819502
N4691HD,0.28887134249465496,0.452145972768848,0.14059227181986617,0.083496664503924,0.034893748412706795
N4692HD,0.6410993097862436,0.32327781983296616,0.02408172659859294,0.00739771994352656,0.004143423838670735
N4694HD,0.01972051054105157,0.15214231117226487,0.6300581519405465,0.17702897415340696,0.021050052192730075
N4695HD,0.14261164140799573,0.7614427887827737,0.08497518065601375,0.007904322027380612,0.003066067125836099
N4699HD,0.4675840975430067,0.46630441817076806,0.04829833275215877,0.013827001382645905,0.003986150151420589
N4703HD,0.39345364418118794,0.4272602942369711,0.09610482224605466,0.05914897904035869,0.024032260295427647
N4704HD,0.003639998495159195,0.014487072617123132,0.33477312710872076,0.6208289780472481,0.02627082373174884
N4708HD,0.9325469325973024,0.06383262410574402,0.0023320093807739613,0.0008436957786277834,0.00044473813755177994
N4714HD,0.6574248117980213,0.31073837192873976,0.02095204804024071,0.0070061163146070875,0.003878651918391023
N4721HD,0.1511536360615015,0.6921725287394461,0.12850590316305202,0.021334380852173266,0.006833551183827068
N4722HD,0.8672867649120446,0.12618455696930653,0.004577089162886301,0.001379158351526656,0.0005724306042360426
N4724HD,0.17461161582745618,0.7511812407242887,0.0655641073266999,0.006159959745124534,0.0024830763764306994
N4726HD,0.048915184264388914,0.8833134122390756,0.06159036448699864,0.004524304009243088,0.0016567350002938425
N4735HD,0.6233226702022205,0.3642569015777229,0.008758676159036373,0.0024549779437599054,0.0012067741172603545
N4063HD,0.5262882502796922,0.4102611542595871,0.04259729764957058,0.014189774316088064,0.006663523495062095
N4712HD,0.7498373741464394,0.2374456806392934,0.009591281080376926,0.0021674109862901596,0.0009582531476001132
N4738HD,0.28268141850763967,0.6059715203231327,0.08787128245114603,0.018810459218612456,0.004665319499469129
N4740HD,0.026300913652225005,0.1134066569059888,0.38911442303890403,0.4100878410564196,0.061090165346462666
N4742HD,0.019920904476530533,0.07867452950360677,0.35098704963567084,0.42063916084779,0.12977835553640185
N4745HD,0.8200441913903963,0.16638539922570855,0.009760601660951645,0.0027920890208155834,0.0010177187021279297
N4747HD,0.8083407364393274,0.1722342707655156,0.012853609176432664,0.004232280586974785,0.002339103031749469
N4750HD,0.6453899060008663,0.31602387634865403,0.026046385040888582,0.009467781657476367,0.0030720509521147575
N4752HD,0.01783189663034798,0.20135724268673258,0.520148652236638,0.21186909074663035,0.04879311769965113
N4754HD,0.5777223163587416,0.4070698387514405,0.012478160022622456,0.0019070305292798794,0.0008226543379155289
N4755HD,0.23918697540978898,0.5857652542555857,0.1324118987294992,0.034770384019351126,0.00786548758577502
N4756HD,0.48259549942943436,0.4721548900092399,0.03636283956370629,0.006675208595953687,0.0022115624016658185
N4757HD,0.8590687439655544,0.13148886478457092,0.007019298906378885,0.0017949968780624074,0.0006280954654332997
N4759HD,0.1666733031108993,0.7529845640621056,0.06768110965726712,0.00944616116699995,0.0032148620027280697
N4762HD,0.2927465435592291,0.6417927175893331,0.055784519151922715,0.007229592139743292,0.0024466275597718897
N4763HD,0.6369941783220414,0.33246085892144484,0.020062165885758307,0.006945761530441643,0.003537035340313732
N4767HD,0.8104310017142519,0.17067279323152218,0.012677789658307369,0.0050155616350616656,0.0012028537608567984
N4769HD,0.04009712843806398,0.18368993166662687,0.6470395193904583,0.11643764563937485,0.012735774865476047
N4770HD,0.7928956634713663,0.19090697291203862,0.011380225193271743,0.0035222112117783474,0.0012949272115450501
N4676HD,0.3018645128808409,0.5715735571286779,0.09253876126932356,0.027248631686760293,0.00677453703439762
N4614HD,0.5009022810782929,0.4489930412550103,0.03971594979564221,0.0077156682114669015,0.002673059659587495
N4774HD,0.3048610440730424,0.5899765155279982,0.08215528703783172,0.01868652608933156,0.004320627271796275
N4778HD,0.057107227199903056,0.46120651785203703,0.3237921833989673,0.12328818265162601,0.03460588889746651
N4780HD,0.009300619108310152,0.0470666072633084,0.3242621011856656,0.37913386990724796,0.24023680253546784
N4783HD,0.5847021946798394,0.3861539088286189,0.02284226481462001,0.004637116448458349,0.0016645152284632976
N4789HD,0.815980124140952,0.16562561283407992,0.011889960761614905,0.004342530553343392,0.0021617717100099352
N4792HD,0.4698830913093644,0.5164371648950065,0.011142114859934965,0.0017829059133644112,0.000754723022329758
N4793HD,0.04738829692524578,0.7225358152748365,0.20158275629335115,0.02091317894394813,0.007579952562618621
N4794HD,0.00786036293170362,0.03946708928027121,0.3024932834131597,0.5831352674907151,0.06704399688415051
N4799HD,0.651578063899914,0.32479986287902696,0.018716629735005368,0.0034940868395700077,0.0014113566464836144
N4800HD,0.9171408198372908,0.07751780451758002,0.0033042664792682216,0.0012574667552254614,0.0007796424106354732
N4808HD,0.07039847183348559,0.9074568670039524,0.019251645054363224,0.002023700896207158,0.0008693152119915466
N4809HD,0.6442426440136617,0.32599808116041856,0.020008031947562233,0.006427373422250543,0.003323869456106937
N4634HD,0.7574696571008046,0.21090110380551114,0.022609424622711177,0.00682053437422979,0.0021992800967432593
N4784HD,0.8813109549485381,0.11145257525074609,0.004935845665542504,0.0014310726092483005,0.0008695515259248516
N4815HD,0.9087226738859767,0.08687001003148441,0.0028003223568200055,0.0010409685048770555,0.0005660252208418516
N4816HD,0.7618120065862076,0.21584616310083013,0.01603484129879263,0.004983510420115914,0.001323478594053688
N4817HD,0.4317919745579157,0.524818455208238,0.03482733097289478,0.006275196192931872,0.0022870430680196467
N4818HD,0.9026914302828445,0.09101701221531734,0.0038798970344888386,0.0015666465288705544,0.0008450139384788517
N4821HD,0.0385276783912209,0.9337015676688911,0.02455736835682132,0.0024183180554802077,0.0007950675275863517
N4830HD,0.8530957185864945,0.13611678801916782,0.007560358803059325,0.0023460910953700662,0.000881043495908327
N4748HD,0.8395481630237581,0.1510377176948415,0.006502759627136789,0.0020283186494677017,0.0008830410047960378
N4684HD,0.8241047882434717,0.1673459767625207,0.006053235094080234,0.001644536374397048,0.0008514635255303339
N0389HD,0.05115374001612866,0.9108318605516956,0.03416134157335452,0.002661267509640012,0.0011917903491813148
N4796HD,0.34775903999638935,0.5580702048340538,0.07598374193235134,0.014082564674520355,0.004104448562685021
N4834HD,0.005293700156454956,0.02290278517511623,0.40707545142277,0.5318300569203612,0.03289800632529759
N4835HD,0.05999768304064463,0.921329433478789,0.016473015032351556,0.0015980470298939849,0.0006018214183210826
N4837HD,0.5127828782374816,0.47266978410289834,0.01198841960249178,0.0018004085726714943,0.0007585094844567719
N4838HD,0.05953210478231806,0.9189423110405908,0.018622992935857247,0.0019294047279779399,0.0009731865132559396
N4839HD,0.031620425407620764,0.37995583452173626,0.5299904128774782,0.04811659482453793,0.010316732368626744
N4842HD,0.7617885475390951,0.21789262322088035,0.01466247532829065,0.004339801690521933,0.0013165522212119846
N4844HD,0.9314783210415605,0.06469336157053023,0.0024902478922356358,0.0008863615167452179,0.0004517079789284782
N4846HD,0.16306065199051656,0.5341027725070179,0.2303076348626699,0.05620763251674015,0.01632130812305548
N4847HD,0.8041122529334689,0.18505012439295554,0.008265093954172345,0.0018276085740608857,0.0007449201453422606
N4849HD,0.4959754850894637,0.46212802052470947,0.02901682942203242,0.00917665602301884,0.0037030089407752514
N4852HD,0.03543894487458793,0.37982776785268285,0.5496730929070013,0.029018293024258207,0.006041901341469737
N4853HD,0.7412112882737694,0.24164622577903713,0.012854300361221779,0.003244974691172962,0.0010432108947987732
N4856HD,0.8077937519991821,0.18404403433698188,0.005549511609532742,0.001785916476628774,0.0008267855776744891
N4858HD,0.80764010611686,0.1801708893602178,0.008030034263539942,0.002849784709322755,0.0013091855500595852
N4860HD,0.19740291805706073,0.7510171687632611,0.042363481995826006,0.006041948806798001,0.003174482377054153
N4861HD,0.8960026926677461,0.0997171108933995,0.0028342329708990846,0.000955714473926981,0.0004902489940283964
N4863HD,0.45483151516462755,0.5296985191452539,0.011840337548050353,0.0025532286859526357,0.0010763994561156275
N4864HD,0.7044592592530288,0.28185772244904606,0.010343832889551994,0.00246009775949476,0.0008790876488786036
N4866HD,0.8114257634491019,0.17360957583759148,0.009888635900640689,0.003519393404411572,0.0015566314082545267
N4012HD,0.7378040000785852,0.24242391144215777,0.014249979062871905,0.004173692044411511,0.0013484173719737183
N4825HD,0.29689701608398955,0.579640412089117,0.09005235245489324,0.026488726435062983,0.006921492936937173
N4875HD,0.06608668503498503,0.6142135494298446,0.2638635029906244,0.04328445067449954,0.01255181187004634
N4878HD,0.04760197735385591,0.299181294240516,0.36775624478189667,0.21870145607016517,0.06675902755356625
N4883HD,0.026401997702836796,0.3237114496424157,0.5755083958384439,0.06606267859855788,0.00831547821774579
N4884HD,0.6891146085254382,0.27918831711282455,0.025036215825584022,0.005189560539539044,0.001471297996614319
N4887HD,0.2325564002735228,0.7129996482626779,0.04646140770910278,0.005908522618694041,0.002074021136002362
N4891HD,0.7008210166942428,0.27210264451082256,0.020766414157486316,0.004954796812556052,0.001355127824892116
N4892HD,0.18143967668069572,0.7653833345887291,0.045919092100638895,0.005236343953181408,0.0020215526767549197
N4895HD,0.8002248329002397,0.18370527639343595,0.010904480338652309,0.0038639254625049604,0.0013014849051668541
N4899HD,0.6985619488807173,0.28958083496044396,0.00870096428452284,0.002130720975342187,0.0010255308989737184
N4898HD,0.4674130203079261,0.4841071843212171,0.04004452328487288,0.006488005593235015,0.0019472664927490196
N4902HD,0.5728974311920867,0.3661043082961413,0.04098239304556629,0.01524457030807004,0.004771297158135592
N4904HD,0.08101840597324535,0.30521510005924263,0.4341389352876208,0.15262965090029593,0.026997907779595175
N4906HD,0.8376617574515062,0.15197394369359063,0.0072901082401896815,0.002240649678439685,0.0008335409362738656
N4909HD,0.6841839624105684,0.2934807720235475,0.016243432791365538,0.004094666023540822,0.0019971667509779086
N4912HD,0.6949618627476353,0.27753004963061356,0.02203795448177233,0.004242976202429685,0.0012271569375492755
N4913HD,0.6530127125618571,0.31792987398728073,0.022726672604640532,0.0048667638648805175,0.0014639769813411608
N4914HD,0.10852138880709815,0.707161634356171,0.16674681415959755,0.014389205493936144,0.003180957183197318
N4908HD,0.8767116001702169,0.11851528256485769,0.0033860009643131056,0.0009021155083077929,0.00048500079230458514
N4937HD,0.8614328281514139,0.13236696685264843,0.004197129474937867,0.0013049128530948383,0.0006981626679050302
N4938HD,0.9044148416535334,0.09051380737328986,0.0034613881837661595,0.0010910390943907435,0.0005189236950198767
N4949HD,0.864845668504674,0.12759494654299441,0.004951845627806488,0.0017326418390781987,0.0008748974854469612
N4952HD,0.806141446924273,0.17780382358778163,0.010844631496541409,0.0038907786275876365,0.001319319363816191
N4954HD,0.45306623333283164,0.5167368765287175,0.024601831373283225,0.004194491459436319,0.001400567305731274
N7917HB,0.8799451177938504,0.11362891485596911,0.004436032188082587,0.0013414965065733841,0.0006484386555244452
N4951HD,0.6790282045999215,0.30888626134831687,0.00874846181304657,0.002277835529889898,0.001059236708825188
N0385HC,0.1428807858179657,0.6385382099979349,0.18226183540069302,0.02848845462832759,0.007830714155078938
N3920HD,0.30940904090517457,0.6215948787874056,0.05666176264043842,0.009257634007703281,0.0030766836592780464
N9498GW,0.7627427590449795,0.22129343238682198,0.01198681603071761,0.002890470419926975,0.0010865221175539769
N4961HD,0.9005023072312507,0.09503963308149539,0.0030955173466915677,0.0009097979808141203,0.0004527443597481718
N4965HD,0.16471688180931007,0.4062192933649121,0.37033442781029974,0.04932659336481567,0.009402803650662457
N4967HD,0.5883473176915917,0.3539765205214084,0.03858390694423786,0.014359082012115686,0.004733172830646494
N4968HD,0.4140640102945346,0.45673502499862556,0.0842695154043024,0.0328730404206538,0.012058408881883621
N4973HD,0.8001120322075351,0.1842958297717327,0.011303307866903645,0.0033037502565331205,0.0009850798972954192
N4976HD,0.025696661094484655,0.4180966734884718,0.5019545068894488,0.046908862673086034,0.007343295854508729
N4977HD,0.5645289555714232,0.4164385386001973,0.01515251043096579,0.0027936463236394307,0.0010863490737741308
N4978HD,0.6387621986558946,0.3172733347248899,0.029903487778435406,0.010660729115986286,0.00340024972479395
N4982HD,0.3218417420414563,0.5695711921852075,0.0798039265090304,0.021809103168162293,0.0069740360961434815
N4983HD,0.05599153010202138,0.22204260738512654,0.41925242431973925,0.26361422659595213,0.03909921159716085
N4984HD,0.8783221318042077,0.11647082450468292,0.003754009014511425,0.000990551337549704,0.0004624833390480417
N4992HD,0.025551114275173325,0.20041374426256736,0.41913412962504876,0.29584668862748054,0.05905432320972988
N5000HD,0.6161790302807787,0.3316002871766706,0.03896977751506336,0.010097402035818843,0.003153502991668451
N5006HD,0.5061123345384607,0.4681273011986698,0.020177055026367394,0.004185260374926032,0.0013980488615760976
N5007HD,0.713724355201046,0.2564685186222853,0.02003436706932741,0.007084481176169312,0.002688277931171884
N5008HD,0.47464835254105003,0.48961412537956855,0.028505150626837908,0.005687218031770174,0.0015451534207731623
N5011HD,0.22047323566577173,0.7346944583618543,0.03724646395446452,0.005344341844264963,0.0022415001736444114
N5020HD,0.6588615220887112,0.3096454398680899,0.02240656152383943,0.006667099108442845,0.002419377410916754
N5024HD,0.8270779282674054,0.1592438251849963,0.01001113034556568,0.002712386725532021,0.0009547294765005395
N4826HD,0.8982948966577975,0.09503000645330391,0.004334484471419872,0.001591063453832073,0.0007495489636465788
N5032HD,0.8260316227618998,0.16113173934656716,0.009068722904460393,0.002750134988542775,0.0010177799985298759
N5041HD,0.850544596966145,0.14145800486372556,0.005386187345443475,0.0017787997485311025,0.0008324110761547987
N5043HD,0.9166215170306417,0.0761610541851003,0.004981778879270717,0.0014463809685025942,0.0007892689364846733
N5044HD,0.34058603175713426,0.566385810112599,0.06894577563200606,0.018013411970397443,0.006068970527863199
N5045HD,0.7840754328565048,0.20283813125000544,0.00966947953998282,0.0024061161337833137,0.001010840219723539
N5004HD,0.8864549399421935,0.10527163176165584,0.005257553830706448,0.0020970889441163693,0.0009187855213280059
N5055HD,0.5591614882894768,0.3777260756277927,0.04496416098364922,0.014594140699535742,0.0035541343995454857
N5056HD,0.13026651142680373,0.3816992286086297,0.2994250135964021,0.13353517397865533,0.05507407238950916
N5057HD,0.6805810247087568,0.3015329025685568,0.013329665931974518,0.0035478556410731593,0.001008551149638742
N5059HD,0.5524704739674449,0.3768417015745838,0.053644291773279264,0.013493846648417265,0.003549686036274744
N5061HD,0.4238527428127643,0.4905265794745975,0.0688763642974004,0.012921982306770222,0.003822331108467369
N5018HD,0.9129744004056498,0.08183582466598484,0.0032295759709464384,0.0012881404567802789,0.0006720585006386691
N4896HD,0.7224281551023372,0.2545540736205536,0.01729454720136742,0.004266385415542843,0.0014568386601989522
N5064HD,0.7668096371255307,0.2081970222165663,0.017764984755167627,0.005748669632844317,0.0014796862698912255
N5065HD,0.5043512699192778,0.4609823184054734,0.02773358160848871,0.005127016138137951,0.0018058139286221142
N5067HD,0.265849192345059,0.5893668808077694,0.1088734198180518,0.029779697752762017,0.006130809276357681
N5070HD,0.056191240298215775,0.5319922077647976,0.37274939912458455,0.03278580286620029,0.006281349946201604
N5071HD,0.201973968232085,0.662454210712223,0.1211297582397926,0.010698462145626562,0.00374360067027292
N5072HD,0.190285580855221,0.6809759438111095,0.11324202908691297,0.011317736163680685,0.004178710083075884
N5074HD,0.7788712666874233,0.20101935669639392,0.01439197817907998,0.0039278804434784145,0.0017895179936241422
N5075HD,0.9412855847921826,0.05561616473059081,0.001871332484558079,0.0007851029768294206,0.0004418150158389214
N4923HD,0.8459454057934767,0.13601143356322953,0.0122235012718679,0.004121875473600375,0.0016977838978255754
N5076HD,0.7530535778902168,0.2275943707695664,0.01454276512551047,0.003768173576209352,0.0010411126384971068
N5079HD,0.01985753647976734,0.1435608654296275,0.42775413208057156,0.35936305797654383,0.04946440803348966
N5080HD,0.5697162747968594,0.4050315056345679,0.018282731357710167,0.00478105735897129,0.002188430851891323
N5082HD,0.7403839915132787,0.2259599158940106,0.02209267851621582,0.008515051851484805,0.0030483622250099683
N5083HD,0.6059911413142336,0.34513942924342533,0.03563984735572263,0.010640295133682571,0.0025892869529358623
N5085HD,0.17250392082846522,0.7219622610911723,0.09087420788043829,0.010798248391019664,0.0038613618089044146
N5051HD,0.4777683114634265,0.5013490678499691,0.01728755491755684,0.0024976777093048633,0.0010973880597426326
N5039HD,0.07364150514738499,0.4000970433911358,0.34558231954314733,0.14912773764656717,0.031551394271764496
N5088HD,0.901842868756124,0.09335471261920343,0.003216524198286333,0.0010514901809092294,0.000534404245477068
N5091HD,0.05452083131024602,0.9320156596060413,0.0117869681945019,0.0011828499176566951,0.0004936909715543216
N5093HD,0.03937643415834764,0.2301413241947552,0.3441444491050442,0.2875475553204666,0.09879023722138633
N5100HD,0.008938400885769117,0.04945599360712114,0.3420344334577992,0.5417357097038092,0.05783546234550125
N5103HD,0.0769940923271737,0.40780562271398035,0.36318086832682345,0.12090337344955193,0.031116043182470406
N5104HD,0.9416263762637201,0.05481471446648743,0.0022847857462367223,0.0008507161248754504,0.0004234073986800779
N5105HD,0.7291132148876155,0.24909615618030923,0.013503294606312855,0.005197821988078098,0.003089512337684257
N5106HD,0.7171731727966748,0.25738092430161996,0.018254603688075105,0.005389947533489603,0.0018013516801403168
N5109HD,0.262875229448525,0.708976430272801,0.02379070808070431,0.003091173657101749,0.0012664585408678649
N5112HD,0.4822452998385738,0.46475284631943503,0.03987700900622646,0.009862606961031837,0.003262237874732945
N5115HD,0.8457651615702572,0.14191917534294868,0.008702969927967426,0.002571742319052011,0.0010409508397746013
N5120HD,0.012176433349096646,0.08173746666430673,0.4425628169102098,0.37049020762366697,0.09303307545271969
N5121HD,0.5853474685704014,0.38172556786994316,0.022584899821384927,0.00712804370887141,0.0032140200293989713
N5122HD,0.5022481646709894,0.4017226406602921,0.06974830386561129,0.021078873031752737,0.005202017771354387
N8305HB,0.7901257467289254,0.2010399612824276,0.006265110135917345,0.0018077749612343524,0.000761406891495376
N5126HD,0.03712204506544805,0.15448683060893884,0.32786483386422294,0.36819792626732356,0.11232836419406657
N5128HD,0.9154002504060363,0.0800168687564835,0.0029441325031648465,0.0010699011016364443,0.0005688472326787154
N5133HD,0.01358495697551496,0.08549465102126581,0.4138559290416259,0.43875430878210836,0.048310154179485
N5135HD,0.7791967474035344,0.20292324931193853,0.012850644579788205,0.0038563049261355273,0.0011730537786033821
N5143HD,0.8110148253334402,0.1786684944171216,0.00803334964408005,0.0016344612190682065,0.0006488693862900469
N5144HD,0.258339506541262,0.6607599678493196,0.0652754621121819,0.011930502400895113,0.0036945610963415327
N5149HD,0.23208925088724253,0.5996408266261934,0.1338876777179857,0.026949179000800946,0.007433065767777345
N5152HD,0.1548436140668555,0.7659747468834741,0.06821235362442785,0.008590323932577556,0.002378961492665047
N4394HD,0.1834569827160449,0.6138872677515523,0.15858620159441492,0.034689753573039876,0.009379794364947949
N5029HD,0.1880742803558604,0.6856125481738333,0.1037409127780159,0.015212491638199491,0.007359767054090832
N4368HD,0.9394153077672841,0.05715916269487469,0.002062035862535793,0.000898950979285829,0.0004645426960194557
N5013HD,0.3092549129481615,0.565218562971584,0.08881699699845783,0.028036478963733694,0.00867304811806289
N5153HD,0.32019757625889544,0.6133193846680934,0.05470115658650025,0.008783503188298012,0.0029983792982129307
N5157HD,0.8693350738442365,0.12449896556537098,0.003923768982869016,0.0014305233767980502,0.0008116682307255434
N5170HD,0.6103050919197143,0.3493305127471035,0.03015917684071106,0.007456553745459483,0.002748664747011785
N5172HD,0.8352492921327762,0.15282656834060696,0.00856410701450175,0.002451599554795264,0.0009084329573199001
N5173HD,0.7001969392494899,0.26342862898490926,0.02633724103943738,0.007554953289062234,0.002482237437101469
N5147HD,0.6269176001669036,0.34845077429353893,0.017659369137606313,0.004796990004977256,0.0021752663969740868
N5178HD,0.7077334617718289,0.26288527728915667,0.021899919153843837,0.005720869708340342,0.0017604720768302153
N5180HD,0.5418160545173133,0.4139497614398386,0.03278299605553526,0.008784796787356034,0.0026663911999567197
N5181HD,0.6481532302648709,0.30894121704114935,0.030765990397594273,0.008423081948946006,0.0037164803474392617
N5182HD,0.9031645538144308,0.09214227928697945,0.003111805083582572,0.000981863082348353,0.0005994987326589074
N5183HD,0.07020789518022723,0.9129028183605391,0.014573595119601176,0.0015926382306624923,0.0007230531089699039
N5185HD,0.07964226126225563,0.24432983131112482,0.4295706290138426,0.21268873259733478,0.03376854581544235
N5187HD,0.22885532962629837,0.5410480923337541,0.17553469204300015,0.044155231579903434,0.01040665441704402
N5188HD,0.15677463245226947,0.4917416199589985,0.21229746699482735,0.11595142756931309,0.02323485302459149
N5190HD,0.007107119641750036,0.043614706662066814,0.2940473868786926,0.5933627105041105,0.0618680763133802
N5192HD,0.49605684527598587,0.49234418100493965,0.009693893796637097,0.0013232998498770598,0.000581780072560361
N5193HD,0.7087907576878215,0.26372294924203643,0.019940686959553547,0.0058235036113263895,0.0017221024992622248
N5197HD,0.868937931426971,0.12316836146087597,0.005890259334784657,0.0013545199349277253,0.0006489278424407706
N5198HD,0.25199474354418216,0.45250998742601284,0.18517238510127304,0.08834511282234776,0.021977771106184107
N5199HD,0.6624939296217786,0.2951749797032367,0.031707756740522015,0.008244863669711177,0.002378470264751516
N5200HD,0.7035416133986475,0.2723567123081303,0.01759389383695237,0.004537451950237488,0.0019703285060322846
N5203HD,0.032845681917116835,0.16952376844201064,0.3501919914032979,0.3423415436995372,0.10509701453803763
N5209HD,0.023897167649663646,0.11242796672534998,0.3847678246603279,0.41639643358012157,0.06251060738453675
N5212HD,0.783487975026619,0.20338562062448803,0.009938100541262507,0.002274918264711274,0.0009133855429189246
N5215HD,0.48398018218005734,0.46758750732156373,0.037942441768561694,0.008030242390410964,0.002459626339406285
N3574HD,0.8082391621939046,0.17459424199938156,0.01014780858676268,0.004752735927734383,0.0022660512922168825
N4760HD,0.10990016010850619,0.5407439452623448,0.28184157472960514,0.0522871498548768,0.0152271700446669
N5225HD,0.799044965233578,0.1915840950500934,0.0070060417312251735,0.0016655419638551977,0.0006993560212479407
N5226HD,0.550197941315751,0.3831530086157105,0.049382795981439354,0.013914703712504506,0.003351550374594749
N5227HD,0.7068180257212509,0.2594036827410198,0.023055651553236765,0.008031409426587614,0.0026912305579048623
N5233HD,0.019514280067048792,0.09596884720564067,0.33221289014964567,0.34424987506372323,0.2080541075139417
N5238HD,0.8189709910172449,0.1640518770154091,0.011472923079573006,0.003593792131396403,0.0019104167563767482
N5241HD,0.7876076311091509,0.19268114086000204,0.014423037931911816,0.0039131178937506185,0.0013750722051849547
N5243HD,0.013141460744412832,0.09752485345763154,0.49213051358693916,0.3568316017406618,0.04037157047035449
N5246HD,0.8198979803185066,0.16298648119766818,0.011868714296142346,0.0037301020999538958,0.0015167220877290444
N5247HD,0.004251236817147767,0.014033031258842085,0.3045150618944997,0.6511711182691828,0.026029551760327566
N5248HD,0.6657181834872496,0.28408761632049934,0.03816836695758816,0.00951117450367554,0.0025146587309873166
N5253HD,0.6387225931983056,0.3306247868596633,0.02082562885754101,0.006541714427699944,0.003285276656790147
N5257HD,0.03208566506260551,0.16209024745858494,0.33063196926658833,0.3589457369450499,0.11624638126717136
N5259HD,0.012224661160484346,0.06060926856786958,0.2630761738546851,0.4340871886785282,0.23000270773843282
N5262HD,0.07431971312555069,0.6135856364205189,0.29400553582137445,0.014802125291694525,0.0032869893408614148
N5266HD,0.2723925847825284,0.6672268070446284,0.050795544007549334,0.007195231167514161,0.0023898329977795666
N5270HD,0.6539461265679551,0.32139929930955674,0.0181757967262709,0.005112251052119784,0.0013665263440973776
N5271HD,0.5194025304034633,0.4285748988939209,0.03942999317809137,0.009357115019249318,0.0032354625052750546
N5273HD,0.8142974318666308,0.17126320073449933,0.010146001357564468,0.0030153305121885534,0.0012780355291167984
N5274HD,0.8515891605309172,0.13849672626949253,0.006976086004312721,0.0022018512752764335,0.0007361759200010147
N5211HD,0.11733046200499626,0.42067411201526717,0.35274349090821244,0.09213792970756708,0.01711400536395724
N4843HD,0.5378720291746708,0.4107446530953648,0.03282495695717209,0.012207044106544222,0.006351316666247998
N5287HD,0.643156613151609,0.30855144021947956,0.03554729321347166,0.010492632991406578,0.002252020424033255
N5286HD,0.12337313964573124,0.28961102399307653,0.3511711552235999,0.1773248042165589,0.05851987692103352
N5292HD,0.03260959869808169,0.16397026318220367,0.3372304072018749,0.34902003799962955,0.11716969291821015
N5294HD,0.8534298277440971,0.14030949352399935,0.004438548530347191,0.0012584128213444317,0.0005637173802117831
N5296HD,0.3134350791952678,0.4719431362865403,0.14465038957518664,0.05745347065096246,0.012517924292042909
N5298HD,0.6924102891887202,0.2778565315955409,0.02127580754407834,0.00616367048065545,0.002293701191005088
N5303HD,0.7902436733118388,0.1950785954165503,0.010272991105316917,0.0030692706177497257,0.0013354695485445075
N5305HD,0.20670653823209031,0.61080615624752,0.14348378988568702,0.031189561249369363,0.007813954385333333
N5306HD,0.8102192596791499,0.1756231416030136,0.010093747210300725,0.0030654401696984766,0.0009984113378372899
N5307HD,0.07456169417884558,0.5538616014661619,0.29245298672438663,0.06282798070734143,0.01629573692326431
N5311HD,0.24631320730419673,0.6714863267882146,0.07105680865124875,0.008841416481269933,0.0023022407750699467
N5314HD,0.7879232431236218,0.1962351206284107,0.010370924121464517,0.0038429297582648907,0.0016277823682378952
N5073HD,0.12521943062786173,0.4498027957393528,0.29661423530018155,0.10559569550195597,0.022767842830647863
N5277HD,0.06171006466713492,0.23408893633464767,0.3746637800853085,0.23949900326922485,0.09003821564368396
N4885HD,0.9193110809117471,0.07543699911354455,0.003254737195867966,0.001320259680522867,0.0006769230983175018
N5318HD,0.04556440724377779,0.3246366630027064,0.447765838387275,0.14361763974866182,0.03841545161757897
N5321HD,0.7421698869224648,0.23708231008996056,0.01462336377843116,0.004672418969338347,0.0014520202398051068
N5323HD,0.9340924834927109,0.06281692141421927,0.0020310113557290388,0.0007028691921397169,0.00035671454520127437
N5324HD,0.6355665588588962,0.32397833994432657,0.028254159612534253,0.009201304113632866,0.0029996374706100586
N5326HD,0.8177052493576755,0.1696906211168709,0.008249768858708291,0.0030147145860334366,0.0013396460807119349
N5327HD,0.6792666197102223,0.3033048008757266,0.011567396442280227,0.003987481854081574,0.0018737011176892277
N5329HD,0.10758625046471461,0.7728341362237073,0.1035328757424965,0.010974719876077066,0.005072017693004558
N5331HD,0.7918001281528512,0.19043992437571183,0.013051372547256287,0.003609740161704986,0.0010988347624757062
N5332HD,0.7602549987600974,0.21989149558873208,0.014065677384698471,0.004426210358114433,0.0013616179083575071
N5333HD,0.8473927215476441,0.14476156902283574,0.005667539326882939,0.0014744002243339458,0.0007037698783033911
N5334HD,0.0359190658859223,0.9470329576157646,0.014945810427158887,0.0014565535849246126,0.0006456124862297408
N5338HD,0.034736696759723844,0.18728620772567298,0.44701999682204846,0.25811531917448777,0.07284177951806717
N5339HD,0.0467622953051894,0.24610703478718163,0.3889889649849391,0.2801225295194535,0.038019175403236294
N3820HD,0.021889064825917053,0.09779694806248067,0.32787093818047486,0.33109777430775733,0.22134527462337017
N5342HD,0.8273430259595569,0.16290698495026049,0.007378314163767583,0.0017651769719639453,0.0006064979544510122
N5345HD,0.659885226965131,0.299989953416296,0.030140743392228785,0.007877533215686587,0.002106543010657624
N5346HD,0.7746863642194954,0.2143440957121146,0.007894766328383849,0.002109501068285331,0.0009652726717206744
N5348HD,0.045664845796343605,0.21698717027831732,0.2809511946811812,0.34993638336804467,0.10646040587611322
N5351HD,0.7104712135964285,0.2558473425745956,0.024226019230247454,0.007663591464595033,0.0017918331341334217
N5354HD,0.004908759668222541,0.018951134799140578,0.32903273713610953,0.6219628249473838,0.025144543449143554
N5355HD,0.5634995571645016,0.4176074835504349,0.013974917135510431,0.0033707758958926885,0.0015472662536603436
N5362HD,0.8926639703985734,0.10289100400181438,0.0029794301957282443,0.0009205497242218706,0.0005450456796622228
N5364HD,0.7457665591046041,0.23189118562718353,0.016196140664819787,0.0047222294654038115,0.0014238851379887022
N1264HD,0.04113019678378614,0.9189234305714977,0.0346337880661728,0.003952947565123495,0.00135963701341977
N4985HD,0.3049394341121683,0.5779534234045851,0.08978150809116044,0.02098841746581438,0.006337216926271622
N5368HD,0.007987782186425966,0.03228298987523688,0.2650209657414485,0.5911378255376613,0.10357043665922729
N5371HD,0.8427761176474732,0.14697007184236027,0.007043333645937182,0.0022125785626932164,0.0009978983015361846
N5372HD,0.7264348789925734,0.25638837298116013,0.012842607591368252,0.0032481314454891335,0.0010860089894091129
N5373HD,0.4429616967693692,0.5419096910786713,0.011888884003191368,0.00222500375379274,0.0010147243949752713
N5374HD,0.6747648371400229,0.3100261876363008,0.011688764035667137,0.002457699722074389,0.0010625114659347716
N5377HD,0.8167623779725997,0.17168539620187198,0.008502342987453738,0.002054707112903813,0.0009951757251708618
N5379HD,0.7538776363182933,0.2213737906306216,0.01798182969897213,0.005423858809217776,0.001342884542895152
N5381HD,0.1428421849949941,0.38834027889746436,0.23371023285517506,0.1835224040267731,0.05158489922559322
N5383HD,0.24121736426657775,0.3980490264643226,0.23360400939268372,0.10494544331896603,0.022184156557449826
N5385HD,0.8705925823715426,0.12509103480110986,0.0030019187861045783,0.0008620898725986736,0.00045237416864443497
N5387HD,0.06842894818029763,0.4732585689370218,0.3152215810783518,0.10991571314766713,0.033175188656661525
N5388HD,0.054671900893208766,0.23964398915825033,0.31964099674997004,0.3034591192160736,0.08258399398249729
N5389HD,0.025228373584011324,0.4704970771670245,0.47237692176237,0.026696361227551813,0.005201266259042355
N5391HD,0.6767796061858944,0.28831725481971976,0.02450474307979335,0.007552658443045703,0.002845737471546885
N5393HD,0.4764972151762203,0.4982728902088881,0.020840684988694326,0.003042948279848184,0.001346261346349298
N5395HD,0.7287725174434747,0.23753142605510655,0.022955872012633858,0.008141711021557859,0.0025984734672271142
N5397HD,0.7584788310811642,0.2151968151784001,0.01761945977128818,0.006591441201602519,0.002113452767544836
N5398HD,0.7600078675261078,0.2137467829831328,0.017893606194218797,0.006335434291544089,0.002016309004996418
N5386HD,0.06799266729195595,0.5542146289992953,0.3521195315591178,0.0212305425355654,0.00444262961406559
N2483HD,0.8340031003572947,0.15147257195947425,0.009632426846663628,0.0033284554437186865,0.0015634453928485895
N5402HD,0.8548680473014479,0.13543460587330233,0.006622330392150713,0.0020256306306403534,0.0010493858024587523
N5404HD,0.629576603659367,0.31433208841623433,0.03783309765887843,0.014186624066176228,0.004071586199344226
N5405HD,0.911535650885928,0.08411733906202055,0.0027482729788520163,0.0010481965156773564,0.0005505405575219192
N5407HD,0.2891679788324576,0.5876520845966734,0.09520307468985463,0.021318073235518153,0.006658788645496326
N5414HD,0.4817039885810333,0.5053172257853259,0.01033194872188406,0.0018596134917533288,0.0007872234200033634
N5415HD,0.8581026185342567,0.13441540201293053,0.00500615969080368,0.001700086781735656,0.0007757329802734471
N5416HD,0.16119715069240137,0.7887478690080515,0.042618188173582525,0.005203179034954219,0.0022336130910103843
N5421HD,0.7442495983982415,0.23057831376369967,0.017096830333417197,0.006038003289840433,0.0020372542148012524
N5430HD,0.804483658068486,0.1798133203440952,0.010853950071967211,0.003700901532116569,0.001148169983334898
N5431HD,0.03663129461123351,0.4661988533888286,0.46667232625195354,0.025737520289568345,0.004760005458415895
N5432HD,0.6986215583055285,0.27520153878697623,0.019453845417663044,0.005201909982179546,0.0015211475076526545
N5437HD,0.7375068639780364,0.24510470192990036,0.012669456126399673,0.0034126660302614678,0.0013063119354022044
N4225HD,0.31985460089609047,0.6248868014172355,0.04532751448344251,0.006981489645674385,0.002949593557557225
N5123HD,0.44932508962239537,0.4978647121229818,0.03940854266292332,0.009725780710210259,0.0036758748814893156
N9187HC,0.04876783862874296,0.20177787310221276,0.3259526514655227,0.32330604387705736,0.10019559292646411
N5439HD,0.22925663522641934,0.5793525443242855,0.13947091972412107,0.04020111424855184,0.011718786476622221
N5440HD,0.0969177387848952,0.49019760610225416,0.3765744702508327,0.029698808737896543,0.006611376124121489
