ncode,proba_0,proba_1,proba_2,proba_3,proba_4
N4541HD,0.7470155763636835,0.22722727612546878,0.017878670137239348,0.0053597923688334095,0.0025186850047748516
N4397HD,0.02090578188218374,0.15241773407989104,0.4789290453175961,0.28471006890089307,0.06303736981943603
N4544HD,0.8984054383056999,0.09658161640722103,0.0031935325385723744,0.001266913368156097,0.0005524993803505475
N4545HD,0.14485754446225504,0.3652672522479438,0.2983868363354241,0.13420435973860015,0.057284007215776825
N4546HD,0.1463168155481848,0.7728846444909532,0.06967437441252844,0.007139939671716426,0.003984225876617082
N4550HD,0.7496979909166263,0.23270208628402075,0.011569772118889815,0.004280500731366554,0.0017496499490964213
N4551HD,0.70457549460987,0.28714373473328336,0.005968434122899662,0.0015619466813326715,0.000750389852614207
N4554HD,0.09314741521785445,0.41979111064461416,0.41066448185977805,0.054539436357459364,0.02185755592029387
N4555HD,0.4456451955485123,0.45389534121107256,0.07963571884573095,0.014837378204509569,0.005986366190174723
N4556HD,0.3458107203842843,0.5260708670701613,0.08123209477992678,0.03375101724670279,0.013135300518924812
N4563HD,0.3494790921671283,0.520628776329647,0.09240998075753422,0.031426688808396434,0.006055461937294127
N4567HD,0.93142308579594,0.05897490004494775,0.005236130526671483,0.002825593671683631,0.0015402899607570753
N4561HD,0.8577091387916619,0.13620644293733117,0.003880811456008384,0.0014231560609423402,0.0007804507540561015
N4571HD,0.33729514071867706,0.5277627728771838,0.10136976182356686,0.023807080245006298,0.00976524433556596
N4574HD,0.9580128739971494,0.039662610439978825,0.0014101787625139185,0.0005921737383614615,0.00032216306199631513
N4575HD,0.4832161391163651,0.4967213961370177,0.015722186352462485,0.002812808787094954,0.0015274696070597725
N4579HD,0.1917132807221531,0.7163625309599099,0.06979868483813499,0.01687893584562373,0.0052465676341782565
N4581HD,0.17885984780658554,0.6959116002050512,0.10683210856882079,0.013508913645822117,0.0048875297737202995
N4584HD,0.21847885926038696,0.6945963465185176,0.07535871811861562,0.007568659682647091,0.003997416419832645
N4578HD,0.7566891145801355,0.23558954682011685,0.0057394055736789224,0.0013448179078773598,0.0006371151181915264
N4590HD,0.17834024970633616,0.7946515807152051,0.021261628264292575,0.00393866428053163,0.0018078770336344716
N4593HD,0.023625444342507015,0.1082502827420493,0.3284303599985305,0.4888321839921823,0.050861728924730856
N4151HD,0.14373143531726976,0.3812369905922581,0.30898266189742396,0.13208554222706137,0.033963369965986874
N4594HD,0.7772727753327635,0.21194749326611867,0.007287340753135334,0.002260313264676519,0.001232077383305918
N4600HD,0.6730101148690499,0.3062078006493907,0.015056383812402627,0.003970474164287326,0.0017552265048694003
N4605HD,0.04518714935465,0.24427466325841235,0.5773863313610057,0.11980437489689211,0.0133474811290398
N4612HD,0.3811610414613666,0.5466168449877447,0.05785580883018007,0.010476568759697005,0.0038897359610116197
N1701HC,0.2969867887867969,0.5935372761426528,0.07880362137645737,0.02219676797082188,0.008475545723271107
N3705HD,0.010082422003603646,0.0505748510311484,0.3162183562487123,0.3571973043316871,0.2659270663848486
N4589HD,0.6039003004731562,0.33419344348697083,0.043999817700653275,0.013098020959445194,0.004808417379774492
N4339HD,0.9297277023774893,0.06623980669871343,0.0020917329781520635,0.001027033900336133,0.0009137240453090884
N4615HD,0.025895494317074937,0.0849825461314657,0.32503686286503924,0.4516213335663011,0.11246376312011899
N4618HD,0.8941889719756017,0.0989314974752287,0.004193594322833317,0.0016102892623868993,0.0010756469639493335
N4624HD,0.4630678344075471,0.5293431133804157,0.006038242422443562,0.0010208781803071186,0.0005299316092865212
N4626HD,0.8126634753426253,0.1667943112297594,0.01441916021202315,0.004733050932136712,0.0013900022834554867
N4628HD,0.16637157435982053,0.6479687428504463,0.15098691348187732,0.023208065752598553,0.011464703555257295
N4638HD,0.12522581426819177,0.3329301136060317,0.23366539970303088,0.2438056502508842,0.0643730221718616
N4639HD,0.7239800510163881,0.25016312326794515,0.016922978434408157,0.005672461549009013,0.0032613857322493912
N4642HD,0.9196342034157402,0.07719191094927756,0.00200304560478925,0.0007862763337425572,0.00038456369645053216
N4646HD,0.9514189610205275,0.046027348060759664,0.001474240808002415,0.0007228637908671554,0.0003565863198435684
N4631HD,0.8497699140442083,0.14143889891327918,0.0058623496072823175,0.002028105145248107,0.0009007322899820432
N4656HD,0.04476189561491739,0.18790719152832036,0.5347008685279995,0.1681598105473259,0.06447023378143683
N4658HD,0.812577346409633,0.17289254984368255,0.01088402361206501,0.002515937493241826,0.0011301426413777237
N4661HD,0.8348652866767278,0.1544847753186161,0.006601561312499795,0.002719687106088412,0.001328689586067853
N4665HD,0.807805735066317,0.18188923958922276,0.006507296407041789,0.0025885770382906045,0.0012091518991277927
N4667HD,0.8717875632792755,0.1224677294347955,0.0031903123975279635,0.001437339485439045,0.001117055402961938
N4669HD,0.6860231920904061,0.3009532286674947,0.009520367741345882,0.0023228016475592183,0.001180409853194335
N4673HD,0.1853873149666199,0.6877925021897756,0.09969606975117493,0.019609589313188694,0.007514523779240927
N0760HD,0.10001053540263019,0.7721909143248773,0.11114063529762051,0.011475957433773241,0.005181957541098898
N4672HD,0.5736471763476554,0.36449357870960797,0.04317028622997225,0.012565614144299124,0.006123344568465281
N2593HD,0.8822074192911256,0.11138978302584225,0.003889402547640792,0.0016703496215479299,0.0008430455138434966
N4677HD,0.18401958934085494,0.7521790623899984,0.05047273988092869,0.00949156460607461,0.0038370437821432777
N4680HD,0.13858185251630936,0.5003552138460197,0.29888915760430873,0.048763870763726014,0.013409905269636228
N4688HD,0.014586273024733264,0.07665113709015839,0.2657856070693014,0.5427540444051411,0.10022293841066583
N4689HD,0.8081497010273765,0.182929198379753,0.0054476157257047336,0.002176159840911439,0.0012973250262542505
N4691HD,0.149080369272141,0.40544849217270645,0.28280851358173564,0.12385819363923281,0.03880443133418411
N4692HD,0.61974304098399,0.33829138318281454,0.023003680144216977,0.012787781724752319,0.006174113964226188
N4694HD,0.03178518998586319,0.11124680891766536,0.6196304551051883,0.2010836917965928,0.03625385419469032
N4695HD,0.14496329302042096,0.7616548195470142,0.07571902994236995,0.012817506779131328,0.004845350711063687
N4699HD,0.43781260395891236,0.5184248284003731,0.03242674546496263,0.007447349086643745,0.0038884730891082645
N4703HD,0.3524832148134292,0.3724123347350778,0.15253106913536243,0.08651914738409322,0.03605423393203719
N4704HD,0.007043280922087698,0.022600597850114153,0.28931784774866265,0.6472251927286558,0.03381308075047969
N4708HD,0.9555423166308016,0.04229642906964382,0.0013219775433507034,0.0005635919948007729,0.00027568476140326867
N4714HD,0.6296279813042227,0.30477120642863365,0.04403475781807467,0.014346207239015701,0.007219847210053269
N4721HD,0.14453001390523992,0.6796810492335554,0.13928455677804027,0.024985348415162863,0.011519031668001594
N4722HD,0.814676686295839,0.18067694798140885,0.00315236878967881,0.0010483186847355822,0.00044567824833770123
N4724HD,0.1774500142213399,0.7573224399736741,0.05378138607885903,0.007965014028864086,0.0034811456972627898
N4726HD,0.033770704655293644,0.9003287989582723,0.058553412638334926,0.004689915905383073,0.002657167842716046
N4735HD,0.5525834475999628,0.4358995599967126,0.007669075454748021,0.002420360839518419,0.0014275561090581804
N4063HD,0.48586328000641515,0.41698444452896094,0.06249078789598819,0.022572811833347074,0.01208867573528867
N4712HD,0.7711699643748717,0.2200563150792262,0.006327749393206462,0.0016027366790945072,0.000843234473601235
N4738HD,0.2683923836264148,0.5902430498074704,0.11687978106959354,0.01802685080825622,0.006457934688264883
N4740HD,0.028949989710144116,0.15432216425105907,0.30037620520983843,0.4580731820244333,0.058278458804525174
N4742HD,0.0318216876949578,0.08242402641369288,0.39765562433460333,0.36867911046533847,0.1194195510914076
N4745HD,0.8669963267220824,0.12247413044631363,0.007214877907357606,0.0023376910048224556,0.0009769739194238458
N4747HD,0.8314312308056794,0.15039716376601056,0.011594201103552242,0.004287053301030308,0.0022903510237276435
N4750HD,0.8027826966852263,0.17212256948330878,0.013989476359169648,0.007405220748600209,0.0037000367236951085
N4752HD,0.015033297085603541,0.09096152439285098,0.5463829473896229,0.29755249989401283,0.050069731237909816
N4754HD,0.8018520586131813,0.1931340059400923,0.0038957141605718898,0.0006643358285085196,0.00045388545764586923
N4755HD,0.25023736086332965,0.600825915154123,0.11494287948340454,0.025613906624235263,0.008379937874907714
N4756HD,0.5684563803877212,0.3954134740281641,0.027589607503940346,0.0056069060838401345,0.0029336319963341457
N4757HD,0.8616568585595925,0.1311240061222777,0.0055209567070482815,0.0012836760630861338,0.00041450254799533284
N4759HD,0.2229145744288602,0.7016120157749731,0.05701556600512056,0.01258614939016362,0.005871694400882465
N4762HD,0.21431177451954717,0.7049214773589177,0.07082600117724672,0.007286459905314903,0.0026542870389737183
N4763HD,0.5936532113922052,0.36092299730244737,0.03144611058282905,0.008770465112568761,0.005207215609949749
N4767HD,0.8095592196121857,0.1727376413726373,0.01374005218324689,0.002902084370708417,0.0010610024612217434
N4769HD,0.05455818359372395,0.17402248887081917,0.6067834827225047,0.1399084986370105,0.02472734617594178
N4770HD,0.7254632386953744,0.25370376465779093,0.015277888733740797,0.0035019588416416747,0.002053149071452083
N4676HD,0.2452423093621332,0.6193889290206691,0.09352821664526664,0.031221928527873942,0.01061861644405722
N4614HD,0.45560406445208557,0.49373558881329466,0.04008003294775788,0.006815402749076033,0.0037649110377858622
N4774HD,0.31596714808959664,0.5582714354589644,0.09982664023688942,0.020949634532836818,0.004985141681712637
N4778HD,0.07215657029603469,0.43038365327618255,0.33873671497131286,0.11389982615307485,0.04482323530339507
N4780HD,0.012519396941235356,0.04397284080821124,0.30705554533268986,0.3881657171913915,0.24828649972647204
N4783HD,0.6458626358498333,0.3353919809464396,0.014354882036537625,0.003026855924390561,0.001363645242798775
N4789HD,0.8394789544632674,0.13803122546317248,0.015505129468201567,0.004300439227055611,0.002684251378303042
N4792HD,0.5429842669056887,0.448719453388801,0.00677983274353741,0.0009799917004105678,0.0005364552615623342
N4793HD,0.05631671173278578,0.7242201128718667,0.1788034504230476,0.025337463567951038,0.015322261404348982
N4794HD,0.016317444233744025,0.06547486499206431,0.2773491581038605,0.5754773379000628,0.06538119477026826
N4799HD,0.6210965908652026,0.3655708791270604,0.010114762697878145,0.001875296725204049,0.0013424705846550307
N4800HD,0.9144733879644964,0.07946169089586698,0.0033203368387115934,0.001742086353214323,0.0010024979477107013
N4808HD,0.10395220576844363,0.8650475553533596,0.025288682977900115,0.0033607353927786027,0.002350820507517949
N4809HD,0.5920397047876009,0.3688496787570496,0.02589979431646591,0.008117724994063333,0.00509309714482028
N4634HD,0.7008790772869402,0.2663223462286651,0.024722124100917748,0.005747257611564976,0.002329194771912059
N4784HD,0.8868184695826736,0.10573022328931021,0.004663522261383635,0.0016753146392692235,0.0011124702273631925
N4815HD,0.885104250432711,0.1101060123583656,0.0029270961276077257,0.001058032218508765,0.0008046088628067384
N4816HD,0.6825232346052624,0.2996728375890794,0.012555497086854016,0.003625336836947588,0.0016230938818565044
N4817HD,0.384502048736905,0.5692609991926405,0.03212986430243881,0.010517234637387551,0.0035898531306280514
N4818HD,0.8915759467778364,0.10215676689432464,0.003347142316108948,0.0017351976601951752,0.0011849463515346962
N4821HD,0.026849957464187682,0.9494884240022429,0.020363708795174067,0.002353019830745692,0.0009448899076496388
N4830HD,0.8839056524123322,0.10793081614819512,0.005562824726892428,0.0016140175719711856,0.0009866891406089733
N4748HD,0.892348510675402,0.10175386394747399,0.0036143535826146525,0.0014536069945026119,0.0008296648000067492
N4684HD,0.8393097326807278,0.1527502771264214,0.005186262744527492,0.0016946087577136976,0.0010591186906095092
N0389HD,0.030359321248233213,0.9372132297690418,0.02775003800114416,0.0027962823326602992,0.001881128648920579
N4796HD,0.378334317128049,0.5080872620078412,0.08567090971690058,0.022501809555093736,0.005405701592115569
N4834HD,0.00876738915104765,0.023294416609556362,0.30091132471705073,0.6308516812268248,0.03617518829552055
N4835HD,0.04826090114123898,0.9324824177874268,0.01682544842381378,0.0016515360289195273,0.0007796966186009014
N4837HD,0.5377080127025909,0.45196932933257716,0.008546956400434735,0.0011388483994331333,0.0006368531649641601
N4838HD,0.06677261559959126,0.9032253637322941,0.024577826009631775,0.003179188493826014,0.002245006164656946
N4839HD,0.05277967756121638,0.30923483359506354,0.4704764613309405,0.13978909693216088,0.027719930580618488
N4842HD,0.7422334999274046,0.23738283526268247,0.014274468902550968,0.004336740505230066,0.0017724554021319218
N4844HD,0.9371568540628823,0.05983661713230983,0.002014415930923944,0.0006118970979344507,0.00038021577594944656
N4846HD,0.16930878111018724,0.5425659194132662,0.22461473968961582,0.04693752799655359,0.01657303179037712
N4847HD,0.8438280460378531,0.14866977003489318,0.005530676897934249,0.0013684533894056854,0.0006030536399137473
N4849HD,0.5389209271315127,0.41459614921467947,0.027561632865631746,0.011517745977522231,0.007403544810653833
N4852HD,0.03626817539079156,0.4799564004166309,0.4438569612953353,0.029147546117196124,0.01077091678004617
N4853HD,0.674267682082031,0.3018833448510857,0.01794136768913417,0.004137963376079434,0.001769642001669585
N4856HD,0.8561673275214907,0.13638310510081875,0.005012392079161273,0.0014807893386522897,0.0009563859598769408
N4858HD,0.8411089503671294,0.1512165477237294,0.004602007658047357,0.0019428129692590293,0.0011296812818348786
N4860HD,0.17953745943968621,0.7608722035921315,0.04434299835813428,0.010266324781237148,0.00498101382881086
N4861HD,0.9054911090408331,0.09209803996794992,0.0015328288856035488,0.000577159175603346,0.0003008629300099356
N4863HD,0.5302470956168358,0.45501593880148195,0.01100271869527445,0.002511424363095208,0.0012228225233126314
N4864HD,0.7910110363888947,0.19898359103995805,0.006956077378512304,0.0020290002801055186,0.001020294912529594
N4866HD,0.7974308186169367,0.18559026110253782,0.011892150009046296,0.0034185635244611203,0.001668206747018193
N4012HD,0.6553317927891005,0.32232208667796336,0.014834067704165276,0.005299914186990609,0.002212138641780383
N4825HD,0.3057553267106189,0.5517025123043615,0.10623096525023999,0.025471377194151556,0.01083981854062792
N4875HD,0.07907145117886483,0.529894752410702,0.29603825003107875,0.07087229624472671,0.024123250134627693
N4878HD,0.06326950954998366,0.32379050577000046,0.38781956501923565,0.1758387871704706,0.04928163249030973
N4883HD,0.025516492595474706,0.31480886867938607,0.590078851673013,0.0592085116282478,0.010387275423878475
N4884HD,0.7027981838965398,0.2599027650514259,0.030956611161346036,0.004748555487661054,0.0015938844030270864
N4887HD,0.16354194585689236,0.7834750949633925,0.04457307954227704,0.0059623462589109884,0.0024475333785272065
N4891HD,0.6621632522302761,0.3133175437446774,0.018828700618344543,0.004327482655312045,0.0013630207513900565
N4892HD,0.19287913739279638,0.7694466850228068,0.029861951682061978,0.005251677098331631,0.0025605488040034044
N4895HD,0.8142742510615413,0.1723019768759696,0.009523209429786187,0.0027036430522267866,0.0011969195804761893
N4899HD,0.6887192311411534,0.29889654629038287,0.008033642173359888,0.0026439116558350266,0.001706668739268818
N4898HD,0.4257913113573441,0.5403134598982416,0.02865541593054267,0.0033116611840313588,0.0019281516298402296
N4902HD,0.5844287581427192,0.3293816198311663,0.050596408903324445,0.026111656186488766,0.009481556936301446
N4904HD,0.08710604398568228,0.26870718045452185,0.5334163095184892,0.08991488649399483,0.020855579547311934
N4906HD,0.783383061758863,0.20625177405490505,0.006794488505037633,0.0023469678391237606,0.0012237078420707372
N4909HD,0.699123557840628,0.28108612948934597,0.011846894500640226,0.004632624210918211,0.0033107939584675963
N4912HD,0.6814507833577694,0.301688809446881,0.013202190239375819,0.0026493842277919935,0.0010088327281818166
N4913HD,0.7180351127207162,0.2609897360251066,0.016507090811511603,0.0031297943718861603,0.001338266070779272
N4914HD,0.4532702495559981,0.4658846792264081,0.06158708852995126,0.01480834291105883,0.004449639776583761
N4908HD,0.9060100767469936,0.09074435715356073,0.002219829766667628,0.0006248617692410841,0.0004008745635371531
N4937HD,0.846522017536472,0.14803552373618922,0.003573782114588446,0.0012365485296910738,0.0006321280830591783
N4938HD,0.9239400888833921,0.07335264210538242,0.0018910520918234068,0.0005289759099933485,0.00028724100940872655
N4949HD,0.8495464213626169,0.14051209703726777,0.006359134925648961,0.002302944594736717,0.0012794020797295723
N4952HD,0.8034927159982077,0.1804040011851112,0.011619866281236107,0.003192555685602949,0.0012908608498420394
N4954HD,0.7334680114364608,0.24728481424046286,0.014391308246524261,0.0036175714377804304,0.00123829463877168
N7917HB,0.8821936139682551,0.11395053208927625,0.002591365429194214,0.0008222197705455033,0.0004422687427288691
N4951HD,0.7926637707195902,0.19920567292644092,0.005003452709286951,0.001917766603785297,0.001209337040896782
N0385HC,0.199048274044465,0.5932522573397315,0.16273274009507108,0.035037318246046015,0.009929410274686343
N3920HD,0.26297588444605635,0.6557883678692878,0.058167431565471044,0.01753815886243811,0.005530157256746731
N9498GW,0.734592704814205,0.24800958789590466,0.013487275689378141,0.0027155956745011163,0.001194835926011153
N4961HD,0.9172909291336186,0.07951113489810215,0.0021207286131384563,0.0007294553659679398,0.00034775198917293956
N4965HD,0.20040046024525243,0.3670427077182303,0.35005657619384833,0.06551373876424688,0.016986517078422057
N4967HD,0.5894484530321228,0.3641619514959316,0.03107834952364097,0.010683782746798778,0.00462746320150576
N4968HD,0.20098255957280162,0.5376322356036822,0.14636660166353252,0.08865726420676638,0.02636133895321726
N4973HD,0.8040884848838407,0.18109403703120053,0.010893590460562494,0.002739742767813071,0.0011841448565832796
N4976HD,0.019846943568850493,0.448349689870338,0.45942117243421154,0.058249398616157834,0.014132795510442149
N4977HD,0.3096263572251957,0.6651064164200482,0.01994266445362547,0.003444342689550621,0.0018802192115799194
N4978HD,0.6326303599824922,0.32351765867067095,0.02934837786255145,0.010876756814623207,0.003626846669662228
N4982HD,0.3099654459120827,0.5634971031239858,0.07774617627865162,0.038669452327972934,0.010121822357307088
N4983HD,0.0848121012221405,0.3049798570744429,0.3305788174138457,0.2356598279029078,0.04396939638666306
N4984HD,0.881163042740086,0.11477998336745379,0.002626892860512871,0.0009630614316925931,0.00046701960025484333
N4992HD,0.03647527302873724,0.24069888123497285,0.45388496079094626,0.21047942908472209,0.05846145586062156
N5000HD,0.6135068016858483,0.342652928089658,0.030260520994464787,0.010623106627225843,0.0029566426028031054
N5006HD,0.415591012191445,0.5550511228818351,0.022998017967219828,0.004423580047428823,0.001936266912071418
N5007HD,0.5852333952076479,0.38027127397398097,0.020502591175630577,0.011153028740248606,0.002839710902491853
N5008HD,0.23039599097385954,0.6652461060625094,0.09245929643635377,0.008123244248253201,0.0037753622790240617
N5011HD,0.38387764582916317,0.5714693081505562,0.03426764096478174,0.006710533900501758,0.003674871154997148
N5020HD,0.624058066573702,0.3451215726442074,0.02148710419831892,0.007319039154437579,0.0020142174293340783
N5024HD,0.8337729623720869,0.1572562020243436,0.006254422074995224,0.002016199513949987,0.0007002140146244664
N4826HD,0.88065295806578,0.11220054731563311,0.004394883272666055,0.001628869533309236,0.001122741812611418
N5032HD,0.9183083304280891,0.07671568405176238,0.00343493051003595,0.0010319515469268156,0.0005091034631855508
N5041HD,0.8844655846850064,0.10923210807366716,0.0035412483007600595,0.001706306010827002,0.001054752929739528
N5043HD,0.9539274610235617,0.04150782937234068,0.0028138259497556962,0.0010623356057060816,0.0006885480486357368
N5044HD,0.31239766519997003,0.5781992487587116,0.08327457189284315,0.018697688707633036,0.00743082544084217
N5045HD,0.6862551735422291,0.2958272881904092,0.012270918415711,0.004110954901957231,0.001535664949693439
N5004HD,0.8842691147189617,0.10791617600000053,0.005458524318265007,0.0015045752110111423,0.0008516097517615515
N5055HD,0.5501062754778251,0.39524946044018655,0.04015038808785349,0.009919389746360852,0.004574486247774045
N5056HD,0.15099143062588205,0.3772946809238992,0.2797424693729301,0.13739209501115124,0.05457932406613738
N5057HD,0.7478627283901381,0.24137955358660135,0.007150944394548161,0.002292182798902413,0.0013145908298101054
N5059HD,0.47785691432452715,0.4511061935864326,0.05655983967307313,0.010741295692584371,0.0037357567233827775
N5061HD,0.5698424559718037,0.39288328549925355,0.02737528023601941,0.006772405324558806,0.0031265729683645667
N5018HD,0.8921511042496907,0.10318435243642769,0.0024876569306954044,0.0013198360762259778,0.000857050306960224
N4896HD,0.6394510340848384,0.3352550477909141,0.019516130344785,0.004237165832129306,0.0015406219473333284
N5064HD,0.7977907853418135,0.1824940028171496,0.013453480768779507,0.005158292351955227,0.00110343872030225
N5065HD,0.65005108743195,0.32971931395447474,0.013803058876380269,0.004524063489912027,0.0019024762472827504
N5067HD,0.19450607641574832,0.6413987588955747,0.12847535141882235,0.027135040751785505,0.008484772518069107
N5070HD,0.05782532204261722,0.5186222325203479,0.3766856959179411,0.03890503809207819,0.00796171142701556
N5071HD,0.22222947170684845,0.6530694602387993,0.10280455240793972,0.015952202381999212,0.005944313264413282
N5072HD,0.19365398124164585,0.6686492206931155,0.11864209326583738,0.013152857784592388,0.005901847014808832
N5074HD,0.7631346684275314,0.21490699819635103,0.01374205096154095,0.005196855990172287,0.0030194264244041433
N5075HD,0.9525430140694706,0.04548870751226582,0.0010741969736152981,0.000592417538866333,0.00030166390578184626
N4923HD,0.8376817948742493,0.14141343086735741,0.014210157057074815,0.004502275764753058,0.002192341436565357
N5076HD,0.7711984690550718,0.21744368882268783,0.008273001225208337,0.00227895048902613,0.000805890408005827
N5079HD,0.03786771137787109,0.1292918710019808,0.5625374745357777,0.23074859276099285,0.03955435032337757
N5080HD,0.7139427963111262,0.2610083169699774,0.015960156666971478,0.006048881469368834,0.00303984858255626
N5082HD,0.683063198017812,0.2732039010361359,0.028283226018795377,0.010695958600143994,0.004753716327112589
N5083HD,0.5527362373402688,0.37896139526548267,0.05276605176204863,0.011475161840372793,0.004061153791827057
N5085HD,0.14917724506999536,0.7255140361540222,0.10302952305798295,0.016883510818728575,0.005395684899270872
N5051HD,0.3080318258344,0.668322534995431,0.019720731885566056,0.002589819712773601,0.00133508757182916
N5039HD,0.08033437179861455,0.34743595225154195,0.37535086207193874,0.16471884229858733,0.03215997157931749
N5088HD,0.9213448355313784,0.07503343052634548,0.00248037753166074,0.0006760683283863938,0.0004652880822290494
N5091HD,0.023377278368858292,0.9684132541607017,0.006956666869386689,0.000850871842805092,0.000401928758248104
N5093HD,0.02332881136561687,0.14467950923114867,0.4443731588277368,0.28998750862509937,0.09763101195039826
N5100HD,0.02564991783899329,0.09033977340626674,0.35156681774408,0.46274783777082706,0.06969565323983294
N5103HD,0.10161498093396334,0.3819546162254343,0.31348568935281185,0.14991846540201537,0.05302624808577517
N5104HD,0.946919834885874,0.050349955885500855,0.0016784833076341353,0.000664959325243264,0.00038676659574760823
N5105HD,0.7400032932007964,0.23080931533098195,0.016392120224932045,0.008289177231334275,0.004506094011955369
N5106HD,0.7984895534722072,0.18095682228728746,0.01492574397214831,0.004015770987713368,0.0016121092806436572
N5109HD,0.5107786277804676,0.477522522497396,0.009380651973050276,0.0014957034847800303,0.0008224942643060556
N5112HD,0.5289704304033299,0.41590195743652625,0.040631322568640084,0.010533195612669737,0.003963093978834114
N5115HD,0.8438313628685108,0.14155311263387246,0.011493332429941694,0.0021072886686394716,0.0010149033990355558
N5120HD,0.0185002980306951,0.10749726510353176,0.35502177349543,0.4402314330342093,0.07874923033613387
N5121HD,0.5176888394771014,0.4211216965671476,0.04054014467352121,0.013832565948395062,0.006816753333834714
N5122HD,0.3908077593740518,0.5125226379037817,0.07030132421848495,0.018871424689344635,0.0074968538143368275
N8305HB,0.8987872199010826,0.09616826721002276,0.0031841398559697724,0.0011358775121861407,0.0007244955207386002
N5126HD,0.037658914851396365,0.11311364734113571,0.3469768519135751,0.43825156876263505,0.063999017131258
N5128HD,0.9177389338615504,0.07762804071758249,0.003183014422880365,0.0009592200563873569,0.0004907909415995009
N5133HD,0.01887841909870629,0.09815648637783664,0.48509447627051255,0.34672517726921454,0.051145440983729945
N5135HD,0.7701264617902088,0.2102467015639375,0.014311315126578994,0.004004968293279134,0.00131055322599544
N5143HD,0.863426084491975,0.13202232861750055,0.0029677913061359413,0.0010422002536861997,0.0005415953307021352
N5144HD,0.23227042213201107,0.6774048626925402,0.07296496948884904,0.011777963582603261,0.00558178210399639
N5149HD,0.20141192988012277,0.6522457371625081,0.10160255494723786,0.03529551654991908,0.009444261460212289
N5152HD,0.3585845305597833,0.6006814573014264,0.03230079981227437,0.005898673450956754,0.002534538875559172
N4394HD,0.16920736351751867,0.6593791364351752,0.13558898881034231,0.025641015505026055,0.01018349573193778
N5029HD,0.16040591718969988,0.7098368576547963,0.10265408788462868,0.017678808855522924,0.009424328415352281
N4368HD,0.9553076042685482,0.042567783083874836,0.0011008148843855048,0.0006379754126415204,0.0003858223505500063
N5013HD,0.2948896417165205,0.5598195640256973,0.10341424175997481,0.027198543058329767,0.014678009439477623
N5153HD,0.2620233671823646,0.6880611581259946,0.040667744711587614,0.006857135962379045,0.002390594017674436
N5157HD,0.9168354788700087,0.07890082317907357,0.0020937869422058427,0.0014611210791132328,0.0007087899295985037
N5170HD,0.6276509811454478,0.3332755426680889,0.025199981243860282,0.009581551711417146,0.004291943231185869
N5172HD,0.8713103672972339,0.11873444550693854,0.007144226496036822,0.0020131119828699553,0.0007978487169207723
N5173HD,0.6108188694708413,0.3264187783119167,0.04563971000061799,0.012408798393462091,0.0047138438231620694
N5147HD,0.6107471702490216,0.3592017683541306,0.020074242806716224,0.005842503486538246,0.004134315103593324
N5178HD,0.743541832953943,0.2294714308377852,0.02016698561289045,0.004749280244645964,0.002070470350735454
N5180HD,0.48321364132319383,0.4621834697638416,0.039016511569318534,0.010424401414385807,0.0051619759292600535
N5181HD,0.2653618892164187,0.632056318463286,0.07785173543212498,0.018013139351570076,0.006716917536600414
N5182HD,0.9189282221506159,0.07738347359368167,0.0019408973105158012,0.0010152990487769353,0.0007321078964098172
N5183HD,0.08590855915315455,0.8997120886203623,0.011857830961251812,0.001775796107069196,0.0007457251581620996
N5185HD,0.1034523863456854,0.25897385624657804,0.4533256205512192,0.14460168166866602,0.03964645518785124
N5187HD,0.22565117382805533,0.5982008022573239,0.12826306036801172,0.03694518913498791,0.010939774411621327
N5188HD,0.17670764510640502,0.45234093513069024,0.20109935245534644,0.13981865846986063,0.03003340883769778
N5190HD,0.015423709599243909,0.053811500605818026,0.33309706566624164,0.5496752962221407,0.047992427906555744
N5192HD,0.5313576890518039,0.4609287615623241,0.0061019328119125485,0.0010949405942190886,0.0005166759797403254
N5193HD,0.7562921424759409,0.22136108701927462,0.017006724152398935,0.003718250763045947,0.0016217955893396323
N5197HD,0.8730509362133938,0.12198930273130494,0.00370009294776019,0.0008891224954541652,0.00037054561208687116
N5198HD,0.23689049219466998,0.5129013420239247,0.1473943976865027,0.08497639355293243,0.017837374541970135
N5199HD,0.7087706925173219,0.24825446532424691,0.03062148526036318,0.008377209030263776,0.003976147867804224
N5200HD,0.7798916216258142,0.19850456731060578,0.013373973880743737,0.005093436024291863,0.0031364011585446275
N5203HD,0.030639051531291504,0.0953669239286338,0.44804563057771113,0.32207557879566495,0.10387281516669854
N5209HD,0.0392847303274892,0.1582271942694506,0.4250195266943836,0.32774409541675664,0.049724453291920066
N5212HD,0.8022271548828502,0.1882343886273338,0.00658025322945802,0.0020292981661124065,0.0009289050942454838
N5215HD,0.5028496944735779,0.4360331018871721,0.04863510458790292,0.008581939324408818,0.0039001597269383236
N3574HD,0.8023308713799,0.175362598232044,0.012550271696826223,0.005646600610438443,0.004109658080791404
N4760HD,0.10480268132478146,0.5051134837867386,0.2921567014629458,0.07504612035756068,0.022881013067973657
N5225HD,0.8576055995092001,0.13513047712874438,0.005491561423848119,0.0011163276744543893,0.0006560342637530113
N5226HD,0.5465724937380512,0.4046079209242034,0.03187260129645784,0.011777293062004226,0.005169690979283384
N5227HD,0.6421522513629346,0.3283824671925776,0.016973934824701286,0.008824790834229827,0.0036665557855567288
N5233HD,0.02451236105377437,0.10032822867073492,0.31472847520614067,0.4155050539534885,0.14492588111586163
N5238HD,0.8172582932049235,0.16606023911811957,0.011208664601434751,0.0035368362491997713,0.0019359668263223642
N5241HD,0.779884211242508,0.1993101487650401,0.015862442640257712,0.003459410158599605,0.0014837871935946252
N5243HD,0.030978518659095046,0.15092782525946072,0.3896112855994893,0.37757139601476564,0.05091097446718916
N5246HD,0.8752553193251855,0.11246065266813336,0.00801335815791945,0.002788553561362749,0.001482116287398976
N5247HD,0.0067908773993994,0.01648334734983054,0.19450528086085814,0.7555065567592882,0.026713937630623824
N5248HD,0.6598010807845962,0.2832979287143457,0.04171885084218544,0.012115915243272225,0.003066224415600334
N5253HD,0.5636462271044599,0.3968726491145892,0.024666161086910613,0.009364080789133153,0.005450881904907196
N5257HD,0.026670417428524145,0.08535533914682485,0.42238301519529653,0.3464624614199528,0.1191287668094018
N5259HD,0.02916463270558374,0.08515220189377337,0.43452280941969007,0.3502201797455898,0.10094017623536299
N5262HD,0.07592714855060027,0.471687365757662,0.4151178865263113,0.030108973166242455,0.00715862599918385
N5266HD,0.2209383475429894,0.7261858618626658,0.04304739798268872,0.006666038064688241,0.00316235454696774
N5270HD,0.71088763313066,0.27050873605690906,0.01395227319608895,0.0033266716932094558,0.0013246859231325961
N5271HD,0.6261230494488993,0.33507648074982305,0.030426665169845955,0.005425599367180501,0.002948205264251226
N5273HD,0.7514792844185586,0.2343848383312494,0.009672051464843944,0.002832409679304218,0.0016314161060438956
N5274HD,0.8770870182426745,0.11661638668651171,0.004286633317204127,0.0012673456833429393,0.0007426160702667082
N5211HD,0.1557196724467318,0.35639184654056844,0.30461322675477254,0.1504536441514383,0.032821610106489034
N4843HD,0.41335824814811917,0.5043399875408847,0.05371558340024254,0.018884689978114662,0.009701490932638796
N5287HD,0.7027550552393553,0.26024891437097536,0.02821478883107137,0.006859074953594017,0.0019221666050037668
N5286HD,0.14443483248818487,0.34245806317649635,0.3205581155349859,0.14252251170458002,0.050026477095752794
N5292HD,0.029773016141610695,0.10284920803365057,0.4599828207233749,0.2967728178126507,0.11062213728871324
N5294HD,0.43159071100955393,0.5548049542162353,0.010015593874739652,0.002510291743457357,0.0010784491560136865
N5296HD,0.28020025522326525,0.48773888610830257,0.17132780977170772,0.04463325969935786,0.016099789197366758
N5298HD,0.7370441026871288,0.2391989477600553,0.01639476013599804,0.005203681854055739,0.002158507562762202
N5303HD,0.8356708098411436,0.1496272637967256,0.010492149146928509,0.0026707227612842725,0.0015390544539180696
N5305HD,0.22673939332120924,0.5957257469312793,0.12977243252202922,0.0297552842088074,0.018007143016674606
N5306HD,0.8252756435891674,0.16352570386667648,0.007777395377670894,0.0025738877366816818,0.0008473694298034562
N5307HD,0.07569473664007043,0.5954202763952915,0.2501454054318332,0.062220870445002185,0.016518711087802736
N5311HD,0.2845702731536581,0.6435850095230489,0.05931601963913727,0.009320886138705069,0.003207811545450723
N5314HD,0.7998542858663316,0.18193210480815047,0.010491962095012873,0.0048725111748096584,0.002849136055695601
N5073HD,0.12314601061017921,0.4585424371897971,0.27047402247168006,0.12098940450344518,0.02684812522489835
N5277HD,0.07480728474378864,0.31000701434530187,0.337965554086646,0.21484623380655185,0.06237391301771162
N4885HD,0.9170799206382659,0.07661562658940863,0.00366672423959471,0.0016202199388471877,0.0010175085938835906
N5318HD,0.05420173719785202,0.43135097546971657,0.4079432974433125,0.08103747651453917,0.02546651337457965
N5321HD,0.7840683041351568,0.19849749684166718,0.012472802566682947,0.003667988568455069,0.0012934078880379209
N5323HD,0.9464701885768241,0.05173381708348342,0.0011285659923317545,0.0004120010398545141,0.0002554273075062653
N5324HD,0.6488948751804644,0.29614557121573687,0.03940333555218115,0.010618075195229643,0.004938142856388036
N5326HD,0.8694868017067328,0.12256512191625255,0.005169946072010152,0.0016022274127266544,0.0011759028922776543
N5327HD,0.7140727638808039,0.26722668704569397,0.010947374496132548,0.004555617038306087,0.0031975575390635036
N5329HD,0.1002524043261997,0.7543654945933554,0.11246534309401345,0.021243440354815218,0.011673317631616213
N5331HD,0.7780852858947228,0.2056552697151827,0.013511130492797141,0.001964573132943567,0.000783740764353559
N5332HD,0.7439132227962426,0.2394853134162922,0.011396386284509523,0.003855468394636493,0.001349609108319189
N5333HD,0.8521787531870029,0.1429265128056527,0.003108204331968181,0.0011291969331252262,0.0006573327422508901
N5334HD,0.021548418114688984,0.9673070401103802,0.009678356302381003,0.0010070600317800143,0.0004591254407698419
N5338HD,0.03521832991151152,0.2180027451947559,0.37534251183846995,0.29452486309144893,0.07691154996381368
N5339HD,0.050880620165682656,0.26577383242114394,0.4259527968597938,0.20751998639868172,0.04987276415469789
N3820HD,0.02453046491841342,0.08554239579980606,0.3765392353792219,0.31072742949447824,0.2026604744080805
N5342HD,0.8444934742407622,0.14830362988938275,0.005418922179467386,0.0011841811853950674,0.0005997925049926742
N5345HD,0.6848670237715156,0.2837653260699829,0.024049413256529876,0.0056156269424049825,0.0017026099595667016
N5346HD,0.8051139583701628,0.1870073263451996,0.0050249037629842095,0.0019921307938107,0.0008616807278425692
N5348HD,0.045812502605621704,0.21021423645684306,0.25214506807242965,0.3958127808889432,0.09601541197616233
N5351HD,0.721094572406877,0.2458746423499935,0.025589134100220037,0.005710318201596262,0.0017313329413132384
N5354HD,0.009086880626745458,0.02301025302727206,0.25963431960307065,0.6743367755927869,0.03393177115012494
N5355HD,0.5259994934738614,0.4534402980015037,0.012977357790239114,0.004899801310226824,0.0026830494241690474
N5362HD,0.5269182960962214,0.4621701820145,0.008248722931681798,0.0017018035856672766,0.00096099537192942
N5364HD,0.7248790250910072,0.25825697810618997,0.011348926025035252,0.003745900238151444,0.0017691705396162519
N1264HD,0.03639040193773881,0.8949535711491997,0.05893944110726091,0.007444751220438003,0.002271834585362741
N4985HD,0.2997585662945265,0.5689204394946851,0.10544676632239276,0.020279596077098602,0.005594631811297138
N5368HD,0.017223969918465424,0.05065588770955107,0.3471049787144413,0.47898557676849113,0.1060295868890512
N5371HD,0.8977057289796255,0.09505639751360066,0.004852015269418536,0.0014997130913358063,0.0008861451460193314
N5372HD,0.7465266088115008,0.23926085328571264,0.009312854130473391,0.0037013161564313315,0.001198367615881749
N5373HD,0.5300382131316366,0.45836352324245255,0.00764893115193281,0.002666733874253937,0.0012825985997240788
N5374HD,0.496674953920476,0.4801784416543835,0.01877801023515264,0.0026984957722174458,0.0016700984177706794
N5377HD,0.7231072038421595,0.25590149100220144,0.014823006879004848,0.004220418132738252,0.001947880143896038
N5379HD,0.6779188636353536,0.30018465567940045,0.015773258646944795,0.004665396997804269,0.0014578250404969075
N5381HD,0.14445662339508547,0.3547641504301715,0.2214589250930252,0.21262872968204963,0.06669157139966833
N5383HD,0.25486732012894,0.4624259267728283,0.18444659742672986,0.07784131180047761,0.0204188438710244
N5385HD,0.865620608970203,0.1312893365797439,0.0021083511365907635,0.0006396654640599884,0.0003420378494022191
N5387HD,0.05099553703407112,0.46649192348729746,0.3512537534949138,0.09855834446111734,0.032700441522600376
N5388HD,0.05926263343865988,0.1943129269990717,0.3904995165164182,0.2969654437500312,0.05895947929581894
N5389HD,0.024654645892730774,0.4635954135519944,0.4784223040187136,0.025088708887140515,0.008238927649420809
N5391HD,0.6443441050788341,0.309689160790729,0.031156765700009054,0.010080892545704446,0.004729075884723347
N5393HD,0.6228776666607505,0.3582430970760312,0.014478198211330022,0.002999670550857614,0.0014013675010305924
N5395HD,0.7127581380030678,0.2514056487468841,0.025352012930439954,0.006986398050869146,0.00349780226873917
N5397HD,0.7628922994252281,0.20919078416422315,0.016573642369751153,0.00868139863636272,0.0026618754044347736
N5398HD,0.6998074096527224,0.2659391902460544,0.020896505758782897,0.009220010347623878,0.004136883994816552
N5386HD,0.08920344077021788,0.563163291859124,0.3166813329482359,0.024331442197685998,0.006620492224736214
N2483HD,0.836315758270256,0.15503730010205247,0.004737327045432789,0.0025425868751909934,0.001367027707067838
N5402HD,0.8522598536009479,0.1381934662158115,0.00652071096038407,0.0017463614679545398,0.0012796077549020416
N5404HD,0.5780717275563222,0.35910032942492764,0.03483282904544086,0.019784473124186696,0.00821064084912252
N5405HD,0.8978166826012788,0.09571925926190333,0.0049053693419749645,0.0010070427495255884,0.0005516460453171943
N5407HD,0.30049206085757435,0.604368300388435,0.06178447634793488,0.024762159223385607,0.00859300318267001
N5414HD,0.5536958289594414,0.43924830941415993,0.005350107288898536,0.0010914868388868352,0.0006142674986132477
N5415HD,0.8648271919525063,0.12978607812705628,0.0033910587706320224,0.0012721616487827948,0.0007235095010223356
N5416HD,0.20031214459771013,0.7607011109530829,0.028729574270600942,0.006876188287843484,0.003380981890762625
N5421HD,0.7394166022259662,0.2304791517472283,0.01876809934628711,0.00759282378450019,0.0037433228960181593
N5430HD,0.8466449096954881,0.13681561139170711,0.012230741486249691,0.0030849511455854446,0.0012237862809694679
N5431HD,0.03365543044726307,0.5216538119427737,0.4028919183562186,0.031979491151881895,0.009819348101862673
N5432HD,0.6913194730668181,0.28068730612756815,0.020990569634433423,0.00465973213221691,0.002342919038963502
N5437HD,0.6784270200999293,0.3006673325330965,0.015294614888286985,0.003912343924763521,0.0016986885539236433
N4225HD,0.4491230007670872,0.4896697226440969,0.04346616800687357,0.013553763954589725,0.004187344627352517
N5123HD,0.4822186548659595,0.4524154102508976,0.04111890115601839,0.01760113569973255,0.006645898027391882
N9187HC,0.04800362107450431,0.1871009086359397,0.43797708634628646,0.2611827863737788,0.0657355975694908
N5439HD,0.30992896616227444,0.4663243790210039,0.13711639318064447,0.06443419594422978,0.02219606569184757
N5440HD,0.09753383971397336,0.4688221920798906,0.3667773467606953,0.05427600050427094,0.012590620941169589
