ncode,proba_0,proba_1,proba_2,proba_3,proba_4
N4541HD,0.781584831558705,0.19593731038641435,0.01577698202825722,0.004379844923381088,0.0023210311032423186
N4397HD,0.019301282408793436,0.1586870221235805,0.426640165588722,0.33749907177925986,0.057872458099644315
N4544HD,0.8880002924622584,0.1060550663320519,0.004037060793634397,0.0012965178693288694,0.0006110625427265504
N4545HD,0.08970660955500753,0.3731730926375369,0.327341669282392,0.14480669832365892,0.06497193020140471
N4546HD,0.2054466129862921,0.7222746994555247,0.06486178766977813,0.005286096535098251,0.00213080335330667
N4550HD,0.831568661626348,0.16032942007380738,0.005520649136219978,0.001662776706870256,0.0009184924567545619
N4551HD,0.711463938185517,0.277772047195772,0.00837139548308575,0.001668808662709898,0.0007238104729153982
N4554HD,0.06329619871670869,0.3562093529290427,0.513006037277166,0.054115521661948836,0.01337288941513367
N4555HD,0.492548251166949,0.4465175858602665,0.04983047408640932,0.008358052887844731,0.0027456359985301997
N4556HD,0.3362069664408423,0.4777567725427832,0.1273048713739187,0.04781897953050631,0.010912410111949503
N4563HD,0.37338328980271285,0.49443772015161785,0.1079760606139385,0.019442854603122468,0.0047600748286081756
N4567HD,0.9129504618340126,0.0788402697596699,0.004720774786295085,0.002331431784200596,0.0011570618358217653
N4561HD,0.8335208957744957,0.15954970463372523,0.004761171991847991,0.0014350400724019226,0.0007331875275293243
N4571HD,0.3488860946406917,0.5405223962765972,0.08518462869469383,0.018934939399996874,0.006471940988020434
N4574HD,0.9475680922097742,0.04970984036037051,0.0016015550904812843,0.0007199964857274878,0.0004005158536462792
N4575HD,0.4891529059306201,0.4829027426687456,0.023412265055768166,0.0032479840388131643,0.0012841023060528123
N4579HD,0.29220297686887386,0.617241177594823,0.07451192454791977,0.012016602611142,0.0040273183772413755
N4581HD,0.16975815079377915,0.7280347828746631,0.09116060628865073,0.008267871463254566,0.002778588579652647
N4584HD,0.20604870778463888,0.7249800766707396,0.062062545508227235,0.004809804174847843,0.0020988658615465157
N4578HD,0.7965687547419447,0.19427217498659985,0.007021520597431024,0.0014898931325517787,0.0006476565414727171
N4590HD,0.21195489750271393,0.7500838215248771,0.03277909191792124,0.0038954915169196296,0.0012866975375681485
N4593HD,0.012805671554656324,0.06517191375391476,0.4009229385301849,0.47270971593403166,0.048389760227212336
N4151HD,0.12174653704055383,0.43678197415690334,0.27390627102964976,0.13000050965624327,0.03756470811664974
N4594HD,0.8247100400445163,0.1671307303096188,0.00569602000852942,0.0017013146387531146,0.0007618949985821517
N4600HD,0.23508161252562343,0.5606210426646238,0.17480788708497383,0.024321278832312096,0.005168178892466887
N4605HD,0.04327144388903454,0.25266372002734755,0.5909114545185399,0.10439719484258943,0.00875618672248862
N4612HD,0.3965956936571254,0.5441035938753794,0.0473689101168408,0.009304397466941493,0.002627404883712849
N1701HC,0.24208418134012527,0.6121724234646386,0.11338739502260368,0.02345940730209017,0.008896592870542428
N3705HD,0.0064895776001318625,0.03430074800001631,0.2431416872290248,0.40354283133096247,0.31252515583986457
N4589HD,0.6478924812937654,0.30334721007158166,0.034161284930569344,0.01090200733616178,0.0036970163679218102
N4339HD,0.9257084546854071,0.0698791743923573,0.002650725428716472,0.0011289600588223496,0.000632685434696683
N4615HD,0.02423248397360689,0.15014346394326925,0.3084396256850417,0.37305857440652584,0.14412585199155648
N4618HD,0.8921000667849154,0.10121271770909183,0.004078619988506923,0.0017254969585079158,0.000883098558978069
N4624HD,0.46604212779931053,0.522243212562911,0.009385228389008696,0.0016124310914950248,0.0007170001572749035
N4626HD,0.7886775894443709,0.1933124812173647,0.012977138346145561,0.003727953951835978,0.0013048370402826868
N4628HD,0.10603280870350121,0.7396046136340846,0.12832574480333286,0.018351620952973647,0.007685211906107651
N4638HD,0.11440792314165635,0.3578554972999701,0.2789633901577285,0.17601593045082548,0.07275725894981974
N4639HD,0.7882463935004438,0.18968889526572474,0.015310347222921067,0.004400086856853441,0.002354277154056733
N4642HD,0.8931352722945982,0.1010369813201682,0.004175914705213651,0.0011393156335872407,0.0005125160464329575
N4646HD,0.9387443927460609,0.058191092717273046,0.0018601145951782719,0.0007456146630514221,0.00045878527843654
N4631HD,0.8501635326762031,0.14069786390080835,0.006465647344549972,0.001962377158369955,0.0007105789200687648
N4656HD,0.029250398695696175,0.16428309076086628,0.4530051009500591,0.2975786755779,0.055882734015478386
N4658HD,0.8156521956401992,0.16921092546858155,0.01089376648338751,0.0030639099138672203,0.0011792024939644196
N4661HD,0.862177308563542,0.12888434070182603,0.006085005402134303,0.0018816384755073736,0.0009717068569900098
N4665HD,0.827380363732653,0.16138623743882607,0.00791785288623329,0.002366248856588822,0.000949297085698816
N4667HD,0.8851413115216096,0.10951295853972066,0.0034063660321462224,0.0012285863772790858,0.0007107775292446698
N4669HD,0.700915076272755,0.28323570156185196,0.011896744117710224,0.002766152016101004,0.0011863260315818796
N4673HD,0.211512510808971,0.645958971606951,0.11981536356606048,0.015596651894525367,0.007116502123492103
N0760HD,0.10473962776309814,0.7768351619322438,0.10235864003727672,0.012724570934233346,0.003341999333147844
N4672HD,0.5727239892694306,0.3511782085678995,0.054065344202215725,0.01736635056287369,0.004666107397580501
N2593HD,0.8664823487624121,0.12598858789524325,0.004691293553570257,0.001838812975841675,0.0009989568129324916
N4677HD,0.24180833114015485,0.6687306212605804,0.07784054692238418,0.008725436797002167,0.002895063879878639
N4680HD,0.10107620506344696,0.36865402078063464,0.41449772709059235,0.09859464953559298,0.017177397529733126
N4688HD,0.008191748632631151,0.033284529039875374,0.24267389114146629,0.5857991264034081,0.13005070478261901
N4689HD,0.8447043067372776,0.14747390571310134,0.005430549566392309,0.0015494940508705673,0.0008417439323582618
N4691HD,0.1897380922453136,0.4587676035655005,0.22263642307341341,0.09531129885153199,0.03354658226424052
N4692HD,0.5621016513881588,0.3892343672848206,0.0335751815183304,0.009869573521477213,0.005219226287212966
N4694HD,0.023078018857949537,0.16293223660175984,0.5743586678866971,0.21130761592279143,0.028323460730802028
N4695HD,0.16804761544336802,0.7443846085797668,0.07563232946165196,0.009115355573817815,0.0028200909413952646
N4699HD,0.47706268313556505,0.4645005875143169,0.04494940512764134,0.010369118447401886,0.0031182057750747563
N4703HD,0.40928589006149957,0.42074246099622886,0.09477067784655688,0.05253561783063211,0.02266535326508253
N4704HD,0.003416250217073061,0.012546188620832786,0.3538298464825033,0.607308985451281,0.022898729228309905
N4708HD,0.9367682586199962,0.0601665072543927,0.0019496607548865692,0.0007288321013314602,0.0003867412693930028
N4714HD,0.5620743599491888,0.3907097358973534,0.03149486054977658,0.01033269878338249,0.005388344820298791
N4721HD,0.11124403788153016,0.7054363383225976,0.15012072878816668,0.02573625609935916,0.007462638908346366
N4722HD,0.8540430302813197,0.14002421225627373,0.004280394687870906,0.0011074218143034718,0.0005449409602321565
N4724HD,0.17238483158201814,0.7616487291959246,0.05802434037732233,0.005873061034408926,0.0020690378103258686
N4726HD,0.05524052760476774,0.8741356345943645,0.06450400567963724,0.004399056265535056,0.0017207758556955324
N4735HD,0.6589159035707145,0.3291828851748237,0.008418599185070435,0.0022850744979858806,0.0011975375714054774
N4063HD,0.5989774622276969,0.3399624384744638,0.039699278651098485,0.014670186094901004,0.006690634551839908
N4712HD,0.758235098701048,0.2299195066766223,0.009015059422384146,0.0019341555541245458,0.0008961796458208718
N4738HD,0.2746655617109622,0.6115055172773365,0.09029091663748355,0.017906904860366956,0.005631099513850736
N4740HD,0.0251528310457012,0.1328112635394684,0.358989378275229,0.42170376518280084,0.06134276195680061
N4742HD,0.01793385928727518,0.06582852539626864,0.32860033952311374,0.4578947792769969,0.1297424965163455
N4745HD,0.8191573334448856,0.16617448323902534,0.011029924247099593,0.0027228613289592683,0.0009153977400302789
N4747HD,0.759892321374693,0.21206877868847576,0.01939351285635098,0.005813631822988542,0.002831755257491739
N4750HD,0.6534260329467957,0.30270655976259986,0.029896177524190635,0.010954794960311274,0.003016434806102368
N4752HD,0.014036474490416399,0.14195454068241148,0.5049222787532375,0.290686784066694,0.04839992200724067
N4754HD,0.5744931642942575,0.4111926951977806,0.011999458898992822,0.0016108389505539848,0.0007038426584150243
N4755HD,0.24254870188946626,0.5702166439177897,0.1483557218492166,0.030607579160639605,0.008271353182887818
N4756HD,0.5007508789663379,0.4564375145596652,0.033668150869937824,0.006746299447923398,0.002397156156135612
N4757HD,0.8496441399383923,0.14005489334707202,0.007861851755876496,0.001818687765266504,0.0006204271933925904
N4759HD,0.4992166762355708,0.4625761779562696,0.029200515635097495,0.006296121351145266,0.0027105088219168496
N4762HD,0.5881465821899249,0.3617672672565561,0.03813027301308623,0.009282320451024709,0.0026735570894081025
N4763HD,0.5752558252078255,0.3899584382451994,0.02444492225249987,0.006703512628976279,0.0036373016654991826
N4767HD,0.7997855988284183,0.1810477428771618,0.013896715386187237,0.00413033410294101,0.0011396088052915974
N4769HD,0.049621699256547434,0.20339644556034295,0.566442044911789,0.16346510213661916,0.01707470813470149
N4770HD,0.7718442036258363,0.21084869334208844,0.012344918587661142,0.0036948041556936805,0.0012673802887204458
N4676HD,0.27550883907455076,0.579282502748235,0.11000206040158327,0.02660088849902529,0.008605709276605599
N4614HD,0.5411328171719859,0.4103332485637356,0.038561602235943376,0.0072805790280400995,0.0026917530002950403
N4774HD,0.291520950748238,0.6100950692570984,0.07659135601676416,0.01782498977398852,0.003967634203910882
N4778HD,0.06910123659237477,0.43594620970609416,0.33529962430746363,0.12517685668208034,0.03447607271198721
N4780HD,0.007443731550363534,0.036550673630178776,0.2658283446867296,0.39891386870624473,0.2912633814264832
N4783HD,0.5745793207753046,0.3940619035554642,0.024641367888603667,0.0049551079752613286,0.001762299805366244
N4789HD,0.7844129822603544,0.1915439962003365,0.016853699696633615,0.004757460137663393,0.002431861705012129
N4792HD,0.4335484762286485,0.5542943877288291,0.009945224593504763,0.001520424087323358,0.0006914873616941626
N4793HD,0.04878524534294458,0.720006599345711,0.20133051141605762,0.022782190730634942,0.007095453164651875
N4794HD,0.007134118674110075,0.03341001171693115,0.324934937865612,0.5674735244147019,0.0670474073286449
N4799HD,0.6780262361239863,0.30347744088758,0.01426860792105357,0.0030304546873400444,0.0011972603800401722
N4800HD,0.9216662134389112,0.07305814548262954,0.0031520666610413677,0.0013127917164271969,0.0008107827009907002
N4808HD,0.0850088409474958,0.8877964961766484,0.023852410816126667,0.002369199811753384,0.0009730522479757699
N4809HD,0.6030735700856173,0.3556761493344395,0.029771132917848532,0.007799956578375436,0.003679191083719273
N4634HD,0.7713344875395686,0.20031642723276843,0.020623808791206052,0.006117021973240667,0.0016082544632162854
N4784HD,0.8910526236669981,0.10208614495629444,0.0044958810222100265,0.0015838649450455823,0.0007814854094519378
N4815HD,0.9016192652938355,0.09388367098102833,0.00289320477789084,0.0010473417703841254,0.000556517176861101
N4816HD,0.7362907388833375,0.2404086525779898,0.017466988330516645,0.004375022873913244,0.001458597334242829
N4817HD,0.34510431964762406,0.6136838146559412,0.03240238809063145,0.00631727400031317,0.0024922036054901083
N4818HD,0.9084724890548541,0.08545948626424671,0.0037456617405175908,0.0015433048962573794,0.0007790580441241673
N4821HD,0.03963891895350744,0.9306680484771224,0.026048725818245577,0.0028345615781735583,0.000809745172951121
N4830HD,0.8536197002787401,0.13523957710954473,0.0076677238131399135,0.002516180897910703,0.0009568179006643866
N4748HD,0.868161544401149,0.12498931897375162,0.00464743115214782,0.0014849494649063434,0.0007167560080452837
N4684HD,0.8247027141632189,0.16604217714197425,0.006465288366289316,0.0018345379046083834,0.0009552824239092992
N0389HD,0.03761164569346536,0.9295257626014304,0.029336826695698297,0.0024740363162307783,0.0010517286931750918
N4796HD,0.3441670245864905,0.5720025862596902,0.0675521801520289,0.012238719791764493,0.004039489210025947
N4834HD,0.004557936939473621,0.016577868030133155,0.40419837196034325,0.5504527295910464,0.024213093479003453
N4835HD,0.07019682720492637,0.9032734166979862,0.023646178304663503,0.0021279676638214676,0.0007556101286023865
N4837HD,0.5306531943860167,0.4546631688624143,0.012103821306557355,0.0017087919989284908,0.0008710234460830837
N4838HD,0.07438044998070184,0.8987072538762231,0.02302558716183361,0.0026457840715264592,0.001240924909714757
N4839HD,0.029096357461746214,0.3269796354560245,0.5779640633309425,0.05548814236273084,0.010471801388556022
N4842HD,0.7587519811749972,0.22050897505607686,0.014981721578491095,0.004311030341467429,0.0014462918489675238
N4844HD,0.9353734429763226,0.06107914401552599,0.002364504726578745,0.0007658000619557918,0.00041710821961689733
N4846HD,0.16377601934591596,0.5286973190440619,0.2259990471090827,0.061212635444636086,0.020314979056303344
N4847HD,0.816846823721005,0.17384106284923698,0.007007862588502263,0.0015477965463013806,0.0007564542949544051
N4849HD,0.4541559047403962,0.49274280069898985,0.03883050364266789,0.010019996659753137,0.004250794258193142
N4852HD,0.02816634130381925,0.354691415775044,0.5923730513744423,0.020089943463390523,0.004679248083304003
N4853HD,0.6516043080316283,0.3275568898445186,0.016219251561979828,0.0034352326472288164,0.0011843179146444483
N4856HD,0.8041262528211802,0.18786724480173225,0.005374459783381866,0.0017389975650724135,0.0008930450286333551
N4858HD,0.772248731228998,0.21622779818550006,0.007474765195245504,0.0026512359975439906,0.0013974693927124111
N4860HD,0.23776028550212877,0.6994674628260432,0.05275421381869328,0.0073729131212103,0.002645124731924395
N4861HD,0.8818052096848296,0.11401788514368572,0.00279885314702161,0.000875478129567372,0.0005025738948958197
N4863HD,0.49234842314281224,0.4944592020330567,0.00994163405976165,0.0022421260729578226,0.0010086146914116548
N4864HD,0.7637396812187801,0.22418639187632275,0.008979356278167257,0.0022461592823032187,0.0008484113444267631
N4866HD,0.7602817166872631,0.22331358730752704,0.012022661145460871,0.0031155952643920574,0.0012664395953569387
N4012HD,0.7228830079286457,0.25982456890368294,0.012928845307626332,0.0033300951367023083,0.0010334827233427245
N4825HD,0.34193209523651197,0.5568225142729922,0.07569041411545656,0.01905208824734428,0.006502888127694906
N4875HD,0.08603809126794183,0.6381954388862233,0.21847961309379793,0.043016214337455574,0.014270642414581506
N4878HD,0.055206651352902314,0.36764811119150587,0.33607024492167864,0.16926818770051916,0.07180680483339406
N4883HD,0.022556757231131656,0.29204270813367467,0.6142403737596119,0.06372326164272533,0.007436899232856467
N4884HD,0.6841476119617252,0.2843230453608411,0.025851655372517456,0.004403314718514051,0.001274372586402117
N4887HD,0.21470265279940828,0.7356455890424807,0.041650081000770826,0.005880869867019332,0.0021208072903208196
N4891HD,0.6897466541110222,0.2807163495971287,0.022916578988352008,0.005250073638141876,0.0013703436653552214
N4892HD,0.19932553716651227,0.7413516321711452,0.050842483879706406,0.006179711987545709,0.0023006347950903397
N4895HD,0.8231593890268281,0.16405434014862388,0.008917575347716198,0.002785793731760584,0.001082901745071317
N4899HD,0.6964543038910332,0.29242327325552336,0.008071663860902684,0.002035089152307081,0.0010156698402335321
N4898HD,0.516172231108938,0.4442840274020056,0.032264417253294084,0.005435749076901143,0.0018435751588612567
N4902HD,0.5653249909360599,0.373080478320051,0.041678462433137164,0.014481523321900456,0.005434544988851471
N4904HD,0.12612739050580574,0.4345946980476596,0.34721827049285786,0.07716870203110958,0.014890938922567175
N4906HD,0.8163769448843026,0.17199397203163558,0.008385084671981718,0.0022809030408633716,0.0009630953712165812
N4909HD,0.7426405469063458,0.2411441054620527,0.011506470819482608,0.0030637787374380742,0.0016450980746807588
N4912HD,0.6828818207710868,0.2929514656689493,0.01955679350196961,0.00344783233172152,0.0011620877262726367
N4913HD,0.6560524946098666,0.31727814615689,0.021533659083950395,0.0038910880966432602,0.0012446120526497762
N4914HD,0.13995150251028105,0.7466770351355505,0.09958306439403614,0.011191381461475292,0.0025970164986571158
N4908HD,0.8826788279389187,0.11335860275478532,0.0027668588720912678,0.0007805381016648059,0.0004151723325397587
N4937HD,0.84794605499679,0.14594174963230244,0.004318782863053785,0.0011749746886079383,0.0006184378192457644
N4938HD,0.8948790795814558,0.09990666213140344,0.0036885533747126552,0.0009872500551755395,0.0005384548572522983
N4949HD,0.8548024459470488,0.13748831469290554,0.00489172368288764,0.0018780689634924912,0.0009394467136654552
N4952HD,0.8167583146053699,0.1645679028565481,0.013210704787883104,0.003891709234418087,0.0015713685157809428
N4954HD,0.46274704991809407,0.5056533708464898,0.026575363422486255,0.003692032219550864,0.0013321835933791748
N7917HB,0.8976959209719566,0.09756371855712234,0.0031712444647677964,0.0010164251986042598,0.0005526908075489841
N4951HD,0.6878369312832738,0.29983294047812487,0.00930212052392677,0.001963335606186172,0.0010646721084881345
N0385HC,0.15261969018115312,0.6591874620028436,0.1498773133450548,0.02928217802026922,0.009033356450679236
N3920HD,0.38056796705592555,0.5512952265055858,0.05570752949868537,0.009263748603642609,0.0031655283361605824
N9498GW,0.756526077766941,0.2279055154818665,0.01189185169265542,0.0027332348363817475,0.0009433202221553632
N4961HD,0.9080640225688815,0.08777721627884283,0.0029657899818447504,0.0007956494037112257,0.0003973217667197026
N4965HD,0.17580517649879038,0.41747824360300617,0.34605599271006804,0.052529272166916045,0.008131315021219358
N4967HD,0.6062233590740352,0.33708086840286894,0.03810705072709418,0.013916338380719524,0.004672383415282209
N4968HD,0.45513490728576544,0.42835934511912666,0.07152554194028798,0.033841723078241896,0.011138482576578169
N4973HD,0.797582209868154,0.18522691150076592,0.013075108112665258,0.0030979321427665333,0.0010178383756483161
N4976HD,0.033254187930153924,0.5377512198014057,0.3799385311344603,0.04141531129800003,0.007640749835980008
N4977HD,0.25855866183517,0.7092335291181536,0.02722770614590065,0.0035397866826999327,0.0014403162180758324
N4978HD,0.6553531472193822,0.30324280960496736,0.02839979864275458,0.009892661969247537,0.0031115825636483666
N4982HD,0.3408840889940624,0.5511595664103299,0.07626440203880924,0.024599453679880257,0.007092488876918059
N4983HD,0.06973563058927235,0.2565572372219076,0.3701413975849203,0.26373003950745083,0.03983569509644885
N4984HD,0.8789224281899752,0.11631244673105708,0.0033732697180251137,0.0009160404223656273,0.0004758149385768111
N4992HD,0.01837011004071222,0.15680301819333103,0.37909895198554133,0.3832240159971329,0.06250390378328262
N5000HD,0.6282838883782744,0.32305902594725133,0.036628874110122396,0.009379292582847044,0.002648918981504724
N5006HD,0.5232760041433978,0.4522527686683396,0.019305199694341725,0.0037066507468747653,0.0014593767470460336
N5007HD,0.6993959151278754,0.26870390714004827,0.021443704611086797,0.007560887671980689,0.002895585449008939
N5008HD,0.21202693494448382,0.7274084920344128,0.052664443363490764,0.006068012562864339,0.0018321170947481608
N5011HD,0.2369556624456727,0.7189673393126736,0.03678916739947314,0.0052036425186504694,0.0020841883235300524
N5020HD,0.6341628643440381,0.33528721137233153,0.022595348205713378,0.005880035084425055,0.0020745409934920045
N5024HD,0.8328122582346441,0.15556503987710082,0.008484484572751805,0.0023520396968296493,0.0007861776186735384
N4826HD,0.8775841106665101,0.11551977108659985,0.004501765632075557,0.00163301184409011,0.0007613407707243126
N5032HD,0.8330520176362493,0.15485631475772227,0.008931075619676633,0.0023469935720294485,0.0008135984143222713
N5041HD,0.8714881289253535,0.12117634057091255,0.004806295459819324,0.0016954793072111833,0.0008337557367034171
N5043HD,0.9308611349368827,0.06346380339250585,0.003754159121388081,0.0012033761981340763,0.0007175263510893972
N5044HD,0.33998177972942556,0.5689652739350248,0.06631087779424251,0.017538957478839507,0.00720311106246764
N5045HD,0.78581769977617,0.1998920993843708,0.010728001112310594,0.0024923577120008443,0.0010698420151478145
N5004HD,0.8965920266729778,0.09574360878083792,0.00494493323594095,0.0018146999021221362,0.000904731408121446
N5055HD,0.5123558380956051,0.4009157431654753,0.061672885931606344,0.020860028738918627,0.0041955040683946425
N5056HD,0.12224686835597906,0.39423202421147135,0.29082510750505036,0.14152968166940796,0.05116631825809122
N5057HD,0.6585916039038239,0.3235124367398345,0.014180125299571581,0.0026803762267132085,0.0010354578300567337
N5059HD,0.5566337108465176,0.3760157923818195,0.051739287713931215,0.01195676448142697,0.003654444576304811
N5061HD,0.43330996957332923,0.4993779676940065,0.054965337527393035,0.009194544106226495,0.0031521810990446228
N5018HD,0.9109926130925238,0.08413355589107571,0.0030361912760214936,0.0011960979574640557,0.0006415417829151106
N4896HD,0.6772629671516109,0.29750839126925777,0.019707792250016443,0.004119944904168384,0.0014009044249464226
N5064HD,0.7395114242531514,0.23482787761454482,0.018816200627379976,0.005294536351285952,0.001549961153637773
N5065HD,0.41432689436642844,0.5497811306789925,0.028937095426504005,0.005243366215365237,0.0017115133127098075
N5067HD,0.26809802981626113,0.5797957014719594,0.1175022279864072,0.02887199551034877,0.005732045215023503
N5070HD,0.06712301516380954,0.645027546830044,0.2457293295341602,0.03533286666708369,0.006787241804902651
N5071HD,0.21020839830180368,0.7005504189329057,0.07655818464298764,0.009716046324678896,0.002966951797624126
N5072HD,0.2173172743494772,0.6938747978093203,0.0769923475621792,0.008743985783922,0.0030715944951013614
N5074HD,0.8066414406829587,0.17504204224345296,0.013082806808403557,0.003434363879848366,0.001799346385336589
N5075HD,0.9428222123736507,0.054002102817302604,0.0018919642734568519,0.0008071817415447072,0.0004765387940449826
N4923HD,0.8399317899397776,0.1430896542803408,0.01181012059859032,0.003635260493915703,0.0015331746873754669
N5076HD,0.7614332762452467,0.2236358786844892,0.011472767374846813,0.00255191661090263,0.0009061610845147388
N5079HD,0.01870356020064225,0.10676560704308324,0.4992304960930318,0.33634046866973,0.03895986799351276
N5080HD,0.614315195516007,0.36145735304909327,0.017181462436273477,0.004919970594196649,0.0021260184044297275
N5082HD,0.7209280663402365,0.24768038276567453,0.020362361812043477,0.007725529226609709,0.0033036598554357084
N5083HD,0.6056875594035966,0.34509169578667437,0.036944112456810126,0.009690824813319197,0.0025858075395996335
N5085HD,0.16189122500881134,0.7255893021774508,0.09923710647896399,0.009940287352779284,0.003342078981994744
N5051HD,0.4053287904272694,0.5696611928842392,0.021437446520763768,0.0024834567463701087,0.001089113421357523
N5039HD,0.06921269683947455,0.38395328452237726,0.35373343486727277,0.16148174885740543,0.03161883491347006
N5088HD,0.8986915762854926,0.09660505311529509,0.003101590069152676,0.0010574082391983529,0.0005443722908611149
N5091HD,0.05811444584993812,0.926845041653892,0.013322242359535007,0.001229778454512894,0.0004884916821218851
N5093HD,0.03169123594559975,0.19294707754967572,0.36691544016591426,0.2938117095629952,0.11463453677581505
N5100HD,0.00862155198717722,0.04152420987678373,0.3370255127073528,0.5570500135474407,0.05577871188124561
N5103HD,0.07926526405649316,0.3852890119243226,0.3841438755087392,0.11451953586981957,0.03678231264062555
N5104HD,0.9425225695027641,0.054611609794501366,0.001819271847080114,0.0006897519769916051,0.0003567968786625222
N5105HD,0.7787571515265628,0.2034591438902336,0.010889300605689338,0.004441265521653911,0.0024531384558603626
N5106HD,0.7225096129155588,0.2531628652057861,0.018151227041396895,0.004598876509452625,0.0015774183278054067
N5109HD,0.4306724541232655,0.548460541093779,0.01790491447867433,0.0020765176609136658,0.0008855726433676074
N5112HD,0.4926087121443302,0.44922729260774924,0.04489519941350488,0.009808574932078918,0.0034602209023368523
N5115HD,0.8349147803648983,0.15339025774903423,0.008625342186213749,0.0021885222825540752,0.0008810974172996781
N5120HD,0.011698886376313692,0.06379153615874424,0.3717304756440471,0.4720584750073023,0.08072062681359272
N5121HD,0.6389528622759679,0.32910675716730436,0.022547056396158498,0.006519159680083473,0.0028741644804857313
N5122HD,0.5049437324869418,0.40021536795167184,0.06707415366629975,0.0221115804852424,0.0056551654098441866
N8305HB,0.8556693872792906,0.13827006890705315,0.004121191629734326,0.0013077025557688897,0.0006316496281529066
N5126HD,0.03420593684079985,0.12617107628869814,0.30624567314430595,0.4406384107581349,0.09273890296806116
N5128HD,0.8950225615439997,0.09937625529598286,0.0035991953941177783,0.001398354066374136,0.0006036336995253884
N5133HD,0.011991657335095931,0.06781276956381849,0.42655734678846274,0.4475508545082203,0.04608737180440259
N5135HD,0.7808125980759212,0.19940326297661376,0.014289615955189242,0.004017465744099334,0.0014770572481766172
N5143HD,0.8072449231295791,0.18274359508522328,0.007929296131530617,0.001451656780248303,0.0006305288734184919
N5144HD,0.2604427006656219,0.655775223812453,0.06797908912685509,0.01219704229191725,0.0036059441031526195
N5149HD,0.24892455160030408,0.5902561434365753,0.1271181640355952,0.0264548531289038,0.0072462877986214655
N5152HD,0.28496805694080174,0.6676889724108714,0.0390593343116057,0.006385604682931222,0.0018980316537896861
N4394HD,0.19144828153333696,0.6012522552749233,0.1609121607425205,0.03688497015162148,0.009502332297597742
N5029HD,0.19292187962071924,0.6745684016507348,0.1097415996932814,0.016539577406233196,0.006228541629031418
N4368HD,0.9415000616831213,0.055184911577566935,0.0019148637966983717,0.0009066041279100506,0.0004935588147031183
N5013HD,0.30930715224119465,0.5403151429017155,0.10890990201156445,0.02961607793625725,0.011851724909268214
N5153HD,0.34284718281472293,0.5790297969039583,0.06336539163527112,0.011012763685202978,0.0037448649608447285
N5157HD,0.8779174096748413,0.11602420987296905,0.0037149388975506333,0.0014167572262077201,0.000926684328431323
N5170HD,0.6593305175626132,0.30465304910355895,0.026112329793585076,0.007024365403046062,0.0028797381371968344
N5172HD,0.8420024586058592,0.1453337248782954,0.00919399755503737,0.002506981117749851,0.0009628378430579421
N5173HD,0.6770929794097804,0.28510672681937954,0.027121832647292905,0.007545613982951662,0.0031328471405956634
N5147HD,0.6811712207041167,0.29853411426833365,0.014511074346989773,0.003978424819899023,0.0018051658606608278
N5178HD,0.7265266688781958,0.24562055515203615,0.02071168176832363,0.005286922042102696,0.0018541721593416205
N5180HD,0.5430586514363888,0.4148710660463916,0.030966780822607346,0.008559851563021588,0.0025436501315907237
N5181HD,0.44087881050178135,0.47992778124490976,0.06249911960114692,0.011966839530676995,0.004727449121484875
N5182HD,0.9034186673971436,0.09138552998400645,0.003371572005638442,0.0011088628179728444,0.0007153677952386722
N5183HD,0.08426453460510161,0.8951697201563767,0.01781440338969904,0.0020088226491783274,0.000742519199644306
N5185HD,0.14489717752308587,0.29719300466763715,0.3132469605476919,0.2024771595901824,0.04218569767140276
N5187HD,0.25120654399777964,0.5343901379901024,0.16442565891136485,0.04002965660198424,0.009948002498768867
N5188HD,0.1489758641270735,0.4836917091904686,0.214398025138642,0.1244809619286341,0.02845343961518184
N5190HD,0.006889922930696526,0.03871215800194997,0.35225350245293463,0.544929840385271,0.05721457622914789
N5192HD,0.4663610988156152,0.5228855886191506,0.008889046546258841,0.0012886983225309857,0.0005755676964443354
N5193HD,0.7151964436577832,0.25807892971158813,0.020423613701660744,0.0047006283086725685,0.0016003846202952894
N5197HD,0.8505664110290386,0.14035469582665913,0.006876888571731973,0.001580179502737752,0.000621825069832676
N5198HD,0.22679070127862297,0.5011899914049234,0.16683036249550945,0.08304290405065771,0.022146040770286406
N5199HD,0.6577706767375902,0.2950430259543832,0.03584468866837742,0.00868891876231282,0.002652689877336489
N5200HD,0.7545734788159306,0.2261532446806515,0.013734078726245597,0.0037361203842282797,0.0018030773929439516
N5203HD,0.024912612580074264,0.13917392803153172,0.36486352069429184,0.3620189261264711,0.10903101256763109
N5209HD,0.021412216845735573,0.08656404871771932,0.42682863896711243,0.4118113462718355,0.05338374919759736
N5212HD,0.8015888411311619,0.18789379776383378,0.007643663868148887,0.002024991704546105,0.0008487055323093339
N5215HD,0.5143609449468245,0.44155289612331405,0.03373166954017033,0.0078948778060791,0.002459611583612021
N3574HD,0.8379446958345591,0.14769554726467546,0.008232232371737525,0.0041529156873237275,0.0019746088417042103
N4760HD,0.10830264763565996,0.5648541345915811,0.24532466829746857,0.0612786699787816,0.020239879496508864
N5225HD,0.8171482233912936,0.17367639447661365,0.0070516379817400264,0.0015083001728706357,0.0006154439774819836
N5226HD,0.5783924354775595,0.359118906083002,0.04728911651709203,0.011778546092162763,0.0034209958301837677
N5227HD,0.6782729251972933,0.28705179700547057,0.025093934468401486,0.006858955177257298,0.0027223881515771172
N5233HD,0.01767904894689953,0.0901903071392231,0.3372616313402102,0.3399681271322136,0.21490088544145364
N5238HD,0.7867520197474074,0.19221717873119548,0.014566795341552809,0.004180710550280101,0.0022832956295642894
N5241HD,0.7869082021376874,0.1947308871036016,0.01350306727147425,0.003685396832669934,0.0011724466545667688
N5243HD,0.010138455722129987,0.06247472000112191,0.47488647499688563,0.41253621229430304,0.03996413698555925
N5246HD,0.8173430253946121,0.16560342060921793,0.012130196051895942,0.003418754042374308,0.0015046039018995797
N5247HD,0.0043537308062608455,0.014408539653439715,0.3307707673419688,0.6243723147137912,0.026094647484539442
N5248HD,0.6904496140629531,0.2602579585394848,0.038140330929678265,0.008717148046993336,0.0024349484208903704
N5253HD,0.5591833456749831,0.40356268148613883,0.02689317967834034,0.006848573655877083,0.003512219504660746
N5257HD,0.024737221951572144,0.13744214432517032,0.3599224456965775,0.3622930486945063,0.11560513933217374
N5259HD,0.01483737509736718,0.05074765055470182,0.23988967925407148,0.4822656274883897,0.2122596676054698
N5262HD,0.08183077170330173,0.5594717518379565,0.33267366930947173,0.021907547333881634,0.004116259815388367
N5266HD,0.26302661524982957,0.6811390235262712,0.04714717548241438,0.006583049534515869,0.0021041362069690074
N5270HD,0.6867958581638687,0.2902817355511469,0.017399137752079068,0.004243546282740786,0.0012797222501644587
N5271HD,0.6710981842835441,0.29293278289637825,0.02776421237149604,0.005979124154711223,0.0022256962938704285
N5273HD,0.8146929361062778,0.17047483915128497,0.01053147234188523,0.0029724998318437427,0.0013282525687081895
N5274HD,0.8606481619350744,0.12899045214182042,0.007352003077598395,0.0022919620036817175,0.0007174208418250444
N5211HD,0.13547041426505108,0.4136777066665616,0.33952366376570375,0.09433465562463492,0.016993559678048713
N4843HD,0.6509729074645024,0.2966722296063992,0.034269017463465015,0.012562399654410488,0.005523445811222751
N5287HD,0.6126967806332947,0.33487874101089304,0.04042363657261275,0.009781910350383977,0.0022189314328155316
N5286HD,0.11180431784530658,0.30510928480347943,0.34831358464525447,0.1807121210201601,0.05406069168579947
N5292HD,0.02508085133217281,0.14354708326798524,0.3640624553877402,0.35522621394360143,0.11208339606850026
N5294HD,0.8644550373060895,0.12924890663620522,0.004377745976245717,0.001278178543916138,0.0006401315375434231
N5296HD,0.2921974013936933,0.46770692433559735,0.16365480133319776,0.060941249054292546,0.015499623883219075
N5298HD,0.7127785439786631,0.25702315998198183,0.021868074782271176,0.006256168328272663,0.0020740529288111546
N5303HD,0.8127710764012335,0.17380156085427576,0.009142772435041222,0.003023665402175217,0.0012609249072742482
N5305HD,0.2727125635669885,0.5800718544386716,0.11032501325721338,0.026661510553446826,0.010229058183679631
N5306HD,0.7950553631146253,0.18904791122361903,0.01160011593996008,0.003141571098990205,0.001155038622805493
N5307HD,0.06810298478380263,0.612295428673944,0.24179362022507003,0.0583849236336387,0.0194230426835445
N5311HD,0.4453347818112584,0.49018883459035073,0.053557753752086566,0.008649551302336543,0.0022690785439678585
N5314HD,0.7832955051575397,0.19914105226298007,0.011652863071672253,0.003968487066328556,0.0019420924414792922
N5073HD,0.12712781211059015,0.48135883607327495,0.2866957469394404,0.08641146867614811,0.01840613620054639
N5277HD,0.05762789419667615,0.23876028723312723,0.39346333417817037,0.23268162446931187,0.07746685992271439
N4885HD,0.9187082048987879,0.07579805080880549,0.0033454346450920124,0.0013941007980597098,0.0007542088492550526
N5318HD,0.054717062613819575,0.4820902038210588,0.36085891062009123,0.07904552451525426,0.023288298429776057
N5321HD,0.7504692339734381,0.2302421075509912,0.013980585494948385,0.003993588065741065,0.0013144849148812858
N5323HD,0.9349100700649371,0.06225163379224425,0.0018385181419872077,0.0006299358916891177,0.00036984210914250813
N5324HD,0.6752178777072725,0.28458134517743544,0.028424619215257824,0.008871096909339992,0.002905060990694226
N5326HD,0.8219926069140344,0.1656550747861766,0.00840782326884284,0.0026878224875207138,0.0012566725434254977
N5327HD,0.7189750859865903,0.2647058732539727,0.010961522548285906,0.0034905500366647197,0.001866968174486327
N5329HD,0.1314014090005406,0.73405055409744,0.1165735737544143,0.01348026961493703,0.004494193532667951
N5331HD,0.7763719895684474,0.20217418160081468,0.017017504868201007,0.003264912883181854,0.0011714110793549705
N5332HD,0.7680517027579524,0.2123164516323713,0.014095245130042863,0.004223888616449381,0.00131271186318397
N5333HD,0.8410415241799416,0.1514009891488262,0.005547260461890806,0.0013938869045153459,0.0006163393048260708
N5334HD,0.036821829324536634,0.9424824889789128,0.0184439391587907,0.0016206078908775577,0.0006311346468820352
N5338HD,0.03576309130602821,0.18888305378896672,0.4259751750249913,0.2594892922041536,0.0898893876758603
N5339HD,0.05845463103324145,0.27716178822047255,0.4133202986549186,0.2204508999429586,0.030612382148408664
N3820HD,0.01936989743059933,0.090583789664343,0.3558934322655424,0.3338964400377306,0.20025644060178474
N5342HD,0.8668448207100962,0.12544605152537136,0.005682787508428349,0.0014816535861351878,0.0005446866699689671
N5345HD,0.6886171310204675,0.27208820855888316,0.030225453574017624,0.0069989287346788965,0.0020702781119528078
N5346HD,0.5617994763031988,0.41947264245935567,0.015135130823849312,0.002533878721387629,0.001058871692208559
N5348HD,0.034024022499693926,0.1866973281671869,0.3025210519485113,0.3648582787964138,0.11189931858819399
N5351HD,0.7034352448813724,0.2640156768629153,0.02413869377676948,0.006621783264750412,0.0017886012141921626
N5354HD,0.0045467799781512604,0.014533822369580132,0.3938478233893289,0.5670442076114564,0.020027366651483303
N5355HD,0.4019467300113728,0.5588928726017057,0.030507757016486812,0.006207293961711774,0.002445346408722795
N5362HD,0.9017872586556475,0.09415516352242013,0.002683629888014176,0.0008746334512445109,0.0004993144826738402
N5364HD,0.7332643680149611,0.24295358859698338,0.017522818951312677,0.004772000573989684,0.0014872238627532187
N1264HD,0.04363054879700607,0.9058275958428134,0.04495162130943725,0.00430587478664012,0.0012843592641030676
N4985HD,0.31977752440168655,0.5810659335614323,0.07706460533210481,0.017058450638882953,0.005033486065893468
N5368HD,0.00812720869205387,0.03314471204021005,0.27205167852891393,0.5601458828789997,0.12653051785982258
N5371HD,0.7653430092759834,0.21597906908761574,0.013835542933108881,0.003595515998478029,0.0012468627048139577
N5372HD,0.7603018050247426,0.2230845247851749,0.012421586601539372,0.0031496693956844755,0.0010424141928585462
N5373HD,0.4804905355815109,0.5073582775325163,0.009078570147331697,0.0020863706625054044,0.0009862460761356502
N5374HD,0.4744608563747534,0.5036136189251198,0.017455185962069308,0.003055189916760709,0.0014151488212968326
N5377HD,0.6776823504470975,0.3061252357581554,0.012931468378234156,0.0023307616628394246,0.000930183753673594
N5379HD,0.7505359066270066,0.2283223882346028,0.01610879618206069,0.0038810627266166052,0.001151846229713171
N5381HD,0.15201828849103807,0.4033972941816264,0.23649396948028112,0.1615718685648483,0.04651857928220613
N5383HD,0.2704978659062317,0.41841090681560483,0.22013958229715355,0.07396423437707902,0.01698741060393085
N5385HD,0.8336409959914202,0.1611882760472675,0.003795343266592986,0.0009195390366459346,0.0004558456580734683
N5387HD,0.05346649090073621,0.29063829366864,0.42675641393867086,0.17137499826522573,0.05776380322672727
N5388HD,0.04487772725947819,0.25062349427715164,0.35892688821516144,0.2635524767365082,0.08201941351170045
N5389HD,0.022101091378011965,0.3638896440982839,0.5863686349259333,0.022932951900049042,0.004707677697721943
N5391HD,0.6671326874309971,0.296893400587807,0.02548491120976199,0.007519382143609119,0.0029696186278250127
N5393HD,0.4753683976518617,0.5022365065359301,0.018348339911472004,0.0028680342281051,0.0011787216726311246
N5395HD,0.7375728144211747,0.22660230703327222,0.02546064756977174,0.007855434562647902,0.002508796413133523
N5397HD,0.759655832135387,0.21132261443580774,0.020255389346248136,0.006669297734309143,0.0020968663482479337
N5398HD,0.7684589604855165,0.20579833330245673,0.017920705697012793,0.005873989150037094,0.001948011364976734
N5386HD,0.0575696664369105,0.4991842223866645,0.4129153117844605,0.026049625885402883,0.004281173506561607
N2483HD,0.8390651397223758,0.14818876999111316,0.008044243819040975,0.0030672373398447643,0.0016346091276252612
N5402HD,0.8540419355066364,0.13713438251664786,0.005817310720460169,0.0018375554911891927,0.001168815765066381
N5404HD,0.6646960236010742,0.28500099154888725,0.035803486741110745,0.011308995656648467,0.0031905024522793962
N5405HD,0.9217044776990182,0.07411566172798194,0.002755266134700121,0.0009273747674687695,0.0004972196708308141
N5407HD,0.3022113635980913,0.5895547157444339,0.08251250296695768,0.019054075638287406,0.0066673420522298755
N5414HD,0.4438976677617659,0.5451441007184399,0.008599597469906657,0.0015984928696598643,0.0007601411802276282
N5415HD,0.8439654443029903,0.14915926622122602,0.004395851293942361,0.001649848631906929,0.0008295895499345603
N5416HD,0.14207948554076488,0.8054035509666206,0.0448222551490708,0.005469207333964634,0.002225501009579153
N5421HD,0.7553107318880841,0.21871282556946192,0.018280358989611865,0.005746212680829839,0.0019498708720121895
N5430HD,0.8227185372433864,0.16351386169886595,0.009545301202225452,0.0030879573197632555,0.0011343425357588732
N5431HD,0.028661609704563093,0.4492826012262572,0.49814085008656417,0.019670560181259324,0.0042443788013560935
N5432HD,0.7175154359608017,0.25763699097464127,0.018419691625224364,0.004948619546818322,0.0014792618925143187
N5437HD,0.7496984720737495,0.2320994419497603,0.01365999574653571,0.003196752374745229,0.0013453378552093058
N4225HD,0.3451155299687617,0.5938406682799979,0.04923776568746501,0.008764635387698758,0.0030414006760766665
N5123HD,0.49974915913217877,0.4510026562730026,0.03540016878147487,0.010417483467160382,0.0034305323461832865
N9187HC,0.04356526757421553,0.18385537313832956,0.3578118557705829,0.2986259563680874,0.11614154714878454
N5439HD,0.27360207297467004,0.5563748233883278,0.12583570737708155,0.034108489864004124,0.010078906395916524
N5440HD,0.10331514992371767,0.5836755870406957,0.27614138540586736,0.03084019249620673,0.006027685133512455
