ncode,proba_0,proba_1,proba_2,proba_3,proba_4
N4541HD,0.6797677736585149,0.2813576360409125,0.025429631216142373,0.009425428494750369,0.004019530589679687
N4397HD,0.023231217135852286,0.11390875744756165,0.5357921245239833,0.272823007144506,0.05424489374809677
N4544HD,0.9116226769752038,0.08264264132344469,0.0034583594999173252,0.0014970416209619142,0.0007792805804722433
N4545HD,0.13129477253374924,0.35600250607930856,0.3767434804546181,0.08778886167769258,0.0481703792546315
N4546HD,0.17329269232736216,0.7099007565143606,0.09933954839360747,0.0119066178419427,0.005560384922726923
N4550HD,0.8350026758496127,0.15518460617812183,0.00582077126147387,0.0021778764109123268,0.001814070299879009
N4551HD,0.6545884216263348,0.33351789493285616,0.008581021698116122,0.0022127822765053338,0.001099879466187679
N4554HD,0.11444049309075882,0.4226392664214853,0.3886995549780315,0.054670502619670186,0.019550182890054012
N4555HD,0.2599397250499358,0.5097274838692305,0.19161593444229283,0.030799568092350467,0.00791728854619047
N4556HD,0.2932698598754793,0.49262644770438657,0.13387373909315534,0.06544934839089214,0.014780604936086647
N4563HD,0.3881791078932472,0.5103598145243355,0.07548401238802233,0.018727004206921742,0.007250060987473114
N4567HD,0.9116579940239493,0.078285789937991,0.006047153518811644,0.002238785865858595,0.0017702766533892733
N4561HD,0.8863503223316015,0.1085892455174076,0.0027010958004393616,0.001518824397940259,0.0008405119526112672
N4571HD,0.26753348106123936,0.6054506614189809,0.10078343588673,0.018664417460145473,0.007568004172904401
N4574HD,0.9469474255403605,0.04976970350650102,0.002018532528976559,0.0007376077594073175,0.000526730664754712
N4575HD,0.44411205792121083,0.532992860548376,0.01749599912374247,0.0029473997669134987,0.002451682639757201
N4579HD,0.31987405743375624,0.6035682078323259,0.05723355699797874,0.013332234125996056,0.00599194360994299
N4581HD,0.18577069971207388,0.6598881965231178,0.12866217352160197,0.017257772986746144,0.008421157256460303
N4584HD,0.1896445284998885,0.7257014414686941,0.06898134226672258,0.01015819652183531,0.005514491242859556
N4578HD,0.7519046617022743,0.2371449077589654,0.00860624664926634,0.001414979754794987,0.0009292041346988695
N4590HD,0.1435413956880902,0.8327113024775955,0.01880594173866165,0.003337565268251071,0.0016037948274017161
N4593HD,0.02590867986215695,0.11785849086753353,0.33192702668408186,0.4450552191507267,0.0792505834355009
N4151HD,0.13292266105213302,0.42859346097014595,0.3208215675939435,0.09030707873272775,0.027355231651049722
N4594HD,0.8423820983642286,0.14825623377203234,0.00603930218440402,0.001964744181679346,0.0013576214976557745
N4600HD,0.23277666202701058,0.5254282118739246,0.19999793204104196,0.03102241224749947,0.010774781810523364
N4605HD,0.07356755032911765,0.26485460143034956,0.5068729169315014,0.13405036424463346,0.02065456706439793
N4612HD,0.4251104982460716,0.5213753106088826,0.03788984644620522,0.011080191912629392,0.004544152786211275
N1701HC,0.16909886832443366,0.6273248990720531,0.15875234866566387,0.03280038811149071,0.01202349582635863
N3705HD,0.016474683826612227,0.06309345153464217,0.27289776712717767,0.4324601110237068,0.21507398648786116
N4589HD,0.6173805194084072,0.32906116858796275,0.035783063458601376,0.01258395596924537,0.0051912925757832545
N4339HD,0.9091753697906341,0.08474859895058971,0.0032968974963809776,0.0016588591650751668,0.0011202745973200668
N4615HD,0.03898351315287207,0.1396716045785036,0.3288013988837356,0.3664498297539331,0.12609365363095565
N4618HD,0.8991193866555116,0.09175726580299924,0.00531197551892542,0.002428876472951064,0.0013824955496126005
N4624HD,0.4239126574485516,0.5646806227000722,0.008521936798518606,0.0018853684177619356,0.0009994146350955475
N4626HD,0.815390309377809,0.16413391341101669,0.014250767599266028,0.004533375530662266,0.001691634081246132
N4628HD,0.10063016730155387,0.7384917537024858,0.129636034986893,0.02159263209502352,0.009649411914043848
N4638HD,0.09972539421584706,0.38116740512276437,0.25436202897353943,0.1978594178001233,0.06688575388772576
N4639HD,0.7742297919637658,0.20260833282661947,0.013998020232044812,0.0060311443258915815,0.003132710651678231
N4642HD,0.8864840273444096,0.10929072583620388,0.0027312424884639863,0.0009661634895144947,0.0005278408414079344
N4646HD,0.9396373826244068,0.05683153940871729,0.0022007422336939976,0.0007955654152698845,0.0005347703179120182
N4631HD,0.8613777333629082,0.13020057704920612,0.005559281091789309,0.0019524179786735954,0.0009099905174226362
N4656HD,0.06384694704683674,0.22665585245841605,0.4352129364840707,0.20042121390803064,0.07386305010264574
N4658HD,0.8168523032331589,0.16692246414013653,0.010791774547747044,0.003823313926196892,0.001610144152760559
N4661HD,0.7946558935676953,0.18914851031160132,0.011416115630051918,0.0031330280870705755,0.0016464524035807086
N4665HD,0.8347415121158875,0.15048555327523944,0.009750651011355492,0.0034837652006796346,0.0015385183968380414
N4667HD,0.8536806672870799,0.13669812849008872,0.006405654750457027,0.0018807265435392838,0.0013348229288350601
N4669HD,0.6819686030374199,0.3007174383572709,0.012582449780618387,0.003336493619881128,0.001395015204809686
N4673HD,0.15823604951279954,0.7214979252052239,0.09548416818280886,0.017362295947397414,0.007419561151770319
N0760HD,0.1298983657679594,0.7692155476383573,0.08091970417560503,0.014766600852511651,0.0051997815655664605
N4672HD,0.6660866816684827,0.27844862212232274,0.03585452759638923,0.013873778074039859,0.0057363905387654976
N2593HD,0.9095240900071672,0.08289945521278964,0.004079034991701066,0.0020249572673829387,0.001472462520959323
N4677HD,0.2252089204077148,0.7080083211907465,0.05154651616979036,0.00972128932999042,0.005514952901757792
N4680HD,0.16363922370441955,0.3915596724788349,0.33372438813988337,0.08126434005198391,0.02981237562487835
N4688HD,0.014349149485989079,0.054493666829130545,0.29907208025243887,0.5040998516496321,0.12798525178280937
N4689HD,0.8814809203232535,0.11133231369133674,0.004154609523708199,0.0017853280462253789,0.00124682841547632
N4691HD,0.26123479676123057,0.35043371466859125,0.17369023032353192,0.14671665074138812,0.06792460750525812
N4692HD,0.6262704786936,0.32063491140061107,0.03291570015855487,0.01301679468046443,0.007162115066769727
N4694HD,0.02062006978299254,0.16214466985182327,0.6015945770098716,0.1838084730702606,0.03183221028505199
N4695HD,0.1283406315016195,0.7716857255645644,0.08158805563119793,0.012737074403033104,0.005648512899585172
N4699HD,0.4615648180200521,0.4574351956225074,0.06029849743819943,0.01608165472403586,0.004619834195205304
N4703HD,0.3538654794032819,0.4513330888418038,0.09413434296391071,0.06335130814733077,0.03731578064367281
N4704HD,0.005476124522989132,0.02114087125732514,0.31660435662818776,0.6344284908635506,0.02235015672794744
N4708HD,0.9367024958394002,0.060684491900238835,0.0015176829602626665,0.0006883564605227182,0.0004069728395755503
N4714HD,0.6209409876512737,0.3319487443964323,0.03163848921465061,0.010344804540265323,0.005126974197378142
N4721HD,0.2339260094180394,0.6132526844413783,0.11123155885724378,0.028813285637065443,0.012776461646272943
N4722HD,0.8642179229704127,0.13081459917174398,0.003211460700023612,0.0011021348075107597,0.000653882350309167
N4724HD,0.15040824667574862,0.7223082899938693,0.11070468575452902,0.009901158112274098,0.006677619463579059
N4726HD,0.04301028823125487,0.8938722367323482,0.05392472285227729,0.005878957063890514,0.0033137951202291092
N4735HD,0.6317223716022261,0.3553118528322343,0.009101225667115794,0.0021174243349484523,0.0017471255634754765
N4063HD,0.43768983276311413,0.4787830997778968,0.054476169711327196,0.018580021591326865,0.010470876156334864
N4712HD,0.7694332212338859,0.2193262759227876,0.007998457147263938,0.001946225960779481,0.0012958197352828595
N4738HD,0.2756295758149654,0.6113945599836671,0.08590849402853458,0.02142727907668289,0.005640091096150075
N4740HD,0.030715726034543592,0.13874346408318705,0.3568804235659327,0.42341887694661134,0.05024150936972525
N4742HD,0.02967263289464787,0.09930780843553823,0.37198546157466295,0.38114378109424896,0.11789031600090213
N4745HD,0.8540374985151663,0.13503366002545472,0.007755782890410784,0.0020107137454217668,0.0011623448235462883
N4747HD,0.8177673252476214,0.16257682592612283,0.012065904284274951,0.004824955056943619,0.0027649894850372545
N4750HD,0.6003058729435667,0.36300001701659224,0.024317357388543848,0.008451849901904493,0.003924902749392642
N4752HD,0.03342644930540388,0.22477249367601668,0.49774871627047873,0.1822987592180628,0.06175358153003786
N4754HD,0.5823045807635379,0.40729160779008644,0.008192209442188639,0.0013956828306191486,0.0008159191735679968
N4755HD,0.2524437218246256,0.5943932691218776,0.12074794432205639,0.022893097828994645,0.009521966902445738
N4756HD,0.44736497090628113,0.5004997792790635,0.03855813869814092,0.009474400529500208,0.004102710587014089
N4757HD,0.8518453937216652,0.13995988711177224,0.006206748151950762,0.0012438818994405486,0.0007440891151709876
N4759HD,0.12494257594856109,0.8080921845890876,0.05338492724123325,0.008506359872139867,0.005073952348978236
N4762HD,0.32705527906912213,0.6158045454355788,0.0424941360645258,0.010116550629597165,0.004529488801175927
N4763HD,0.6132836665177053,0.3469353823536001,0.02776722253016659,0.007711670878169329,0.0043020577203588045
N4767HD,0.8102208466068207,0.16971444133506347,0.014632054566074325,0.0038454453872897158,0.0015872121047518885
N4769HD,0.04849141028137907,0.2428166940789663,0.5479014496869281,0.12783983430794202,0.03295061164478469
N4770HD,0.8082139946127608,0.17530961277879162,0.011508707340891296,0.003644396240532646,0.001323289027023775
N4676HD,0.3399381451266659,0.5421390712100322,0.08144036397891208,0.02748639408320207,0.008996025601187611
N4614HD,0.5284476511205201,0.42849957986171816,0.03217807947731531,0.007541130152619874,0.003333559387826745
N4774HD,0.3535508657960627,0.5672507507500693,0.059055716630311984,0.01527567971249948,0.004866987111056497
N4778HD,0.07109739443373699,0.4626412563250603,0.30325658483756573,0.12258728003198888,0.04041748437164818
N4780HD,0.015075412571394954,0.0814924571143098,0.3089978504863048,0.38003297118073004,0.2144013086472604
N4783HD,0.5501999376983392,0.41704396597221793,0.024283017336797306,0.006228653211715166,0.00224442578093035
N4789HD,0.8529145147335941,0.12858147643317464,0.011871699725059295,0.0042354971771534885,0.0023968119310185058
N4792HD,0.43123536211304864,0.5526312503655127,0.013534481844798853,0.001616938788899919,0.0009819668877399652
N4793HD,0.07945413874839732,0.6623819962507077,0.21114842291309205,0.028018353013666883,0.018997089074136064
N4794HD,0.015403702012512493,0.05929635773087804,0.30273299858749697,0.5525720984803776,0.06999484318873486
N4799HD,0.7128278602242833,0.26982749020214786,0.013035708369123837,0.0028386168696215804,0.0014703243348234455
N4800HD,0.9278362288515467,0.06611847634505212,0.0033064644595526475,0.0016559190396302468,0.0010829113042184072
N4808HD,0.09592128288761413,0.880374897034488,0.017452843097461365,0.003972744545903936,0.0022782324345324624
N4809HD,0.6706500453033233,0.2865549278918853,0.026089049067868467,0.010543997116256481,0.0061619806206663075
N4634HD,0.7484191938465106,0.22230015467641048,0.01873776775616368,0.00801608885814995,0.002526794862765306
N4784HD,0.8603457218693913,0.1315694206934316,0.00448911995451906,0.002004665901824751,0.0015910715808335034
N4815HD,0.9079313780475918,0.0874279535074031,0.002659841565046862,0.0011704575834421253,0.0008103692965159957
N4816HD,0.7651587914759655,0.21482989836974428,0.014107015691677927,0.0039713798693467904,0.001932914593265543
N4817HD,0.4687995065526209,0.4856464861883058,0.033034965018693685,0.008785007265704244,0.003734034974675387
N4818HD,0.9137523231808425,0.08102078596978711,0.0026342290208602654,0.0017225222947309178,0.0008701395337792613
N4821HD,0.033846334049151834,0.9423287005904285,0.020021772242931293,0.002611874251183982,0.0011913188663042163
N4830HD,0.8515776749170529,0.13459278187269852,0.009372206935303539,0.003121782353524982,0.0013355539214200405
N4748HD,0.7756797582837889,0.21416245103596238,0.006982996094618821,0.0018800273006250323,0.001294767285004929
N4684HD,0.8388896470283015,0.15079620068617705,0.007125329467998351,0.001969041083691019,0.0012197817338320453
N0389HD,0.045101552487561036,0.9079764290499587,0.03817260038028785,0.005346874692461407,0.0034025433897310092
N4796HD,0.3013228263808673,0.6237318263498826,0.05730951536890893,0.012655595964769065,0.0049802359355720915
N4834HD,0.006646348357011469,0.020203485167250273,0.41105832791557817,0.5354518424354051,0.02663999612475508
N4835HD,0.055483851106005504,0.9272605395431966,0.014435918656152135,0.0019453574386187726,0.0008743332560268543
N4837HD,0.6056126816795194,0.38378398770669253,0.008176226811221021,0.0015510041779922207,0.0008760996245748066
N4838HD,0.10932669852878484,0.854878172258812,0.028438479010313322,0.004329832856046811,0.0030268173460429935
N4839HD,0.04973073040076107,0.32090920975058074,0.5390261371869967,0.06499889347326904,0.025335029188392425
N4842HD,0.7639288345886169,0.21714235585825534,0.012810648158071564,0.004547221355552545,0.0015709400395035279
N4844HD,0.934947724565405,0.06186294677689064,0.001953748445354387,0.000771100453689269,0.0004644797586606871
N4846HD,0.17258482007049664,0.536645289713299,0.20456186239820895,0.06480232558682911,0.02140570223116657
N4847HD,0.806099257209637,0.18631410782041674,0.005620912510236398,0.001190379056964971,0.0007753434027448555
N4849HD,0.4478059104883347,0.5104990663908764,0.026618854377196112,0.010353262143267993,0.004722906600324776
N4852HD,0.052925387765728235,0.4266438181669274,0.47466358052334473,0.03093942000749298,0.014827793536506794
N4853HD,0.7355353590182063,0.2465994003572456,0.01309726039224811,0.0034641533957909354,0.0013038268365089928
N4856HD,0.8354425285625691,0.15354524656277033,0.006832964034510539,0.0024073918621371434,0.0017718689780128586
N4858HD,0.8154686913464781,0.17077142754664357,0.008813383553222639,0.003163848484851341,0.00178264906880424
N4860HD,0.13946871436911012,0.8054514960143273,0.0422865733487312,0.008258034852298935,0.004535181415532508
N4861HD,0.9155848474888443,0.08125520146718136,0.002099021177707048,0.0006769660452813113,0.00038396382098582443
N4863HD,0.39100050931059316,0.5932651129668417,0.010857647633094212,0.0027851759288372584,0.0020915541606336906
N4864HD,0.7199160684775657,0.2617681025987388,0.012918051144508707,0.003657286707698443,0.0017404910714882771
N4866HD,0.7857523221950993,0.1937469238741256,0.012627625447302606,0.005073210008285974,0.002799918475186676
N4012HD,0.7172794718359923,0.26222540286041696,0.014636383038667442,0.0037863521369420157,0.0020723901279815224
N4825HD,0.30099502884591156,0.5765208659858624,0.08689828402206148,0.025293674517860337,0.01029214662830429
N4875HD,0.07214243008722032,0.6207938249045601,0.22400645506571923,0.06108272025455268,0.02197456968794753
N4878HD,0.0709451595187352,0.3075249619215958,0.32821807182881696,0.23283197504734027,0.06047983168351165
N4883HD,0.023762699742372613,0.2833215527930748,0.6222547862752795,0.05636731997247622,0.014293641216796753
N4884HD,0.7404133683867798,0.23237634640068414,0.019598895073920347,0.0054108241787104135,0.00220056595990525
N4887HD,0.23544897906867468,0.700262613297053,0.05202126042490292,0.008112610125909376,0.004154537083460067
N4891HD,0.6950156789937937,0.27496174832712145,0.02343492293352491,0.005152091256859669,0.0014355584887004232
N4892HD,0.19606811887925196,0.7595972053157046,0.03515892752497887,0.0058319687435892005,0.0033437795364752946
N4895HD,0.8418687127898475,0.14291458317576233,0.010367989522480744,0.003395378113318365,0.0014533363985910935
N4899HD,0.7281307208246599,0.2588218829388651,0.009926033001025066,0.0017181371963570688,0.0014032260390928486
N4898HD,0.5374158106108279,0.41616135365028195,0.03835124259971803,0.005550807274846909,0.0025207858643251724
N4902HD,0.5602826573789419,0.3619069750211826,0.05498751574638912,0.01578913156064015,0.007033720292846322
N4904HD,0.09090207484457792,0.34234623157777044,0.39970045948217064,0.13743061815325006,0.029620615942230973
N4906HD,0.8313279441343172,0.15652089017948811,0.008432140890014643,0.002401141612611323,0.0013178831835686756
N4909HD,0.7569103270411836,0.22289218754181017,0.013046662402503,0.004695920740472365,0.002454902274030906
N4912HD,0.7080462745970841,0.2728905577618846,0.014201329263857162,0.0036890302525675166,0.0011728081246065128
N4913HD,0.7046457638479415,0.2682889250731497,0.01982116338856741,0.0053649550389518975,0.0018791926513892986
N4914HD,0.11780084665051253,0.6847277679708234,0.1718864795576056,0.017727072859115695,0.007857832961942772
N4908HD,0.9052400918118351,0.0913776393025386,0.0022130547288075992,0.0006993823365981785,0.00046983182022054245
N4937HD,0.8755024279218995,0.11892159156094392,0.003989841310790907,0.0009582021256629157,0.000627937080702762
N4938HD,0.922868960671195,0.07351643350148708,0.0024975417919950076,0.0006433782699401798,0.0004736857653827988
N4949HD,0.8128377492594057,0.17396405410739121,0.007698801687709369,0.0034501430424523773,0.002049251903041377
N4952HD,0.8238329242495057,0.15582234911908685,0.014516665681029106,0.004155667621960008,0.0016723933284183347
N4954HD,0.4121553413711882,0.5576420855350916,0.02276426457202288,0.0052613960807909544,0.0021769124409064446
N7917HB,0.8807545770806089,0.11409456720178336,0.0029818957582285017,0.0014154982161947215,0.0007534617431845017
N4951HD,0.6703580075576985,0.31126263413164806,0.011195437174059093,0.0050642349953890255,0.0021196861412052775
N0385HC,0.19293975944734798,0.6193567462906233,0.1494241652764297,0.02719174899716975,0.011087579988429202
N3920HD,0.38239258201758697,0.5510352515571731,0.04695911424187275,0.013883407559191104,0.005729644624176075
N9498GW,0.7477866998390243,0.23635210072498536,0.011866994763054566,0.0027025520058648637,0.0012916526670710441
N4961HD,0.9274775097501634,0.06882131652991388,0.0024768459857557575,0.0007726088965443183,0.00045171883762264343
N4965HD,0.16866301107181733,0.37737213441279804,0.3948082958966521,0.048061394923285705,0.01109516369544697
N4967HD,0.640396929489682,0.2947749168207251,0.043293778516297184,0.015737263609857007,0.0057971115634386765
N4968HD,0.44057408014326294,0.44412351850951354,0.06993665106536104,0.03361189861460111,0.011753851667261454
N4973HD,0.7868092896559331,0.19546252116970148,0.011877275398503273,0.004194789936833485,0.0016561238390287937
N4976HD,0.02882567760622162,0.4874551538502203,0.420703475176282,0.05194992458274907,0.011065768784526921
N4977HD,0.5387935406878323,0.44538187851744526,0.012334510820084197,0.0022936971606048167,0.0011963728140334609
N4978HD,0.6771498882423264,0.2855937760565016,0.02418159199234149,0.009213705672042778,0.0038610380367876513
N4982HD,0.28293617015732386,0.5689939740715222,0.10248648806207057,0.03416617197418468,0.011417195734898647
N4983HD,0.07329028374882576,0.28109811808110546,0.4119003128873864,0.1989437810540482,0.03476750422863413
N4984HD,0.9170276604625727,0.07959498295825516,0.00243227389952535,0.000627180648509565,0.0003179020311372085
N4992HD,0.050687856816659466,0.21804161513432221,0.3712139348504694,0.29057643898712426,0.06948015421142477
N5000HD,0.6205923822506092,0.3237944766559066,0.043481452608176326,0.008642285954401849,0.0034894025309060764
N5006HD,0.4883702922004774,0.48408770795341155,0.02101185322651478,0.004521849412277714,0.0020082972073183995
N5007HD,0.5802696451140389,0.37698562622847653,0.030876192963292897,0.008488624805207717,0.003379910888984045
N5008HD,0.4684703596586136,0.495097996010942,0.028342869705299957,0.005594425393800366,0.002494349231344099
N5011HD,0.217316086266252,0.7285712656381266,0.04052160947336761,0.009189409110011046,0.004401629512242768
N5020HD,0.6403878785948698,0.32486090168997006,0.023997269969148416,0.007164016309849821,0.003589933436161879
N5024HD,0.8225171335824552,0.16594044316892007,0.007225116060227775,0.002950015137145995,0.0013672920512509906
N4826HD,0.8971241297840681,0.0956946806684003,0.004266259848910445,0.001740763614419219,0.0011741660842018954
N5032HD,0.8738730700891072,0.11618964444213307,0.007553562336466206,0.0016234268390907874,0.0007602962932028378
N5041HD,0.833361100336288,0.15692280491233804,0.006411687491846448,0.002117248437413078,0.0011871588221145852
N5043HD,0.9404993223489518,0.05336613188088117,0.003667986059287357,0.001565812898885151,0.0009007468119945468
N5044HD,0.30417329341508037,0.5647129558846807,0.09673255367464433,0.025200996392941887,0.009180200632652727
N5045HD,0.7447185318136007,0.236819637692744,0.013415737884838982,0.0033614299485821967,0.001684662660234116
N5004HD,0.9001035377401544,0.09136431026114637,0.005267838360942932,0.0019636765802701923,0.001300637057486179
N5055HD,0.42701093979774074,0.4750587352735501,0.06961763160934059,0.0221873471012471,0.006125346218121552
N5056HD,0.12485324730466467,0.3126360219097964,0.37156260141638275,0.14604329122269605,0.04490483814646006
N5057HD,0.7756549920476028,0.2105502616391036,0.009688117013966826,0.0026960453787933858,0.0014105839205333455
N5059HD,0.48161487459684443,0.45608488620134663,0.04969942484468101,0.009339432302686562,0.003261382054441641
N5061HD,0.38578719953545126,0.5048785854410539,0.09166176365665737,0.011765596929638935,0.005906854437198594
N5018HD,0.9101764251861101,0.08401353413407713,0.003100949982058687,0.0017777713774084535,0.000931319320345596
N4896HD,0.7377098144101826,0.2319204630248104,0.02430604029093601,0.003813157075228889,0.002250525198842172
N5064HD,0.7232427141150923,0.24461130430111167,0.023927947040205455,0.005446111412986823,0.002771923130603669
N5065HD,0.5988235108156733,0.37202969752118387,0.020032771523925453,0.006034129731786281,0.003079890407430991
N5067HD,0.24827631689583232,0.6016649129045981,0.10587976476532109,0.03448950955561156,0.009689495878636855
N5070HD,0.05877096202728309,0.5442140750741309,0.3480999884453167,0.03747006583999412,0.011444908613275235
N5071HD,0.1467951930276464,0.6989297878910645,0.13465097957429298,0.012765590731400241,0.006858448775595765
N5072HD,0.20995095076928766,0.6366843138210387,0.12534359292738265,0.019584441382354975,0.00843670109993598
N5074HD,0.777874255986749,0.1973414195168031,0.016678066311834487,0.005072419045562003,0.0030338391390514513
N5075HD,0.9419060985165967,0.054944869905603044,0.0018639605789277233,0.0007978380818078556,0.00048723291706458187
N4923HD,0.8430338529415798,0.13682656154892298,0.012342848335587566,0.004978573323304916,0.0028181638506047926
N5076HD,0.7523584023150532,0.23087445622069436,0.011221386460871856,0.003955569912519154,0.0015901850908613157
N5079HD,0.03993007425292578,0.1390766099274964,0.39877118596968125,0.3581952318822183,0.06402689796767835
N5080HD,0.4943650280281947,0.47016406406100986,0.026373352029911323,0.005261524306296626,0.003836031574587618
N5082HD,0.6699815135796995,0.27663476259061565,0.033675856885406606,0.01412081275118958,0.0055870541930887205
N5083HD,0.6228228358331817,0.331578787354316,0.032790156569002804,0.01014767175278237,0.0026605484907170555
N5085HD,0.16726131440067213,0.7002008709493105,0.11060627940128392,0.015136757651750815,0.006794777596982613
N5051HD,0.4988287883283988,0.47996587534630414,0.016752329296514913,0.0028270502351110025,0.0016259567936712863
N5039HD,0.09955996457174698,0.3449428046141263,0.3940938483894704,0.13489116940638593,0.026512213018270434
N5088HD,0.9084903122193405,0.08701423299238027,0.002792631702853381,0.0011051465019017925,0.0005976765835241134
N5091HD,0.06066750187747421,0.9287158303018541,0.008966897042845322,0.0010425552087620492,0.0006072155690640385
N5093HD,0.04959236151805011,0.1874592702663414,0.2889061956247521,0.366728347393299,0.10731382519755732
N5100HD,0.025489848216056387,0.10237624589321036,0.3179371485237722,0.48799257072979774,0.06620418663716342
N5103HD,0.061472571928072775,0.4320853209477359,0.3824575360083141,0.09895838581891225,0.025026185296964872
N5104HD,0.9470449696076035,0.050037237790695764,0.0019279352238013186,0.0005875014041675063,0.00040235597373172076
N5105HD,0.7228615435879685,0.24481415092846823,0.017841543515098476,0.00794631573267605,0.0065364462357888125
N5106HD,0.7230149836657132,0.25526522440439126,0.014717185026506424,0.005001089074107081,0.002001517829282089
N5109HD,0.24487057137162413,0.7264325112912302,0.024226062449404166,0.002987660792533536,0.001483194095207987
N5112HD,0.46629658832766047,0.47528901874138885,0.03804919763631589,0.013918865810318343,0.0064463294843165285
N5115HD,0.8400769982474515,0.14888764898955684,0.008328697220287146,0.0018298240128156742,0.000876831529888892
N5120HD,0.012829545378276526,0.07079888833052592,0.4029438861059152,0.42171219709267554,0.09171548309260673
N5121HD,0.4942920554245604,0.46073331812240914,0.024506486995653776,0.013673810842145414,0.006794328615231212
N5122HD,0.45808707156961254,0.4546207816228158,0.05657636866910911,0.02367686665567867,0.007038911482783928
N8305HB,0.7614520887948673,0.23124426608613344,0.004448859843175615,0.0016484976379170092,0.0012062876379066259
N5126HD,0.04546406781730913,0.12259248802740749,0.25830173577014615,0.4715801842250557,0.1020615241600817
N5128HD,0.9155553765354834,0.07965958743799423,0.002782906456812737,0.0012653797611185333,0.000736749808591284
N5133HD,0.022667556077022744,0.07728513536979752,0.4564978764868223,0.3914537879203734,0.05209564414598395
N5135HD,0.7704827971469979,0.20990072605470497,0.012995301455573007,0.0044182731981488085,0.002202902144575394
N5143HD,0.8119051841116949,0.17998538098298533,0.006325453535125795,0.0011958571075698966,0.0005881242626239279
N5144HD,0.2444634673436862,0.683575222555524,0.05453303665831801,0.011843706368107117,0.005584567074364634
N5149HD,0.20477437367754625,0.520760435551767,0.23304493114054697,0.029100433857741876,0.0123198257723979
N5152HD,0.20698848651886523,0.6914211271875491,0.08451589528974295,0.012635984956572765,0.004438506047269724
N4394HD,0.1990288549593181,0.5686950043242484,0.1668642389682264,0.04595117131085357,0.019460730437353566
N5029HD,0.21009565534661928,0.6764495709544562,0.08408599694173408,0.018241990428841993,0.011126786328348582
N4368HD,0.941518653769833,0.05582577300821112,0.0015629738626283867,0.000656712487379996,0.0004358868719471574
N5013HD,0.3074900484609062,0.5509546442806886,0.10671563967308512,0.023975270257304802,0.010864397328015455
N5153HD,0.40302542023034926,0.5347720658974467,0.05018388684921265,0.008428155030531534,0.0035904719924596787
N5157HD,0.898613884623485,0.09287323880255695,0.005527965802780625,0.0017573841112604842,0.0012275266599169126
N5170HD,0.6269227660173079,0.33438257221799517,0.023608766693961978,0.010790290664495378,0.0042956044062393735
N5172HD,0.8680030864283165,0.12313780543416736,0.006122594904681265,0.0018585898026928919,0.0008779234301420524
N5173HD,0.671032519876613,0.28418100017107517,0.02836537749165221,0.010582579800336389,0.005838522660323206
N5147HD,0.6232158057981697,0.35081879266528215,0.016530325585335525,0.006286196144951279,0.0031488798062613167
N5178HD,0.7383586049540867,0.23573722874184216,0.018709972754665547,0.005352290407505471,0.0018419031419002437
N5180HD,0.4961701596931692,0.4440442699702137,0.04150007118481505,0.011952323097338097,0.006333176054463839
N5181HD,0.6392057716847006,0.30159510458473143,0.03976933312285118,0.01308723409636556,0.006342556511351172
N5182HD,0.9004065544230793,0.09391833611890589,0.0034038857825901656,0.0013163771442533177,0.0009548465311713517
N5183HD,0.09165311836663724,0.8934918720029977,0.012740873583513097,0.0013564364770544388,0.0007576995697977722
N5185HD,0.12375297584201764,0.29812601308112696,0.3453250200027431,0.18541733176438185,0.04737865930973055
N5187HD,0.2789870837532536,0.5370572767252336,0.13113657417454078,0.039636726537916014,0.013182338809056041
N5188HD,0.17228036065227376,0.4760507649906698,0.21530985910594366,0.1123742435995631,0.023984771651549594
N5190HD,0.016049444872861626,0.06697786759095915,0.30491941484352353,0.5529949602706002,0.05905831242205545
N5192HD,0.4460720342531309,0.5434873381262342,0.007735456502617389,0.0019095460289245544,0.0007956250890929891
N5193HD,0.6671732231773932,0.29977552931553914,0.025063646910713777,0.005871232945220061,0.0021163676511337846
N5197HD,0.8443938333806749,0.14735905531175045,0.006087759014251017,0.0013947302069364257,0.0007646220863872541
N5198HD,0.24070278762595787,0.4460135318423523,0.1837907612015966,0.10108172158686136,0.028411197743231795
N5199HD,0.6235106928576926,0.3317370402970068,0.03385600933162549,0.007380370661368861,0.0035158868523062904
N5200HD,0.6968614627425702,0.27044206707326496,0.023723631432891672,0.005675085098304529,0.0032977536529686605
N5203HD,0.037073025182514804,0.14732123814033135,0.4543495676909896,0.27655251036064077,0.08470365862552355
N5209HD,0.04666629656045006,0.16105806114375174,0.4103359706168405,0.3224974959675095,0.05944217571144807
N5212HD,0.773881125450615,0.21214211751088494,0.009886567238604184,0.002551933031403222,0.0015382567684925504
N5215HD,0.4270249222736973,0.5148958711416148,0.044525552257831696,0.010228667857802048,0.0033249864690541903
N3574HD,0.7981810837021263,0.17278488919229668,0.017861855409844578,0.006279353356197626,0.004892818339534754
N4760HD,0.08502392440401116,0.5486229077691193,0.30366366261684485,0.043071246248476615,0.01961825896154821
N5225HD,0.7742198378819296,0.21645725689932838,0.006220690165984504,0.0020361867725677157,0.00106602828018982
N5226HD,0.5779666826415641,0.36872576539479013,0.039822815525664426,0.00978808426860069,0.0036966521693806934
N5227HD,0.7304067215166243,0.233725665926409,0.0229814620209863,0.00868923981420738,0.0041969107217730076
N5233HD,0.01937831681015639,0.0963779223946745,0.2907533718725553,0.4205911202665022,0.1728992686561117
N5238HD,0.8494679232041226,0.1324727388592908,0.01090773766168323,0.004904283366932028,0.0022473169079712473
N5241HD,0.7849736080940483,0.19456181079530904,0.014715415199549043,0.0037783154376890586,0.001970850473404634
N5243HD,0.026754686847839375,0.12754619967272357,0.4603623474776517,0.3377931700143323,0.04754359598745316
N5246HD,0.7845109315497099,0.19716343312158044,0.01266461595156731,0.003114218450359209,0.0025468009267831993
N5247HD,0.007543025438332997,0.024113837457032855,0.29666653021246486,0.6458378588007286,0.025838748091440704
N5248HD,0.582009354244586,0.36236265872942824,0.044360162578767376,0.008283755421948808,0.0029840690252694356
N5253HD,0.5978657718757445,0.3655347849777082,0.023003863270923373,0.008235867050664966,0.0053597128249588885
N5257HD,0.04049382457970854,0.14082888851985192,0.43582511752187214,0.27191206845856175,0.11094010092000572
N5259HD,0.02405319282376503,0.12588348745101297,0.3034671217204572,0.4126371729133907,0.13395902509137417
N5262HD,0.07735024118738656,0.6619319757973182,0.2317038382055743,0.021076372281916236,0.00793757252780479
N5266HD,0.2470246479217318,0.6996674334154981,0.04287395654614559,0.0070441220106023375,0.003389840106022195
N5270HD,0.7047887175047982,0.27408916175977766,0.015174803184774079,0.004001604185653193,0.0019457133649969113
N5271HD,0.5503889635821778,0.3968517939513241,0.03877305185171385,0.009672094490585452,0.004314096124198749
N5273HD,0.786208198095967,0.20105859399134027,0.00886621934827116,0.0023220399694698106,0.0015449485949516936
N5274HD,0.8658901390713482,0.12263375404116685,0.007867239234938142,0.0025916872480507475,0.0010171804044961914
N5211HD,0.10464962055097508,0.41958589545663894,0.33814828109845463,0.1053192631369017,0.032296939757029616
N4843HD,0.5357345972235611,0.3878143697297624,0.04295453288161778,0.02124439857521987,0.012252101589838828
N5287HD,0.6563998197315467,0.2956084004662021,0.036819808276856075,0.00872999756710369,0.002441973958291217
N5286HD,0.09714156755841284,0.3202531110466253,0.33576776990140217,0.18949962379187202,0.057337927701687615
N5292HD,0.041457740622529084,0.13903958713926917,0.3923299032920334,0.31256923317126684,0.11460353577490168
N5294HD,0.8398687686121555,0.15502420911151427,0.0034411424187782633,0.0010540499874233584,0.00061182987012851
N5296HD,0.22929844720713538,0.607464948747745,0.12341779468800054,0.030829669966761914,0.008989139390357179
N5298HD,0.6731849057904403,0.29525330698973223,0.021896718204446993,0.006373071271355111,0.003291997744025423
N5303HD,0.7907429080062306,0.1929706141201789,0.010912894804720968,0.003445767182711852,0.0019278158861574855
N5305HD,0.2287671555668609,0.5642431544751284,0.14644760422382738,0.0389967081405172,0.021545377593666204
N5306HD,0.8162453330317351,0.16831856153660038,0.011017661764834572,0.0028993003952163584,0.0015191432716134272
N5307HD,0.08726284246966096,0.6052207443146489,0.24075854466361649,0.04996410754650535,0.016793761005568467
N5311HD,0.22003456555363388,0.7314349329015558,0.03619613224794434,0.009234379251525333,0.003099990045340654
N5314HD,0.720519311689485,0.25616717797130245,0.014383106702486784,0.005276320262959163,0.0036540833737665783
N5073HD,0.11769085043139056,0.5053803199355026,0.2845531575221359,0.06793398493379384,0.024441687177177127
N5277HD,0.06817866951091245,0.25753662472126687,0.3084508868236496,0.28722769567972894,0.07860612326444208
N4885HD,0.9294508969619801,0.06293327933161968,0.004462679769254493,0.0020013270020746775,0.00115181693507093
N5318HD,0.06196904332524385,0.3178899365909593,0.4247193161985249,0.15314185445828846,0.04227984942698336
N5321HD,0.7305350053521175,0.24543064453489183,0.017020140346337233,0.0046522486649272785,0.0023619611017261493
N5323HD,0.9323969256517891,0.0645748188278646,0.0018349601210588054,0.000695119025250874,0.0004981763740366247
N5324HD,0.58677770269154,0.36527717717516756,0.03038390428757088,0.012948215528995357,0.0046130003167262745
N5326HD,0.8813101847082931,0.11026021082066356,0.005271605138181962,0.0019232505021233848,0.001234748830737909
N5327HD,0.6610518547118804,0.31040168251158917,0.01903344576037053,0.00573604009850021,0.0037769769176596575
N5329HD,0.09003961623550438,0.819602340267862,0.07274354049866796,0.01111162235979307,0.006502880638172595
N5331HD,0.7808283518068062,0.20246951829484988,0.012522306057715088,0.0026941261606011103,0.001485697680027674
N5332HD,0.7774414385297778,0.20334126155034665,0.013214080446952844,0.004438752049381441,0.0015644674235410956
N5333HD,0.8767873164806101,0.1184780491194242,0.002953554159098039,0.0011030646455422667,0.000678015595325554
N5334HD,0.029971130172741136,0.9545248478056836,0.013012742978884238,0.0016956493305711384,0.0007956297121198677
N5338HD,0.04437533822259171,0.23710020066532755,0.4711047297201411,0.18785265752769467,0.05956707386424487
N5339HD,0.07582561816571882,0.27772596353349976,0.4143612193166528,0.16988821058017026,0.0621989884039585
N3820HD,0.028793232192532436,0.12618524950999524,0.4229533010231048,0.2923687416722623,0.12969947560210532
N5342HD,0.8270036290508751,0.1621451341754687,0.008187298600897982,0.0018344768273615628,0.0008294613453967502
N5345HD,0.6548219627308489,0.2913371630325077,0.041153583800912,0.009963988350522564,0.0027233020852087003
N5346HD,0.787921151275237,0.20095284156838447,0.0072776863423295755,0.0024985895601383153,0.0013497312539108286
N5348HD,0.04155500655126482,0.17018712805364397,0.3621007903615416,0.34126130810545224,0.08489576692809747
N5351HD,0.6781018783410787,0.284943272885454,0.02380658614043445,0.010785420919680985,0.002362841713351895
N5354HD,0.010676102458143795,0.024485370600074535,0.31567603424308566,0.6202236028569484,0.028938889841747542
N5355HD,0.5299204774586113,0.4404044645081377,0.021066739723431732,0.004984450610558308,0.003623867699261073
N5362HD,0.9088722747361004,0.08675225195195173,0.0027405907758933905,0.001063285168863981,0.00057159736719032
N5364HD,0.7009041088257497,0.27144068960004364,0.018658304366518372,0.006386356174554963,0.0026105410331333117
N1264HD,0.02994423451139535,0.9368874476080689,0.026900107111055855,0.004178960999915286,0.002089249769564611
N4985HD,0.351559857193356,0.5416790009668517,0.07219663162595187,0.02703928074893472,0.007525229464905837
N5368HD,0.017919038559085814,0.05765967882268538,0.30133715510101466,0.5447890834297929,0.07829504408742131
N5371HD,0.8437188486482762,0.14749636474184463,0.005569662940859196,0.0021557546589839652,0.0010593690100361166
N5372HD,0.7634032258362068,0.21775945172452085,0.013324262535893425,0.0038829418591974016,0.001630118044181433
N5373HD,0.43536437892625196,0.550025891453789,0.009778805551244543,0.0028308392800306162,0.0020000847886839637
N5374HD,0.7318526579242245,0.2532986808522219,0.010738328387145666,0.002529644807253139,0.0015806880291548058
N5377HD,0.8344246192533701,0.15529211548885458,0.0074842424230353805,0.0018517893462006915,0.0009472334885392041
N5379HD,0.7948386760354127,0.18918435351342455,0.011391238715281951,0.00336965867012055,0.0012160730657602298
N5381HD,0.14500451772280873,0.3319701781777329,0.26379073299508077,0.19369287214203218,0.0655416989623455
N5383HD,0.3013240279587906,0.44243775301978616,0.1532974280476726,0.08143067041767232,0.02151012055607821
N5385HD,0.9038674627065296,0.09262054421797972,0.00233560626692021,0.0007521938589565637,0.000424192949614129
N5387HD,0.06871474843667714,0.500950405613676,0.26095727640935673,0.1315686901417831,0.037808879398507064
N5388HD,0.06235425826947551,0.26078725673779096,0.3190333553567636,0.2720078387135415,0.08581729092242835
N5389HD,0.03563525877987951,0.43225855667474933,0.4904346338783569,0.030064168348215896,0.011607382318798464
N5391HD,0.6896199456499346,0.2719200860118481,0.025070342629921763,0.008904620180017378,0.004485005528278204
N5393HD,0.46422498265860024,0.511314166649984,0.01799075494907019,0.0041101675552972375,0.0023599281870484083
N5395HD,0.7619925544999478,0.20326666833643592,0.023430251747667576,0.007998435681034529,0.0033120897349141498
N5397HD,0.8184289468599665,0.15407583823953744,0.018444345275341004,0.006373498822479837,0.0026773708026752675
N5398HD,0.7820575903293479,0.18801724739027115,0.020796744010175932,0.006147521865877714,0.0029808964043274246
N5386HD,0.07149879217694122,0.5282645314781064,0.3670432999292039,0.023283359402502982,0.009910017013245533
N2483HD,0.7601076744974476,0.22435295498611618,0.009060981990279623,0.0039002640038236125,0.002578124522332874
N5402HD,0.8154232902855344,0.17164752343976272,0.0075294815248909295,0.0033664263259301644,0.0020332784238818653
N5404HD,0.6730734390030901,0.27273678536733487,0.0383328570759183,0.011397696780259594,0.0044592217733971104
N5405HD,0.9334861190421371,0.06283375711708758,0.002518853655433073,0.0007022598568754264,0.0004590103284668134
N5407HD,0.2823356081792948,0.6229545525057524,0.06362422894637719,0.021326167370116438,0.00975944299845938
N5414HD,0.4433925984034523,0.54287605511361,0.011138089818553692,0.0015187730138145267,0.0010744836505693313
N5415HD,0.8661784457473752,0.1264553619390916,0.004522331536605786,0.0018284242730163974,0.001015436503910804
N5416HD,0.1565053412998075,0.7960130254720014,0.03764755748684121,0.006152476750228816,0.0036815989911211772
N5421HD,0.7458135775137517,0.22857144945858,0.01640840935117596,0.006123533379396542,0.0030830302970957365
N5430HD,0.8186740755288536,0.16508729813220474,0.011300469243647056,0.0030750607395241465,0.0018630963557703132
N5431HD,0.05500157724552798,0.36709076500488724,0.5362024029299401,0.02875679302418284,0.012948461795461875
N5432HD,0.7578389582550545,0.22408404312054486,0.012300622135724165,0.003946594096176971,0.0018297823924995006
N5437HD,0.7507181811408166,0.23104975244683876,0.011561356660328363,0.004864046808622457,0.0018066629433940544
N4225HD,0.28284175551388485,0.651370675046832,0.050349043611709124,0.01062709318304166,0.004811432644532365
N5123HD,0.37536882790273846,0.5266428602849575,0.06877085048825836,0.019545649514110305,0.009671811809935421
N9187HC,0.04518780219564276,0.20204120326884148,0.37465814372819006,0.29279503772102894,0.0853178130862967
N5439HD,0.27273044783397443,0.5340920540914129,0.13650627786509517,0.04195362274092379,0.014717597468593606
N5440HD,0.10020634881744804,0.5163666001462887,0.32940860163257885,0.04174186131631787,0.01227658808736652
