ncode,proba_0,proba_1,proba_2,proba_3,proba_4
N4541HD,0.742685559340178,0.23119575036177323,0.018878312133202867,0.004927438290174355,0.0023129398746716654
N4397HD,0.025428051737025125,0.21089789081337576,0.4413078368652041,0.25967950151734176,0.0626867190670533
N4544HD,0.8869309125406694,0.10735631467369096,0.0038034261176635993,0.0013072792500705603,0.0006020674179057006
N4545HD,0.07576533546987164,0.25246884717835266,0.3268411793852133,0.23456860923438388,0.11035602873217858
N4546HD,0.2126093607302904,0.6892004104422201,0.08804201202951406,0.007279543927812805,0.0028686728701626473
N4550HD,0.8471313305116682,0.14532402570272596,0.004870231476789647,0.0016843086826367085,0.0009901036261794605
N4551HD,0.5893077194015669,0.3960286432958819,0.011401407804396581,0.002368095388180061,0.0008941341099747307
N4554HD,0.05801051182569315,0.3003329641730431,0.586928187659058,0.04503241453690679,0.009695921805299011
N4555HD,0.3779363644651164,0.5154737013381958,0.08813023921106466,0.014872475747701602,0.0035872192379215783
N4556HD,0.34016198669039144,0.48555695878374183,0.11786884647106304,0.04585508409444347,0.010557123960360236
N4563HD,0.325071027641035,0.5524669586139606,0.09763876444883296,0.020408159267043334,0.00441509002912797
N4567HD,0.8984715062893198,0.09297229053004054,0.004556138871927792,0.002514735134527439,0.0014853291741844063
N4561HD,0.8540223836622548,0.13953292457779426,0.004248326378147672,0.0014414038364057625,0.0007549615453974545
N4571HD,0.3190923460859107,0.5676861750930889,0.08479402458656005,0.021543963276197783,0.006883490958242484
N4574HD,0.9449707352735603,0.05173138846215555,0.0021014241330502533,0.0007945438591244336,0.00040190827210937217
N4575HD,0.48966916687439394,0.48299395719669286,0.022213624600286877,0.0034959702136823255,0.001627281114943825
N4579HD,0.35163962002117494,0.5696003958940519,0.061854982804847504,0.012179058629272006,0.004725942650653643
N4581HD,0.20771549688825125,0.6505616864512052,0.127205277519856,0.01102976102000278,0.003487778120684945
N4584HD,0.20293619121184953,0.7025358918491623,0.08582721869581054,0.0062891288138788365,0.0024115694292989173
N4578HD,0.7486561112982123,0.24147010995660848,0.007793556582227389,0.0014206086477316848,0.0006596135152201091
N4590HD,0.1469243115890388,0.8230014555052269,0.02629019698758425,0.0027314161564889077,0.001052619761661146
N4593HD,0.012879517792310972,0.06307614867215924,0.3442089364205687,0.5393543273560221,0.04048106975893906
N4151HD,0.13938797028278632,0.41324665078474104,0.2730123875755702,0.13419742410821583,0.04015556724868653
N4594HD,0.8344523650745229,0.15802635289719735,0.005345164916687839,0.0014280484144138233,0.0007480686971781783
N4600HD,0.24911224663676496,0.5079289350409029,0.21254898804633626,0.0252323148375095,0.005177515438486408
N4605HD,0.042409673843766954,0.2424064860843281,0.6024562409768205,0.10459594364187971,0.008131655453204855
N4612HD,0.410240243915551,0.5279585475353199,0.04791403693139497,0.010790919146174317,0.0030962524715598817
N1701HC,0.2529561553200792,0.632916113558408,0.08831211135165468,0.019360882822278012,0.006454736947580178
N3705HD,0.008686547624051447,0.044600542254042065,0.22679140961061756,0.3928428314670747,0.32707866904421423
N4589HD,0.6312066700146298,0.3139368201889711,0.039484081378189456,0.011397356538199243,0.003975071880010399
N4339HD,0.9196513399076852,0.07586684912729436,0.00276904835992093,0.0010858792969481589,0.0006268833081514084
N4615HD,0.029132179583883904,0.13723280298149018,0.2751048638950623,0.4044922856860853,0.15403786785347834
N4618HD,0.8941232934018492,0.09858891141458927,0.00451242937996007,0.0019127076904881368,0.0008626581131133958
N4624HD,0.38261244597852595,0.6060577181291038,0.009196764802851323,0.0014376236894220477,0.0006954474000969167
N4626HD,0.7739539924696252,0.20672944114221362,0.01416498351098124,0.003978579691090083,0.001173003186089998
N4628HD,0.09373070036871388,0.7284689978389493,0.15315493382738626,0.018045752113315425,0.006599615851635214
N4638HD,0.12092571908299003,0.35026571936495465,0.2732191178830146,0.1892702330407864,0.06631921062825422
N4639HD,0.7892946111934631,0.19092245621976323,0.01344169211684865,0.004398629310676546,0.0019426111592485
N4642HD,0.8926034745172896,0.10248305862388543,0.0033147395519977224,0.0010930160967277276,0.0005057112100993868
N4646HD,0.9442377261789338,0.05253963267727705,0.0019985779458123153,0.0007912462679917131,0.0004328169299853392
N4631HD,0.8566239049961255,0.13356322010545071,0.006979582650388091,0.0020895512258338324,0.0007437410222016928
N4656HD,0.027645342478915855,0.15128266457654713,0.5320851553687543,0.2317270999994395,0.0572597375763431
N4658HD,0.817619648157208,0.16777338360443106,0.010015097798566935,0.0033522724863816323,0.0012395979534122893
N4661HD,0.8465941462374093,0.14303976554210407,0.006744559449504516,0.002464468576160403,0.0011570601948215332
N4665HD,0.8288202343614998,0.1597034662115239,0.007938364495778123,0.0025543187502668524,0.0009836161809313984
N4667HD,0.8694329770459802,0.12418485657790433,0.004209956593335956,0.0014013387940101736,0.0007708709887692661
N4669HD,0.7036129881720383,0.2831611280844654,0.009575603550360905,0.0026178889480470155,0.001032391245088306
N4673HD,0.1899193977200636,0.6901867311025559,0.09933412174406091,0.013957085844531265,0.006602663588788267
N0760HD,0.09886384746844083,0.7902338775016186,0.09814418761572043,0.009579539512294673,0.00317854790192561
N4672HD,0.6125573846062025,0.32991392459449764,0.03936996558089086,0.014319628714296853,0.0038390965041123146
N2593HD,0.877240779751598,0.11489394054495776,0.005043993401761512,0.0018699779608933875,0.0009513083407893905
N4677HD,0.2972307215769048,0.6438869488579072,0.049422014973283926,0.006794360017409373,0.002665954574494623
N4680HD,0.09212945497546,0.3409118768815059,0.44381415442510774,0.1062980646200532,0.016846449097873237
N4688HD,0.007706662982246401,0.02934850823816676,0.2322265973817472,0.6203453187090541,0.11037291268878556
N4689HD,0.87113611483105,0.12171902286198218,0.004661841006890164,0.001629559695505985,0.0008534616045715173
N4691HD,0.1867913634526548,0.44816574099750134,0.24534624317566556,0.08982143852579615,0.029875213848382244
N4692HD,0.5701979318871955,0.38252232786926244,0.03453845389585606,0.008382542301673124,0.0043587440460129455
N4694HD,0.018202547244039306,0.13983604170197397,0.6089223093024442,0.20980594508702136,0.023233156664521148
N4695HD,0.15631796115842805,0.7506923489057605,0.08147039289970606,0.008559469345027404,0.002959827691078188
N4699HD,0.4152471208667297,0.5196474277274318,0.049373502868552556,0.012176041094731657,0.0035559074425543123
N4703HD,0.3999280537406027,0.41122214704347126,0.10668758421182127,0.05435842108836646,0.027803793915738343
N4704HD,0.0038839529982804912,0.013540732498982484,0.33039185431188994,0.6287352677058493,0.02344819248499779
N4708HD,0.9345561584238754,0.06214253190169207,0.002115052951434874,0.0007745033271025616,0.0004117533958952697
N4714HD,0.5699765073966929,0.3853612985118034,0.03232635253087524,0.008100721727482574,0.0042351198331458915
N4721HD,0.15187923973153686,0.6887256193728917,0.127334505036387,0.02406053065172812,0.008000105207456311
N4722HD,0.8570063830242465,0.13706417302930834,0.004105227364572838,0.0012612291113057728,0.000562987470566429
N4724HD,0.15748843014827008,0.7430937212957316,0.08938620907891251,0.007737732314376421,0.0022939071627093876
N4726HD,0.04575628396863259,0.8753481173004942,0.07298136044761537,0.004335795976547147,0.0015784423067105766
N4735HD,0.660516726934998,0.32682301282706877,0.008901703153829123,0.002474727467999632,0.0012838296161045595
N4063HD,0.5955638697981416,0.3400471415986009,0.043629875453321136,0.014809537178906247,0.005949575971030071
N4712HD,0.7317888257166556,0.25535511226918844,0.009663532061955206,0.002261140891841166,0.0009313890603596236
N4738HD,0.28076986971568857,0.6157797677483998,0.08087819529595945,0.017856111931936265,0.004716055308015788
N4740HD,0.024480032094023635,0.12073707547829464,0.37256737417388713,0.4232086595752567,0.059006858678538
N4742HD,0.017153662742549213,0.060086997543493524,0.3701024844987075,0.43869066018367475,0.11396619503157518
N4745HD,0.823850660696825,0.16234880278494268,0.0103984458605441,0.0025550742536279082,0.0008470164040603335
N4747HD,0.790189602116107,0.18957019384367535,0.013965527583291169,0.004278523695539596,0.001996152761386867
N4750HD,0.6840475697237512,0.2808397143474421,0.02377577757935182,0.00821540904842483,0.0031215293010299237
N4752HD,0.016220233254262296,0.18374550274027726,0.4850426496654224,0.2659153747475281,0.04907623959251001
N4754HD,0.5740348830691989,0.4117078923031205,0.01189285965025787,0.0016236091801297868,0.0007407557972929359
N4755HD,0.2561400477440833,0.5874872459682288,0.11843356603304044,0.02980335174997718,0.008135788504670394
N4756HD,0.4494340240648069,0.5043914075903896,0.03660016081186751,0.007325810586404033,0.002248596946532104
N4757HD,0.855313525101817,0.1345088669563377,0.007660338447496667,0.0018099489668997964,0.0007073205274486796
N4759HD,0.2733812891024044,0.6754252310725672,0.04056705968572525,0.007454541973888491,0.0031718781654145726
N4762HD,0.28233033399856194,0.6601326638575749,0.04708141502378612,0.007641124890391991,0.002814462229685022
N4763HD,0.5789421328101312,0.3827144313834071,0.028014954318528927,0.006850927745643295,0.003477553742289507
N4767HD,0.786147206942809,0.1948598406020277,0.013607260746148691,0.004147206982208919,0.0012384847268056755
N4769HD,0.03687599253758196,0.15257034892634672,0.663532463536107,0.13402466587786915,0.012996529122095148
N4770HD,0.7692831691586101,0.21430708658896627,0.011545632980724535,0.0036187263309264304,0.001245384940772637
N4676HD,0.2975593005335642,0.5660740484210605,0.10022234154135658,0.02694068167595966,0.009203627828059186
N4614HD,0.515369224230104,0.43746321266539656,0.03719511820907507,0.007121533129011399,0.0028509117664130175
N4774HD,0.3141987368516672,0.5927923511788808,0.0709256414500361,0.01682651473430892,0.005256755785106856
N4778HD,0.05610455097873108,0.48659455581164596,0.29885307405557926,0.1223210541089673,0.03612676504507629
N4780HD,0.009319321953246019,0.04784246284166439,0.25871194349798204,0.4079636106968143,0.27616266101029324
N4783HD,0.6068103447953299,0.36330604685481926,0.02361541537659756,0.0045207164343711885,0.001747476538881854
N4789HD,0.7851384715720454,0.1931787448553821,0.014995680320731593,0.004482276994284962,0.0022048262575559137
N4792HD,0.3470538220208031,0.6394961354070706,0.010991467092657393,0.0017057541379972676,0.0007528213414716942
N4793HD,0.04543156219056313,0.7647255387589907,0.16479296659633494,0.0178708570603097,0.007179075393801482
N4794HD,0.007759720523695059,0.03632439294164195,0.2917104695503548,0.6187140620474937,0.04549135493681461
N4799HD,0.6890390959812474,0.2932530578204356,0.013421041617558705,0.003073033615508618,0.0012137709652496823
N4800HD,0.9171546405758005,0.07733938659433705,0.0033227454062726446,0.001381851327187431,0.0008013760964022535
N4808HD,0.0831498349841104,0.8930767925550682,0.020691084585381603,0.0021663771157811973,0.0009159107596585806
N4809HD,0.5622490629622571,0.3976418206134797,0.02958254692385456,0.0067900864267519375,0.003736483073656731
N4634HD,0.7563099464223233,0.21766117781781555,0.01851687672738019,0.005690285543400755,0.0018217134890801407
N4784HD,0.8742836626941083,0.11812025178948693,0.005065878556509705,0.001654796436012562,0.0008754105238826497
N4815HD,0.8760355771886104,0.11876515625894139,0.003263588026925513,0.0012556700978277237,0.0006800084276947246
N4816HD,0.7569238495294378,0.22230083682274387,0.015052618100197828,0.004364295943535629,0.0013583996040849246
N4817HD,0.4136787610196146,0.5419934555419019,0.03539730394577355,0.0061765771209948625,0.002753902371715129
N4818HD,0.9083177250141721,0.08605126285325905,0.003361393533645773,0.0014819355448892574,0.0007876830540340106
N4821HD,0.0320952515641721,0.9396042193254527,0.025126264045515618,0.0024062512345133327,0.0007680138303461668
N4830HD,0.8539638109413005,0.13535074158128094,0.007728234453737259,0.002179180310450696,0.0007780327132306559
N4748HD,0.875621855573762,0.11742143154854386,0.004555419020132106,0.0016121342303879905,0.000789159627174118
N4684HD,0.8315330521568537,0.1600194872368528,0.005985096369918572,0.0016692896746785383,0.0007930745616964267
N0389HD,0.04392321281096354,0.9198874571995709,0.03277546552290836,0.002349720792182154,0.0010641436743753043
N4796HD,0.3556995794658772,0.5674395215060676,0.0629285202676351,0.010403554714553917,0.0035288240458661605
N4834HD,0.004606394604566858,0.017468270931967577,0.42271511159414193,0.5315270306463845,0.023683192222939006
N4835HD,0.0563327929520748,0.9235196408663048,0.01780226774500154,0.001713692276153711,0.000631606160464943
N4837HD,0.46802990794149085,0.5172430356162944,0.012116795976717195,0.001732920959367863,0.0008773395061298294
N4838HD,0.07154857498241982,0.9082330932570581,0.017173149889611074,0.0020102659182686727,0.00103491595264248
N4839HD,0.03970837400825589,0.370028905449748,0.5338297476787904,0.04682818448413079,0.009604788379075017
N4842HD,0.7797369643162649,0.20139188557515067,0.013290159418918932,0.004385278870658798,0.001195711819006796
N4844HD,0.9333035722012536,0.06305671317713865,0.0024936441248100067,0.0007321735526161342,0.0004138969441814498
N4846HD,0.17876709002814495,0.5143693356635631,0.23200314714415943,0.05717429756825077,0.017686129595881745
N4847HD,0.8212537028709014,0.1703310303765936,0.006103365506023588,0.0016025834638185594,0.0007093177826630472
N4849HD,0.3724938707772137,0.5762954073520904,0.03959684968509722,0.007986165596756694,0.0036277065888418525
N4852HD,0.03342351774179118,0.44623876491235875,0.4900721089083802,0.024789190782766573,0.00547641765470321
N4853HD,0.5159062297608785,0.45716949655799155,0.021620170885788246,0.003978636448274188,0.0013254663470675066
N4856HD,0.8159068012318101,0.17661345541648277,0.005016233198477657,0.0016710322670559787,0.0007924778861734404
N4858HD,0.8119397804121604,0.17835479616714708,0.006229167603718995,0.0023116063307499672,0.0011646494862234697
N4860HD,0.32083629654560175,0.6379366550456892,0.032965190262951305,0.005590446553939474,0.002671411591818263
N4861HD,0.8872844136659458,0.1087323607025723,0.002681005033345321,0.0008174807005675453,0.000484739897569005
N4863HD,0.46697220855973526,0.520116109139506,0.009770201656266454,0.0020871169679338025,0.0010543636765585568
N4864HD,0.7968981513440055,0.19317088595866524,0.007096060775657429,0.00206358642043294,0.0007713155012387159
N4866HD,0.8175838223376374,0.16807701513971818,0.009593669069034194,0.0032106524771840375,0.0015348409764262727
N4012HD,0.73906810715646,0.2432702395212579,0.012894731749239588,0.0035083614935335727,0.0012585600795091724
N4825HD,0.2969832054734839,0.5797810008310779,0.09334251414781328,0.0232009921730695,0.006692287374555517
N4875HD,0.05290517878178477,0.6101553018172328,0.27518068767468573,0.047011402350414816,0.014747429375881957
N4878HD,0.05136596882489157,0.35865044613025193,0.3855830452505518,0.15018588430257404,0.05421465549173066
N4883HD,0.024017759318991708,0.36935790870980484,0.5442922873780136,0.055515122349972086,0.006816922243217762
N4884HD,0.6824176476814583,0.2863671515759249,0.02469740808273393,0.00491640322628891,0.0016013894335939968
N4887HD,0.25748285644885327,0.686703970507081,0.04816477713640928,0.0056335821341126835,0.0020148137735438334
N4891HD,0.6924091976697622,0.2818827259705376,0.0195976905241975,0.004813163947289598,0.0012972218882130978
N4892HD,0.17455196370638962,0.7754748330640262,0.04326672355024091,0.004818931113668545,0.0018875485656748407
N4895HD,0.8055613881824834,0.1799377287962709,0.009807492841365426,0.0033607917324140644,0.0013325984474663306
N4899HD,0.7745740627419013,0.21452703289983893,0.00768366202890974,0.002058195413661297,0.0011570469156887337
N4898HD,0.48091656640036845,0.47401129231869377,0.0371590203698737,0.005825775023492963,0.0020873458875712426
N4902HD,0.6114071512941561,0.32990005190597943,0.042361789309424136,0.011994993028998589,0.004336014461441821
N4904HD,0.06821499543532011,0.28322425687953795,0.48170470056902964,0.14136390557776288,0.025492141538349507
N4906HD,0.762048386938017,0.22386415946938387,0.010070673691056159,0.002905481602982259,0.001111298298560703
N4909HD,0.7542206144973602,0.2307483958949678,0.009997650265242868,0.003294870030358377,0.001738469312070589
N4912HD,0.6944801208005861,0.27967047313855614,0.02073108996329385,0.0038066777069946144,0.0013116383905694548
N4913HD,0.6376909799595338,0.3368000865233254,0.02003538266973722,0.0042340611578402885,0.0012394896895632922
N4914HD,0.0969171057054178,0.5913602629990756,0.28534876102803247,0.022137431123070605,0.0042364391444034795
N4908HD,0.8913757489188213,0.10417266539993719,0.0031775104333101605,0.0008139511293256334,0.0004601241186054227
N4937HD,0.8436263709025519,0.14949367760029375,0.0047977012596329876,0.0013954182496971378,0.000686831987824164
N4938HD,0.8965673022347641,0.09854049880470922,0.003413121866827848,0.0009601383853891938,0.00051893870830974
N4949HD,0.8915216108552843,0.10241325374487602,0.003753866020039996,0.001486954644932187,0.0008243147348673634
N4952HD,0.821317565828976,0.1629085877216949,0.01068573470179842,0.0037030354302538637,0.0013850763172766395
N4954HD,0.4567031051062515,0.5141697113010809,0.024008218460218722,0.00380393856483238,0.0013150265676164894
N7917HB,0.8874120765448552,0.10754796637953118,0.0034020198699546834,0.0010630626188097704,0.0005748745868491791
N4951HD,0.6887329356614537,0.29928322547601804,0.008628451300611888,0.002351589260435002,0.0010037983014814765
N0385HC,0.16061244085671536,0.6343534286414413,0.17426821140277562,0.023595754371713663,0.007170164727353925
N3920HD,0.3861785562678409,0.5583687617906185,0.044528013286585406,0.008236373102119339,0.0026882955528359995
N9498GW,0.761953822651303,0.22264575787980218,0.012002303200621482,0.002504559309451175,0.0008935569588223191
N4961HD,0.8893297630089324,0.10584751836148891,0.003494471158828289,0.000882655021005413,0.00044559244974504586
N4965HD,0.19920337329489549,0.3777223257437874,0.3484389209108207,0.06498034818047076,0.009655031870025706
N4967HD,0.6312921630647116,0.31996312123285964,0.03393236582357286,0.010929798653475606,0.003882551225380371
N4968HD,0.4145998515653781,0.46239973545725904,0.07483028748312752,0.03528388938632768,0.01288623610790774
N4973HD,0.8043278583933786,0.18134215419389577,0.01007102285292204,0.003330590535486741,0.0009283740243168963
N4976HD,0.025211229003508983,0.48656521150562915,0.4316274332146419,0.04810811437272778,0.008488011903492198
N4977HD,0.28565298699211794,0.683589160381323,0.02555640698287126,0.0036037782874147237,0.0015976673562729886
N4978HD,0.6844071182578353,0.2777305094981147,0.02478704817408182,0.00986251803983235,0.003212806030135846
N4982HD,0.33967651120376363,0.5485728219727639,0.08245293834109503,0.022471240955163285,0.006826487527214077
N4983HD,0.2435188798855954,0.5277454896521216,0.14407987620450716,0.07267287517715977,0.01198287908061603
N4984HD,0.8778775615221698,0.1172321046503911,0.003570589761508624,0.0008916084928323467,0.00042813557309806635
N4992HD,0.020642914981199936,0.20861226730405022,0.40953794214078154,0.31406622621822616,0.04714064935574216
N5000HD,0.6328128223716603,0.3161593237864345,0.0375742310237339,0.010277318776421535,0.0031763040417499785
N5006HD,0.5375703955380324,0.43780344449039366,0.018737805245006452,0.004373832714695261,0.001514522011872118
N5007HD,0.6970411452043416,0.2709790192109252,0.021915519766448812,0.007224335985846594,0.00283997983243784
N5008HD,0.23365329443805022,0.7109743139756175,0.04755909851215672,0.0058869358256232315,0.001926357248552373
N5011HD,0.262644899344402,0.6937933187276196,0.035169434500097484,0.006067668652954265,0.0023246787749267037
N5020HD,0.5974285896421351,0.36806708510481023,0.02636733596788002,0.005926550914223681,0.002210438370950872
N5024HD,0.8279998249615483,0.15900850441044498,0.009419171347013887,0.002704467104298684,0.000868032176694243
N4826HD,0.8837745400571274,0.1095319810376208,0.004436608617857615,0.0015458817987538767,0.0007109884886404305
N5032HD,0.8484946331107508,0.14044272806186803,0.008138819733362258,0.0020224263372526324,0.0009013927567664067
N5041HD,0.8374485948296148,0.1537793801853311,0.005717861959085758,0.002114807797934879,0.0009393552280334824
N5043HD,0.9198939319689432,0.07317775258363464,0.004704712674201416,0.0014082407210235246,0.0008153620521972383
N5044HD,0.3141066381924943,0.5983729466985833,0.06312476343104358,0.017809905794884482,0.006585745882994451
N5045HD,0.8000658696142892,0.1865036495973551,0.009881983577132962,0.00253487572336098,0.0010136214878618574
N5004HD,0.8956614036650135,0.09637153750745941,0.005209474269886656,0.0018640375899966772,0.0008935469676437372
N5055HD,0.5487712261765587,0.3761080968400538,0.05348892283517531,0.01780724812617689,0.0038245060220353892
N5056HD,0.11759836019878886,0.35515344884367983,0.33046588190852005,0.14381515012347357,0.052967158925537695
N5057HD,0.7252226541140194,0.25910216131553654,0.011692580187553044,0.00287051707632804,0.0011120873065630784
N5059HD,0.548333482141239,0.3905290940995394,0.04671326976826662,0.010956310514582507,0.003467843476372459
N5061HD,0.41496777301303645,0.5049110201914746,0.06504356429665595,0.010921231350309842,0.004156411148523209
N5018HD,0.9021303589217586,0.09257711656738073,0.0033214728977061596,0.0013144987335781575,0.00065655287957626
N4896HD,0.7672025093973848,0.21256730681568917,0.015132772236052673,0.0036589798694739023,0.0014384316813996468
N5064HD,0.712479139484144,0.2618139476291252,0.018194778692522687,0.005964890842216269,0.001547243351991776
N5065HD,0.4781426659087913,0.4869674559630679,0.02831967187531762,0.004861222184772736,0.0017089840680503852
N5067HD,0.2478219444838077,0.6164647397399834,0.10332366258607824,0.026107161392512932,0.006282491797617661
N5070HD,0.054194514800565946,0.5727242377721529,0.33527101288152317,0.03131703031794369,0.0064932042278143635
N5071HD,0.19683335936625415,0.670239878428627,0.11806994678669125,0.011185215863221241,0.003671599555206496
N5072HD,0.2022664069791212,0.6836859402102998,0.10014211073061681,0.010608162924370376,0.0032973791555916125
N5074HD,0.8058658372023496,0.1773291936762034,0.011384351553778418,0.0036271527881953695,0.0017934647794731371
N5075HD,0.9354968425748666,0.06139177312699896,0.0018792518980095298,0.0007807900456775801,0.0004513423544474091
N4923HD,0.8012328812696795,0.17621736652619766,0.01552306712230167,0.005124139424144249,0.0019025456576769618
N5076HD,0.7496754723901291,0.2349465550265793,0.011479730058245246,0.003012467970236767,0.0008857745548095969
N5079HD,0.022408156456675973,0.11785745549763746,0.5314119577454959,0.2957644623656319,0.03255796793455855
N5080HD,0.6358066558198923,0.34073421379612,0.01712805986389504,0.004225789741281732,0.0021052807788108524
N5082HD,0.7811854892372112,0.19302436792390598,0.0163312652583155,0.0067114053269584605,0.0027474722536089302
N5083HD,0.6038376435882505,0.353417138830569,0.031159085831895604,0.009293834685674532,0.0022922970636103292
N5085HD,0.17576939766185146,0.7228511199031592,0.08718677922293816,0.010825442313553757,0.0033672608984974327
N5051HD,0.38434489352484885,0.5907438475964538,0.021234211082041918,0.0026435196260355944,0.0010335281706198671
N5039HD,0.06639326937296637,0.37702706963074817,0.34159001264779,0.17834333860334978,0.03664630974514566
N5088HD,0.9021438105866402,0.09325369977490204,0.003050893413695205,0.0009541793805987852,0.0005974168441639093
N5091HD,0.04795642049165194,0.9387810010902298,0.011658495272663993,0.0011262351499037272,0.0004778479955505378
N5093HD,0.040197380055063674,0.22969935241791756,0.3182950704575324,0.3229105162081183,0.08889768086136811
N5100HD,0.009895745983339756,0.044531924107282274,0.3205764182704009,0.5798268056106153,0.04516910602836179
N5103HD,0.08839638335960782,0.3982146697454085,0.3634662112371574,0.1137798940593992,0.03614284159842709
N5104HD,0.9380041636182497,0.05849252907825216,0.002346533946039052,0.0007716837240801372,0.0003850896333788197
N5105HD,0.7582999151182135,0.2242079611858851,0.010512422282753597,0.00457529027441074,0.0024044111387370153
N5106HD,0.7190083181454936,0.25579193590318017,0.01836998583803867,0.005230946981599201,0.0015988131316884327
N5109HD,0.6303298095009057,0.3559742657276478,0.011036924817480377,0.0018666315443631625,0.0007923684096030904
N5112HD,0.48249127615128545,0.4533988477283811,0.0503617943467139,0.009885122936127857,0.0038629588374916196
N5115HD,0.8436198858431175,0.14505839635513668,0.007966558814916936,0.0024425371456010766,0.0009126218412277972
N5120HD,0.011783230141606456,0.06693595771955436,0.4144955033044079,0.42751998433139865,0.07926532450303259
N5121HD,0.6308389439568618,0.34014788508303884,0.01814053996790676,0.007892947081843705,0.0029796839103488244
N5122HD,0.5152563512802313,0.39321039433862265,0.06407109143689854,0.02148101907858782,0.005981143865659683
N8305HB,0.7568713954264407,0.23448795931487512,0.006055296798913758,0.0018109223942638464,0.0007744260655066366
N5126HD,0.03750470200138636,0.12257567493559839,0.38797454833126677,0.35655279930704864,0.0953922754246998
N5128HD,0.8976341594904441,0.09672524738500138,0.0036655057968855743,0.0013577598252089286,0.0006173275024600981
N5133HD,0.01096850117438615,0.07910026811947467,0.5354378060135334,0.3411561790014499,0.0333372456911558
N5135HD,0.7766957637870887,0.2044933571274519,0.013647979311436556,0.003968981815255731,0.001193917958767149
N5143HD,0.8218798372841312,0.16828238721274338,0.00775887940027456,0.001463262095412405,0.0006156340074385097
N5144HD,0.2312277785588153,0.6808760544785759,0.07338914236936227,0.010355229365101144,0.004151795228145431
N5149HD,0.23372626320086146,0.607406285652487,0.12462890926547832,0.02699461615384282,0.007243925727330485
N5152HD,0.3523125827729195,0.6028169037250811,0.036426480820969644,0.006295392664412509,0.002148640016617217
N4394HD,0.2029426510307063,0.5895928434692931,0.16604244728927228,0.03033616485126821,0.011085893359460043
N5029HD,0.24574376009238524,0.6457723817867419,0.08627257059492698,0.016511821453711356,0.005699466072234462
N4368HD,0.9394650606278356,0.05712952316872913,0.0020383950141962086,0.0008636227140736579,0.0005033984751655033
N5013HD,0.2874732797192425,0.584686945149849,0.09388988641238312,0.024902366564726785,0.009047522153798579
N5153HD,0.5359183099350014,0.3891380504768392,0.05393932814463785,0.01630612381392968,0.004698187629591842
N5157HD,0.8668878279302724,0.12694749106919168,0.004073330865693715,0.0013330436109204127,0.000758306523921765
N5170HD,0.521242835143388,0.43995841940391855,0.029033684914186883,0.007182291326934497,0.002582769211572024
N5172HD,0.8327917719614503,0.15485515568152539,0.009045104738835708,0.0023851463319986012,0.0009228212861902619
N5173HD,0.6894944409474043,0.2765199563022248,0.023970852912541297,0.007302964583460752,0.0027117852543689044
N5147HD,0.6351241633317772,0.34204780620975367,0.016372940138078017,0.00443344154162946,0.002021648778761591
N5178HD,0.7179916068054125,0.254807802920344,0.020378820918756937,0.005199107465326492,0.0016226618901599872
N5180HD,0.5136751874489968,0.4396356618685251,0.0341720181924398,0.009445620152455293,0.003071512337583152
N5181HD,0.44770974683039333,0.4786637990856195,0.057297735169639784,0.012034161828463537,0.004294557085883589
N5182HD,0.8980786683670419,0.09679599587215082,0.0033860240426281923,0.0011434003813774398,0.0005959113368018072
N5183HD,0.0721274561142787,0.9088613491137729,0.01678663317744643,0.001556478812605448,0.0006680827818964459
N5185HD,0.14302728596183578,0.3228630897292625,0.4125086959908176,0.10154452058734906,0.020056407730735106
N5187HD,0.2556707397307869,0.5553955499987306,0.14448244203706062,0.03500016153103811,0.009451106702383732
N5188HD,0.1714486393420371,0.492881455678778,0.1990923991217783,0.11252263747300385,0.024054868384402534
N5190HD,0.007306043698503083,0.036097206013388936,0.3422931942639097,0.5732402223789039,0.04106333364529441
N5192HD,0.37946609940535453,0.6092227342141769,0.009399024938392337,0.0013170729151477686,0.0005950685269283726
N5193HD,0.7056646722077897,0.26342585361102244,0.02328665493608387,0.005725857327463663,0.0018969619176402155
N5197HD,0.8644739147505512,0.12712931536379213,0.0060196771216783,0.0016767157140194844,0.000700377049958806
N5198HD,0.23870026189984098,0.4733661323514666,0.16942716815270895,0.09203552567603433,0.026470911919949214
N5199HD,0.655728550491972,0.2988477126131562,0.03463559387702763,0.008334261331417415,0.002453881686426781
N5200HD,0.771870443250474,0.20902902584536923,0.01324046834170082,0.003880335714040528,0.001979726848415636
N5203HD,0.03212681792850586,0.15933141261174386,0.35076322241030305,0.34080002922417385,0.11697851782527341
N5209HD,0.022282228721461524,0.08754112788867474,0.42159098650552834,0.4230843550360405,0.04550130184829482
N5212HD,0.7998613224204113,0.18880518503531837,0.00833585429581801,0.0020239084061335023,0.0009737298423188201
N5215HD,0.4670498947971454,0.4873100826074859,0.03560761922450386,0.007650430862694683,0.0023819725081702238
N3574HD,0.8344909381850496,0.14940377802867236,0.009440732912620058,0.004519069187799589,0.0021454816858585677
N4760HD,0.12269477224204611,0.5729276239672809,0.24318815587816417,0.045192147351436715,0.01599730056107204
N5225HD,0.8071799288162274,0.18302328175869687,0.007220994926740506,0.0018931453935860782,0.0006826491047490619
N5226HD,0.5784961024868579,0.363567616066503,0.043239390486702486,0.011176322017759362,0.003520568942177257
N5227HD,0.7007455194359985,0.26695744704377516,0.022709555760760503,0.006756763581829167,0.002830714177636709
N5233HD,0.017317984670659974,0.10231672732419725,0.2977954563697193,0.3728077195526248,0.20976211208279874
N5238HD,0.7799698274942052,0.1998760389474156,0.014147098656190352,0.003924663660302976,0.002082371241885916
N5241HD,0.7578628243587726,0.21996353446389327,0.016502694284111108,0.004233391644671118,0.0014375552485518645
N5243HD,0.01446404165174622,0.10014738027107131,0.47809525678047565,0.3687982596752586,0.0384950616214483
N5246HD,0.8162017777856986,0.16895540817704388,0.010521156611837808,0.003051186715819872,0.0012704707095999108
N5247HD,0.004628924543426848,0.016267906872739497,0.3732292393627173,0.582063441986149,0.023810487234967162
N5248HD,0.677992446637218,0.2788529170056697,0.03220404445012532,0.00857383680249617,0.002376755104490598
N5253HD,0.5520250303352441,0.41238230673561527,0.026048052721568515,0.006286151642102817,0.00325845856546943
N5257HD,0.032628114178603666,0.15170605320013375,0.3326731390863564,0.3557051294175441,0.12728756411736214
N5259HD,0.011174540160173716,0.039296580910406866,0.26919034586455953,0.4342582369897758,0.24608029607508408
N5262HD,0.08061199045255625,0.4954530128564344,0.39409910495353906,0.025547502406768834,0.004288389330701263
N5266HD,0.23669224775912268,0.7055669480429337,0.04868774986369779,0.006873761403984705,0.0021792929302610364
N5270HD,0.6684313332961076,0.3064283147337142,0.019075874727675142,0.004663565848778912,0.0014009113937241923
N5271HD,0.532697039144716,0.41178539867128017,0.04252402405957645,0.009843763420725104,0.003149774703702251
N5273HD,0.7979895265244292,0.18677333905617435,0.010653718853264856,0.003242876864365929,0.001340538701765706
N5274HD,0.8399814801513767,0.14945038924206633,0.007536033397019777,0.002236679239680886,0.000795417969856283
N5211HD,0.3950264846630146,0.48067886452247405,0.07900235863970582,0.03599550385267055,0.009296788322135013
N4843HD,0.6079172208874615,0.3416425750829853,0.034038419503538093,0.011388869637830838,0.005012914888184375
N5287HD,0.6060548204660695,0.34453013963860124,0.03655259482022226,0.010455559096451456,0.002406885978655588
N5286HD,0.11950638827094741,0.3104118560953887,0.33611021029597277,0.17440590065439268,0.05956564468329853
N5292HD,0.03333395877221088,0.15760533626388382,0.32514902274222934,0.35529527950593526,0.12861640271574074
N5294HD,0.8501492213392158,0.14307423361837443,0.0048314600486027695,0.001363460285388604,0.0005816247084183599
N5296HD,0.3066914135865913,0.49537785182117594,0.14181740329441817,0.044188152124269305,0.011925179173545263
N5298HD,0.7168908758730552,0.25509836448693785,0.020202469126999807,0.005758474685880184,0.002049815827126981
N5303HD,0.7682280753712688,0.2162768978365761,0.011255262274581103,0.002966241601969383,0.0012735229156045922
N5305HD,0.2014875654657282,0.631623305332092,0.12697894460812664,0.03035727870480084,0.009552905889252412
N5306HD,0.8095786573817217,0.17577332102337656,0.010844906776558697,0.0027415265772311867,0.0010615882411117517
N5307HD,0.07514470080576525,0.5784910789317392,0.27446079183304584,0.056765546995945146,0.015137881433504554
N5311HD,0.2960035612887721,0.6389334570103297,0.05530733947027278,0.007413785984554386,0.0023418562460710357
N5314HD,0.8078608265280737,0.17843273974956197,0.008836256388147765,0.003168474465403797,0.0017017028688128526
N5073HD,0.1184148111139532,0.4658661011497683,0.292422036674412,0.1005625030118977,0.02273454804996872
N5277HD,0.05584949771120788,0.22137828954767577,0.38168745299300966,0.2469298115354928,0.09415494821261393
N4885HD,0.9145314118498435,0.0799921557821411,0.0034757143960145783,0.001308262953666361,0.0006924550183346059
N5318HD,0.042690112579817946,0.4968167194085775,0.36812633492833635,0.07275291816214301,0.019613914921125266
N5321HD,0.7486440064181547,0.23209560563231504,0.0136948680292836,0.004260224455006519,0.0013052954652402519
N5323HD,0.9361914498198722,0.060827159600282246,0.0019740462265760666,0.0006324695079853962,0.00037487484528398287
N5324HD,0.6698628726768079,0.28927281328403165,0.02916360825905327,0.008575471615520726,0.003125234164586395
N5326HD,0.8047301492847352,0.18301931663537646,0.008082841836898101,0.0028075614474402794,0.0013601307955501876
N5327HD,0.6930311361874106,0.2887285538584765,0.012451688485455477,0.003864253065921335,0.00192436840273608
N5329HD,0.09148802030851692,0.7624294511237212,0.12936328780934853,0.01166993268125585,0.005049308077157491
N5331HD,0.7779341024870461,0.20045186149695668,0.016787666322489764,0.0034478503962880112,0.0013785192972193844
N5332HD,0.7798298289093624,0.201984331772829,0.01289067311638529,0.00403215053820933,0.0012630156632142584
N5333HD,0.8267701328333542,0.16552215790219363,0.005478900533180084,0.001538527243661524,0.000690281487610638
N5334HD,0.029338122795700517,0.9538731857759174,0.014818158443217712,0.0014066897987702217,0.0005638431863943202
N5338HD,0.03517040848110984,0.20977616429995918,0.4051452795861615,0.2621728911301915,0.08773525650257794
N5339HD,0.04624520538700573,0.2278149796266472,0.45347645056552877,0.23335031089602656,0.0391130535247917
N3820HD,0.02039041258665336,0.09640061706770031,0.3206304496918956,0.3621217734617359,0.2004567471920149
N5342HD,0.7955009433345738,0.1929820166635479,0.008846569074044694,0.0019376749343498136,0.0007327959934837412
N5345HD,0.6659766018299997,0.29615712904343067,0.02874926069395675,0.007259806281579916,0.0018572021510328285
N5346HD,0.7812826904266992,0.20920537588540405,0.006690828629416327,0.001968500913901102,0.0008526041445792173
N5348HD,0.0403342465762272,0.21434619576465722,0.27836655469984944,0.35073024577280565,0.1162227571864606
N5351HD,0.7022693712273396,0.26341864642358714,0.024295266488220574,0.00807591506461936,0.001940800796233187
N5354HD,0.004749311387752468,0.017648549839977754,0.3100328310914618,0.648905706900378,0.018663600780429952
N5355HD,0.5581990137960161,0.422237929282294,0.014081436115254841,0.003543178615396622,0.0019384421910384354
N5362HD,0.8842824052992123,0.11065520148397645,0.0035299794383960893,0.0009700885552871568,0.0005623252231278296
N5364HD,0.7274802348746812,0.248489866169652,0.017947599301774305,0.004620425817698255,0.0014618738361942573
N1264HD,0.033507150801656754,0.9252927448425687,0.03644791304039025,0.0036183240109655727,0.0011338673044185201
N4985HD,0.29863095995942934,0.5925625325178165,0.0841218901920341,0.01897114457204707,0.005713472758672945
N5368HD,0.0078318853966025,0.03316883570283594,0.276649385926754,0.6046681990136257,0.07768169396018194
N5371HD,0.8443689606274177,0.14441810465934438,0.007651571152728534,0.0023990371615241423,0.001162326398985174
N5372HD,0.7229329392533764,0.25829437159445395,0.014322143623321583,0.0034048618891560503,0.0010456836396920237
N5373HD,0.4329403946685283,0.5547070987157318,0.00916789293883879,0.0021115286643799847,0.0010730850125211101
N5374HD,0.3186325265465522,0.6421341049481744,0.0326731890117857,0.004498311587656292,0.002061867905831388
N5377HD,0.5895874885070181,0.38565430662553946,0.020069903633004028,0.003358768788262719,0.0013295324461757346
N5379HD,0.7221646808886406,0.25426178974081765,0.01744186325503344,0.004914276434522443,0.001217389680985946
N5381HD,0.1314342638842871,0.38780837370669163,0.24574542154068257,0.17986937878195722,0.05514256208638141
N5383HD,0.2543184448007149,0.411932782438392,0.21759779405793025,0.09479847773781237,0.021352500965150477
N5385HD,0.8452203933553825,0.1496771156659145,0.003755285412235344,0.0008894382218363205,0.00045776734463133626
N5387HD,0.06352144046589454,0.4682407596829057,0.33240430939643245,0.0969340879294526,0.03889940252531446
N5388HD,0.048597358094785194,0.242130230753388,0.32779388522006264,0.29217068748406744,0.08930783844769678
N5389HD,0.029870810878239812,0.4990916288406756,0.4416168196953813,0.02494207214214852,0.004478668443554789
N5391HD,0.6789357229566247,0.28933646127926704,0.022079265870857828,0.007057852838530141,0.002590697054720193
N5393HD,0.494648292579254,0.48091430384185346,0.020247082219160367,0.0028712426540306486,0.0013190787057012212
N5395HD,0.7466918066209095,0.22065378365258678,0.02293767819499644,0.007411765426799373,0.0023049661047077927
N5397HD,0.7909221837980901,0.18498461607335734,0.016107364104629977,0.006057144017288706,0.0019286920066338773
N5398HD,0.7882320073549385,0.188093188350147,0.01618705772903584,0.005505604292449442,0.0019821422734291796
N5386HD,0.057118144914365544,0.3658535069337837,0.5315402273247094,0.03934692808028901,0.006141192746852334
N2483HD,0.8392164184334552,0.14946692693301875,0.007301464836170141,0.0027239888782898533,0.0012912009190661805
N5402HD,0.8303335835695418,0.1591085812057146,0.007300774478733088,0.0020730380846420535,0.0011840226613685173
N5404HD,0.6670954014678419,0.28086942914373486,0.03521241763772485,0.013094508352112755,0.0037282433985857105
N5405HD,0.9118344322410444,0.08383442377653955,0.002806346447807612,0.0010391027726504652,0.0004856947619579132
N5407HD,0.29583509666835184,0.6158069143569139,0.06538872129748782,0.01686697305901777,0.006102294618228742
N5414HD,0.37942917540946575,0.6080483278262372,0.010019789385570141,0.001676525939803836,0.0008261814389229306
N5415HD,0.8821615225062145,0.11113852087587434,0.004430097374149822,0.001521174295758497,0.0007486849480029953
N5416HD,0.17680255684017937,0.7617677032359463,0.053845720188703074,0.005355082504838782,0.0022289372303323164
N5421HD,0.7611474326278106,0.21276404922645598,0.01813951006059852,0.005983134204738282,0.001965873880396544
N5430HD,0.8021014672958563,0.18265726760951442,0.01030017033729284,0.0036764589470146382,0.0012646358103220493
N5431HD,0.03007734579316564,0.4409878838260105,0.49362926477989644,0.030485542804714216,0.004819962796213331
N5432HD,0.6974687487436345,0.2770450849470122,0.01904750265079093,0.0049972566793104155,0.0014414069792520966
N5437HD,0.7572202986034404,0.22584714192314723,0.012281343122526909,0.0033076306198928,0.0013435857309927303
N4225HD,0.3293180628015638,0.6012610864051977,0.05744763345827764,0.00870098681453453,0.003272230520426273
N5123HD,0.5269109586653272,0.4266243985971246,0.03395433835293673,0.00888328001247894,0.003627024372132434
N9187HC,0.0483647638764558,0.2227304387095787,0.3274585307352867,0.3021341480720994,0.09931211860657946
N5439HD,0.3051493559948174,0.5370002769316267,0.11551321719556919,0.03161114526792669,0.010726004610059948
N5440HD,0.09207015853597895,0.43399086295731537,0.42636526006872427,0.03966019067921115,0.0079135277587703
