ncode,proba_0,proba_1,proba_2,proba_3,proba_4
N4541HD,0.7141653683671604,0.2592030568518353,0.017677112110350723,0.006155287782733176,0.0027991748879204145
N4397HD,0.029506350094064597,0.15317295151666926,0.39482949000042655,0.3628891012590473,0.05960210712979216
N4544HD,0.8979726724715265,0.09651653363555998,0.0036126738840978907,0.0011388508529374878,0.0007592691558782351
N4545HD,0.09444797338243953,0.3706277242234239,0.29109900476355527,0.18678898346176084,0.05703631416882048
N4546HD,0.2784772078282758,0.6588547317185643,0.0485867476861518,0.010422305081867072,0.0036590076851408973
N4550HD,0.863271003868265,0.1283719424021956,0.004925232545400076,0.0022152420153316475,0.0012165791688075402
N4551HD,0.7217339990689563,0.26791291139815065,0.007547721977334855,0.0016307420576710352,0.0011746254978870418
N4554HD,0.09715473040214917,0.3649412606515512,0.43838946738266626,0.07666862077804337,0.02284592078558992
N4555HD,0.49314085611251673,0.4298244701273263,0.061019684767986325,0.011532834618804829,0.004482154373365811
N4556HD,0.32487935426725745,0.5212165984494921,0.08494798708413079,0.0570280388218333,0.011928021377286307
N4563HD,0.41399973632806886,0.458451581647296,0.09955938314992072,0.022741568477116617,0.005247730397597881
N4567HD,0.9157728993014036,0.07505435564495921,0.005100073513627045,0.002386623834476446,0.0016860477055335068
N4561HD,0.8647634495332014,0.13002959815912882,0.003271327641648936,0.0011825645673605974,0.0007530600986602751
N4571HD,0.3128003135470555,0.5864270886994711,0.07389743422977982,0.018094198246368667,0.008780965277324814
N4574HD,0.9532307716303481,0.04446823609791871,0.0013516995706526693,0.0006542358798131452,0.00029505682126727015
N4575HD,0.4848181733957758,0.48945601146478546,0.019717878262125565,0.00425175705382561,0.0017561798234874795
N4579HD,0.25915330240436124,0.6422048928326444,0.07777638751303773,0.015017159163374932,0.005848258086581622
N4581HD,0.331846885400387,0.5487802162458999,0.10022458946792101,0.013549414411458549,0.0055988944743335205
N4584HD,0.20519067494745644,0.7354415467606643,0.04956076905579854,0.006937781175898822,0.0028692280601820045
N4578HD,0.8049300225668359,0.1879034779556457,0.005068064056779201,0.0014787449440821045,0.0006196904766572007
N4590HD,0.14466520734741983,0.829777428653019,0.021054191777536032,0.0030945490187661425,0.0014086232032589113
N4593HD,0.02220675613362872,0.08914927886044628,0.4933640465520008,0.33003312634019516,0.065246792113729
N4151HD,0.1228915214990775,0.3589167104895666,0.3170375048984978,0.1673829022598276,0.03377136085303062
N4594HD,0.8353010548143904,0.152977337581719,0.007840052605889962,0.002230783647448577,0.001650771350552237
N4600HD,0.2858484985997976,0.49503634583871464,0.1837980475549082,0.025686657419395655,0.009630450587184002
N4605HD,0.05280110713487154,0.253686913612231,0.5737697723052607,0.10521738031393481,0.014524826633701983
N4612HD,0.37023574208448035,0.5668807255726889,0.04389972719260381,0.014521328850995502,0.004462476299231565
N1701HC,0.2937865870783364,0.563987797141201,0.10238403222433325,0.02970730143250879,0.010134282123620714
N3705HD,0.013571099562841483,0.0465736966524155,0.33338497405158396,0.32581805452612633,0.2806521752070325
N4589HD,0.639281854545069,0.3044212016247001,0.041023126620026114,0.01022935299964669,0.0050444642105581475
N4339HD,0.9507979227220696,0.04492742640455462,0.0024501894046734933,0.0011279682457957056,0.0006964932229063287
N4615HD,0.03173306130385594,0.1877006609480944,0.32925636305051204,0.3449644351216009,0.10634547957593682
N4618HD,0.9020743335771804,0.09139607641896993,0.003542684312662155,0.0017809622600256497,0.0012059434311618299
N4624HD,0.4425127056245545,0.5453684655967983,0.00957047968597348,0.0015828514528947845,0.000965497639778963
N4626HD,0.8119888229766664,0.17343174708035533,0.01086766507909264,0.0026043714618491872,0.0011073934020365253
N4628HD,0.09478082703018971,0.7410883096373145,0.12382161215155377,0.027810991539745224,0.012498259641196779
N4638HD,0.12491917098867689,0.3296540845976524,0.31063605646260817,0.1675758892082451,0.06721479874281751
N4639HD,0.8029864727663795,0.17902871917654603,0.011121240635072699,0.004711060781484839,0.0021525066405167713
N4642HD,0.9031006375060963,0.09241076702524079,0.0027212240540654296,0.0011977002275243107,0.0005696711870732386
N4646HD,0.9480563135188631,0.048395280861274606,0.002109873074298238,0.0009453868191238768,0.0004931457264400426
N4631HD,0.8663218704527197,0.12491086790372795,0.006570120248455493,0.0015142050896018357,0.0006829363054949299
N4656HD,0.03416218588964754,0.18854513139302712,0.47233165036446145,0.23117773250365065,0.07378329984921325
N4658HD,0.7876023808141001,0.19537514069855988,0.011798015515026706,0.003341281130920918,0.0018831818413925197
N4661HD,0.867467947800684,0.12388267357383848,0.005193208632232878,0.0022365766147687204,0.0012195933784759241
N4665HD,0.755488762610406,0.23244321040697705,0.00799991771703878,0.0026116589378726387,0.0014564503277056569
N4667HD,0.8610937003500856,0.13202426851321702,0.0040989273467294295,0.0017409186344752071,0.0010421851554927638
N4669HD,0.7853329500921034,0.20169103782128428,0.008977430385123933,0.0026032539351143105,0.001395327766374149
N4673HD,0.1550737017920515,0.7320919772739322,0.09148438757699696,0.014405630731756144,0.006944302625263412
N0760HD,0.1070774574235435,0.7380037490091439,0.1356195357508557,0.014348836368622189,0.004950421447834856
N4672HD,0.6728490603745617,0.26119862398038957,0.04444056157632079,0.01544870037794472,0.006063053690783128
N2593HD,0.8856518444515356,0.10808852782618185,0.0038353161802180034,0.0015253954442774017,0.0008989160977871921
N4677HD,0.27761863165705947,0.6265078345275351,0.085931474232453,0.0070694622553701125,0.0028725973275822254
N4680HD,0.1375800294025174,0.4147571903756628,0.3058453442883254,0.1154461197629028,0.02637131617059161
N4688HD,0.013362827197256464,0.03243832717714645,0.3776261715484832,0.47080866067298766,0.10576401340412617
N4689HD,0.8723766670226861,0.12077014996326843,0.004058770309171365,0.0018103606412968787,0.000984052063576972
N4691HD,0.16935430432870494,0.42292134448614993,0.24807813549270294,0.12142620881378405,0.038220006878658154
N4692HD,0.5695287256754048,0.37349063621284273,0.03708267204697967,0.010777888473676044,0.009120077591096554
N4694HD,0.04747075102048328,0.2012872570341002,0.46911432701397376,0.24156359719584838,0.04056406773559423
N4695HD,0.15258594128330044,0.7719045311872749,0.06130363118203992,0.009920572817438132,0.004285323529946724
N4699HD,0.4512939674054578,0.4657654411344869,0.06319367641988426,0.014638297875695755,0.0051086171644754595
N4703HD,0.3607893660894744,0.44450579216256186,0.10092274483205306,0.06212352411939794,0.03165857279651286
N4704HD,0.007057101158802655,0.013446478458180266,0.32288513049811285,0.6404370535885322,0.016174236296371918
N4708HD,0.9506530322679672,0.04717849745584005,0.0012310079182259442,0.0006152654424072158,0.00032219691555974707
N4714HD,0.5982547452917889,0.34629518911111784,0.03633503167137713,0.011769918546106145,0.007345115379610048
N4721HD,0.15854210749228187,0.6388671972203647,0.15586761851122147,0.035481589062296044,0.01124148771383595
N4722HD,0.8601513161392769,0.13416828933134495,0.004090609460434971,0.001102676967532246,0.00048710810141109007
N4724HD,0.16137567859485974,0.772373250958807,0.05302083479493141,0.008673517791264787,0.004556717860136955
N4726HD,0.04871599668352911,0.8829920528564299,0.05983313644989849,0.005825957070579957,0.0026328569395626497
N4735HD,0.7507439559462024,0.23762973179634395,0.007839514401209863,0.00242774851429558,0.001359049341948041
N4063HD,0.5652307804491011,0.3731531587371424,0.04002496093955749,0.015102959029714763,0.00648814084448423
N4712HD,0.7376306228081174,0.25082884978143116,0.008089273111797649,0.002366284177059199,0.0010849701215946252
N4738HD,0.3365885050398579,0.5753918867349196,0.0679307541553813,0.014235431623776369,0.005853422446064892
N4740HD,0.030054746470865548,0.12685404495967892,0.43630840405100607,0.35251192906107315,0.054270875457376404
N4742HD,0.03496217991445777,0.07776359578321383,0.4165255661751186,0.35466355074027717,0.11608510738693258
N4745HD,0.8141787146250389,0.17360005084905267,0.00906590338380695,0.0020723378030159177,0.0010829933390856632
N4747HD,0.8253070126216907,0.15887059781527058,0.00882053030759547,0.004537091516410712,0.0024647677390325228
N4750HD,0.7762096217196768,0.1913710509005533,0.020964179990901437,0.008730111421561004,0.002725035967307623
N4752HD,0.021477051836966424,0.1524609407914591,0.44960461194970514,0.3079543546951186,0.06850304072675069
N4754HD,0.4984589814538225,0.4907965700448769,0.008203638689977163,0.0018880566857607,0.0006527531255626521
N4755HD,0.20478524972303874,0.6245201863746976,0.13154821538204184,0.027535588490298482,0.01161076002992316
N4756HD,0.4983128838625236,0.4555129974054781,0.034704709148540805,0.007902889553993106,0.0035665200294643503
N4757HD,0.868040426549429,0.12450223014986322,0.005897476431733316,0.0011437256681195327,0.00041614120085470995
N4759HD,0.5171513960263215,0.4418172293045145,0.030136839053242794,0.007427943058384545,0.003466592557536461
N4762HD,0.5874779677785114,0.3592113268978409,0.039329478022252014,0.010283192678795666,0.003698034622600091
N4763HD,0.6500493807933853,0.3002350556603207,0.03528407335718872,0.009950101019527223,0.004481389169578143
N4767HD,0.7902935604282894,0.19209639693076888,0.012096569232222723,0.003929171300098922,0.0015843021086201377
N4769HD,0.06829863295831205,0.20507161791968964,0.5890762717769684,0.11253570805476713,0.025017769290262778
N4770HD,0.8521966045858612,0.13334256784662363,0.009657718655966627,0.0032027571266511515,0.001600351784897373
N4676HD,0.32872476523137123,0.5302679078054439,0.10516665101228549,0.02405513191875973,0.011785544032139654
N4614HD,0.5017692676659065,0.45589480536458926,0.029541195304709434,0.009450642125138218,0.0033440895396566754
N4774HD,0.3193405479232102,0.5785780629442376,0.08030718459966667,0.015245411949521106,0.006528792583364412
N4778HD,0.0836714634255739,0.4384042299493393,0.2671658615673144,0.16073273698142085,0.050025708076351504
N4780HD,0.00872231597944928,0.03463812903361272,0.34306832931942405,0.39418161339446117,0.21938961227305287
N4783HD,0.5420277756899624,0.424170035451123,0.026004550273722837,0.005726885104757797,0.002070753480433993
N4789HD,0.8476470757921286,0.1270712854142064,0.017780041247006995,0.004643064910088938,0.0028585326365690414
N4792HD,0.4876983789580159,0.5019465412719754,0.00824697278079417,0.001353909218103427,0.0007541977711111382
N4793HD,0.055539229959517544,0.716663653636699,0.17560118649034565,0.038384711050760814,0.013811218862676916
N4794HD,0.013928855135072374,0.0554793776454335,0.27795498754540005,0.6025568101824477,0.05007996949164651
N4799HD,0.6125847775139333,0.36244317127149417,0.018445692735470826,0.004627856794530569,0.001898501684571206
N4800HD,0.9263565210939765,0.0683011679620288,0.002995452631099057,0.0013823191511544697,0.0009645391617411096
N4808HD,0.0919326381225579,0.8823246703845677,0.0199167631955093,0.003476533801794659,0.0023493944955703216
N4809HD,0.6699747926840451,0.28597942786678526,0.027262750887767837,0.010504054704898126,0.006278973856503554
N4634HD,0.7903258917586761,0.1833621647274278,0.01896060496440668,0.005354770744707245,0.0019965678047821197
N4784HD,0.8582074086038943,0.13360663290588878,0.005115075640372348,0.0015901672151324882,0.0014807156347121978
N4815HD,0.8498606354515243,0.14222786120758993,0.00525919197324692,0.0016828491509667547,0.0009694622166719839
N4816HD,0.7075354947935412,0.2668240241172285,0.018417870556186617,0.005035354711158241,0.0021872558218856727
N4817HD,0.2938550299258414,0.6553633464260474,0.03996764643091753,0.00746001427628078,0.0033539629409128063
N4818HD,0.9186935524505606,0.07535827969567616,0.0036445023549792925,0.0014824848236959284,0.0008211806750879782
N4821HD,0.041803306179584526,0.932652183992682,0.020600171513775533,0.0035750003867572287,0.0013693379272007348
N4830HD,0.8646617287055213,0.12732771292203887,0.005583187166831666,0.0014711661818953249,0.0009562050237128199
N4748HD,0.8745663544719389,0.11880088282137577,0.004598617389039268,0.001246534297136345,0.0007876110205097257
N4684HD,0.8070086857060413,0.18277822194129245,0.006329927849402308,0.0023689798440257974,0.0015141846592380992
N0389HD,0.0453532702891292,0.9177147470381987,0.031046625449585433,0.0035225215829692096,0.002362835640117541
N4796HD,0.3251622315219989,0.6212080597704513,0.039629564955193645,0.01010604205062095,0.0038941017017351744
N4834HD,0.007723791380690004,0.020569294948468445,0.3982215707090683,0.5550788316907566,0.01840651127101674
N4835HD,0.06350957310304793,0.9131807294379624,0.02032904468663029,0.0020627258079532456,0.0009179269644061337
N4837HD,0.5540120698856729,0.43171782228184236,0.011277791552746677,0.0021312354040961784,0.0008610808756420243
N4838HD,0.07717364277757364,0.896899178828954,0.020174826713905875,0.003758464849563668,0.0019938868300028467
N4839HD,0.04313879661599042,0.34410151735740596,0.5291888686991568,0.06473861237548986,0.018832204951956786
N4842HD,0.7498735659584566,0.22560951063017998,0.018364508635488504,0.0035696776520872105,0.002582737123787748
N4844HD,0.9368711266428157,0.05952078961807153,0.0022940154992278474,0.000766851277806049,0.0005472169620786667
N4846HD,0.1471529650676693,0.45394947973388217,0.31022759118477894,0.0638097550135853,0.024860209000084416
N4847HD,0.8256974686363241,0.16710326853765786,0.004919588598426439,0.0014986438603552179,0.0007810303672364282
N4849HD,0.3779673682991957,0.5642444096806923,0.03906944677872169,0.011692176452058204,0.0070265987893319455
N4852HD,0.033134157731105014,0.45154563364959116,0.4814118518996836,0.024417284953741535,0.00949107176587865
N4853HD,0.6821387439144403,0.29716977649476534,0.015181344157423822,0.004127542456083988,0.0013825929772865956
N4856HD,0.8157593121154892,0.1746912101708244,0.0058238556535763495,0.002388833464585757,0.0013367885955240383
N4858HD,0.8244219019267429,0.1639807367666517,0.007396078418076885,0.002745706501594104,0.0014555763869345398
N4860HD,0.18222771613388836,0.7464096492636034,0.05552366722596335,0.0110394044470188,0.004799562929526088
N4861HD,0.8658371222508189,0.12953004205172503,0.0027717085268700423,0.0013042993344600882,0.0005568278361260282
N4863HD,0.4991044257537514,0.4880205334866768,0.00923438899980937,0.002251344148528394,0.0013893076112339055
N4864HD,0.7353648784469184,0.2497485751768858,0.010550108700733193,0.0028945395452732235,0.001441898130189184
N4866HD,0.8041305865240106,0.18026990192983824,0.00941488873038753,0.004032245427508718,0.002152377388254835
N4012HD,0.7407815866397054,0.24137946383319167,0.011736837693248311,0.004318243882640828,0.0017838679512137687
N4825HD,0.28885719179572256,0.5937135224494757,0.07966324596778662,0.02855480479861548,0.009211234988399469
N4875HD,0.08159223343584461,0.6104617341319789,0.2380212644499669,0.05405922816191645,0.015865539820293068
N4878HD,0.05526287293798249,0.360224723146366,0.39190752755544983,0.13509288039749806,0.05751199596270363
N4883HD,0.03367068793189214,0.3232791899551684,0.5633382159254711,0.06534529703401828,0.014366609153450123
N4884HD,0.7053549561701261,0.270282415732416,0.01981546097138688,0.00315983602568872,0.0013873311003822636
N4887HD,0.2404309263796546,0.7060751475885947,0.040460985122162584,0.008799442336551716,0.004233498573036363
N4891HD,0.6698041892215238,0.2998021372194652,0.022968804054262718,0.005829162237188922,0.0015957072675593252
N4892HD,0.18736867531117948,0.7532313075555996,0.04873830286264932,0.007428704091266903,0.0032330101793047517
N4895HD,0.7986344408096353,0.18687963977185654,0.008523624007351644,0.004341671117807972,0.001620624293348579
N4899HD,0.7412362198057285,0.2477828100416656,0.0073974306499098,0.0022447794402176416,0.0013387600624782355
N4898HD,0.42431507156435594,0.5285098284182729,0.03618481811605278,0.007538009034573949,0.0034522728667443756
N4902HD,0.618092565477561,0.3172785878645885,0.0400104493827519,0.017400409899899518,0.007217987375199135
N4904HD,0.09419391181264149,0.5245229422535622,0.2943159569021757,0.06278926135780034,0.02417792767382006
N4906HD,0.8297706291025067,0.16083962248066075,0.006882607174914996,0.0016063512173530338,0.0009007900245647017
N4909HD,0.8196073479503242,0.16613031825194616,0.008782334283984925,0.0038725761159760833,0.001607423397768396
N4912HD,0.6920088155884503,0.2886517149660846,0.014492307556867036,0.0036443548497189482,0.0012028070388792164
N4913HD,0.6855296331206173,0.2909521402985082,0.018500006848391554,0.0036649595762975134,0.0013532601561854459
N4914HD,0.1522414555412242,0.7323380710412253,0.09745779660227186,0.012390116953872416,0.005572559861406307
N4908HD,0.9071895055509411,0.08913094991646152,0.0025744950454961654,0.0006964036270486139,0.0004086458600526127
N4937HD,0.8612232773581754,0.13383101873121506,0.003373017987800811,0.0009351437825544956,0.0006375421402540894
N4938HD,0.9233023396584197,0.07356720777013821,0.0020404339600060867,0.000718470174226637,0.000371548437209295
N4949HD,0.8789032769518221,0.10990250282432856,0.006945465890360802,0.0025893558890269027,0.0016593984444614653
N4952HD,0.8506604121557386,0.13833318853215637,0.0073308514523275,0.002440085244870733,0.001235462614906889
N4954HD,0.44365136164562957,0.5268501537915969,0.023050836660558453,0.004683346654337091,0.001764301247877868
N7917HB,0.8951231335646092,0.09950028719010783,0.0037219402924959706,0.0010182248540748485,0.0006364140987122428
N4951HD,0.6870272580277094,0.2972841537787706,0.01075212658252669,0.0031180988614539374,0.0018183627495393718
N0385HC,0.1437010903655284,0.6519566758911434,0.16635498031645451,0.02973875101754163,0.008248502409332299
N3920HD,0.3723345454271558,0.5720955428711706,0.04286781588553152,0.007048425555478323,0.005653670260663684
N9498GW,0.7186748651394627,0.2623196717300287,0.014437011869877095,0.0030360147156144267,0.001532436545017066
N4961HD,0.9039935071368433,0.09206001510731837,0.0027747785591642118,0.0007833255108778295,0.00038837368579624923
N4965HD,0.17581533293501192,0.34566025665337846,0.42871363853168737,0.038291808101134694,0.011518963778787557
N4967HD,0.6764859688349087,0.2596809335257119,0.04213197680120433,0.01550441190483693,0.006196708933338241
N4968HD,0.42496493375795674,0.44351793391448313,0.08644054101925415,0.032207065142450926,0.012869526165854963
N4973HD,0.7557099699270832,0.22914390045488237,0.011215123523762933,0.002773338163288135,0.0011576679309835186
N4976HD,0.029348168982852425,0.5056069193590472,0.4023239214312903,0.049339737875134716,0.013381252351675367
N4977HD,0.2513657551518002,0.715459760088888,0.027908567754582805,0.003390508044904159,0.0018754089598248204
N4978HD,0.6909381400581616,0.27858761809673277,0.020303167463988903,0.007181682645984338,0.002989391735132306
N4982HD,0.2988124574090244,0.5769358747589712,0.08594531522375787,0.028232810234097058,0.010073542374149416
N4983HD,0.09891170564528115,0.28666995745961,0.3443953890022973,0.22535864208660425,0.044664305806207276
N4984HD,0.9003481163256231,0.09558069633067624,0.0028044848422254915,0.0008289336809414041,0.0004377688205336315
N4992HD,0.03399824940095505,0.23993631371004678,0.32642027175474125,0.32063437236121106,0.07901079277304582
N5000HD,0.6422800773657974,0.3037216458302807,0.04027991005711197,0.010040570658525778,0.0036777960882840312
N5006HD,0.4410354279841119,0.5323105636601961,0.02118346616005319,0.0036947188655972805,0.0017758233300414696
N5007HD,0.6555581876145333,0.31032846248567214,0.022241778799825376,0.008332702461752764,0.0035388686382163887
N5008HD,0.24413398513331475,0.7024468389685115,0.04555280567819847,0.005472430768482539,0.002393939451492924
N5011HD,0.15301406668841647,0.771017072195163,0.06532154638959817,0.007602966748785546,0.0030443479780368375
N5020HD,0.5884175709908164,0.36903262550392035,0.029194728250841278,0.007738535557234829,0.005616539697187162
N5024HD,0.8710806111993243,0.12046889990806077,0.005578967431167534,0.002048658566620699,0.0008228628948266241
N4826HD,0.8961411359235848,0.095758365372828,0.005251511160868058,0.0017739423991163785,0.001075045143602694
N5032HD,0.8650771729989536,0.12689461087942333,0.005710345527142483,0.0017239955957752949,0.0005938749987052465
N5041HD,0.8447340912433292,0.14663168398713855,0.005255939672364766,0.0023375886854166447,0.0010406964117509593
N5043HD,0.9546767636828429,0.04101052757465903,0.0027210211395483344,0.0009211123505745073,0.0006705752523751074
N5044HD,0.37078530589668296,0.5160362139695314,0.08000780918041664,0.023433944276858923,0.009736726676510174
N5045HD,0.7228933302410342,0.25873906616560916,0.013214634651964307,0.0036130439534128793,0.0015399249879795294
N5004HD,0.896327485803324,0.09408806072176978,0.006301645308602912,0.002264747927791584,0.00101806023851172
N5055HD,0.5656277604623731,0.3511337405263765,0.061829581290870204,0.016980364615179898,0.004428553105200264
N5056HD,0.10922651802657177,0.3361272579534729,0.37902913562434565,0.13559284233680302,0.04002424605880659
N5057HD,0.6604311715073359,0.3244895023257102,0.011326034859674662,0.0024994037386391822,0.0012538875686400302
N5059HD,0.5517575054123822,0.38314877172992473,0.05075687000613405,0.009979787371299807,0.0043570654802591625
N5061HD,0.41081885402677404,0.5222154535044619,0.05406364412984424,0.008827705101778698,0.004074343237141154
N5018HD,0.9124465191976897,0.08181750530323519,0.003447621664297725,0.0013148585807319442,0.000973495254045547
N4896HD,0.6633123023829264,0.30599345674678713,0.02356110105531309,0.005454882424577769,0.0016782573903957327
N5064HD,0.776702366667126,0.19967040548902323,0.01688830470830447,0.004836853373536431,0.0019020697620098388
N5065HD,0.40550754098310093,0.562677245376047,0.023983466368382608,0.0058372881699675664,0.00199445910250194
N5067HD,0.2607469674186663,0.556031419897499,0.14075587011912444,0.03438371676459257,0.008082025800117597
N5070HD,0.06667186815621587,0.5898727188225555,0.298945696245666,0.031878227968338176,0.012631488807224521
N5071HD,0.2211302815676412,0.6743492672712436,0.0869460612851958,0.011813039543256028,0.0057613503326633805
N5072HD,0.24152433645183013,0.6556775994338119,0.08434174639346335,0.011461843735535923,0.0069944739853585935
N5074HD,0.7516713896571428,0.22266143709249214,0.01677559754738538,0.005812826232502098,0.0030787494704774183
N5075HD,0.9479219307602791,0.048453765855727915,0.002384457056346284,0.0007324307251372784,0.0005074156025093905
N4923HD,0.8043970053570052,0.17458495757697917,0.013078593687413462,0.005071206573687253,0.0028682368049147994
N5076HD,0.7730169297490698,0.21349180253685746,0.009743164722900224,0.002695165759231583,0.001052937231940996
N5079HD,0.031150281439667485,0.15282204108253536,0.4295193112340885,0.33758700462343105,0.048921361620277756
N5080HD,0.5738707521811538,0.39515341204028026,0.020549838627471697,0.006620236913670943,0.003805760237423363
N5082HD,0.679809053927724,0.2870169590691531,0.019378898909281062,0.009835366863865764,0.003959721229976082
N5083HD,0.5583850599231928,0.3941771515519076,0.036139523393759365,0.008228729435531072,0.0030695356956091735
N5085HD,0.20449909896276955,0.6951417031608152,0.08226349182629951,0.011589993611226961,0.006505712438888735
N5051HD,0.41268355188130984,0.5658885556127734,0.016951338884944142,0.0030120005805854087,0.001464553040387257
N5039HD,0.07279250470996204,0.40845895200585614,0.36286839301316925,0.12772178711665452,0.028158363154358178
N5088HD,0.9121803601690398,0.08390453179626255,0.0024700047259688623,0.0008608905634558021,0.000584212745272953
N5091HD,0.058552056102975064,0.9298764602176826,0.00971869801572246,0.0011682696867088235,0.00068451597691111
N5093HD,0.04271166879553619,0.18258803561560658,0.4748834497801229,0.23800574426331372,0.06181110154542044
N5100HD,0.025741063660723266,0.07712569052180468,0.3434184325615171,0.4798062982957739,0.07390851496018105
N5103HD,0.07823252406320365,0.41258488451278624,0.36500726840743447,0.11612230805296991,0.02805301496360552
N5104HD,0.958277941575945,0.03932210044664943,0.0014481070738161165,0.0005870476096045002,0.00036480329398486306
N5105HD,0.8101840617432589,0.16583781663069727,0.013288015904730534,0.006196760425536912,0.004493345295776375
N5106HD,0.761315978653027,0.2180132918981445,0.014363014469756803,0.004588072172951488,0.0017196428061201595
N5109HD,0.4734872923712627,0.5122133670906509,0.011645694093750736,0.0017180831615985844,0.0009355632827371107
N5112HD,0.4519374795371607,0.46861363304176645,0.06133429868062668,0.01304118173310716,0.0050734070073388095
N5115HD,0.8423832821644872,0.14643698742422068,0.007963329841429091,0.002203391084587952,0.0010130094852750706
N5120HD,0.01491539784724069,0.08841075762368641,0.3822547170678731,0.4468157473334922,0.0676033801277075
N5121HD,0.6236201625336861,0.3421572172013453,0.02108101358335935,0.008767036482532103,0.004374570199077177
N5122HD,0.4779014539426378,0.4485631919131033,0.05282425821183298,0.014376491537112656,0.006334604395313393
N8305HB,0.8523068931265839,0.14181514502965234,0.00388868683357231,0.0012091702709703443,0.0007801047392212122
N5126HD,0.06240867941931124,0.12495434212796583,0.3671269873146879,0.36690479062924275,0.07860520050879233
N5128HD,0.9350568971024669,0.06034343731611449,0.002846887513859675,0.0011994468752135358,0.000553331192345437
N5133HD,0.018981093788679168,0.09391785450123233,0.3264868612725579,0.5193728875203847,0.04124130291714596
N5135HD,0.7803411661895533,0.20514706976922334,0.010539926508028638,0.002706782643874376,0.0012650548893204264
N5143HD,0.7982983577719064,0.19399511117493237,0.005999413702066277,0.0011068195707744349,0.0006002977803205915
N5144HD,0.24273921767090081,0.6672175724034447,0.07325589230738672,0.012303754889993175,0.00448356272827458
N5149HD,0.24417587509461092,0.5575711665908399,0.16006178337806257,0.027672904527944603,0.010518270408542014
N5152HD,0.28371240475596027,0.6508232003129674,0.05454936154484336,0.008302801758510758,0.0026122316277182494
N4394HD,0.18969829336059027,0.5858530994433836,0.18086230244311696,0.029052465784267005,0.0145338389686422
N5029HD,0.19389703327285351,0.6688541155219574,0.09937507398364187,0.025331531323267844,0.01254224589827935
N4368HD,0.9365633725634314,0.05959084327535958,0.0023873021346393136,0.0009284029742367862,0.0005300790523331168
N5013HD,0.3234448285745976,0.5780155448222178,0.0671282010603382,0.023489594066158845,0.00792183147668759
N5153HD,0.35870553039715863,0.5699199911016819,0.05731167598344652,0.009991916340909958,0.004070886176803095
N5157HD,0.8895434477045963,0.1037712065858247,0.0038403988680799856,0.0019273255171746717,0.0009176213243244605
N5170HD,0.6957802120626233,0.26722007477075066,0.02608519947168439,0.007561841670807257,0.003352672024134396
N5172HD,0.8749629330478914,0.11495388585187219,0.007623528613565407,0.0016083345684739718,0.000851317918197002
N5173HD,0.5833769643328783,0.3591491526623439,0.04341144778980501,0.009211443529381597,0.00485099168559119
N5147HD,0.6336532941344072,0.3432512490178917,0.016376775756434203,0.004083685736462205,0.0026349953548047275
N5178HD,0.7812573495241932,0.19689785754295264,0.01719264400861095,0.0032585720095643896,0.0013935769146787894
N5180HD,0.5653926262551436,0.3776686856633887,0.041706417403487635,0.011059992888630455,0.004172277789349463
N5181HD,0.3494209138441699,0.5524671847467972,0.0746307394526397,0.016655346277479697,0.006825815678913465
N5182HD,0.9124282091098254,0.0811775076168996,0.00399207773978438,0.00148679270883642,0.0009154128246541703
N5183HD,0.07441113090809573,0.9124265560955312,0.01071046105244637,0.0016400882906599322,0.0008117636532668853
N5185HD,0.17354360429594407,0.3108722548596705,0.28313154124974604,0.18875184209211082,0.04370075750252856
N5187HD,0.22938671218258228,0.5978896119440724,0.13325313101554412,0.02956252053522093,0.009908024322580209
N5188HD,0.13873483068807205,0.5085009504430709,0.19167014032426885,0.13302154538192235,0.028072533162666013
N5190HD,0.016636058896642172,0.06610238605960367,0.4001776694850878,0.4555480382721964,0.06153584728646995
N5192HD,0.44466258897907435,0.5454998972162598,0.008083384134396765,0.0011148975206899559,0.0006392321495791846
N5193HD,0.7248551201625724,0.24659019130327334,0.020417566903322647,0.005927334127405741,0.0022097875034258895
N5197HD,0.8896491736732304,0.10433856953602932,0.003958433114607405,0.00142733845128951,0.0006264852248433309
N5198HD,0.2614959887193975,0.4724691884458349,0.1820113150052891,0.06381538947736849,0.020208118352110064
N5199HD,0.7361487112169751,0.22144532039953815,0.032365820672964896,0.007350808851098707,0.0026893388594230283
N5200HD,0.8017042362779854,0.17962398328898385,0.012763725515980399,0.003655045845901796,0.0022530090711486307
N5203HD,0.030882596198678888,0.13282643925386664,0.44971554881319487,0.2726623676309746,0.113913048103285
N5209HD,0.04168862576933055,0.12462839665473495,0.4838964598712294,0.2838732237859503,0.06591329391875496
N5212HD,0.8045472395615353,0.18456279545539822,0.007927202653423341,0.0020251026214985015,0.0009376597081446584
N5215HD,0.5229098386566862,0.4276086569873492,0.037419801453053576,0.008254018823914985,0.0038076840789961833
N3574HD,0.8277468795716949,0.15147697867158397,0.011750171355901515,0.0054464548798910176,0.0035795155209287365
N4760HD,0.11224406478373695,0.5571306366033769,0.25834743739619204,0.05357352536093413,0.018704335855760028
N5225HD,0.8519748347194891,0.13915898504043805,0.006496987613721413,0.001677926219661564,0.0006912664066898211
N5226HD,0.6146249272855825,0.34368405683706577,0.028987452761314373,0.009341399290864314,0.003362163825173105
N5227HD,0.6674804784626679,0.2978376837190072,0.024467463746991755,0.00778986157967321,0.0024245124916598124
N5233HD,0.02564747327644404,0.12275157998746924,0.37823325126497587,0.28010453226520193,0.1932631632059088
N5238HD,0.8408107749862216,0.1371599085738147,0.015338277484607607,0.004106637858322392,0.0025844010970338537
N5241HD,0.7907499731200793,0.18655301181543874,0.015499882879690218,0.0050667403000697634,0.002130391884721979
N5243HD,0.021932641849734747,0.07914754998597982,0.49990077190227117,0.3591158544434509,0.03990318181856349
N5246HD,0.8109585524120817,0.17020023340115878,0.014306318543995247,0.0028480084495726126,0.0016868871931917542
N5247HD,0.009637525327431907,0.023280564720601207,0.31682581624017264,0.632883597271616,0.01737249644017822
N5248HD,0.7498795977206963,0.21072153458436121,0.029776252094109137,0.0070123118676180245,0.0026103037332151557
N5253HD,0.5562875629325253,0.40257578978161346,0.027729710630072645,0.008800069659253059,0.004606866996535586
N5257HD,0.03466175533538618,0.142338061708868,0.34721937399530445,0.3509941088830008,0.12478670007744057
N5259HD,0.02066446749677427,0.05579114496514461,0.2667754906606344,0.5017009151449587,0.15506798173248795
N5262HD,0.09825520238467227,0.48773869714392293,0.3750356047066779,0.03072438930617282,0.008246106458554234
N5266HD,0.2726533885487711,0.6608692924124404,0.05310669129793279,0.009402783529876871,0.003967844210978762
N5270HD,0.6585634001605442,0.3132702086475219,0.021842506847205536,0.00440632788066259,0.0019175564640657923
N5271HD,0.657795513030133,0.3070013657236416,0.024623914505123898,0.006829988408621843,0.0037492183324796895
N5273HD,0.8099511117556574,0.173134179058784,0.011725036001921142,0.0033821928577451475,0.0018074803258924697
N5274HD,0.8708547261281294,0.12004324277981897,0.006526085912905209,0.0018003978013214313,0.0007755473778248098
N5211HD,0.12982265673139612,0.4147924290896944,0.2991457054485987,0.1295129331161907,0.026726275614119926
N4843HD,0.6037739918260349,0.34310850426336137,0.03479053919734956,0.012510223709481533,0.005816741003772556
N5287HD,0.6880983368306727,0.27029716694302164,0.03354238397430465,0.006204338738968949,0.001857773513032286
N5286HD,0.12299435776320372,0.281563196800533,0.3262627832639636,0.20231066772165504,0.06686899445064477
N5292HD,0.02938834573264487,0.13876249871547516,0.3719867923933979,0.3261369422575305,0.13372542090095163
N5294HD,0.8804725175640109,0.11387373745208605,0.0037630467126847597,0.0012531091189999005,0.0006375891522182032
N5296HD,0.257233488683027,0.49159164086805396,0.1815835693734511,0.05823230054511757,0.01135900053035056
N5298HD,0.752150345894075,0.22178452580023844,0.019528401606558606,0.004544428821400777,0.0019922978777271554
N5303HD,0.8013000874092463,0.18188407521448804,0.011276112914659006,0.0038184382565386163,0.0017212862050681517
N5305HD,0.24722421596012867,0.6299684105834161,0.0816538700290623,0.03091889995414736,0.01023460347324542
N5306HD,0.8467937993910716,0.13865109338144518,0.010842760915209792,0.002585271331589582,0.0011270749806838883
N5307HD,0.06119897023809532,0.668749656591512,0.2107496339122663,0.04456272400841779,0.014739015249708713
N5311HD,0.4084295534455098,0.5297267383016261,0.048759049188928996,0.009698895457219792,0.003385763606715268
N5314HD,0.7229332666583034,0.2557985233001976,0.01455297140851818,0.003712098515138214,0.0030031401178426593
N5073HD,0.12695393172207475,0.4426614390527238,0.30995204032622653,0.0945445074859944,0.02588808141298047
N5277HD,0.0782659579325007,0.24643295340157517,0.40675246100432,0.20617555933298,0.06237306832862424
N4885HD,0.9355400142943423,0.05844750570015191,0.003455409164088142,0.0015909578470419683,0.0009661129943757362
N5318HD,0.05969545996502879,0.5475346756930044,0.30960328632235323,0.06183239946239223,0.02133417855722123
N5321HD,0.7257628578785671,0.2556826864305192,0.013819707344563108,0.0034245482504636294,0.001310200095887004
N5323HD,0.9430613742141597,0.05458278731981739,0.0014783794072368097,0.000488311447440559,0.0003891476113456383
N5324HD,0.6967445019044727,0.25768229854010494,0.033717381071412506,0.00836279093645203,0.003493027547557696
N5326HD,0.8414792054541773,0.14558618723930172,0.008741492512374025,0.0025849422294631948,0.0016081725646838365
N5327HD,0.6301996658200513,0.35015457664704386,0.012221684040712394,0.005346850641450771,0.002077222850741769
N5329HD,0.16718456284745695,0.7172079258858859,0.0922883428069262,0.016761526325022685,0.0065576421347081585
N5331HD,0.815701696595716,0.16301925304459502,0.01632318810819389,0.0035047352629301075,0.0014511269885650118
N5332HD,0.7457204347022204,0.23198873388805227,0.015741544091463923,0.004823969934941032,0.0017253173833224138
N5333HD,0.8603665367306315,0.13155280003603065,0.005886554116963482,0.0013876200948164873,0.0008064890215579179
N5334HD,0.02765791152071916,0.9584819010449414,0.011838080257580711,0.0014240020247246606,0.000598105152034083
N5338HD,0.04282243045043733,0.198437738698417,0.47190512186317124,0.20591886479780308,0.08091584419017131
N5339HD,0.07174365353032418,0.2000730122053123,0.4598587214601498,0.22259195148146022,0.04573266132275341
N3820HD,0.030302049122710492,0.10162780108145959,0.3464841455795809,0.3405746956836325,0.1810113085326164
N5342HD,0.893891098429628,0.10034647548062346,0.0036794803078097813,0.001471419351251524,0.0006115264306872523
N5345HD,0.740246121487354,0.2269055718984203,0.02536599878062946,0.005578084545644244,0.0019042232879519089
N5346HD,0.5659262466970097,0.4188099824322049,0.011584790936121836,0.002496118559668526,0.001182861374994979
N5348HD,0.03415698776194656,0.1836071934890274,0.2847329633343576,0.3886238826860135,0.10887897272865495
N5351HD,0.7367202972456094,0.2288673490802105,0.02457911970822381,0.007712089964487673,0.002121144001468596
N5354HD,0.009697136595538582,0.027497280682775464,0.38302489053435873,0.5582891478635733,0.02149154432375392
N5355HD,0.3088589923243673,0.6446663207793796,0.03474372201636761,0.007944503876410576,0.003786461003475035
N5362HD,0.9100263294218504,0.08688676439358126,0.0018921175873998187,0.0007587072555778388,0.00043608134159078967
N5364HD,0.7366415367957272,0.23377633663651073,0.019911241397932402,0.006677763364429911,0.002993121805399779
N1264HD,0.04316685378666191,0.9087337399807696,0.040287872724113424,0.005462273845004853,0.002349259663450135
N4985HD,0.299627512104786,0.6054903295148087,0.07248350085224749,0.01595325761629728,0.006445399911860574
N5368HD,0.015952567158747166,0.03728214023648439,0.30061191764547257,0.554119882793161,0.09203349216613484
N5371HD,0.7837914037120449,0.18793152925606377,0.020561494276852915,0.005340059878323322,0.002375512876714915
N5372HD,0.7659285609968748,0.21427898228337883,0.015447040738897706,0.0031221668914146903,0.00122324908943383
N5373HD,0.5268499686990378,0.46136522092756266,0.008056858504327876,0.002598382233292659,0.00112956963577918
N5374HD,0.46054996688895805,0.5115003943610917,0.02121056191579428,0.004202138278698225,0.002536938555457651
N5377HD,0.6757493094804992,0.3093739695454241,0.011245392333845236,0.0023528258685318786,0.001278502771699605
N5379HD,0.6924965306499455,0.28534878177749606,0.014881286441475428,0.00534863346458887,0.001924767666494144
N5381HD,0.13110768798068698,0.30576465293412186,0.3386961195745369,0.19010441149221494,0.03432712801843926
N5383HD,0.2551360146162067,0.43634904532551044,0.21475693167740725,0.07096538764812801,0.022792620732747536
N5385HD,0.8625862479158098,0.13370945755774222,0.0025642279327317387,0.0007263564957300728,0.00041371009798613957
N5387HD,0.06214892183135448,0.34274360754017025,0.4079111809300721,0.12690901220857878,0.06028727748982434
N5388HD,0.05256925392016485,0.2522761198140023,0.35455307411090387,0.2578528646174824,0.08274868753744666
N5389HD,0.03748775766656322,0.38419492613226447,0.5365534073405372,0.030616001774064816,0.011147907086570196
N5391HD,0.718216108130332,0.2508463395380546,0.021827166430152832,0.005869705170176824,0.0032406807312836596
N5393HD,0.4479757627669186,0.5273481985604265,0.0179164885395566,0.00427001405887939,0.0024895360742189627
N5395HD,0.7595105392702678,0.21309453160272523,0.020394935398982603,0.0052930092163604135,0.0017069845116639837
N5397HD,0.8258054564192887,0.14900703728455156,0.018899768469951318,0.004637325959002796,0.0016504118672056962
N5398HD,0.8227248588039238,0.15531484878301707,0.016195574473102384,0.004193738384785385,0.0015709795551716724
N5386HD,0.0628316813551246,0.4134043697699529,0.4689763781226114,0.04441165136004536,0.010375919392265837
N2483HD,0.8715744177245524,0.11724208446247569,0.007063576861326625,0.0023710407835101266,0.001748880168135313
N5402HD,0.8331773021296802,0.15510140316859244,0.006999825021131936,0.002839246571303196,0.0018822231092922523
N5404HD,0.6535634466582062,0.31114838981929344,0.024107705175311862,0.008370764172311073,0.002809694174877381
N5405HD,0.9261681890427799,0.06952812093196459,0.00285646595563233,0.0009128334235074481,0.0005343906461157692
N5407HD,0.3080390469156354,0.5636688922821639,0.09708247308058073,0.022716518983891834,0.008493068737728168
N5414HD,0.438520551584541,0.548223329608198,0.010498364485095214,0.0017869551804374155,0.0009707991417284184
N5415HD,0.8343429343261821,0.15950871252766896,0.0038589180058296656,0.0015525114818400268,0.0007369236584790667
N5416HD,0.2021731239443591,0.7263480302712202,0.058688115533519346,0.008043441828187498,0.004747288422713957
N5421HD,0.7382166815557712,0.23582366713764977,0.017378134244276845,0.006324006378798308,0.002257510683503998
N5430HD,0.8200864839037443,0.1643120144535547,0.010267508951250214,0.003642720130881902,0.0016912725605689404
N5431HD,0.048545551655358996,0.4452449249441235,0.4692185183863184,0.02721634415041838,0.009774660863780654
N5432HD,0.744331917355984,0.23603949924886913,0.0128345699553982,0.005336502310632814,0.0014575111291158993
N5437HD,0.7393583276906772,0.2368220855719747,0.018037838019933645,0.003530675922169729,0.0022510727952447856
N4225HD,0.37389242910952636,0.5581174752282849,0.053918884886939404,0.009211693865699736,0.004859516909549564
N5123HD,0.40266700291407187,0.5450674262689768,0.03574256859119503,0.011388621358866736,0.005134380866889692
N9187HC,0.04860505003962685,0.25576112503106185,0.31794014179446467,0.2889538550513499,0.08873982808349672
N5439HD,0.28681927492650955,0.5595798019785199,0.10600668840497991,0.03747116402244721,0.010123070667543463
N5440HD,0.10341357313662698,0.6981432847711704,0.1615613138278451,0.02809287907281026,0.008788949191547199
