ncode,proba_0,proba_1,proba_2,proba_3,proba_4
N4541HD,0.757173296167495,0.21810396005615096,0.017416756837391283,0.005272326422537575,0.0020336605164252355
N4397HD,0.022755661995519337,0.15380860344270744,0.46039269021155793,0.30521998019849234,0.0578230641517231
N4544HD,0.9313139855616419,0.06577815839297334,0.0019219798738664866,0.0006802784519070632,0.0003055977196113806
N4545HD,0.11804808736686061,0.3513681086562139,0.3434431101840986,0.13032462951230528,0.05681606428052161
N4546HD,0.293650120952215,0.6518506148136542,0.04550939160301839,0.006296445084283588,0.0026934275468287676
N4550HD,0.8616311262836068,0.13108070132466412,0.004991770003053881,0.0013532070155381428,0.0009431953731370862
N4551HD,0.6533568295474501,0.3378200805338225,0.006752367970801912,0.0014558679317852154,0.0006148540161401668
N4554HD,0.09015858215863799,0.3488368223334904,0.49397966625522316,0.049385346011384015,0.017639583241264585
N4555HD,0.45876498753011397,0.4640182168610098,0.06365011716809024,0.009941078496712134,0.0036255999440737725
N4556HD,0.39331717894129,0.4416149792460429,0.11420942894480707,0.043407800681718976,0.007450612186140993
N4563HD,0.31782777171092297,0.5614350580062228,0.08944248980661645,0.025245837533772145,0.006048842942465503
N4567HD,0.9170349138727589,0.07471675731595197,0.004645649918067254,0.002347323556415707,0.0012553553368062312
N4561HD,0.8343931549122555,0.15904916385005,0.004632306245236149,0.0013006174728693472,0.0006247575195890829
N4571HD,0.26041150035239957,0.5857235797587665,0.11112802264485673,0.03261238494274519,0.010124512301231944
N4574HD,0.9606527492382073,0.03786761632531194,0.0009023720744003994,0.00038341251774192704,0.0001938498443382998
N4575HD,0.5179883181667695,0.461892213381428,0.016425574484701656,0.002571224353957754,0.0011226696131432594
N4579HD,0.3657717749865348,0.5435404032798263,0.06830531763814841,0.01699109840353515,0.005391405691955404
N4581HD,0.150480115532743,0.7974460129474289,0.04631103059610414,0.0036173364714179356,0.002145504452306073
N4584HD,0.23222671641879278,0.7236169907320712,0.037933928493164994,0.004260442449955229,0.001961921906016031
N4578HD,0.6797879663618694,0.3140001889127882,0.0047445058691901725,0.0010851979257846612,0.0003821409303675125
N4590HD,0.169405166241787,0.7983842604701531,0.02834095090901966,0.002680039782814377,0.0011895825962259668
N4593HD,0.02347331529858709,0.12332122631391915,0.41973357024021085,0.38813488527368467,0.045337002873598195
N4151HD,0.13913072185665187,0.39668267391489365,0.2872946240517756,0.1455812353704023,0.03131074480627645
N4594HD,0.7871346471458327,0.20391530457798823,0.006672431980124927,0.00163718217136283,0.0006404341246912384
N4600HD,0.2559939206755983,0.5544951958309515,0.1551543804557448,0.02777200379372767,0.0065844992439777535
N4605HD,0.05052881346989467,0.16773627739142513,0.7057091163616004,0.06478154973452142,0.011244243042558354
N4612HD,0.321614209078839,0.6358931806359999,0.032553924709159396,0.007527349563996315,0.0024113360120055333
N1701HC,0.3158802250127121,0.5798045032420583,0.07991132600367327,0.01726611649311653,0.0071378292484398
N3705HD,0.009789468416979382,0.044182801576970694,0.25364613482057385,0.39139239675962273,0.3009891984258534
N4589HD,0.5186557344068566,0.4437698159176291,0.023848529931105478,0.009629070265572501,0.004096849478836272
N4339HD,0.938748868642372,0.0573830249512753,0.0026923699591457624,0.0006942514246420714,0.00048148502256483143
N4615HD,0.028203466085094893,0.07471256890546024,0.30853879590609495,0.49543486151119576,0.0931103075921542
N4618HD,0.9233183746457297,0.07098202296289474,0.0037936933482299916,0.0012301505813467487,0.0006757584617987241
N4624HD,0.48208228183541435,0.5105329760174224,0.005693750943808921,0.001239714087041261,0.0004512771163130149
N4626HD,0.7572365740545396,0.2307217907089138,0.008482540392140785,0.0025062269895694583,0.0010528678548363919
N4628HD,0.12433198765880407,0.724698510519512,0.12662705068600486,0.017631100040460437,0.006711351095218642
N4638HD,0.12645024003828112,0.3334701236143636,0.22199732305475253,0.24399951981489776,0.07408279347770491
N4639HD,0.7787812045577948,0.1912928209068465,0.01774438273493662,0.009300129278818028,0.002881462521604133
N4642HD,0.9424044177478867,0.05516525070247881,0.00150295446421831,0.0007359221696711573,0.00019145491574505715
N4646HD,0.9435832751088505,0.054203798437422464,0.0014366939576234158,0.0005038364675857991,0.0002723960285179485
N4631HD,0.8463037881574456,0.14841682855222582,0.003554615913320259,0.0011783887518245857,0.0005463786251837881
N4656HD,0.05960544853672011,0.21339486914821218,0.46836629579061384,0.199966718618379,0.05866666790607488
N4658HD,0.8300683255683736,0.15906721315696995,0.007496714343136413,0.0023680746552101808,0.0009996722763097755
N4661HD,0.8835294921124749,0.10596421333704356,0.007523352326337906,0.002018253062119604,0.0009646891620240922
N4665HD,0.7912953656151419,0.1975637857971813,0.007924717729491118,0.0020901283068933936,0.0011260025512922424
N4667HD,0.8891108014530071,0.1058689492590804,0.0030760223007499274,0.0011555547645166265,0.0007886722226459104
N4669HD,0.7007817871903931,0.28745197116444965,0.00874911613586725,0.0022215616842483775,0.0007955638250417574
N4673HD,0.20369027386540647,0.7022680674335482,0.0770144334359469,0.013939195220645264,0.0030880300444531324
N0760HD,0.12014206070369168,0.7699164862539067,0.0983569326466956,0.008713532492538702,0.0028709879031674286
N4672HD,0.7200615732291175,0.22487828505095545,0.033802835611311005,0.016507035108413268,0.00475027100020298
N2593HD,0.9077897648578581,0.0856824468496857,0.003753736491287902,0.0018606852804285163,0.0009133665207395938
N4677HD,0.1991623567110853,0.7215917570637521,0.06996097415300034,0.006569833044248785,0.0027150790279134333
N4680HD,0.15609284890451106,0.4457617123144351,0.30308527821696957,0.07460407471850596,0.02045608584557835
N4688HD,0.011938257867808902,0.05690633072357054,0.2850174976121126,0.5209202897173019,0.12521762407920606
N4689HD,0.8700971386721762,0.12411654541730259,0.003241517895044672,0.001738399071266423,0.0008063989442100962
N4691HD,0.12618658212205394,0.45278475618834285,0.2925894023171909,0.0890489167772648,0.03939034259514739
N4692HD,0.6643142930479127,0.2979525944269324,0.026339307669692842,0.007201558523503988,0.004192246331958047
N4694HD,0.037301823463256105,0.18799935010200763,0.5954943369572934,0.1479786549247493,0.03122583455269359
N4695HD,0.12492712229988052,0.7821035636617664,0.08000874179564034,0.008463440427784954,0.004497131814927775
N4699HD,0.4676127245333167,0.46419730401628473,0.05418334839309305,0.009786461232609176,0.00422016182469631
N4703HD,0.41750192131617725,0.38583764509107765,0.10008045537703926,0.0685267767644162,0.028053201451289686
N4704HD,0.006282775960953738,0.018611975753491668,0.33670683963009657,0.6089499462360226,0.029448462419435405
N4708HD,0.9539225450313767,0.04402319414774187,0.001334689198595086,0.0005239848643913428,0.00019558675789507475
N4714HD,0.6870400921838218,0.27919689527774394,0.023896101068569417,0.006656288188460877,0.003210623281404065
N4721HD,0.10897164980271032,0.7237110973067816,0.14050431536434962,0.017842950569590194,0.00896998695656828
N4722HD,0.866520033383642,0.12813098910052506,0.0039104086664086815,0.001032535871317036,0.00040603297810724203
N4724HD,0.21784577910414635,0.731186671876952,0.041140580762677174,0.006692957423027199,0.003134010833197211
N4726HD,0.04189616674155565,0.8953611558956392,0.056418616746472236,0.004477642020276358,0.001846418596056333
N4735HD,0.5768194836029391,0.41535892469144964,0.005610041947760457,0.0013960634344413313,0.0008154863234096264
N4063HD,0.6092278589225297,0.33437417613080006,0.03438909208652868,0.015417943580683128,0.006590929279458301
N4712HD,0.7712126457735162,0.21576043017706367,0.01059354521467558,0.001602794891852305,0.0008305839428921125
N4738HD,0.21307198308145717,0.6947003864085266,0.07553193504969644,0.01275662570996653,0.003939069750353145
N4740HD,0.034584216783755874,0.1407818173955582,0.3822124195499663,0.3755748179586533,0.0668467283120663
N4742HD,0.028256121090949556,0.08029907957613028,0.40297272207327806,0.3904958239085145,0.09797625335112752
N4745HD,0.8232269598262251,0.16996657817493144,0.004381962056312764,0.0018921324952924708,0.0005323674472383425
N4747HD,0.8264339019817831,0.1543145761146148,0.012201045368062624,0.004628327671668723,0.0024221488638708688
N4750HD,0.711862148251135,0.25462080115307884,0.02329786249734874,0.00788065843354856,0.0023385296648887805
N4752HD,0.020990557775684267,0.14033579921643888,0.5540683684401484,0.2291429805818236,0.055462293985904874
N4754HD,0.5403880428776195,0.452547897226516,0.0057960499869541705,0.0008618029619192746,0.00040620694699111795
N4755HD,0.24917249437340616,0.59907756593503,0.12690982857678246,0.015631607896562195,0.00920850321821913
N4756HD,0.48318973949204785,0.47607960526013465,0.03332404420960145,0.005243185469807244,0.0021634255684086488
N4757HD,0.912037844697424,0.0843702860643926,0.0025028418643329615,0.0008067584234750273,0.0002822689503752199
N4759HD,0.21606080519151633,0.7480202337080807,0.027093093284570418,0.006055136785924004,0.0027707310299083876
N4762HD,0.3917608329856121,0.5457975438460037,0.05144539416145717,0.007965165107800449,0.003031063899126708
N4763HD,0.713255006056914,0.26439837941517097,0.014688733845466952,0.004885050003830888,0.0027728306786172323
N4767HD,0.8448483937736363,0.14623898274708189,0.006064166006238969,0.0021875493339275735,0.0006609081391152568
N4769HD,0.05502838764453373,0.19576884538963935,0.6232528000841236,0.10909145332534842,0.016858513556354954
N4770HD,0.8184244930574512,0.16796973978614083,0.009355960218620027,0.003211685773143387,0.0010381211646445794
N4676HD,0.5107592279378507,0.3910625910348741,0.06441080630230257,0.025679902666311857,0.008087472058660925
N4614HD,0.5190769677720544,0.4429124444515026,0.029499029757937795,0.006473252976659531,0.0020383050418456903
N4774HD,0.2860303241013816,0.6145819288480957,0.08004540262095668,0.013814202356178062,0.005528142073388032
N4778HD,0.0688845623598401,0.4004602798326374,0.3438429139120894,0.1501889552189908,0.03662328867644223
N4780HD,0.0096154092305246,0.04957430355887464,0.329450963442588,0.3769614475196353,0.23439787624837755
N4783HD,0.626075677144515,0.35179304456252264,0.018854688702078123,0.002159536288273004,0.001117053302611238
N4789HD,0.8574067425371766,0.12922387044657416,0.00852523222178342,0.0035184920920962137,0.001325662702369337
N4792HD,0.4633727838007914,0.5300717631053076,0.005260655455171983,0.0008848395703440553,0.0004099580683849611
N4793HD,0.05714121519314744,0.5982554788575979,0.3095600640174625,0.022500275645766645,0.012542966286025609
N4794HD,0.014998378410514355,0.05579830386504756,0.2920289148186334,0.5881490975198415,0.049025305385963176
N4799HD,0.7311137507676475,0.25408181717630307,0.011165755506459868,0.0023499754371131454,0.0012887011124764062
N4800HD,0.9187143173315323,0.0767131997638775,0.002646871873041568,0.0011469782574348576,0.0007786327741135803
N4808HD,0.08038224318350777,0.8725579466750163,0.04060285976447712,0.004333368519526761,0.002123581857472181
N4809HD,0.6911406987321173,0.2675209460852545,0.029352236635359248,0.0088492126172305,0.0031369059300385047
N4634HD,0.7185051207456883,0.25746128911949945,0.01660355461982948,0.005668697161852043,0.00176133835313086
N4784HD,0.8682131588577131,0.12574955981183725,0.003675813916821538,0.001569701591416311,0.0007917658222120475
N4815HD,0.9023378631668179,0.09399195724072328,0.0021019427103076364,0.0011527636202930103,0.0004154732618582179
N4816HD,0.7791205406793339,0.20677203370254635,0.010131002612794664,0.0030790626950179013,0.0008973603103073508
N4817HD,0.44833248434697676,0.5073554456964263,0.0335724628225046,0.007544318955347372,0.0031952881787448593
N4818HD,0.9130036368769189,0.08125648060986645,0.0033455487525369185,0.001653637292032376,0.0007406964686455017
N4821HD,0.024309145358595748,0.9554925760606591,0.017172336428015234,0.002266725487585676,0.000759216665144232
N4830HD,0.8690782024599288,0.12262745931841618,0.005760596521749935,0.0018291178292139986,0.0007046238706911092
N4748HD,0.8871723021358676,0.10821769907278722,0.0030122421307587754,0.0010849569063065114,0.0005127997542797954
N4684HD,0.8203935504095685,0.1717507907622479,0.0050176080441468275,0.0015600966490466233,0.0012779541349901159
N0389HD,0.0511532530792021,0.9023670847650357,0.04105954146060189,0.003907359942440236,0.0015127607527200507
N4796HD,0.47939528788264496,0.4672727995413974,0.038865613414202436,0.011324052447192649,0.0031422467145625368
N4834HD,0.006727742244475674,0.01586747583157205,0.4411861436172829,0.5098874191136348,0.026331219193034626
N4835HD,0.03957178201129051,0.9496700159257344,0.009304942729974675,0.0011282334941574636,0.0003250258388430896
N4837HD,0.49303010624580396,0.4969366685255251,0.007918129146979279,0.0015658485072994764,0.0005492475743922661
N4838HD,0.07939707417422386,0.8930404970077256,0.02223152815384292,0.003261519209858589,0.0020693814543490787
N4839HD,0.04769709009944905,0.44823375831756096,0.42509438462714166,0.06417930414474646,0.014795462811101927
N4842HD,0.7056077558834324,0.2765300346969314,0.012683040391486992,0.0040274008253420954,0.0011517682028070583
N4844HD,0.9527556929250737,0.04447726225558256,0.0017681969166832227,0.0007063335716346946,0.00029251433102588803
N4846HD,0.18750111436792238,0.5083145465864062,0.2135494470975262,0.07620095804144252,0.014433933906702707
N4847HD,0.8114996364962102,0.18228310814271922,0.004501200463857037,0.0012291674532513147,0.00048688744396217874
N4849HD,0.41217294097774876,0.5417598820238949,0.0363455319597199,0.006318715936687835,0.003402929101948618
N4852HD,0.04512050996746099,0.5194973265693633,0.4002812285572153,0.028354294634011953,0.006746640271948494
N4853HD,0.5129876101842211,0.46662958790623243,0.01598577869972715,0.003267236824039027,0.0011297863857802643
N4856HD,0.8860212978015287,0.10977636794203789,0.0026656142028713054,0.0010566914049849616,0.00048002864857700674
N4858HD,0.8541405235014276,0.1363092556261231,0.00680873508754968,0.0016714415492579608,0.001070044235641597
N4860HD,0.27587717736432876,0.6697668986408979,0.042706314179168293,0.00862233181642291,0.003027277999182193
N4861HD,0.9277400065781023,0.0698737843436574,0.0016961836835439946,0.00046351492453451394,0.00022651047016174683
N4863HD,0.5644036543864145,0.4189586717765783,0.012357209774189769,0.0029150604273633497,0.0013654036354541156
N4864HD,0.7237576233705791,0.2677668653497535,0.006284796684558886,0.0015671432012837798,0.0006235713938245954
N4866HD,0.7520117033776592,0.2245494405735082,0.0159724342202906,0.005272056097264431,0.0021943657312774095
N4012HD,0.6950113443690279,0.29000977703041225,0.011590833603852298,0.0023483401333511704,0.0010397048633561659
N4825HD,0.3327578366113098,0.5614996240976489,0.07474602842863279,0.02382507692365632,0.0071714339387521035
N4875HD,0.063192285646548,0.649408360657801,0.22986208074654604,0.044072159435898754,0.013465113513206266
N4878HD,0.08052457655283266,0.36314693761993433,0.38103053829013556,0.1381553453642022,0.03714260217289542
N4883HD,0.028154510576652216,0.34980394466623904,0.5370952055467186,0.06988913425754348,0.01505720495284678
N4884HD,0.5770001183072667,0.3961494962638363,0.021781492081585106,0.003498848225580561,0.0015700451217314116
N4887HD,0.22854426201393568,0.7330200684783761,0.030568933605668303,0.005247363694907831,0.002619372207112197
N4891HD,0.6701474516267232,0.29291837733378434,0.030807101793599155,0.004841305687689396,0.0012857635582037754
N4892HD,0.15753698338615307,0.8051024513955807,0.028959269172873437,0.006180567431186686,0.002220728614205897
N4895HD,0.8594372723090029,0.13156472143580888,0.005523530410335144,0.0024647528000544617,0.0010097230447985272
N4899HD,0.6335877409078091,0.35675592137797824,0.0065654410366560835,0.00195022228010496,0.001140674397451595
N4898HD,0.5107231179246245,0.4495943826550584,0.03311173356283736,0.003973136410589376,0.002597629446890393
N4902HD,0.6021867996607638,0.33707039195718785,0.04132410095010229,0.014952803391203067,0.0044659040407429365
N4904HD,0.08679595259703944,0.2983840370184264,0.5272094340979628,0.07283607263198864,0.014774503654582712
N4906HD,0.7648751704389543,0.22152579216064736,0.009811941444493624,0.0027274374006289273,0.0010596585552758056
N4909HD,0.7744525051518347,0.20694228872026926,0.011011052756961634,0.005706698502113796,0.0018874548688207783
N4912HD,0.647096490892427,0.32915546834849674,0.01909674080377842,0.0037976852964283453,0.000853614658869342
N4913HD,0.6541769428065124,0.3283793573829516,0.01272818866000827,0.0037243225042392436,0.0009911886462884328
N4914HD,0.20930484126532017,0.5407017403457982,0.21502735743854853,0.028755865766028496,0.006210195184304474
N4908HD,0.8792512241782205,0.11761794543243823,0.0024646066799297052,0.00041749283347377437,0.00024873087593766226
N4937HD,0.8687977173228164,0.12654738227540782,0.0032707833826765556,0.0010354570182044263,0.0003486600008946528
N4938HD,0.8695549809027899,0.1268183146065078,0.002606014261152494,0.0007147312944859171,0.00030595893506396175
N4949HD,0.8637188969306047,0.12810548061324473,0.005227810005139319,0.001790007187537273,0.0011578052634740718
N4952HD,0.8333022397576195,0.15736548744719078,0.006812369180367404,0.0018410818800918304,0.0006788217347301922
N4954HD,0.41163304433621806,0.5637682581254901,0.01945692011357579,0.0036893945575117697,0.0014523828672042254
N7917HB,0.9133567543548098,0.0822995952171537,0.002956275462002972,0.0010646947326264766,0.0003226802334070371
N4951HD,0.84767575459265,0.14466221486099662,0.005529050399808757,0.0014485096285705057,0.0006844705179741133
N0385HC,0.175031972390373,0.6246787872637702,0.16835713694955645,0.021389887339031934,0.010542216057268367
N3920HD,0.35727044077997566,0.5725393414695511,0.05686597786200017,0.009540118301738813,0.0037841215867342563
N9498GW,0.7335872272923406,0.2561698295411318,0.007856560541984504,0.0016364761839528996,0.0007499064405901781
N4961HD,0.9084855247095813,0.08873857346478838,0.0019373677500271883,0.000625732924947194,0.00021280115065600865
N4965HD,0.16565652042972775,0.5055819632787606,0.27257710157342546,0.04684483296216876,0.009339581755917316
N4967HD,0.6565349892769746,0.2909011655300723,0.03290285573288182,0.01535094205459788,0.004310047405473439
N4968HD,0.3712861197322613,0.43353814674548885,0.10355409684997345,0.07123150424930005,0.020390132422976482
N4973HD,0.801823771087418,0.18833802433435412,0.007264207127664939,0.0018536700522053136,0.0007203273983576099
N4976HD,0.03393986281351037,0.5028970818662903,0.4099333381588934,0.041577200404084996,0.011652516757220975
N4977HD,0.26849098688569695,0.6980041507159827,0.02846703417282172,0.0032372497986130813,0.001800578426885538
N4978HD,0.6777028980536655,0.28141648185066565,0.029127837233881085,0.008831545519277317,0.002921237342510377
N4982HD,0.38027074691952156,0.5149647622196276,0.08527210415743554,0.014610792854886822,0.004881593848528443
N4983HD,0.08664893049397074,0.3082353281253995,0.3524813810901866,0.21843585002013977,0.03419851027030351
N4984HD,0.8761997799577702,0.12004189322195305,0.0029640974502662424,0.0005775914711381871,0.00021663789887213853
N4992HD,0.03480560037026905,0.22058698631527754,0.4020657728421503,0.28844964536098255,0.05409199511132052
N5000HD,0.6081695167487655,0.34113218197883344,0.033959549675846835,0.01309065609772966,0.003648095498824452
N5006HD,0.6077117832619764,0.37359212702695843,0.014976307867181562,0.002713566104297397,0.001006215739586433
N5007HD,0.7166768348642014,0.24168992434668657,0.030877621295296843,0.0071819623461052825,0.003573657147709867
N5008HD,0.16061585977116297,0.7845456064981917,0.04754340876172842,0.005066563933779173,0.002228561035137662
N5011HD,0.22364358489398004,0.733902917254655,0.035004318596418775,0.004649642822645338,0.0027995364323008497
N5020HD,0.5848329637019603,0.39055367027463356,0.017760666970046333,0.00463497019064691,0.002217728862713019
N5024HD,0.8871676143545982,0.10550740368265893,0.005540122108477518,0.0013318056179628909,0.00045305423630235473
N4826HD,0.9056106371228784,0.08766193284678821,0.004471774145504051,0.0014173352177709088,0.0008383206670585703
N5032HD,0.8994205398422898,0.09451770268949046,0.00453527243622556,0.0011637451591749446,0.00036273987281942714
N5041HD,0.8920758816209464,0.10324253635124954,0.002951349759577216,0.0012109049601048366,0.0005193273081220735
N5043HD,0.9675865590949166,0.029797989626089077,0.0016143007390780988,0.0006209659623597457,0.0003801845775565276
N5044HD,0.4268244872328405,0.47096523042894134,0.06460194395966654,0.02884232752587107,0.008766010852680665
N5045HD,0.8045350175374462,0.18128372131010143,0.010802526050853762,0.0022732292223677586,0.0011055058792309835
N5004HD,0.8752384942938459,0.11809530379314132,0.004517762998211411,0.001527861451788797,0.0006205774630124306
N5055HD,0.4772059586313686,0.4378687451847101,0.0690243629174287,0.012361576321703765,0.0035393569447887225
N5056HD,0.11454224579249041,0.36743577555653206,0.3720582824630126,0.10499567835138734,0.040968017836577636
N5057HD,0.7610883191135813,0.22672163223910707,0.010126365848789527,0.0013895481992926267,0.0006741345992293766
N5059HD,0.6006627429324637,0.3506948309259619,0.03736040350385198,0.008152282578058622,0.0031297400596639294
N5061HD,0.21921096635704512,0.522781605828455,0.23294415148357966,0.017626251072976575,0.007437025257943475
N5018HD,0.9325947010538113,0.06328631118683808,0.0026217060054156156,0.0009506592965283222,0.0005466224574067626
N4896HD,0.800855455163736,0.18379782874452458,0.011761862279571732,0.0024601497620232874,0.0011247040501441874
N5064HD,0.8081268994532588,0.16864467986336798,0.017514004517825633,0.004695920041037746,0.0010184961245099482
N5065HD,0.6031673416589978,0.35283851528178717,0.036414786408207736,0.0054834353365538074,0.0020959213144534096
N5067HD,0.25449078718359996,0.6000913177986158,0.11295074374909272,0.026655739336270034,0.0058114119324215304
N5070HD,0.04374342630814847,0.6306596558305763,0.2927008028698198,0.02489791605514493,0.00799819893631053
N5071HD,0.21251848792658407,0.7012634657330495,0.07388789698342908,0.009121676955601015,0.00320847240133629
N5072HD,0.22102071299386103,0.7135539458438735,0.05552864779081849,0.00708347549510445,0.002813217876342477
N5074HD,0.8122325730953471,0.16858403318393653,0.012108439104999041,0.004515917233581599,0.0025590373821356366
N5075HD,0.9529159300618634,0.04448290676455864,0.0017541264772364868,0.0005264349885078319,0.0003206017078336895
N4923HD,0.8428009991703482,0.14274100356853417,0.008474226377488465,0.004059844513930743,0.0019239263696984095
N5076HD,0.763513826687237,0.2235103039926857,0.010186951413267758,0.001871458936040965,0.0009174589707687063
N5079HD,0.0429403686508266,0.11474326318932959,0.46472120378837156,0.3306658998672567,0.04692926450421562
N5080HD,0.5911595882279866,0.381846000479355,0.02065213940861987,0.003797465460893877,0.002544806423144627
N5082HD,0.7844330730599125,0.19713620181080033,0.011015751656397316,0.00513017113589991,0.002284802336989739
N5083HD,0.6561421991096811,0.29795961849696745,0.035332434800060104,0.008017433350705294,0.002548314242586124
N5085HD,0.1915897600703516,0.6981046144686843,0.09296560879314439,0.012944703409301386,0.0043953132585182
N5051HD,0.35874544215104603,0.6269238319756657,0.011383781203506135,0.00208545076712261,0.0008614939026594582
N5039HD,0.04986043847507717,0.4315914191670109,0.36509854325850966,0.1250697634760002,0.028379835623402058
N5088HD,0.9400889689087187,0.05688048732896555,0.0021716821930466822,0.0005848698242040315,0.0002739917450651642
N5091HD,0.04314600718074827,0.9476368920496671,0.00845267206548204,0.00048090123398236397,0.0002835274701201232
N5093HD,0.03536735546171022,0.1571758938815625,0.35041342916276763,0.39322508896140784,0.0638182325325517
N5100HD,0.016948556797740967,0.051655486508503705,0.37746468870521643,0.48986210281020076,0.06406916517833819
N5103HD,0.07096042153172502,0.433952037682305,0.3357608845294492,0.12228256959374274,0.03704408666277795
N5104HD,0.9627956513759717,0.03520423089695921,0.0014508755291465516,0.0003548443923325094,0.00019439780559010812
N5105HD,0.7187606913608974,0.2509437492051859,0.019303177975638814,0.007246736453208786,0.0037456450050690235
N5106HD,0.7784734154498156,0.20409369626727406,0.012766816435417121,0.0030009632458619286,0.0016651086016311548
N5109HD,0.4525215775282378,0.536212628026614,0.009725628404076248,0.0011701350693049146,0.00037003097176705835
N5112HD,0.37509120039163907,0.5566766150036679,0.04912937062882627,0.014858489003365881,0.004244324972500695
N5115HD,0.8426746774139717,0.14851513324989724,0.006365347446726768,0.001688599884770287,0.0007562420046342289
N5120HD,0.026363521472278082,0.13791579145328944,0.4065819399859375,0.3901367432919085,0.03900200379658648
N5121HD,0.6343325542027909,0.3159419960262976,0.0356999835660558,0.009698262762631618,0.0043272034422241696
N5122HD,0.6382044091504133,0.296618960396316,0.04691693378114389,0.013839741836457385,0.004419954835669345
N8305HB,0.8552779859669405,0.1385816949362952,0.004580841081018705,0.0010247316234976054,0.0005347463922481323
N5126HD,0.05009146334997967,0.15435595936029048,0.33895958003104554,0.3402696016355474,0.1163233956231367
N5128HD,0.9528049214212527,0.04388211626770709,0.0022473471148891123,0.0006947047730139183,0.00037091042313706517
N5133HD,0.012868136559739807,0.08327005568232736,0.37528146911528076,0.48366527186043295,0.044915066782219154
N5135HD,0.8087513585346986,0.17127356430004964,0.01545953975448661,0.003425640942680676,0.0010898964680843206
N5143HD,0.8472192034711068,0.1465207514920661,0.004896021525865345,0.0010141733049406987,0.0003498502060212086
N5144HD,0.2626169479696486,0.6285926765266682,0.08767434395643867,0.014467713431547713,0.00664831811569697
N5149HD,0.2558179018715895,0.5781617642422552,0.12381747342577101,0.0334132015325446,0.008789658927839837
N5152HD,0.27139081912906393,0.6852406740754046,0.03738818728684497,0.004630580927599584,0.0013497385810869267
N4394HD,0.20777538666653364,0.5618637998373119,0.18750035303278273,0.03406801578302926,0.008792444680342553
N5029HD,0.1758450657522914,0.6742814001945142,0.11685888249019102,0.02254932039133134,0.010465331171672046
N4368HD,0.95755161394277,0.04022669671874381,0.001356949046010311,0.0006226655878849494,0.00024207470459105125
N5013HD,0.30918902498820455,0.57224717376349,0.08101024248495564,0.027348503165514456,0.010205055597835522
N5153HD,0.44310816750783777,0.4974929753141214,0.047990922487739944,0.0086306926348433,0.002777242055457606
N5157HD,0.8736785759207844,0.12089991929887786,0.003454059989757701,0.0010538781364413821,0.0009135666541386255
N5170HD,0.6442458081811293,0.3136902160007454,0.028927801399336154,0.00997796503487824,0.003158209383910731
N5172HD,0.8673264232697784,0.1255898696220061,0.005284301725556218,0.0013822409184616954,0.0004171644641976988
N5173HD,0.6158862833101629,0.3310625241099317,0.040426885796054184,0.00868840414200196,0.003935902641849305
N5147HD,0.5379317917589622,0.40215306745895857,0.04928218934309225,0.00800479053686159,0.0026281609021253896
N5178HD,0.7364670816637017,0.24031134756605083,0.01815089514698037,0.0037208799804525692,0.001349795642814644
N5180HD,0.541210006680546,0.3982717308219474,0.045303489598434346,0.01122207540225002,0.00399269749682234
N5181HD,0.23108067617480327,0.6797127933962227,0.06874241105714912,0.014011268322000068,0.006452851049825035
N5182HD,0.8595636847472213,0.13526032504086272,0.0033229836118852784,0.0011296109665848751,0.0007233956334456655
N5183HD,0.07485391489039867,0.9170916907345327,0.006353697162347745,0.0011929221911935936,0.0005077750215273953
N5185HD,0.11551202098702391,0.2987054714382351,0.37132942473328523,0.18245981430554217,0.031993268535913374
N5187HD,0.24017173756718746,0.601039899697456,0.11398374709866681,0.032052931608809274,0.012751684027880584
N5188HD,0.16061132699575714,0.527807536324572,0.1222202400996452,0.1625561675652318,0.026804729014793777
N5190HD,0.014552176598161602,0.06085597717386721,0.4026495245246585,0.47470316519643263,0.047239156506879966
N5192HD,0.5173687368964596,0.47547441662641576,0.005582406687307878,0.0011519779642460792,0.0004224618255707544
N5193HD,0.6725579604294729,0.3043293862881942,0.01753249674812167,0.003974895044302065,0.0016052614899092353
N5197HD,0.8883676442489844,0.10727353629725186,0.0031200858248419104,0.0009543498132152646,0.00028438381570645185
N5198HD,0.2765283300728347,0.45612637695938757,0.18923252011175654,0.05889833550279883,0.019214437353222518
N5199HD,0.7200991508096212,0.2493728421991466,0.021182338012970713,0.007713347706106787,0.001632321272154748
N5200HD,0.7748992916340516,0.2059465138730462,0.013411644733676932,0.0034829943115394367,0.002259555447685911
N5203HD,0.04841000205805929,0.13644877367974342,0.37701290010567723,0.3037423122007776,0.1343860119557424
N5209HD,0.036395320198914255,0.191197024822267,0.33864015914918777,0.3667552805892445,0.0670122152403864
N5212HD,0.8249816026510565,0.1665146519630937,0.0065973053465617215,0.0013135967736450144,0.0005928432656430055
N5215HD,0.44968197060885085,0.5015213778050609,0.038481406575883045,0.007952074026463684,0.0023631709837414906
N3574HD,0.8022497855095391,0.1781755300512171,0.009999720348804848,0.006998808173683796,0.0025761559167551116
N4760HD,0.15058671922108385,0.4967697095297184,0.2877618013784656,0.045333056142381443,0.01954871372835071
N5225HD,0.6613033963751719,0.323268975066808,0.011873145116867963,0.002587318111964553,0.0009671653291877317
N5226HD,0.5899123255042619,0.35790694835369785,0.03808925099031752,0.011425895820536122,0.002665579331186535
N5227HD,0.7079753041105501,0.2623710118098463,0.019136261987764053,0.007373462208345108,0.0031439598834945956
N5233HD,0.024625762529651204,0.13519315933905962,0.37077208300974657,0.2941950074691416,0.17521398765240104
N5238HD,0.8408194765206153,0.1436121998654052,0.01056507127353282,0.003454401461321802,0.0015488508791250126
N5241HD,0.7712047361310327,0.20863497940628511,0.014650312333132083,0.0042664567682833224,0.001243515361266688
N5243HD,0.017940624776494937,0.07745186055093374,0.5483507669210549,0.32213690541729006,0.03411984233422648
N5246HD,0.8411579792205468,0.14779231719073063,0.006692719604338346,0.003055010391929069,0.0013019735924548954
N5247HD,0.006409484682346728,0.019319053182458426,0.30897369339143105,0.6403055156583215,0.024992253085442378
N5248HD,0.6928120422631742,0.2845918344695425,0.01691211531974794,0.003902447435900201,0.0017815605116351851
N5253HD,0.6906481802179288,0.28255294302186074,0.019261642178294087,0.00477158827032206,0.0027656463115942214
N5257HD,0.039335421722273264,0.1416575403580515,0.42101232413962286,0.2879833906157549,0.11001132316429736
N5259HD,0.03385564719088132,0.1154798197756977,0.3017649024112028,0.34695890519158956,0.2019407254306287
N5262HD,0.08693821223712822,0.5055885527882796,0.383788592661909,0.018339704309454696,0.005344938003228509
N5266HD,0.2220014230309524,0.7202409355228416,0.04761318950386354,0.007634293468142501,0.0025101584741999295
N5270HD,0.6842171076578702,0.298681638486305,0.01314492700826115,0.002721187071552789,0.0012351397760107575
N5271HD,0.4254852589210442,0.5225620293456487,0.04263492636147575,0.006025362578400642,0.0032924227934307305
N5273HD,0.8237313855250414,0.16523558531337573,0.0074365460559612725,0.0024616927872111367,0.0011347903184104986
N5274HD,0.8961459929382317,0.09784103752834176,0.004441280504187731,0.0011215555367970543,0.0004501334924416799
N5211HD,0.1352335765293808,0.5312591042345731,0.2203794109541583,0.09260635866726818,0.020521549614619584
N4843HD,0.6356506372605322,0.31638637283374077,0.03302961743842923,0.009219504004654107,0.00571386846264362
N5287HD,0.5484933664871843,0.40284849577574494,0.0381729876281982,0.008163628867902988,0.0023215212409696913
N5286HD,0.10657216010725203,0.3529758385433322,0.34751581902310946,0.14665162592765693,0.046284556398649444
N5292HD,0.04684161929564948,0.1497120483650514,0.34381500149128463,0.32767051304374206,0.13196081780427246
N5294HD,0.8733280555451721,0.12199686259035332,0.00365382776495869,0.0006718090759575314,0.00034944502355845904
N5296HD,0.23399631821419514,0.5254077624459966,0.16594723528527075,0.056258220373873104,0.01839046368066434
N5298HD,0.820718635909894,0.16019387390380013,0.013644603319781184,0.003965087511581029,0.001477799354943843
N5303HD,0.7876010790925044,0.20009327970234372,0.007864731741016907,0.002831135006945321,0.0016097744571898184
N5305HD,0.17664055235706214,0.6700361614656849,0.12442302372146957,0.022448012282496196,0.006452250173287391
N5306HD,0.8246915026300204,0.16409181107946338,0.007931756362780625,0.0023331317462318966,0.0009517981815037216
N5307HD,0.11266518433697154,0.5942249051278242,0.2189084205859672,0.06135362235420657,0.012847867595030472
N5311HD,0.2668571691981814,0.6731975256797081,0.05063519027399791,0.006645306562354276,0.0026648082857584627
N5314HD,0.8322307370693387,0.15431351866878787,0.008083551382622898,0.003337434148071354,0.0020347587311792975
N5073HD,0.16467243929385797,0.3744734183361206,0.33139383186573584,0.10593259858719706,0.023527711917088488
N5277HD,0.08460249722795432,0.18714192488246867,0.4184039127033429,0.23121791129432212,0.07863375389191214
N4885HD,0.9400225666099844,0.05465094657820896,0.0035644021789188376,0.0010627882349801177,0.0006992963979077169
N5318HD,0.0762106517966827,0.6242778601419675,0.25424770761883164,0.03217811645556033,0.013085663986957827
N5321HD,0.7944780327123239,0.19390797280330216,0.00784201561090839,0.0027483892678562467,0.0010235896056091911
N5323HD,0.9576324937578149,0.04030596939288392,0.0013376801930999398,0.0005367141939262049,0.00018714246227497414
N5324HD,0.639382198222475,0.32247583048032064,0.027527971529172565,0.007725716832005691,0.002888282936026187
N5326HD,0.8599767293939476,0.12904275226093667,0.007994804941319775,0.0020343595337333395,0.0009513538700625167
N5327HD,0.7941311656470412,0.19415398655684815,0.007789659763864371,0.002372409304222536,0.0015527787280235825
N5329HD,0.12654434094366043,0.6785201119135551,0.16874725042825398,0.01813132053654729,0.008056976177983174
N5331HD,0.8282786688060517,0.15288441638396977,0.015887281195160894,0.002172468945447772,0.000777164669369923
N5332HD,0.7306897425443688,0.2547378113471321,0.010738917460319089,0.002890782007453063,0.0009427466407268684
N5333HD,0.860031416970551,0.1341031873623468,0.004109570063938229,0.0012704435207988023,0.00048538208236503154
N5334HD,0.02001357944798533,0.9635767287655621,0.014529185795647248,0.001401619932132551,0.0004788860586727741
N5338HD,0.033767128433876886,0.26117642826542375,0.37939827720353597,0.262861609933209,0.06279655616395438
N5339HD,0.04457725766561371,0.3023447334515406,0.4713787240939069,0.15892553793750044,0.022773746851438258
N3820HD,0.028315126727615696,0.1436072744204079,0.34813414017843614,0.3337138728377946,0.14622958583574563
N5342HD,0.792193789577573,0.19971598304786053,0.006246537425487387,0.0014481313325716081,0.0003955586165075891
N5345HD,0.667936738086301,0.3058882848870577,0.01970677256096797,0.005255327248891575,0.00121287721678172
N5346HD,0.7939110640052011,0.199867940131494,0.0039005947679580525,0.001836664086566434,0.00048373700878035587
N5348HD,0.03050729249472275,0.2496597135929349,0.295026157739616,0.3416391166535617,0.08316771951916467
N5351HD,0.6415186816878466,0.31947354896533386,0.032920449687492276,0.004543245180394648,0.0015440744789325244
N5354HD,0.006349521772523519,0.016243202757027366,0.39937086185345516,0.544723110912547,0.03331330270444687
N5355HD,0.5949533688411341,0.38430116409709525,0.013286131059419632,0.004930816707916519,0.0025285192944343574
N5362HD,0.8796550305520988,0.11515741375915123,0.0038987770041508784,0.0007980466690549016,0.0004907320155441958
N5364HD,0.7351240967664872,0.24747025651119606,0.012456896429140198,0.0034835843787685483,0.0014651659144080417
N1264HD,0.03839350458755924,0.9051993741472198,0.048413997090538244,0.0060769456833366,0.0019161784913460471
N4985HD,0.3968998078196197,0.5332605852198266,0.0524255417259604,0.013227952233036655,0.004186113001556607
N5368HD,0.015554265047098764,0.057530387406148256,0.3013453884735174,0.5388380132656172,0.0867319458076184
N5371HD,0.868342532176329,0.12226946200689937,0.00625962667625623,0.002169253267954905,0.0009591258725606742
N5372HD,0.7658575724979676,0.21803031604603765,0.012753767883958572,0.0024172781882607535,0.0009410653837753514
N5373HD,0.5238672602262419,0.4651925129257151,0.007703692970639498,0.00229090250015703,0.0009456313772465559
N5374HD,0.5747220504038242,0.40519876008640865,0.016152619221606306,0.0025617807780062944,0.0013647895101545563
N5377HD,0.6559170591591822,0.3308166273707129,0.010439702771971095,0.001835793027982731,0.0009908176701510245
N5379HD,0.712714750220137,0.2735468567090415,0.010746023813245315,0.002128564966569056,0.0008638042910071425
N5381HD,0.1433944309786241,0.3576188207295111,0.2642495940633575,0.18310649321379516,0.05163066101471212
N5383HD,0.33707182895272303,0.37715183584491596,0.1851000215259845,0.07886727466681652,0.02180903900956012
N5385HD,0.8541717549250833,0.14264489533693492,0.002279203696826349,0.0005762283124786627,0.0003279177286765847
N5387HD,0.061140478490303164,0.4728703428656362,0.34224032897009654,0.09945142126417944,0.024297428409784737
N5388HD,0.07346262138207275,0.23746442038297103,0.3350700503502877,0.29016176166979635,0.06384114621487215
N5389HD,0.04102772511537755,0.5210658508156786,0.38964992312103797,0.03689498415984452,0.011361516788061344
N5391HD,0.6401489390221398,0.3086840818481649,0.03857456471081762,0.009354049995006214,0.0032383644238713947
N5393HD,0.37984589699804067,0.6043894659662695,0.010845263181752647,0.003536953143597561,0.001382420710339501
N5395HD,0.8243069275391767,0.15043879143359176,0.017636936022781737,0.005766768098397015,0.0018505769060527077
N5397HD,0.7058810843788931,0.26855512961649736,0.01690283979369032,0.006814122461466939,0.001846823749452276
N5398HD,0.842431210838892,0.13886158290329828,0.013348308950379398,0.004012929161553163,0.0013459681458774084
N5386HD,0.07168985849718643,0.4379317262999402,0.4645179127523131,0.02016716205009557,0.005693340400464789
N2483HD,0.8758467286046878,0.11518174032427217,0.0056255117382581895,0.0020587055900473787,0.0012873137427343035
N5402HD,0.7948689828740423,0.19623893560266303,0.006262060982329029,0.0016141851249671139,0.0010158354159983743
N5404HD,0.699963519397851,0.2580810211486914,0.025307260152793404,0.013233595882768694,0.0034146034178953798
N5405HD,0.9477148176112581,0.04979632494505393,0.0017003382325821545,0.0005691271123766386,0.00021939209872923692
N5407HD,0.40159918981755316,0.45810315322669504,0.08498045635512322,0.04475361306688791,0.010563587533740508
N5414HD,0.407860884805491,0.5843659071244278,0.0061419835627134775,0.0010665670256267544,0.0005646574817409211
N5415HD,0.8789107801469113,0.11495327069088679,0.004716444885102995,0.000934269067974329,0.0004852352091245699
N5416HD,0.15733373064130127,0.8090697427530189,0.026998259138004865,0.004469980752467912,0.0021282867152069315
N5421HD,0.8182373728095935,0.15588559240543048,0.01746244043581018,0.006368612057081883,0.0020459822920837335
N5430HD,0.819713851431396,0.1678847332658753,0.0074727652933785724,0.0038644455516069444,0.0010642044577432903
N5431HD,0.035474796189105276,0.2711340168150514,0.6584672264217158,0.028377894342108433,0.006546066232018983
N5432HD,0.7210240862473419,0.2598415637710133,0.012647070981184255,0.004981887408875434,0.0015053915915849477
N5437HD,0.8137838174792836,0.17342373571478692,0.008760452924941972,0.002714113802198524,0.0013178800787889233
N4225HD,0.36308991498340987,0.5417226719586596,0.07739418996319239,0.013347499056345845,0.004445724038392349
N5123HD,0.49042623090924614,0.45236021514674446,0.04390370614899795,0.010325290045224655,0.00298455774978677
N9187HC,0.04567272537060967,0.22081606246914148,0.37269045335589107,0.3045257024203177,0.05629505638404003
N5439HD,0.30608015288799195,0.5449834825049429,0.10325212724245547,0.03446322716905061,0.011221010195559211
