ncode,proba_0,proba_1,proba_2,proba_3,proba_4
N4541HD,0.744501828145014,0.23303283660260965,0.015928588395856345,0.004316958643370174,0.0022197882131498405
N4397HD,0.022153526645317712,0.14948227289565183,0.4975757738212226,0.27553925789381956,0.0552491687439882
N4544HD,0.891092147646593,0.10355063526125274,0.003479731386894667,0.0012811100682142836,0.0005963756370453578
N4545HD,0.07753007501622985,0.4058891454616893,0.3460592489354967,0.10955443290417745,0.06096709768240668
N4546HD,0.2655950413764037,0.7046185098004162,0.025835837619353545,0.0025223296995768862,0.0014282815042497689
N4550HD,0.8505616062192519,0.1424320762467523,0.004454741493243757,0.0015763026798480623,0.0009752733609038829
N4551HD,0.7355753098693943,0.2528027679580925,0.008661721207516697,0.0021683365818365437,0.0007918643831598484
N4554HD,0.0514565101722736,0.2822175849913342,0.5980937606942046,0.05701276205571164,0.011219382086475889
N4555HD,0.2662241343811591,0.545960292979021,0.16186742095198398,0.02117434715774685,0.004773804530089071
N4556HD,0.34540939906136664,0.48364356256794494,0.11762460728774311,0.042512389657808784,0.010810041425136642
N4563HD,0.39321157253513045,0.49802254811583,0.08733154322683677,0.016909867660478417,0.0045244684617244246
N4567HD,0.8791097029034831,0.11251662808026708,0.004726361445456314,0.0023358913898056536,0.0013114161809877696
N4561HD,0.8274912858839553,0.16514634250393162,0.004830895120808,0.0017335813701793463,0.0007978951211257328
N4571HD,0.3496466016055437,0.5552264771086731,0.07273022270241715,0.01692286584652187,0.005473832736844025
N4574HD,0.9444431141360697,0.052461337148823624,0.0018768772699618828,0.0007881518670317402,0.000430519578113018
N4575HD,0.5369120592458492,0.43484548480084106,0.023222644747831346,0.003534722130450075,0.001485089075028384
N4579HD,0.3275636049634216,0.5831107524367387,0.07037734238875093,0.014038076925042763,0.004910223286046143
N4581HD,0.2547231372527659,0.6963632748097117,0.04220338445098871,0.004822873449141896,0.00188733003739166
N4584HD,0.2563453129282843,0.7102102052333792,0.029023884915963104,0.0028036003543911786,0.0016169965679822193
N4578HD,0.7941946589588669,0.1966199113553107,0.006965539516339244,0.0015285198057116323,0.00069137036377141
N4590HD,0.18455703057333292,0.7744987113109943,0.036288036818209954,0.0034139858516613096,0.0012422354458015887
N4593HD,0.010512866956762729,0.043812815769049246,0.3637390313825766,0.5405870350269925,0.04134825086461886
N4151HD,0.11420462260040297,0.37716303651041194,0.3080575409725022,0.16109559752408842,0.0394792023925945
N4594HD,0.8373944208395535,0.15497659825835564,0.005209375856946341,0.0015946757628405883,0.0008249292823039681
N4600HD,0.2199971138302337,0.5700140310855314,0.1778032058197783,0.02682335769056371,0.005362291573892922
N4605HD,0.036498526620065246,0.2020853317390656,0.637265487686331,0.115704930455055,0.008445723499483259
N4612HD,0.3643412516812056,0.56055012402909,0.06062434671863016,0.011270281991364038,0.003213995579710152
N1701HC,0.2549327566317931,0.6152116149264583,0.09922408132857223,0.0225288352910791,0.008102711822097196
N3705HD,0.00621813290857199,0.03486348895061527,0.23026167115587343,0.40607246997281465,0.3225842370121247
N4589HD,0.6269737081766413,0.3243082912792115,0.03357910399845405,0.010969196545527101,0.004169700000166087
N4339HD,0.919206640863295,0.07682964536564614,0.0023610928672546483,0.0010203325594223577,0.0005822883443820049
N4615HD,0.025341163232710708,0.1584734856158239,0.2856714261818469,0.4115423195730871,0.11897160539653143
N4618HD,0.8871560314154244,0.10554334117635898,0.004293213854507756,0.002101773339391813,0.0009056402143168872
N4624HD,0.5324986439163732,0.45669854520243097,0.008630707318385318,0.0014542634416253434,0.000717840121185094
N4626HD,0.7733202613893041,0.2063195305338513,0.015070226054430631,0.003945484066158976,0.001344497956255002
N4628HD,0.1044167417143446,0.7359548008090203,0.13459402269084722,0.01809557827585048,0.006938856509937111
N4638HD,0.10206234653135242,0.4232477577041587,0.2534104081070171,0.16065404474376097,0.06062544291371083
N4639HD,0.7698813148453396,0.2061837860607851,0.016707310831915352,0.005141368439217614,0.002086219822742426
N4642HD,0.9067156711090648,0.08903580337634648,0.0027088687889994466,0.001035746077670666,0.0005039106479185914
N4646HD,0.9323190585791478,0.06385764948566706,0.0023466810252039455,0.0009649382557585924,0.0005116726542227586
N4631HD,0.8356080125286433,0.15441586815256939,0.007060930439900371,0.0021490960398353,0.0007660928390517847
N4656HD,0.03907466680763649,0.1671863440611799,0.4988828458984619,0.22963741918341843,0.06521872404930326
N4658HD,0.8142113844298042,0.16984551705678277,0.011348594121642993,0.0033706821215082404,0.0012238222702616707
N4661HD,0.8511103928951119,0.1387819182838277,0.006752655498127572,0.0022855154324857175,0.001069517890447243
N4665HD,0.8308672007222189,0.15737299521618692,0.008262895971582635,0.002462320375763009,0.0010345877142486286
N4667HD,0.8848863681200283,0.10930626578842062,0.0038253731990078583,0.001277970364502893,0.000704022528040383
N4669HD,0.7238515588928305,0.2623360639513208,0.009986929102900518,0.00273087363433594,0.0010945744186122747
N4673HD,0.2423932281271327,0.6049609418447959,0.12210039789000768,0.022424820763330276,0.008120611374733524
N0760HD,0.10409669001032677,0.7868784679005648,0.09357479704822479,0.011694458227941676,0.003755586812941994
N4672HD,0.6295044536511424,0.3041717520598971,0.044140221768320206,0.017576420725762622,0.004607151794877516
N2593HD,0.8952817227575501,0.09872624116517767,0.003702143023876701,0.0015086810544400464,0.0007812119989555223
N4677HD,0.20399339774187109,0.7137548738655998,0.07195136059389437,0.007760935136969144,0.0025394326616656328
N4680HD,0.11184151803975971,0.3907341863422303,0.36927935760576236,0.1100737918889155,0.0180711461233321
N4688HD,0.007964825865867903,0.028841728793171276,0.2514963383796051,0.5805814430558099,0.13111566390554583
N4689HD,0.8765753170595647,0.11669692935871233,0.0043547896245838,0.0015732933602067955,0.0007996705969322203
N4691HD,0.16346824781589175,0.47773132523206785,0.2448329325927242,0.07974561079098408,0.034221883568332
N4692HD,0.6310239995294049,0.32912446253190714,0.026042489297704755,0.009028366842702036,0.004780681798281087
N4694HD,0.02215634364747029,0.13437841249175142,0.6201067447845355,0.20046858600330567,0.022889913072937133
N4695HD,0.16568198812835055,0.742716349460086,0.08035656582247072,0.008194163526939616,0.0030509330621532305
N4699HD,0.4471887364858614,0.4928598840479534,0.04564125732076981,0.010676849818620354,0.0036332723267950007
N4703HD,0.36692365807594984,0.45173091608668114,0.10713896617953998,0.049713368414221394,0.024493091243607507
N4704HD,0.004137040530755317,0.01189032069917362,0.4073444765225642,0.5527686047878421,0.023859557459664747
N4708HD,0.9267397445993865,0.0696402661136946,0.00225754726152233,0.0009426143487441454,0.00041982767665268934
N4714HD,0.6106897813713852,0.3488779867506906,0.0265879248233653,0.00920844964695127,0.004635857407607468
N4721HD,0.12549395029095547,0.7122776403055724,0.1338569655588725,0.020990157148068726,0.007381286696530958
N4722HD,0.8651796182288439,0.12931032760690775,0.003832727775796597,0.0011253291407170348,0.0005519972477346341
N4724HD,0.18099263763861634,0.7505081257226267,0.0598233041104494,0.006405443701813178,0.0022704888264942083
N4726HD,0.04966327881703824,0.877019901723395,0.06743716191864935,0.004235388419556049,0.0016442691213613713
N4735HD,0.6929480451180282,0.29591618426522165,0.007761600800488597,0.002215318641696794,0.0011588511745646644
N4063HD,0.5693764038022497,0.37390846803609923,0.037576791147595545,0.013135136830997199,0.006003200183058235
N4712HD,0.8024058617859974,0.18731310005766225,0.007441214316334223,0.0019722865399786037,0.0008675373000276374
N4738HD,0.2797570056182839,0.6127958500912662,0.08579744219244508,0.016709176900672394,0.0049405251973323235
N4740HD,0.031503562383732725,0.10519535756326197,0.33211321074473454,0.4447036773107801,0.08648419199749056
N4742HD,0.01916168024316165,0.05287761428821318,0.35518953414077525,0.4451594984234188,0.12761167290443112
N4745HD,0.8344479026756464,0.15239768137616128,0.009572567861490744,0.0026177558177505962,0.0009640922689511198
N4747HD,0.7949084186759843,0.1841485250998502,0.014002779792425998,0.004695219546049421,0.002245056885690212
N4750HD,0.6844701574646459,0.28498041399650503,0.020417140240523463,0.007179973145270003,0.0029523151530554776
N4752HD,0.014111983195001539,0.14729345235598784,0.562985657169182,0.23093826001493098,0.04467064726489768
N4754HD,0.8186729746078943,0.17217505156175525,0.007041745069212678,0.0014810329665869565,0.0006291957945505327
N4755HD,0.2691961962064938,0.563842518696791,0.12991642738043732,0.027978108539984285,0.009066749176293515
N4756HD,0.4586121606557023,0.4934436453649167,0.03752124011190684,0.007891740829613513,0.002531213037860509
N4757HD,0.8461839685307946,0.1436370788789675,0.0076959571954020875,0.0018143779520340276,0.0006686174428018623
N4759HD,0.26627727326115014,0.6790246027238451,0.04326633098051505,0.008034864752379727,0.0033969282821099513
N4762HD,0.2949073106023569,0.636598848241325,0.05894367878812525,0.006792682915960784,0.002757479452232143
N4763HD,0.6145011013401154,0.3519938753366402,0.02230074916151218,0.007280623380203626,0.003923650781528535
N4767HD,0.7841405752843295,0.19559083348660028,0.014547761531937018,0.00432235229173733,0.001398477405396126
N4769HD,0.0411113521294824,0.15123001496064814,0.6506315858544132,0.14334386865817636,0.013683178397279915
N4770HD,0.776203930440316,0.20662067391964206,0.012353110976470173,0.0034783407761054866,0.0013439438874663413
N4676HD,0.47352331682109305,0.41685506999671273,0.07726613469930446,0.023756430954281836,0.008599047528607929
N4614HD,0.6788562626613145,0.27856951026697924,0.030081188545649763,0.009411636804624776,0.0030814017214316415
N4774HD,0.31120704915943825,0.590726547861607,0.07552557635760128,0.01767090881470605,0.0048699178066474655
N4778HD,0.05128958245569965,0.475688233838593,0.3391694455438256,0.10308742351246626,0.030765314649415353
N4780HD,0.006286799799556311,0.041985790663748745,0.2784206528461533,0.40215341819075223,0.2711533384997893
N4783HD,0.5895250838402808,0.38169464283475424,0.022354654038940935,0.004606708021793752,0.0018189112642302081
N4789HD,0.822305092497481,0.15955200526888133,0.011762248403485722,0.004296659987480201,0.0020839938426717064
N4792HD,0.4933956511611572,0.49464574626797786,0.009897327499497505,0.0013903584155142764,0.0006709166558534271
N4793HD,0.0466604370062516,0.7992448833293821,0.12946182060469547,0.01738213448149349,0.007250724578177135
N4794HD,0.006829586181450899,0.026881214098179756,0.32382605584007806,0.5896086532984373,0.05285449058185405
N4799HD,0.6893602110537577,0.2901541254179242,0.01585583238737958,0.003330003559032533,0.0012998275819060493
N4800HD,0.9267155603033378,0.06878345479877007,0.0027345248646208687,0.001122426143176694,0.0006440338900946691
N4808HD,0.09430319539075162,0.877810456028619,0.024425400715664868,0.0023491234926691796,0.0011118243722952135
N4809HD,0.6196046693971019,0.34651922619712927,0.02260356963411159,0.007547345982439002,0.003725188789218111
N4634HD,0.7474040461449614,0.22324448735140046,0.020598149786685224,0.006649927545243394,0.002103389171709432
N4784HD,0.880225496596029,0.11268623537778616,0.00481242380073984,0.0014990270851048077,0.0007768171403402747
N4815HD,0.9067987302545274,0.08881812739588267,0.0028400529298550693,0.0010156662431913155,0.0005274231765436034
N4816HD,0.7422638056445665,0.23388822971639134,0.017611420363192243,0.004788812017041005,0.0014477322588089343
N4817HD,0.4937654299784112,0.4624573777257589,0.03493089066343538,0.006270444360760337,0.0025758572716343318
N4818HD,0.9075176639553033,0.08693041519965317,0.0033635554234318385,0.0014333915084992323,0.0007549739131124608
N4821HD,0.04104507993754908,0.9301511646244698,0.025182639391144613,0.0027154378150689353,0.0009056782317674472
N4830HD,0.8684740007278507,0.12115253103519216,0.007279339316907804,0.0022051380447718526,0.0008889908752776123
N4748HD,0.8600468501035065,0.13174883078289226,0.005655701573456842,0.0018062184342872497,0.0007423991058571121
N4684HD,0.8278957468310959,0.1639974362034645,0.005542745108720728,0.001646044392489377,0.0009180274642295778
N0389HD,0.039336598942035124,0.9251261997432625,0.03215744556261987,0.002315822829650077,0.0010639329224322862
N4796HD,0.3655073654191403,0.5537321923564296,0.0665793968033409,0.010742209114063341,0.003438836307025824
N4834HD,0.004456179170520537,0.016877334785135385,0.4509890339644201,0.4965663883390943,0.03111106374082986
N4835HD,0.0829374335848536,0.8912173883433063,0.02293779836278291,0.0020350133387448226,0.0008723663703123211
N4837HD,0.5642893583888503,0.4226084018791673,0.010782974072501237,0.0015225472587828788,0.0007967184006983548
N4838HD,0.06348710752805463,0.9095349203570593,0.02344156622371901,0.002323186358768533,0.0012132195323984539
N4839HD,0.03645371488184237,0.3444429634650628,0.5542715956545197,0.05317182009389394,0.011659905904681233
N4842HD,0.7623335176424217,0.2175548149978472,0.014464890326725426,0.004196261666112905,0.0014505153668927988
N4844HD,0.9226622975015866,0.07360427598868921,0.002438433477973879,0.000867703338273016,0.00042728969347749783
N4846HD,0.1740296185604775,0.5297161083033952,0.22255849442689393,0.054414516811787536,0.01928126189744596
N4847HD,0.855215580754953,0.137465748910228,0.0053750502873988176,0.0012944627295945084,0.000649157317825478
N4849HD,0.4417175756140974,0.5070208255432869,0.03967569346385903,0.008027774588737211,0.003558130790019561
N4852HD,0.0350666311592399,0.3986079270349616,0.527581247433806,0.0320408398366074,0.006703354535385144
N4853HD,0.6476745229977556,0.32979919853184336,0.01791199526755448,0.0034388111501893813,0.0011754720526570529
N4856HD,0.8363028029076256,0.15729396056261433,0.0043589547501410135,0.0014140729246351052,0.0006302088549840255
N4858HD,0.8177087194127346,0.1719363558745955,0.006946742626469604,0.002272984538482182,0.0011351975477182357
N4860HD,0.24129493241159292,0.7076888524778338,0.042215903042299496,0.005918901719161662,0.002881410349112193
N4861HD,0.8810511175362951,0.11451620040947975,0.0030375957345624514,0.0008888628279213712,0.0005062234917413465
N4863HD,0.5243136454937748,0.46205000730047985,0.01040643636191728,0.0020988610622550276,0.0011310497815731413
N4864HD,0.7630635648595866,0.22529661911192622,0.008824118910007124,0.0019491574147400756,0.0008665397037401206
N4866HD,0.7946195004949507,0.19178650878014272,0.00938376787404363,0.0027777668073301768,0.0014324560435329116
N4012HD,0.710842168242506,0.2684046352150858,0.015651601745000365,0.0036025223827469014,0.0014990724146608234
N4825HD,0.2993722871600858,0.5671082867020801,0.10109208953947146,0.024875107127127562,0.0075522294712350065
N4875HD,0.07056220493076668,0.6531399727661277,0.2220461822020734,0.04150450594959767,0.012747134151434662
N4878HD,0.053016150466032884,0.28618312299526316,0.4051097057929897,0.20583234561399116,0.04985867513172315
N4883HD,0.028352657780210257,0.24631358635634407,0.6522962684078627,0.06497188623405391,0.008065601221529066
N4884HD,0.651027447053138,0.31352468176539755,0.027780910715323407,0.005829993961253294,0.001836966504887582
N4887HD,0.23743054630293353,0.7016082736922657,0.05200624099709297,0.0067691784501649034,0.0021857605575428445
N4891HD,0.6725637121119628,0.29789205535572527,0.02305339916618598,0.005013373390896544,0.001477459975229587
N4892HD,0.17529306103144726,0.7729287504217583,0.044547977232178834,0.0052790722663909355,0.0019511390482244472
N4895HD,0.7965381616386267,0.186752392442755,0.012176544245933878,0.00332056609043543,0.001212335582249136
N4899HD,0.6862701625855553,0.3002150004321506,0.009972392972403666,0.002371283896658379,0.0011711601132321796
N4898HD,0.5223183224442891,0.4375520994430687,0.033171079584529924,0.0050809911461159925,0.0018775073819963207
N4902HD,0.5611660585065055,0.3654057829757867,0.05065280099336069,0.01624697346291684,0.0065283840614303625
N4904HD,0.06632036746488076,0.260461565448299,0.46699503839392137,0.1834602745624043,0.02276275413049455
N4906HD,0.8220598079269689,0.16667982448428328,0.008007395092708538,0.0023257002321681076,0.0009272722638711241
N4909HD,0.644418656800832,0.32351962939720424,0.023893705553274146,0.005849149568585763,0.002318858680103782
N4912HD,0.7047524373882238,0.2731335048118865,0.017665809126589067,0.0032318606933338873,0.0012163879799668431
N4913HD,0.658475023406645,0.31452671341459143,0.02133679855173274,0.004327885617305402,0.0013335790097254187
N4914HD,0.1471642134646718,0.7255582487037369,0.11270090745355361,0.01131590999900342,0.003260720379034321
N4908HD,0.8965356349876038,0.09963216484480313,0.002645243414605148,0.0007651058041960232,0.0004218509487919155
N4937HD,0.8751225454869891,0.11979420992819602,0.0032574971926884596,0.001164893908226768,0.0006608534838996627
N4938HD,0.907372756757871,0.08809608162008209,0.003070118089675736,0.0009388885998943486,0.0005221549324765852
N4949HD,0.8735487492613165,0.12002786652811333,0.004225312080133919,0.00139242019400758,0.0008056519364286432
N4952HD,0.8055801100993079,0.17758431743069533,0.01171332028899979,0.003754001924146848,0.00136825025685026
N4954HD,0.4813936207870232,0.48591686730482775,0.027073812727152355,0.004270755815915672,0.001344943365081201
N7917HB,0.8942243941760253,0.10073413453260321,0.003322187698616113,0.0011453760814525552,0.000573907511302906
N4951HD,0.7322514031688516,0.2549910880404915,0.009374132997799711,0.0022753635383815154,0.0011080122544757016
N0385HC,0.16228744206635592,0.5515255352949693,0.22848493268472245,0.044346679284267776,0.013355410669684657
N3920HD,0.29980856637927356,0.6089726901910067,0.07722714441489446,0.010560613383601206,0.0034309856312240332
N9498GW,0.7700841056088685,0.214963480969783,0.011537668739407788,0.0024289598715592268,0.0009857848103814791
N4961HD,0.9092067324365491,0.08703173278461962,0.002632816256386917,0.0007500215066624082,0.00037869701578171507
N4965HD,0.15939676691946703,0.4619475724723576,0.28787981172275035,0.08091643862548134,0.009859410259943946
N4967HD,0.6265632326577201,0.3180231857871388,0.03793287942148023,0.012971976629583763,0.004508725504076918
N4968HD,0.39612153947164125,0.48593134808331,0.07590589319377943,0.03116779679847143,0.010873422452797796
N4973HD,0.7921635270985256,0.1905906830544819,0.011971525707843832,0.004023877694416345,0.0012503864447323079
N4976HD,0.025779097402173694,0.42997360842467397,0.4856350045363037,0.049668772108521116,0.008943517528327562
N4977HD,0.40732057690362283,0.5661128184976696,0.022035115451149036,0.0031739323945302856,0.0013575567530282008
N4978HD,0.6871354447019806,0.2746589347119431,0.024759057235930877,0.010122298687464282,0.003324264662681184
N4982HD,0.3356809475619924,0.5512337903364248,0.08283327866153388,0.022546956595676817,0.007705026844372009
N4983HD,0.07533111060274185,0.23104931106555326,0.3930139447514435,0.26353797545286256,0.03706765812739886
N4984HD,0.8803296951106412,0.11478292731543845,0.003564977523196323,0.0008609053926398434,0.00046149465808426006
N4992HD,0.02762653112606787,0.2042082612759504,0.38703078313804734,0.3239459852791654,0.05718843918076885
N5000HD,0.597018531996803,0.35269016356157745,0.037922587305474285,0.00948005618921665,0.0028886609469285477
N5006HD,0.5066991252838291,0.46433413663436474,0.023083407583960238,0.004443536762169862,0.0014397937356761784
N5007HD,0.721809760118276,0.24882428776201487,0.02017126722217849,0.0065723884461440125,0.002622296451386783
N5008HD,0.3023828024108634,0.643097453408572,0.04595289590909992,0.006572988626158851,0.001993859645305831
N5011HD,0.2695421723098743,0.688040194546845,0.03548731561813209,0.004609134193561321,0.0023211833315872725
N5020HD,0.6232751059544671,0.3461391129316642,0.022119885299617392,0.00609041624409917,0.002375479570152216
N5024HD,0.8465147851299982,0.1421405914992205,0.008126114005526437,0.0023764162398460797,0.0008420931254087648
N4826HD,0.8809802849979484,0.11262624089956784,0.004234327663411542,0.0014767972559384906,0.0006823491831336396
N5032HD,0.8452435693402558,0.1425777849373006,0.008731745733168867,0.002553755678210672,0.0008931443110639183
N5041HD,0.8497101372684729,0.1416362987436754,0.0058850520787192,0.0019013751018390661,0.0008671368072932117
N5043HD,0.9201601035290103,0.07355870513023001,0.004314089764269299,0.0012335870543083076,0.0007335145221822124
N5044HD,0.3878583328750604,0.5287260150690845,0.06172301217627785,0.015253247263754141,0.0064393926158232695
N5045HD,0.790407976043543,0.19657806135609682,0.009702941491906081,0.002268225910676937,0.0010427951977772514
N5004HD,0.8880189206129332,0.10433839484997759,0.004973538541889084,0.0017799382519718587,0.0008892077432283568
N5055HD,0.5379974660127244,0.3895915311224724,0.051666725766678745,0.016533253129564236,0.004211023968560214
N5056HD,0.11029415118277029,0.3447319340133414,0.3546334549585601,0.1330336720986395,0.05730678774668877
N5057HD,0.6715966265014107,0.31006861788772017,0.0146179136010446,0.002666445192228452,0.0010503968175960491
N5059HD,0.5181832930231917,0.41306136983503283,0.05337501160367054,0.011576225026409027,0.0038041005116958605
N5061HD,0.4297318761155491,0.49798957563790397,0.057815325966589115,0.010696354698585995,0.00376686758137193
N5018HD,0.9082912255098984,0.08713608154654238,0.002990883499723877,0.0010372847433213184,0.000544524700514084
N4896HD,0.7387540683751449,0.23887404943248616,0.016926245589747837,0.004129909381611082,0.0013157272210100142
N5064HD,0.735383400643289,0.23715149563560653,0.01958767015496404,0.006167577387053729,0.001709856179086523
N5065HD,0.5982792949817561,0.3739346865261085,0.02194563090107658,0.004306438609410355,0.001533948981648447
N5067HD,0.26292600590792625,0.5795605192619416,0.12027861339691608,0.029731193850844648,0.0075036675823712895
N5070HD,0.06971673839738736,0.5760983189563763,0.31303770925228985,0.034775470164552014,0.0063717632293944755
N5071HD,0.24314423885581204,0.7079097109620329,0.04147718994653256,0.005032523078508422,0.002436337157113969
N5072HD,0.2560925051609415,0.703611687384654,0.034095489442908085,0.004210167095954648,0.0019901509155420536
N5074HD,0.789042296193336,0.19271761984422767,0.012777600411756114,0.0035511539238752446,0.0019113296268049751
N5075HD,0.9378561040167943,0.05880801382118036,0.001948266742114105,0.0009051339802686421,0.00048248143964243383
N4923HD,0.8112954764601417,0.17006725423417784,0.012786460961469277,0.004041628666205659,0.0018091796780056028
N5076HD,0.7742174742602963,0.20980254233119044,0.012110477945993658,0.00296157248151412,0.0009079329810053735
N5079HD,0.02061104718868553,0.10021774121690437,0.4845708148560893,0.35706796990729794,0.037532426831022696
N5080HD,0.6321652432129892,0.34628197386802106,0.014773942086363647,0.004631103872257209,0.002147736960368799
N5082HD,0.7381529674775903,0.22855967206540836,0.02301777563420005,0.007235385084181992,0.003034199738619009
N5083HD,0.6269229040672037,0.33005460186412866,0.031439828905321814,0.00903042246745984,0.002552242695886035
N5085HD,0.1462560915680762,0.7440722187506454,0.09531854174351477,0.011056329294756327,0.0032968186430073388
N5051HD,0.3056750732668776,0.6612102309432046,0.028672360575115966,0.003167772203874424,0.0012745630109274103
N5039HD,0.0717152594516981,0.3976645633927392,0.3637272900613694,0.13114578106574987,0.035747106028443484
N5088HD,0.8970848869922184,0.09773147447115682,0.00348639284576618,0.0010785152285522038,0.0006187304623064861
N5091HD,0.05641104840468463,0.9300390695909728,0.01199857102506825,0.0010714096845170077,0.0004799012947572569
N5093HD,0.021174503752125946,0.192207825284885,0.452291378525336,0.2604226659846429,0.07390362645301023
N5100HD,0.010307143311701123,0.03566270694754331,0.33357149092147304,0.5691042619843752,0.051354396834907196
N5103HD,0.08169997842415072,0.3936185047584953,0.3771362354417136,0.11181424646491327,0.03573103491072719
N5104HD,0.9444755391160458,0.05248850801978151,0.0019389498156882998,0.0007347308906703008,0.00036227215781413054
N5105HD,0.7831851377372719,0.19779769158616578,0.01132841675260508,0.005136548707512235,0.002552205216445103
N5106HD,0.7363082149674735,0.23851366294080945,0.01809568555862945,0.005379266449674786,0.0017031700834129425
N5109HD,0.5410310782341339,0.44145054078559126,0.014334464077937379,0.002246249877098501,0.0009376670252390197
N5112HD,0.4708935684160001,0.45902199375126723,0.0536059023348147,0.01200931871369371,0.004469216784224249
N5115HD,0.8374299076906677,0.1498990831520431,0.00926978236224556,0.00241537934337254,0.0009858474516709242
N5120HD,0.012941427955043681,0.0704030409092512,0.4152359969711412,0.4232232274435554,0.07819630672100841
N5121HD,0.5993633525793167,0.36773753207987414,0.022756072033633876,0.007258747877197626,0.002884295429977609
N5122HD,0.4864889657179488,0.41808715421815135,0.06941860975894779,0.01984165386905362,0.006163616435898626
N8305HB,0.8464915485171828,0.1459281704351146,0.005238143789631208,0.0015817439657890972,0.0007603932922824712
N5126HD,0.03826919720292729,0.11554953414612354,0.3841645689306233,0.37553425205323976,0.08648244766708611
N5128HD,0.9019498634674009,0.09244234187553804,0.0035505481624385046,0.001413608032071039,0.0006436384625515026
N5133HD,0.011287755033264636,0.061950197450669285,0.4578826946112928,0.42838844934330034,0.040490903561472905
N5135HD,0.7956461089661804,0.18854401632992365,0.011577116500581703,0.0031789127821797276,0.0010538454211345577
N5143HD,0.8037856365263484,0.18653882054830842,0.007397792704040994,0.0015969706845756523,0.0006807795367267193
N5144HD,0.25404033537992626,0.6574743276990994,0.07163894114200499,0.012596940933056236,0.004249454845913114
N5149HD,0.25331008689471707,0.5736685554200925,0.13603989615673698,0.02938046150354398,0.007601000024909464
N5152HD,0.25028610290314995,0.6943453780974108,0.047614407741834446,0.0060401883344673715,0.0017139229231373748
N4394HD,0.20961685654437975,0.5786773525898179,0.16447574560505637,0.036263523553708946,0.010966521707037076
N5029HD,0.18286320909885126,0.6865343538144897,0.10543294292768639,0.018347761240984983,0.006821732917987796
N4368HD,0.9321740072480504,0.06465223658630787,0.0018654436678410434,0.0008400043062222415,0.0004683081915784725
N5013HD,0.27659355326651475,0.5877048606054206,0.0992545597725624,0.02694524034031975,0.009501786015182388
N5153HD,0.35127032368630534,0.5733752671039462,0.06303169385996171,0.009442491172015932,0.0028802241777707654
N5157HD,0.8810724219950172,0.11277314915000655,0.003941725856790395,0.00142101596113718,0.0007916870370487452
N5170HD,0.6680571190560758,0.30129283034637816,0.022396586890367897,0.005700513905724551,0.002552949801453539
N5172HD,0.7260882501685825,0.2403304190051737,0.024953256877118416,0.006984871387383081,0.0016432025617423814
N5173HD,0.6667199595023507,0.2934121350729603,0.02933518299838623,0.007547113368765955,0.0029856090575368145
N5147HD,0.6554380176782189,0.3221019119663767,0.016306939252327318,0.003997917815183267,0.0021552132878940537
N5178HD,0.7226960834609529,0.24867046993537062,0.021635171889539957,0.005262050428534361,0.0017362242856022705
N5180HD,0.5089386720816643,0.4417028172752925,0.03796664956556346,0.008510617331386255,0.002881243746093474
N5181HD,0.4358372337322335,0.486150609106307,0.0612334285525116,0.011950100074568933,0.004828628534378851
N5182HD,0.8931957576054881,0.10180032366322904,0.0033402425839418764,0.0010663102869549106,0.0005973658603860608
N5183HD,0.1050773288757694,0.8733942387837306,0.01886201221018288,0.0018049672794564152,0.0008614528508607235
N5185HD,0.11298138885020154,0.21748481223294777,0.43206239974448746,0.2072601247856877,0.030211274386675722
N5187HD,0.2341516832626961,0.5597312617788884,0.1571606778928115,0.03786575299198929,0.011090624073614776
N5188HD,0.16439086096981456,0.4327730488290554,0.2363450604624582,0.13563202740217345,0.030859002336498517
N5190HD,0.008018683618629728,0.03330852400232727,0.3110163830916786,0.5875358668188879,0.060120542468476576
N5192HD,0.526715690184493,0.4614465289287387,0.009936988496893236,0.0012735058944513874,0.0006272864954236035
N5193HD,0.6876071857711565,0.28271015920432047,0.02212468972366496,0.0057632891514566905,0.001794676149401312
N5197HD,0.8657074741659545,0.12635711554176068,0.005925765852913124,0.0014439813249202866,0.0005656631144515324
N5198HD,0.2166209648736117,0.4748570451575978,0.18961712596106603,0.09737234656108196,0.021532517446642547
N5199HD,0.6918727524030939,0.2683789416307955,0.029859092956804688,0.007672740650106399,0.002216472359199319
N5200HD,0.7892392185494536,0.19240438463120593,0.012739841256366714,0.003770909984571328,0.0018456455784023793
N5203HD,0.022994308136440336,0.12600899186503822,0.35327404253200123,0.3659364807196461,0.13178617674687404
N5209HD,0.020362837569295276,0.05617874546870572,0.40999556532660575,0.4685679226462636,0.0448949289891296
N5212HD,0.8139763399105164,0.175124998490766,0.008037912062850275,0.0020164609609252715,0.0008442885749421245
N5215HD,0.5012840175957314,0.4510657759308966,0.036648011793879276,0.008355670056004731,0.0026465246234880593
N3574HD,0.8541166130711076,0.13242183614796016,0.007455460201817985,0.00395161586651252,0.0020544747126017503
N4760HD,0.11545096256008952,0.5535146988473949,0.26064962605734177,0.05488862764233755,0.015496084892836303
N5225HD,0.823432899545587,0.16723354141397298,0.007144468918384677,0.0015315519520849579,0.0006575381699701915
N5226HD,0.5665724049818587,0.3707372106046175,0.04466377515283659,0.014383500720868119,0.0036431085398191364
N5227HD,0.6888289931804545,0.27411770416988074,0.026413738183986065,0.007564189311678147,0.003075375154000599
N5233HD,0.016471121269215024,0.10338537251064178,0.31925256049736755,0.3604891595538987,0.20040178616887694
N5238HD,0.8180151789238506,0.16526477871877562,0.01122428517994791,0.0035404289880479325,0.0019553281893778386
N5241HD,0.8036591327689917,0.1775866042659917,0.013779747511663474,0.0036739956948674685,0.0013005197584855315
N5243HD,0.014619035908130896,0.09200430483672092,0.46475131921195917,0.3872361673241065,0.04138917271908243
N5246HD,0.5251870302934475,0.4336299491891661,0.032296137280558856,0.006646670010661664,0.0022402132261659866
N5247HD,0.004583587991012889,0.013306613346846142,0.35786419909111195,0.5991331117967648,0.0251124877742642
N5248HD,0.6592695662640453,0.29436202166251885,0.034968613013132165,0.0085832218441119,0.002816577216191637
N5253HD,0.6085275234625134,0.35515880240724157,0.02507523955332189,0.007649862416816448,0.0035885721601068505
N5257HD,0.021727886532399477,0.12175131950697923,0.34847602295568897,0.3687526731710446,0.1392920978338878
N5259HD,0.031057085889403487,0.14573830533420135,0.38622993335733624,0.2763935470368072,0.16058112838225194
N5262HD,0.09619963547382294,0.6095528223934429,0.27415840479992276,0.01693398507357661,0.0031551522592349187
N5266HD,0.2604730253171982,0.6718572570982041,0.05885225951920493,0.006655004237987504,0.0021624538274050975
N5270HD,0.684646589334867,0.29107880208614234,0.018314469563940124,0.004466756100746843,0.0014933829143036783
N5271HD,0.6519173011507665,0.3093490150307297,0.029905198166541736,0.006335052431381603,0.002493433220580227
N5273HD,0.8129114194789614,0.17421360764796381,0.00891790486331814,0.0028380576018604345,0.0011190104078962239
N5274HD,0.8435393513225976,0.1464285137432638,0.006993484339863133,0.0022989664716460065,0.0007396841226295753
N5211HD,0.1363876614726607,0.38732488112728386,0.3456666375299131,0.11431693090434937,0.01630388896579323
N4843HD,0.5748307890891332,0.37912746305884243,0.0315619250840787,0.009944553851206314,0.0045352689167393575
N5287HD,0.598490329158776,0.35179379098865776,0.03743365956285884,0.009864315406813802,0.0024179048828937384
N5286HD,0.09841059261507906,0.2883256013384681,0.3889109825060071,0.16145778792175958,0.06289503561868608
N5292HD,0.02201881416990105,0.12306771394566966,0.3408683178751842,0.3748476461364621,0.13919750787278296
N5294HD,0.8610823447440995,0.13275994920579995,0.004430492707495939,0.001173531761882469,0.0005536815807222521
N5296HD,0.27935315693518414,0.4920569286730277,0.164461419239667,0.05055302645756709,0.013575468694554066
N5298HD,0.7170465604695292,0.2560253181380342,0.019085528734852343,0.005769628051189475,0.002072964606394805
N5303HD,0.780654498069303,0.20130461454414855,0.01290518356115658,0.003621290185654513,0.0015144136397373855
N5305HD,0.19883848259299444,0.6373583798482327,0.12424321729802304,0.029300165545377024,0.010259754715372873
N5306HD,0.8148881664372497,0.17050682383402344,0.011313177159995299,0.0024097379632470476,0.0008820946054846385
N5307HD,0.10214924456003033,0.570324491495039,0.2553917156159294,0.05536464040458289,0.016769907924418452
N5311HD,0.30264992538759367,0.6236771478647989,0.062265056996675436,0.008959165254146056,0.002448704496786106
N5314HD,0.7763207560598104,0.20948626957966057,0.00950209322579619,0.0030447113679177456,0.001646169766815139
N5073HD,0.10619612220164007,0.4121742794531303,0.32423480728562193,0.13066092792559525,0.026733863134012336
N5277HD,0.04685129754947739,0.22664943402983165,0.37283348773372404,0.2534724658668783,0.10019331482008864
N4885HD,0.9225491092515645,0.07227543056864613,0.0030133923157575995,0.0014612586346694002,0.0007008092293621916
N5318HD,0.057491517320823846,0.318664633923554,0.44012384477323485,0.14654551525501577,0.03717448872737148
N5321HD,0.7561597771494905,0.22473608767032693,0.013608494310801068,0.004199939682258956,0.0012957011871224883
N5323HD,0.934833096714183,0.06248264377335206,0.0016759230033218928,0.0006280649759694517,0.0003802715331737979
N5324HD,0.671850136089325,0.2850620361805367,0.03026407389513609,0.009279560902293963,0.0035441929327081644
N5326HD,0.8353390936030809,0.15428797224070348,0.006654318934741237,0.0025373759463345313,0.0011812392751399442
N5327HD,0.7157731398411825,0.26788787215013493,0.010771903356074888,0.003705748079413065,0.0018613365731945655
N5329HD,0.10457837157896484,0.7690295827934378,0.10648549809297374,0.014693844484972456,0.0052127030496512535
N5331HD,0.7725265075749165,0.20633113783293006,0.016069366083158555,0.0036240689270086047,0.0014489195819863887
N5332HD,0.7687525886732921,0.21182909195502253,0.014099665087807705,0.00406220338236453,0.0012564509015130431
N5333HD,0.8545054339289894,0.13880728525334374,0.004815846265612006,0.0012604548588051687,0.0006109796932496708
N5334HD,0.03753136547969806,0.9418205108539187,0.018500657992909685,0.0015242393868203311,0.0006232262866531429
N5338HD,0.030378722393150957,0.17403715883020376,0.41740999392280886,0.28812888830539424,0.09004523654844217
N5339HD,0.05192611518941613,0.20477967247145845,0.4454173268591331,0.25764459539717616,0.040232290082816216
N3820HD,0.016881651572962092,0.09239190713164544,0.35161504934697907,0.32800472996120483,0.2111066619872086
N5342HD,0.812637896371746,0.17667306252856713,0.007859784328630937,0.002142312021164404,0.0006869447498916359
N5345HD,0.6873740078128395,0.2738986549699449,0.028789549437877187,0.007885279226380914,0.002052508552957585
N5346HD,0.7949540631088378,0.19376434166909956,0.007961603014433752,0.002366222979539731,0.0009537692280893445
N5348HD,0.03031468265938956,0.21001180328761004,0.28781675400448403,0.33733344366299617,0.13452331638552015
N5351HD,0.7136368051102399,0.25575374010472984,0.02207008388713519,0.006805289119336373,0.0017340817785588723
N5354HD,0.004412758000687042,0.013222196577839814,0.35685249770434263,0.6000016345605421,0.025510913156588332
N5355HD,0.5865255869361979,0.3954586183200456,0.01303179407826748,0.0032197850740028045,0.0017642155914862948
N5362HD,0.8932868217420236,0.1021880856030032,0.002958076369137475,0.0010398118734878774,0.0005272044123481466
N5364HD,0.7525849303399136,0.22402082213088978,0.017284568345994383,0.004774143370876246,0.0013355358123260084
N1264HD,0.04482182347642943,0.8988072794503986,0.050237264918736355,0.004620716317565748,0.0015129158368697862
N4985HD,0.29680108166265406,0.5950874968634585,0.08502273322261256,0.017850581489265854,0.005238106762008961
N5368HD,0.007274381259346916,0.024010982098969177,0.25245273362843634,0.6275274601711338,0.08873444284211383
N5371HD,0.8330244892435651,0.15588190783459135,0.0072537128191188524,0.002770560724675736,0.0010693293780490722
N5372HD,0.7220157249537367,0.2587539926810634,0.014288122182037922,0.0038392381221384895,0.0011029220610236522
N5373HD,0.5351636276251851,0.45230877852261486,0.009461547025822194,0.0019907682264121485,0.0010752785999656631
N5374HD,0.4568206992357115,0.5204600557145758,0.018705236583648564,0.0026156300643044566,0.001398378401759619
N5377HD,0.6769650942636086,0.3057723344004882,0.013360003778529762,0.0027499289648030994,0.0011526385925701703
N5379HD,0.7680372865820768,0.20950039468485265,0.0165168130884863,0.004559734208889921,0.0013857714356944053
N5381HD,0.14561493338535927,0.421765220919522,0.23056971809348734,0.14616167231438978,0.05588845528724157
N5383HD,0.2926814281266985,0.4145862710445211,0.19570675598290074,0.07808458127225348,0.0189409635736259
N5385HD,0.8843746121618701,0.11181056163399641,0.002611684684642288,0.0007811795443825844,0.00042196197510860995
N5387HD,0.07711063181092287,0.4670406062695272,0.3196757582506648,0.10591429983034115,0.03025870383854404
N5388HD,0.04135053074055239,0.27461664772126604,0.3304804125829769,0.2759132375304746,0.07763917142473005
N5389HD,0.029549748339260138,0.3954854234059647,0.5371135168333624,0.032013191615775205,0.0058381198056376895
N5391HD,0.6782473134267564,0.28526622599904466,0.02626002516258031,0.007608659008647919,0.0026177764029707254
N5393HD,0.4871470055921281,0.4897203004933044,0.019093962167991554,0.0028387003685935927,0.0012000313779825583
N5395HD,0.7218098025462402,0.24275878120114766,0.024091156417756745,0.008601982071884243,0.0027382777629713726
N5397HD,0.7822642882464961,0.19455995512732904,0.015959319837313676,0.005173788818150731,0.002042647970710537
N5398HD,0.7638493003556139,0.21131307564941282,0.017326158608187824,0.005637707861359557,0.0018737575254260028
N5386HD,0.07323979000237262,0.5974738818397096,0.3009244967521476,0.0230404172066203,0.005321414199149813
N2483HD,0.8287207001114768,0.15884672964133845,0.008323585765965105,0.0026687751041978777,0.001440209377021617
N5402HD,0.8399183578208507,0.15126219543287348,0.005820553923415896,0.0018859041639086513,0.0011129886589514276
N5404HD,0.6528294916876372,0.2925673544188443,0.0380430419393333,0.012549576556657544,0.004010535397527793
N5405HD,0.918494633667976,0.0769082656830932,0.0030005903499246947,0.0010775218811025257,0.0005189884179037335
N5407HD,0.28510135366731143,0.6122073348380392,0.08046917395348367,0.016442992804209584,0.005779144736956201
N5414HD,0.5069278563209798,0.4815131732100937,0.009065185596817283,0.0017112264004888987,0.0007825584716203046
N5415HD,0.842738096934022,0.15036531560837454,0.004498816412732112,0.001616247485535033,0.0007815235593363351
N5416HD,0.1600989537058781,0.7951759265503835,0.038326512552382085,0.004143908467658948,0.002254698723697387
N5421HD,0.7669740295020008,0.20902706134848797,0.01676680530302739,0.005212779042284545,0.00201932480419932
N5430HD,0.8252706833407396,0.16014932369710846,0.010109393793698244,0.003258661632651713,0.0012119375358018267
N5431HD,0.037877962055813626,0.4690570921994905,0.46214002627271167,0.025710882326810357,0.005214037145174109
N5432HD,0.7351725115881614,0.23941616880921165,0.018422800893975796,0.005486844848203049,0.0015016738604479753
N5437HD,0.7427702479150852,0.23911609788505295,0.01366726982723385,0.0031246668475348816,0.0013217175250931996
N4225HD,0.4302599215199087,0.5108500971936716,0.04627158514141117,0.009186277746469228,0.003432118398539222
N5123HD,0.4843705703251253,0.46994915922997155,0.03270277689105585,0.009217427967045298,0.0037600655868018657
N9187HC,0.037943125692993615,0.19987269530805812,0.3568786794639681,0.3087736160924438,0.09653188344253642
N5439HD,0.2191793542979965,0.5914277423565351,0.14297376622389113,0.03711797251878493,0.009301164602792551
N5440HD,0.10282138252153375,0.47101909200742736,0.38455843248902916,0.03362714550799598,0.007973947474013634
