ncode,proba_0,proba_1,proba_2,proba_3,proba_4
N4541HD,0.762822975377633,0.20941462469267827,0.018949724268050475,0.005856356401755356,0.002956319259882811
N4397HD,0.025456832853725242,0.12806444468602138,0.418886326001606,0.358836401573465,0.06875599488518223
N4544HD,0.9178089611257504,0.07857755808515579,0.002098288314430716,0.00100093709950804,0.0005142553751549479
N4545HD,0.1135605025824778,0.3982357294359236,0.30385633812396035,0.1225126802652323,0.06183474959240595
N4546HD,0.20622739074035046,0.7609318078391719,0.02840762266167981,0.0027099827546350997,0.0017231960041626615
N4550HD,0.8344048787415762,0.15863717714506448,0.003935572276568985,0.001737596837949428,0.0012847749988410164
N4551HD,0.7745839967795787,0.21483311158189666,0.007987828676398287,0.0017368037819786154,0.0008582591801477766
N4554HD,0.06896860170786055,0.3210513928993856,0.5198184111688081,0.06668965243244249,0.023471941791503206
N4555HD,0.2929911315580517,0.564882769333065,0.11588248002276161,0.019017975703273012,0.007225643382848668
N4556HD,0.3169956941130503,0.5209761809448031,0.1060486117583835,0.0431730330453639,0.01280648013839929
N4563HD,0.3585750538139286,0.51029327023974,0.10516532255140165,0.017725279131454753,0.008241074263474963
N4567HD,0.9135978387307352,0.08017966511634553,0.0031993333551477853,0.0020833050459836346,0.0009398577517878778
N4561HD,0.8062459344320418,0.1878964392810486,0.003991962021433664,0.0011038390527064884,0.0007618252127692043
N4571HD,0.3290824259758158,0.5533129741719474,0.08959483671455819,0.01944844294500777,0.008561320192671008
N4574HD,0.9535310452065406,0.0448176307023623,0.0010770032177478334,0.00037530058049491127,0.00019902029285443312
N4575HD,0.5239803433431959,0.45621770201831136,0.01530897015692349,0.0031863307688276116,0.0013066537127415594
N4579HD,0.29263610315426447,0.6270404595485556,0.060063806240683866,0.01370186471988038,0.006557766336615909
N4581HD,0.20604245679270833,0.7470571875228239,0.037980533778316776,0.00597545565648559,0.002944366249665403
N4584HD,0.3395251762832718,0.6230580390632997,0.032765892374913966,0.0030931049286515647,0.001557787349862876
N4578HD,0.8052782598636021,0.18924276791997746,0.004196381391091713,0.0007971423642318821,0.00048544846109697606
N4590HD,0.24257252816737074,0.7304844818579407,0.02217680762521561,0.003125808175479466,0.0016403741739934514
N4593HD,0.021135547453211997,0.08622823373600708,0.4703165734153195,0.3675645502515074,0.05475509514395425
N4151HD,0.09122817281298874,0.42624539286824753,0.308462873631136,0.14549524435222014,0.0285683163354075
N4594HD,0.876753050019114,0.11757819385452284,0.003617455857686797,0.0011242885222829783,0.0009270117463934162
N4600HD,0.2227505568402904,0.5565886351604735,0.178273766215917,0.034044348582143245,0.008342693201175765
N4605HD,0.04550407026769629,0.1652240883254747,0.6701342358011803,0.10637033154810627,0.012767274057542468
N4612HD,0.4822442645011636,0.45940976965826996,0.04489647984919517,0.009668452319315011,0.0037810336720561846
N1701HC,0.26549451022373055,0.6120740480176584,0.09550590481736597,0.018065473233666304,0.008860063707578771
N3705HD,0.013021711840473396,0.07370088957368284,0.30780832677434244,0.31646114858240154,0.28900792322909985
N4589HD,0.5732475860534407,0.37314640937225113,0.03732878519216051,0.012268667216011624,0.004008552166135962
N4339HD,0.9277907886130919,0.06751508960202601,0.0028249095639428633,0.001141790586023072,0.0007274216349161327
N4615HD,0.03168510953948864,0.13313329616209096,0.30290013486319056,0.4231180647966575,0.10916339463857234
N4618HD,0.9076643552605187,0.08652073542467822,0.0035776643802281492,0.0013373998623450044,0.000899845072230104
N4624HD,0.5497279848914983,0.4426373144826337,0.005938144308963026,0.0011508328253505267,0.0005457234915544754
N4626HD,0.7777801080188848,0.20273985082633134,0.014650352202793914,0.003320570690293205,0.0015091182616968311
N4628HD,0.13584740495069095,0.6964231558318011,0.13337136997454763,0.02310800361231966,0.011250065630640719
N4638HD,0.11022434989162344,0.30346251326789886,0.2723909858709036,0.23422162064419086,0.07970053032538327
N4639HD,0.7759861442315694,0.19419548173894075,0.018302235168921727,0.008121690868302962,0.0033944479922650406
N4642HD,0.9212437962530328,0.07567306933555273,0.0021689738308210203,0.0006211115535882531,0.0002930490270053112
N4646HD,0.9422075461447637,0.055664220047016585,0.0012463294133216824,0.0005332823659467514,0.0003486220289513889
N4631HD,0.858838779380022,0.13502344373688782,0.004046387602519323,0.0014664289745889947,0.000624960305981999
N4656HD,0.05587077072365974,0.21241007566765388,0.422581884617865,0.22663352475001922,0.08250374424080203
N4658HD,0.8148556430629282,0.1700436582842229,0.01075772415948276,0.0029255197862142345,0.0014174547071519814
N4661HD,0.842163152248411,0.14908029372100048,0.005368266058204173,0.0026067573459698187,0.0007815306264144012
N4665HD,0.8393739567734684,0.14879619330206198,0.008602718005303043,0.0021609816550796613,0.0010661502640870522
N4667HD,0.854889044635778,0.1348884365997695,0.006676844102584471,0.0021186823462407273,0.001426992315627297
N4669HD,0.7399579764650498,0.2462768565627574,0.009810905093738793,0.002642587688672268,0.0013116741897818865
N4673HD,0.2335456330032478,0.6100276191568854,0.11928073112269516,0.02754270220666967,0.009603314510501955
N0760HD,0.09148630343555866,0.8010586573206359,0.09360293296036078,0.009541870857798954,0.00431023542564565
N4672HD,0.6402547454480016,0.3007522663088683,0.039492822594139845,0.013391053781520399,0.006109111867469674
N2593HD,0.8937963604597722,0.0964220907275419,0.005902172418666235,0.0025544634749008087,0.0013249129191187493
N4677HD,0.17573528949874814,0.7685946305472877,0.04408551736566489,0.007752174653588977,0.0038323879347102663
N4680HD,0.10940954639662362,0.4552957331668532,0.3257165119399206,0.08435589945541799,0.025222309041184644
N4688HD,0.012984263096021176,0.03348187424864414,0.3035615419291796,0.577790800676265,0.07218152004989004
N4689HD,0.9048723533023996,0.08776281300648078,0.00500020092983482,0.0014471995537084855,0.000917433207576472
N4691HD,0.1303657735964206,0.42934040625705455,0.28967636586631557,0.1102372719345355,0.04038018234567376
N4692HD,0.6489905471783946,0.2954811650978249,0.03692594539610711,0.012111769160839114,0.006490573166834203
N4694HD,0.027514744084974518,0.10892935667471255,0.6402368624747781,0.18796738612490982,0.03535165064062501
N4695HD,0.13777776187902419,0.7697303736455405,0.07588869935034799,0.010794832765014653,0.005808332360072727
N4699HD,0.41589731728946105,0.5231810920645535,0.04519637839309585,0.010489126308280406,0.005236085944609194
N4703HD,0.3523552923011334,0.39260540886296497,0.11062301619107484,0.09928828372115134,0.04512799892367553
N4704HD,0.005017491544731881,0.009514550350920125,0.44588866339040933,0.5184225124578006,0.02115678225613807
N4708HD,0.9344073527459116,0.0631410981534785,0.0015213826243263193,0.0005611637504038816,0.0003690027258796396
N4714HD,0.6634916962012452,0.2800940313004954,0.040711264500757176,0.010281554684386036,0.005421453313116159
N4721HD,0.14519164357459574,0.7039298633119326,0.12375242800947857,0.019402137759812522,0.007723927344180596
N4722HD,0.8782838821731545,0.11793363894489366,0.0028099534905738402,0.0006214099460155956,0.00035111544536217215
N4724HD,0.18001264416205706,0.7568923535936517,0.05125928054842029,0.00788550310372493,0.003950218592145983
N4726HD,0.03939062828511724,0.9074012965019168,0.043910780105521595,0.006604169947101959,0.0026931251603423373
N4735HD,0.6550615375020173,0.3353170664417982,0.006759683522228851,0.0016781146219457393,0.0011835979120099472
N4063HD,0.4914422854610915,0.4257656711669845,0.05264809276603372,0.021289437216918027,0.008854513388972132
N4712HD,0.8129271617545809,0.1793135272000731,0.005595569502357167,0.001477970264918634,0.0006857712780701971
N4738HD,0.21680320958675522,0.6989077821110835,0.06651248694841116,0.01280536429326777,0.004971157060482499
N4740HD,0.04864749831701214,0.17338223582827356,0.37559570148504506,0.31617728263065686,0.08619728173901234
N4742HD,0.02962791107950993,0.07880216037511063,0.3996935029711848,0.3771161815959407,0.11476024397825399
N4745HD,0.7750900023454881,0.21075426589788954,0.010344602363201698,0.0027906293590911975,0.0010205000343296781
N4747HD,0.7672834016763211,0.2104121183825168,0.014801352258468549,0.0047097243225391406,0.002793403360154471
N4750HD,0.661943028016538,0.287369329931836,0.03748316175837832,0.009614827589386055,0.003589652703861698
N4752HD,0.026776054140877106,0.13723431172685793,0.48950997749341385,0.2660776414403348,0.08040201519851636
N4754HD,0.8342205099016071,0.16122514286499862,0.0034438719710561966,0.0008076901470301555,0.0003027851153080584
N4755HD,0.26285168030465994,0.5681987556964201,0.1296756414047949,0.028757099146835052,0.010516823447290043
N4756HD,0.4664633416281533,0.4880190319242636,0.03417827909149402,0.008579769664194728,0.002759577691894437
N4757HD,0.8875926528493115,0.10777085101220994,0.003623766630823969,0.0007151268654515098,0.000297602642203202
N4759HD,0.2027867370624054,0.752750196917315,0.03331127807094101,0.007723433846841533,0.003428354102497016
N4762HD,0.28163285846974795,0.6707333177839376,0.0384831477711974,0.006139683884735657,0.0030109920903814563
N4763HD,0.6341426079304039,0.3157861076604825,0.03742346171894974,0.00817458777317209,0.0044732349169917755
N4767HD,0.8483816668069903,0.13656361795244404,0.011114971144704793,0.0027456049848433614,0.0011941391110172994
N4769HD,0.06473342725191585,0.18387976299433414,0.5704923462015901,0.1559693837367572,0.024925079815402915
N4770HD,0.6719810347388867,0.3093991804522509,0.01394804363452587,0.003260024400204045,0.0014117167741325
N4676HD,0.42826064873723274,0.4397707762568882,0.08477000620222745,0.03601307505673553,0.011185493746916181
N4614HD,0.6747309238775813,0.2913045766877927,0.022612110475652935,0.008096413448428551,0.00325597551054453
N4774HD,0.42682358955977723,0.48168743965773236,0.07236018706922727,0.013953400949250794,0.005175382764012595
N4778HD,0.056123915213292665,0.45912218973919255,0.3353728318350865,0.11078612901020429,0.038594934202224256
N4780HD,0.015517615147721323,0.061398206813020835,0.34531656186155985,0.3489884792544945,0.22877913692320354
N4783HD,0.6056920227906096,0.3726432666945398,0.016128805595199695,0.0037083810726069857,0.00182752384704397
N4789HD,0.8346856979576606,0.1442811695763518,0.014516665512123259,0.003962276963957704,0.0025541899899065093
N4792HD,0.4924217380973428,0.4979629063662258,0.007774300603896463,0.0013159646659263477,0.0005250902666084603
N4793HD,0.060255765490760275,0.7327116376043444,0.16024816934255193,0.0307675445909454,0.01601688297139802
N4794HD,0.012388232602594654,0.04465913213101588,0.3523475061591198,0.5489066045728006,0.04169852453446904
N4799HD,0.6925865856820634,0.29069218272966524,0.012938064586739255,0.002479191066307579,0.0013039759352243218
N4800HD,0.9029405085274986,0.09124668967215366,0.003653335605195748,0.001205494443107613,0.0009539717520441767
N4808HD,0.08567063115831897,0.8945519209689556,0.01574790532260818,0.0026132062646117677,0.0014163362855055368
N4809HD,0.6834233695131818,0.2835138241260843,0.02236972331830184,0.007388607208806132,0.0033044758336257165
N4634HD,0.7406710971841638,0.2343384087558871,0.018472302118469022,0.004561029373605064,0.001957162567874972
N4784HD,0.8751850635865028,0.11760168329162196,0.00462968004373503,0.001638469035248511,0.0009451040428915617
N4815HD,0.8873946233466782,0.10742391981558114,0.003325981388281063,0.0011009986864347733,0.0007544767630246626
N4816HD,0.7077626634856109,0.2683840326275235,0.018179051771903112,0.003644642769644549,0.00202960934531801
N4817HD,0.4816966766132196,0.4854963578962214,0.02475140901187321,0.005215588381933686,0.0028399680967520426
N4818HD,0.893067948618585,0.10108396147461884,0.0034258129112620115,0.0014681703476524097,0.0009541066478819103
N4821HD,0.03835252557154381,0.9417867903395668,0.017072158675820636,0.0019755417115160327,0.00081298370155287
N4830HD,0.8720716914850366,0.11832178911735237,0.006677329910734204,0.0020007210489029546,0.0009284684379739152
N4748HD,0.8606893246463879,0.13323844224556874,0.0038123291518464527,0.0015859245374321511,0.0006739794187646974
N4684HD,0.8518838579055514,0.14062676780283911,0.004941614432219017,0.0016490071630889459,0.0008987526963015251
N0389HD,0.03654457778853824,0.9373349740431065,0.021469961574239364,0.002918815736875825,0.0017316708572402695
N4796HD,0.34653187852707223,0.5612688838790406,0.06953515420166209,0.017448272633325,0.005215810758899987
N4834HD,0.005553554274770381,0.014051140343493106,0.5062080262378924,0.4558179871927798,0.018369291951064334
N4835HD,0.045246100598969614,0.9421556613533351,0.010798522559454226,0.0012359319930893252,0.0005637834951518844
N4837HD,0.6369523409246303,0.3520929709448501,0.009415386840906845,0.0010653706841526624,0.00047393060546031026
N4838HD,0.07582490854901716,0.891958014718659,0.026702787585890786,0.0033993137681219403,0.0021149753783110646
N4839HD,0.06272566793994737,0.336792309920748,0.4813299394726041,0.0853517504991875,0.03380033216751304
N4842HD,0.7809729676650249,0.19877494509864296,0.014099028308383077,0.004528502944006614,0.001624555983942312
N4844HD,0.9258625350689332,0.07112691949368745,0.0019119399678740854,0.0007073727265192819,0.000391232742985892
N4846HD,0.1504930334312307,0.5670024829652194,0.2099604916158397,0.059534911214820074,0.013009080772890126
N4847HD,0.8600449341116857,0.13566433526912144,0.0029070742021336813,0.0008442227978438391,0.0005394336192152363
N4849HD,0.5065413173199792,0.428188147225936,0.04849652685824836,0.012100998575492504,0.004673010020343943
N4852HD,0.056107529820113945,0.39391219517244047,0.482691695481156,0.05536560196656981,0.011922977559719833
N4853HD,0.6438265149978154,0.3358302727010329,0.016647292651395716,0.00252528601091888,0.0011706336388371515
N4856HD,0.8114416760726871,0.17934486883960957,0.006399014739573466,0.0019497184794331675,0.0008647218686967452
N4858HD,0.8659411410766995,0.12441350820141736,0.006174580726292959,0.002231666198317727,0.001239103797272465
N4860HD,0.2485312960337114,0.6964079762702483,0.042534638124259616,0.007701738823545712,0.004824350748234829
N4861HD,0.8978183330115246,0.09894121165517542,0.0020683629537672065,0.0007490894620441387,0.00042300291748852234
N4863HD,0.4075975120679262,0.5807746482084006,0.007904810578469038,0.002552459157119867,0.0011705699880842709
N4864HD,0.770767025852042,0.22099846564348322,0.005802190193831644,0.001448057938064641,0.0009842603725783712
N4866HD,0.6933922734972139,0.292580542413707,0.00873085235333384,0.0030991466678096176,0.002197185067935746
N4012HD,0.6863269035903723,0.29516321501513715,0.012341478661637753,0.004305135528382645,0.001863267204470093
N4825HD,0.29847761407148393,0.5509248432021856,0.11468305834711753,0.023746738274750673,0.012167746104462262
N4875HD,0.08015032615477514,0.6314810332410171,0.2204106165831666,0.0490931664022855,0.018864857618755667
N4878HD,0.08600650864673381,0.2553841310262202,0.45479494438469253,0.1446592387842132,0.059155177158140275
N4883HD,0.05661680166894422,0.32304300273048137,0.5305041496455628,0.07127768715753094,0.018558358797480676
N4884HD,0.6639320469611713,0.303457029171244,0.027254786098403268,0.00368868311829117,0.001667454650890157
N4887HD,0.29895043011252276,0.6285974261163623,0.06228377629265078,0.006733327694532925,0.003435039783931272
N4891HD,0.7237200797548395,0.25147624292900717,0.019131457252872294,0.004162060117173916,0.0015101599461071235
N4892HD,0.19085194249443224,0.7756705354974143,0.026789812326210537,0.004519366091453175,0.0021683435904897557
N4895HD,0.7662096897653287,0.22057997482156097,0.008924517347182623,0.0027752923468419457,0.0015105257190858228
N4899HD,0.6274261352811898,0.35685899531033966,0.010934393417917026,0.0028162824336107743,0.0019641935569426365
N4898HD,0.5206903508138404,0.43968469585482717,0.03202532842705292,0.005028308240527787,0.0025713166637516215
N4902HD,0.5648007335561377,0.3738704173710002,0.040463527134819585,0.01545261115677155,0.00541271078127092
N4904HD,0.07196956588277745,0.2780458334026345,0.49796627822121303,0.12295074876836395,0.029067573725010953
N4906HD,0.8813489017042693,0.11056511827144791,0.0057287348135286395,0.0015858285777044354,0.0007714166330499331
N4909HD,0.627211139653483,0.3271135993061878,0.03774307787448738,0.005474708395363941,0.002457474770477993
N4912HD,0.7243803138102977,0.260827283921353,0.011716714509163383,0.002222336497703588,0.0008533512614823403
N4913HD,0.6112358912751251,0.368290879588643,0.015597373652762262,0.0035912762874899303,0.0012845791959797555
N4914HD,0.14150545551497828,0.7356512513675889,0.10189325877308424,0.016118827692836474,0.004831206651512018
N4908HD,0.9148445437333489,0.082020752665777,0.0022658037716199882,0.0005017481449871861,0.00036715168426679413
N4937HD,0.8873661463910746,0.10884987667637536,0.0027341065584305696,0.0006333379222474458,0.0004165324518720468
N4938HD,0.9071633324252265,0.08994379892917147,0.0018400179205949117,0.0006385651901859658,0.00041428553482143114
N4949HD,0.824812825082125,0.16859537483127193,0.003986221821093515,0.0017568415319254471,0.0008487367335843261
N4952HD,0.7912432956712938,0.1928030516863014,0.011858582956483829,0.0028424512829043546,0.0012526184030165945
N4954HD,0.4485486711479561,0.5235221127912105,0.02351917743453793,0.0028435345479479444,0.0015665040783475236
N7917HB,0.9017566722153785,0.09412295368203848,0.002639180853208393,0.0010046754832928172,0.0004765177660819401
N4951HD,0.749218537681552,0.24078397715351338,0.006945123553445258,0.0018971350823136937,0.0011552265291758373
N0385HC,0.18182436275339006,0.5746224746703507,0.18256083274580717,0.048482122239758306,0.012510207590693687
N3920HD,0.33446415449357203,0.5973473734375926,0.051829942475523826,0.011344812629363009,0.005013716963948515
N9498GW,0.7474495697935294,0.23795316595726165,0.011476476070293028,0.0022397127251030462,0.0008810754538130291
N4961HD,0.9277662361293466,0.06935197002260499,0.0021120283699849166,0.0004993118891991558,0.00027045358886432306
N4965HD,0.18215100180527574,0.39191779677358407,0.3131211492076855,0.09663775520292398,0.016172297010530544
N4967HD,0.6139258250689531,0.34664742415547684,0.025276237542494487,0.010380176394052995,0.0037703368390224223
N4968HD,0.4037221664134081,0.44856587340287957,0.08986659639153459,0.04323345450295033,0.014611909289227556
N4973HD,0.8682671748099049,0.11926629964004175,0.009295962114364795,0.00218509514108615,0.0009854682946026066
N4976HD,0.029109203817675552,0.4032689212639167,0.497224578509297,0.051215917348118575,0.01918137906099209
N4977HD,0.3552863979946258,0.6177491179680726,0.022153323154042164,0.002897619313411213,0.0019135415698481103
N4978HD,0.6902284674100213,0.2710245210011112,0.023713684840083217,0.010900991164866695,0.004132335583917658
N4982HD,0.32800028108034107,0.5335746083254161,0.10132280548821924,0.02834584261675513,0.008756462489268422
N4983HD,0.09455562480886714,0.3062243909453961,0.35124940353390144,0.21168004281799083,0.036290537893844475
N4984HD,0.8918390005776012,0.10524659961866543,0.0020717415050889106,0.0005232186714072274,0.00031943962723739416
N4992HD,0.02895902240653304,0.18006353093701136,0.44559698066020087,0.27534483921789665,0.07003562677835797
N5000HD,0.5573985413734118,0.3934909291958388,0.0331133220305814,0.012195931165007482,0.0038012762351605027
N5006HD,0.4904577336212412,0.46752372143111365,0.03415726767213837,0.005219452171706027,0.002641825103800717
N5007HD,0.6738955914154204,0.2969635727342647,0.018835476715620827,0.007563288137132409,0.002742070997561679
N5008HD,0.2765228504194639,0.6972640758523078,0.018099109300944577,0.006041639353518639,0.0020723250737649415
N5011HD,0.2278211933951249,0.7371325182592996,0.026777455162498926,0.004939306577517793,0.003329526605559016
N5020HD,0.662126957503335,0.311910122570313,0.01862303378988388,0.005175233913939704,0.0021646522225286266
N5024HD,0.7888299973007709,0.19904517543929862,0.008473633019197003,0.002486948435232968,0.0011642458055004534
N4826HD,0.8868573969831843,0.10608581508463254,0.004957438971759747,0.0012108309491286673,0.0008885180112948931
N5032HD,0.8722669720468558,0.12095922969604858,0.0047846853039533975,0.0015059585754127985,0.0004831543777295237
N5041HD,0.8743395787964768,0.11795459057377129,0.0050631475753054505,0.0017439456546921848,0.0008987373997540798
N5043HD,0.9621067414402935,0.033166442637874965,0.0030244828150502064,0.0011552873382398158,0.0005470457685416332
N5044HD,0.3239998680403119,0.5837510595809521,0.06788692682131131,0.01693742089891106,0.007424724658513735
N5045HD,0.7143897375417888,0.2740680666240067,0.007186999276007438,0.003158207059642768,0.0011969894985540907
N5004HD,0.8613304539391644,0.12871930978835924,0.00707881778160828,0.0018258556154773526,0.0010455628753907242
N5055HD,0.5199969756646932,0.4257398165420214,0.03856155156729007,0.012287176867878719,0.0034144793581167166
N5056HD,0.1156860759797534,0.37106637238543005,0.30784853272543594,0.1482615452637281,0.05713747364565261
N5057HD,0.7427642398249606,0.23945490932764837,0.014027512867727012,0.0026010768430849225,0.0011522611365790915
N5059HD,0.5201192860917161,0.4199931194915149,0.04590105427239273,0.010208457244691296,0.0037780828996850026
N5061HD,0.4464635696510274,0.4863474679232886,0.04895385751506662,0.013134552633824043,0.005100552276793327
N5018HD,0.9191078669239743,0.07604285575067445,0.0027710956725873178,0.0012384326300895906,0.0008397490226743037
N4896HD,0.8120570869798516,0.17006568982925244,0.013952610625320473,0.002569909269318169,0.001354703296257466
N5064HD,0.7322240273018554,0.2450770146234362,0.016557378285027843,0.004275197487407915,0.0018663823022727593
N5065HD,0.6576190636127861,0.32280599436854956,0.01365561700568961,0.004053847071635979,0.0018654779413386903
N5067HD,0.28909889632479496,0.5522698369212677,0.12787653273487942,0.02435194531868548,0.0064027887003723334
N5070HD,0.061224681729404797,0.5193516902721697,0.37487473825787365,0.03142266895179202,0.013126220788759866
N5071HD,0.2883174731811157,0.6655533124409678,0.03761779205244825,0.005368952097343534,0.003142470228124582
N5072HD,0.28439567705661184,0.6637005446783348,0.043179578698672234,0.005220107693125302,0.0035040918732557563
N5074HD,0.7926569991671496,0.17033462356548262,0.02937777041089684,0.004995543117238493,0.0026350637392324456
N5075HD,0.9520617787628823,0.044715831357946274,0.0019298298167215193,0.0007400155638491715,0.0005525444986004619
N4923HD,0.8299277859871472,0.13614448328772893,0.023395522772569628,0.0069521505480263064,0.0035800574045278975
N5076HD,0.7939283654048517,0.19329971277207791,0.009004938213168306,0.002728507015509795,0.0010384765943921785
N5079HD,0.04136076213805354,0.11829659793967243,0.5455484964241006,0.2515427504464484,0.04325139305172508
N5080HD,0.5154012455988554,0.4586776750498484,0.01843897577254408,0.004712965809169645,0.002769137769582483
N5082HD,0.758263107759152,0.21464062135191714,0.018844507651817603,0.0054224111612924735,0.0028293520758209054
N5083HD,0.5816941018698593,0.3761930054849548,0.031832363782086405,0.00725375649510203,0.003026772367997448
N5085HD,0.1807513952724664,0.6895721145218793,0.10737671084564933,0.015970187720273907,0.006329591639730937
N5051HD,0.36016473238498925,0.6058391836406194,0.029497773115564018,0.0025850442893019052,0.0019132665695253623
N5039HD,0.0715065717375803,0.3676948670574685,0.4182634818120117,0.12024678586625064,0.022288293526689037
N5088HD,0.9124868517768477,0.08414614764690023,0.002252525041487026,0.0006576164885680277,0.00045685904619686973
N5091HD,0.032988630086677434,0.960922512130209,0.005202044025534697,0.0005879756383618308,0.00029883811921735935
N5093HD,0.022841235900318425,0.12415288481923917,0.33784271917407704,0.42917135265606976,0.08599180745029548
N5100HD,0.02714068855319313,0.0682002025830957,0.4319944600781775,0.4080639037989573,0.06460074498657652
N5103HD,0.08160514390129282,0.4329056393967215,0.3117439899657383,0.1270296170232825,0.046715609712965095
N5104HD,0.9562593185289634,0.041722678512171665,0.0013498270873795607,0.0004467412486446704,0.00022143462284068897
N5105HD,0.6655629012138895,0.3053994797008614,0.017607430170847305,0.0068756137264101135,0.004554575187991854
N5106HD,0.6698513667325465,0.31068624391243765,0.014296955381088347,0.0034067352088827806,0.0017586987650447384
N5109HD,0.48507355586180395,0.5056904239309279,0.007626912022886367,0.0011058499978948994,0.000503258186486799
N5112HD,0.47494958538464804,0.4599529857524361,0.0462177793043799,0.013083177190467485,0.005796472368068525
N5115HD,0.8583732811726343,0.13240142564150414,0.006959561327105714,0.0014794422242286117,0.0007862896345273518
N5120HD,0.016382381684301374,0.060616817004705184,0.365052253017967,0.46379008361419677,0.0941584646788296
N5121HD,0.635444360881645,0.3351144500653896,0.018918627321812684,0.0070066028108770936,0.0035159589202755346
N5122HD,0.5117086046844865,0.3910071244408689,0.0664581219499254,0.02472325793635944,0.006102890988359763
N8305HB,0.8737288479514459,0.12103784592536686,0.003528771931418218,0.0010789069995795115,0.000625627192189597
N5126HD,0.048120742538314,0.13652238393110322,0.32985877685532755,0.39204101904585614,0.09345707762939905
N5128HD,0.9090942507877158,0.08627272021803634,0.002797487221227051,0.0011651199352159267,0.0006704218378047617
N5133HD,0.014787889683108672,0.0677876859662734,0.45550080910745283,0.4165503556885531,0.04537325955461216
N5135HD,0.8258388633125897,0.1571800421004905,0.012212628079228441,0.003544113669705611,0.0012243528379856455
N5143HD,0.8138980037594464,0.17883211045705802,0.0058930684825971615,0.0008823999699658626,0.0004944173309326553
N5144HD,0.2940911947533297,0.6257533117827012,0.06666803155481754,0.009288289120671252,0.004199172788480403
N5149HD,0.2364965747413965,0.585417980673714,0.13194100750343504,0.033486074477541254,0.012658362603913323
N5152HD,0.29831405982204734,0.6515781240911697,0.04107972192984464,0.005891618309690618,0.0031364758472478896
N4394HD,0.2895868406411085,0.5290496068741926,0.14247559562375217,0.028033936259539878,0.010854020601406961
N5029HD,0.2572400272885272,0.5427530938989061,0.15331249941178826,0.03613164657860356,0.010562732822174781
N4368HD,0.9529357972067815,0.04465976207127888,0.0014373482966344151,0.0005913254073116492,0.0003757670179936562
N5013HD,0.28591647752698746,0.5572385944374086,0.10556248252430922,0.03988403099774282,0.011398414513551966
N5153HD,0.3872030829639968,0.5531194925457265,0.049881421854809864,0.006859885218665154,0.002936117416801748
N5157HD,0.8722137631513419,0.11778945429154539,0.007202524518961159,0.0017175431346843001,0.0010767149034674342
N5170HD,0.7227040431116435,0.25269020159155836,0.015393255280708784,0.00644693253064138,0.0027655674854480247
N5172HD,0.7729053526293186,0.20283649415449967,0.018822723899152113,0.004386448131526859,0.00104898118550281
N5173HD,0.6877402704033111,0.27296496854110125,0.028292184787676436,0.007881393435897133,0.0031211828320141864
N5147HD,0.7072929025391304,0.2685679538154272,0.017506705755781133,0.0036963677651563297,0.002936070124504894
N5178HD,0.7579810825647921,0.21847605327288278,0.01713591809698901,0.004619223699633626,0.0017877223657023471
N5180HD,0.5309996167428334,0.41498101963734085,0.03898116411445086,0.010807105962135029,0.004231093543240011
N5181HD,0.4490755589746868,0.4554678429717689,0.07145358339341892,0.017256014835353276,0.0067469998247720285
N5182HD,0.9091340482517544,0.08625605298140285,0.002805459476474065,0.0011861540557012184,0.0006182852346676148
N5183HD,0.0930067058598093,0.8953701778036807,0.009463587488489767,0.001485986378916574,0.0006735424691035145
N5185HD,0.09655936821647328,0.2332699134124229,0.4650264406489358,0.16520304211285022,0.039941235609317796
N5187HD,0.29234658263695784,0.5010797436812828,0.16402623946857564,0.03042056579239027,0.012126868420793547
N5188HD,0.15005488423277233,0.46962733036109156,0.2479946056677159,0.10817458496336439,0.024148594775055734
N5190HD,0.023652285072433485,0.06962579945706221,0.38533646690331685,0.4482002978604655,0.07318515070672192
N5192HD,0.4361740784712746,0.555809354682123,0.006432368809719968,0.0010018150810227819,0.0005823829558596409
N5193HD,0.6289445855575246,0.343716615392611,0.019817882178048297,0.004946095505989288,0.002574821365826588
N5197HD,0.8924742335531956,0.10097467402880372,0.0051068033679206575,0.0009857148685075224,0.00045857418157258374
N5198HD,0.1969902146236968,0.49111448530509555,0.18053088779938842,0.10694606415462508,0.0244183481171941
N5199HD,0.7260845193195075,0.2333406993398983,0.030738633936871165,0.007180339032960072,0.002655808370762914
N5200HD,0.7674693807535842,0.21692883981689642,0.01031890619538968,0.0032263896504256327,0.0020564835837042993
N5203HD,0.03017062648369309,0.1234833271473211,0.44286064547535864,0.3000088463466176,0.10347655454700942
N5209HD,0.032919001459700545,0.08480044734958049,0.4325912587798046,0.4009534757650936,0.04873581664582057
N5212HD,0.8474807766209206,0.14431614125039124,0.005858892853901153,0.0015037127914121818,0.0008404764833747131
N5215HD,0.5268649247943936,0.4188350540322094,0.04430232944116903,0.007507020727578536,0.0024906710046494703
N3574HD,0.7487191605137746,0.23100023282943344,0.010217152966128233,0.006689212283486751,0.0033742414071769836
N4760HD,0.1119261267139797,0.599075716385624,0.22437241329789837,0.04352508233116945,0.021100661271328515
N5225HD,0.8033355831325598,0.18788518901360607,0.006208698137716531,0.0016502585066384152,0.0009202712094790213
N5226HD,0.6332018354521819,0.31957185295372775,0.03508687469379855,0.009029026892708578,0.0031104100075833173
N5227HD,0.7115326788994972,0.24268242987992564,0.032134552864346196,0.009172934825777267,0.0044774035304536155
N5233HD,0.02003440469805314,0.1288669714562109,0.2992893687753385,0.3729745581294354,0.17883469694096207
N5238HD,0.8046512901742225,0.1721678829625243,0.016102087953351232,0.004989149417121941,0.002089589492779929
N5241HD,0.787888614537983,0.1908722496018122,0.015125707198603748,0.004766456121032516,0.0013469725405687194
N5243HD,0.03782855870862971,0.12189143117741337,0.4715754273929332,0.31516148526515764,0.05354309745586599
N5246HD,0.44459915878451195,0.5097032875139883,0.03748336360154972,0.005428736430961833,0.0027854536689881334
N5247HD,0.006569839675997602,0.014216053995174723,0.5125901759680483,0.4514448439837844,0.015179086376994852
N5248HD,0.640487300703734,0.3085863983831143,0.038121816863313826,0.009870760547857276,0.0029337235019805626
N5253HD,0.6595593137648362,0.29969011504576654,0.02737777718140798,0.009020082704861493,0.004352711303127847
N5257HD,0.033578503972291625,0.14376305385898575,0.36193686877424724,0.32538349654347903,0.13533807685099633
N5259HD,0.03672386560879319,0.1788646285429573,0.3441143336043991,0.3318504440768115,0.10844672816703903
N5262HD,0.09423593385259273,0.6634361570273344,0.2226884287794646,0.014987629536420913,0.00465185080418748
N5266HD,0.21219110418188256,0.7244923668945709,0.055334082427476235,0.00569504950056334,0.0022873969955069322
N5270HD,0.7003314044159564,0.2742405878471439,0.01991114043573113,0.0038090860032880826,0.0017077812978804337
N5271HD,0.5995505624944436,0.3391840183372691,0.042497753567940784,0.013349172717115762,0.005418492883230761
N5273HD,0.7954183901906015,0.1890463927877523,0.01153379530522146,0.002421127957757659,0.0015802937586671343
N5274HD,0.8872266338365934,0.10493325266730809,0.005645143181865582,0.001514268798529624,0.0006807015157034601
N5211HD,0.11760881442767,0.3360029088420991,0.42184408129543466,0.0935021816067795,0.0310420138280167
N4843HD,0.5581980026526034,0.37033489568347583,0.048793363012342175,0.015972438612015503,0.006701300039562974
N5287HD,0.576344865293904,0.3815705187347475,0.03292779031498208,0.007161278410127293,0.001995547246239129
N5286HD,0.10679089420151497,0.3019855100792603,0.3610600733986309,0.15484422418850874,0.07531929813208502
N5292HD,0.03118733587478892,0.14419741967299088,0.3815987604884797,0.30470111283129747,0.13831537113244302
N5294HD,0.8796570163944953,0.11674339227796088,0.002559699473909022,0.0006714990139674813,0.0003683928396673217
N5296HD,0.30980647156753877,0.5048373540702537,0.1322614209558636,0.042536053537641366,0.010558699868702448
N5298HD,0.8104662836607603,0.17464823416010172,0.010573284100963618,0.0028479614237454194,0.0014642366544287764
N5303HD,0.8187346013290676,0.16557572856676872,0.011339445670075757,0.0030036052876091512,0.0013466191464786518
N5305HD,0.15879624366320072,0.6110949766028012,0.17429108729307508,0.039679021819666226,0.016138670621256696
N5306HD,0.7927746190178258,0.19539286681217805,0.008089482751540363,0.0025260450548063593,0.0012169863636496028
N5307HD,0.10633982066116221,0.5339482129293216,0.2791621093681053,0.06253990893258331,0.018009948108827535
N5311HD,0.3012295009489623,0.6020037522646621,0.08216496173621617,0.010866335481371447,0.0037354495687880406
N5314HD,0.8048419005670586,0.17884714237509122,0.009348056181508333,0.004369136778565692,0.002593764097776218
N5073HD,0.11661544518065198,0.4808956013129371,0.3057966382478702,0.0782330990177446,0.018459216240796023
N5277HD,0.08519970899208829,0.27402586350614694,0.36908876227365,0.19096861125989076,0.080717053968224
N4885HD,0.9458844002914106,0.049096547249707655,0.0031046440411316356,0.0011714235896650783,0.0007429848280850622
N5318HD,0.06902173136758653,0.39839783519884786,0.3817236187304826,0.11672177776592561,0.03413503693715747
N5321HD,0.8021498119072302,0.1838779163343461,0.010280485827852615,0.0026113095748541587,0.0010804763557167088
N5323HD,0.927475997387684,0.07032480531907778,0.0014603789330545544,0.00045901252454972214,0.000279805835633859
N5324HD,0.6647575852803975,0.29756583638932604,0.02480359955266227,0.008720430461525635,0.004152548316088545
N5326HD,0.8321049998497148,0.1598859675718155,0.005466477193017273,0.0016586386556355507,0.0008839167298168394
N5327HD,0.7016783918355564,0.278492023078051,0.012815754566107899,0.004918724855225803,0.002095105665058812
N5329HD,0.10231284600165219,0.7705810758641326,0.11267091013458218,0.010028348547711747,0.004406819451921343
N5331HD,0.7764079520308191,0.2078193755491641,0.012814512654586371,0.001945087079168704,0.0010130726862617836
N5332HD,0.7661769330104621,0.21536702801921628,0.013203494459477957,0.0038141330572448486,0.0014384114535988452
N5333HD,0.8440397944449917,0.14910464110055954,0.004873409419959026,0.0012975748318021043,0.0006845802026876437
N5334HD,0.03402541894127567,0.953973849357744,0.010611817297500402,0.0008917954880976432,0.0004971189153823812
N5338HD,0.030874519518723643,0.27040039926202974,0.35718261198405793,0.26981785559445914,0.07172461364072966
N5339HD,0.06217031754991921,0.19895191978786841,0.5250348652757904,0.1700246360017817,0.04381826138464028
N3820HD,0.02188485745179451,0.10223094520414307,0.35087198365818056,0.29628502319587924,0.2287271904900027
N5342HD,0.8498237284825806,0.14367252480342915,0.004358409559748491,0.0017159242961817761,0.0004294128580599452
N5345HD,0.6898323653336699,0.28023357937056514,0.02117065245348652,0.0067708822329307855,0.0019925206093478064
N5346HD,0.8037036086172591,0.18991229931197412,0.00401773385535857,0.0016115143453042634,0.0007548438701040835
N5348HD,0.04824161450479869,0.21641931747455867,0.3002354705400064,0.3367940091329603,0.09830958834767597
N5351HD,0.6466383085038819,0.31267846729221516,0.030466383666869126,0.008037668072814584,0.0021791724642192464
N5354HD,0.009966984961902453,0.02053300159831224,0.3659640397874341,0.5807065888011952,0.022829384851155925
N5355HD,0.5349864941254826,0.436962655046284,0.019644574598931725,0.005437098058877704,0.002969178170423907
N5362HD,0.9022773269722155,0.09545710444944847,0.0014009058925749855,0.0005147229323490638,0.00034993975341202375
N5364HD,0.6884497637647523,0.2850940353154185,0.018321478415908338,0.00562075072340448,0.0025139717805165627
N1264HD,0.047392863794985494,0.8958546946208341,0.04815014133807913,0.005794619486095844,0.002807680760005346
N4985HD,0.2768555843534017,0.5911585120159901,0.10712367117326649,0.017809009109835176,0.007053223347506677
N5368HD,0.017147889441202966,0.05474682762393238,0.2904347787430522,0.5535883498172668,0.08408215437454576
N5371HD,0.8750812934578416,0.11706387329006132,0.004965472903830654,0.001808262067859859,0.0010810982804064625
N5372HD,0.7759073618826628,0.2062703768078568,0.012832264705181656,0.0035080789070614776,0.0014819176972373693
N5373HD,0.4924478719753203,0.4995219119951626,0.0059662725114785235,0.0013018235549490619,0.0007621199630894649
N5374HD,0.4953595582220689,0.48132574479353724,0.018063598062271417,0.0035330147406287473,0.0017180841814936094
N5377HD,0.6128597794476516,0.37068605293947215,0.012080796754773459,0.002832317771338683,0.0015410530867640392
N5379HD,0.8092649429415196,0.17359385197375637,0.012781052907564967,0.003149539691077943,0.0012106124860811523
N5381HD,0.1854221677720655,0.40062442354946515,0.19145016792230057,0.1797027441261772,0.042800496629991636
N5383HD,0.3405438207337157,0.42770539391241286,0.1558484850235354,0.05858268901232146,0.017319611318014773
N5385HD,0.888525210130408,0.1092339283801476,0.001680237964870981,0.0003618596992163588,0.00019876382535717588
N5387HD,0.0835292263513379,0.428585143073519,0.35626671989218833,0.09494333964678933,0.036675571036165255
N5388HD,0.06533827229112557,0.2168201666147668,0.28340809912086384,0.34884726118125126,0.08558620079199253
N5389HD,0.04419742172390364,0.42398649863491633,0.4718451457936387,0.04770737856783423,0.01226355527970723
N5391HD,0.669865080655112,0.2989588582927122,0.021067943791669187,0.006909421027794215,0.0031986962327123494
N5393HD,0.48492132216593214,0.4896165726709293,0.01992722242061853,0.003480764968312773,0.002054117774207065
N5395HD,0.6911095409079376,0.284180699838938,0.016708009527390044,0.006354807909963812,0.0016469418157705788
N5397HD,0.8198440133612518,0.1617286950115312,0.012280901772852258,0.004490747537649965,0.0016556423167147518
N5398HD,0.7919767425452174,0.1899517961731991,0.012850117383973516,0.0035186063462008758,0.001702737551409008
N5386HD,0.11296545241362288,0.5406776902089531,0.31760672335887097,0.022103040861519194,0.006647093157034052
N2483HD,0.8483093469518518,0.1340975816762165,0.012100352894876229,0.0034745452093909554,0.0020181732676645015
N5402HD,0.818774064005547,0.17240701548700182,0.005957263562413926,0.001851455913622607,0.0010102010314145637
N5404HD,0.5749781842537905,0.375585970901146,0.035576600930999916,0.010038209864380998,0.0038210340496824943
N5405HD,0.9308707266496785,0.06618898792382669,0.0019777912891226217,0.0005549637893050199,0.0004075303480670996
N5407HD,0.38068569733527174,0.5124926790207884,0.08145585269105353,0.017388499226130814,0.007977271726755355
N5414HD,0.4537617424350293,0.5380872305326638,0.006240746515640403,0.001239111187284103,0.0006711693293823921
N5415HD,0.7957013256354689,0.19822018584924977,0.0039743626443045615,0.0013132569055169328,0.000790868965459812
N5416HD,0.12061446721772175,0.8365423485591464,0.036331114553592496,0.004000604987826878,0.0025114646817125936
N5421HD,0.7331340555775195,0.24297468731177008,0.016554271284601407,0.005199483417050489,0.00213750240905857
N5430HD,0.8743654274496045,0.1154449191505504,0.0072435502628525154,0.00209159132994332,0.0008545118070494042
N5431HD,0.05169930962932656,0.4425456314557558,0.4489597576093779,0.04626788924801959,0.010527412057520183
N5432HD,0.6677562388364034,0.3097520454028869,0.015382082978281161,0.005243262425692316,0.001866370356736242
N5437HD,0.7254971107877776,0.25278872099419514,0.01625753514908693,0.0036923571617563603,0.0017642759071839994
N4225HD,0.48827881007061974,0.4539876407578004,0.04332502414423248,0.00958592517059792,0.004822599856749495
N5123HD,0.40050556033759843,0.5436008106745888,0.040043966052682387,0.011279975893122626,0.0045696870420078375
N9187HC,0.026004301321602422,0.12827931062682038,0.4229883811010981,0.34207886781784413,0.0806491391326351
N5439HD,0.22718592688338177,0.5756343966775268,0.15632427537754817,0.03085090270844801,0.010004498353095212
N5440HD,0.11336428402795377,0.5639875803570227,0.27525113727152234,0.03754447687520939,0.009852521468291839
