ncode,proba_0,proba_1,proba_2,proba_3,proba_4
N0001HE,0.883181116461507,0.11035755847425763,0.0039751855164540115,0.0015945406096204272,0.0008915989381608856
N0002HE,0.19764443837312282,0.782540105982229,0.016564384709814133,0.0021426338769404973,0.0011084370578935822
N0004HF,0.5957208041467209,0.37314203626951226,0.022534516327749027,0.00636869713593316,0.0022339461200846468
N0005HE,0.006457690133812458,0.0158061348868479,0.3615520044932955,0.5990906250637515,0.017093545422292657
N0006HF,0.0713822202107585,0.6340373538404822,0.24175428517392725,0.040344982098555394,0.012481158676276546
N0007HE,0.2772050591568007,0.6415720345938893,0.06618844768134911,0.010373196744693424,0.004661261823267349
N0009HE,0.8676746752291408,0.1254631263698049,0.005268197135937979,0.001162221946871141,0.00043177931824511735
N0009HF,0.6928257452445605,0.2697698964836257,0.0269754529635333,0.007829135847593921,0.002599769460686493
N0012HE,0.7451151371307159,0.2263843582528319,0.02208107621435574,0.004553498296403079,0.0018659301056933749
N0013HF,0.7272598406723698,0.23911012388700606,0.022175731188372686,0.007806128151612611,0.003648176100638615
N0014HF,0.5999449855244955,0.37008710034082404,0.023145668715795938,0.00481283827702996,0.002009407141854439
N0016HE,0.8853035758927768,0.1073679570423584,0.0044470817244000715,0.0017754434308241457,0.0011059419096409277
N0017HE,0.7561461560215729,0.23097560281819668,0.008714415938148925,0.00292035215046855,0.0012434730716129375
N0018HF,0.7681753650517831,0.21346477814856651,0.013073057312915188,0.003793340939444676,0.001493458547290782
N0021HF,0.7760212373835407,0.2148351775504796,0.00713564442118286,0.0013808076412775623,0.0006271330035193857
N0022HE,0.7660271850787013,0.20992597707799612,0.014357833397751759,0.006104180144782992,0.0035848243007677695
N0024HE,0.595458703215106,0.3654382188654636,0.029379633343022904,0.006779107847748355,0.0029443367286592077
N0025HE,0.3993332365736989,0.4358976015123532,0.12063085369062346,0.03356412865204582,0.010574179571278654
N0025HF,0.10958105624266194,0.4242409512302462,0.4034591934342612,0.04900725199274147,0.013711547100089216
N0026HE,0.15120186700210397,0.44581818791789257,0.3612559195710341,0.03247114925921993,0.009252876249749376
N0026HF,0.70212460624626,0.27843565674616755,0.01384442264824049,0.0037549095198720116,0.0018404048394599058
N0027HE,0.7281441817392517,0.25033922451431323,0.015947840799681014,0.004194846517346616,0.0013739064294075649
N0027HF,0.02180432324804555,0.10756713310963048,0.4439075252206715,0.382535258609446,0.04418575981220644
N0029HF,0.09450746226840841,0.24243871422569985,0.312994810597627,0.2606947985936878,0.08936421431457686
N0032HF,0.3446822714781994,0.46849987722713643,0.1264883138030434,0.04702139180013583,0.013308145691484896
N0034HE,0.5400379952762876,0.38338166004314483,0.05678206871840015,0.014642481643127559,0.005155794319039818
N0035HF,0.866688945412697,0.12389008359400874,0.006569690748301882,0.0019929784123486312,0.0008583018326435729
N0037HE,0.15861545573382502,0.4680010086292511,0.23571784282884778,0.106258409152545,0.03140728365553105
N0039HE,0.129356147943854,0.7905825188472159,0.07051603991569756,0.006542091291919079,0.0030032020013134554
N0040HE,0.24438572559500898,0.6356654602090824,0.09378842436888202,0.019531718997838808,0.0066286708291877425
N0042HE,0.18708335563561906,0.38136882992079735,0.2302669433202381,0.14665102897071555,0.05462984215262988
N0044HE,0.46718976718291805,0.45885380054487984,0.05071338248537306,0.016437108561504453,0.0068059412253246385
N0045HF,0.13386860353619265,0.8371393718627468,0.02262854022585961,0.004157533713720615,0.0022059506614802203
N0046HE,0.10862833468384958,0.7567438468614764,0.11524230584743618,0.014072815142338099,0.0053126974648996595
N0047HE,0.6380089597798235,0.3162571644685128,0.03477317148060631,0.008205475644420262,0.0027552286266371226
N0047HF,0.769034846658521,0.21412354003753373,0.0122878445312247,0.003374388541678034,0.0011793802310425447
N0048HF,0.6616918862667405,0.2960004547004898,0.0316298566976926,0.007735584189733168,0.0029422181453438666
N0053HF,0.9450615651325045,0.05237874328823622,0.0016247840713003955,0.0005779708727064705,0.0003569366352524202
N0054HE,0.2084548437613281,0.690548301962228,0.08848538988577706,0.008566562702785462,0.003944901687881153
N0058HE,0.3713919005083623,0.514654937489757,0.08641917071477141,0.020220520354232937,0.007313470932876334
N0058HF,0.8222826690504983,0.1642207695293123,0.009565951144450696,0.0027479779776466936,0.0011826322980922018
N0059HE,0.10879804405494593,0.33316077786922793,0.3062106577015915,0.18803780914155654,0.06379271123267806
N0059HF,0.3763338335697544,0.5075986794919329,0.07662580247930457,0.028155551019897418,0.01128613343911078
N0060HE,0.07408704525804972,0.25373578382987605,0.34057850887640395,0.26245272567760386,0.06914593635806646
N0064HE,0.49992337287802896,0.4130451738769222,0.05773283499594854,0.020993943580504472,0.008304674668595809
N0066HE,0.5539101525506485,0.38920988775825677,0.04210216535766285,0.011494507467112737,0.0032832868663191504
N0068HF,0.04087678721256586,0.19848551055184102,0.3193889498947777,0.3589029228346277,0.08234582950618768
N0069HE,0.6939564775301348,0.2902965344369485,0.010907974566950154,0.003261690094851579,0.0015773233711151556
N0069HF,0.07893516109289617,0.3517810536419874,0.4968542807070058,0.058571916431880075,0.01385758812623048
N0070HE,0.10916590049466166,0.39395861823283906,0.27739099784506854,0.17064496512949118,0.048839518297939616
N0071HF,0.37215776017928637,0.5335417823934089,0.07045903897492473,0.01770228596581076,0.0061391324865692435
N0074HE,0.2508667550772715,0.39228874725095597,0.28606412618267074,0.056767479409141106,0.014012892079960714
N0076HE,0.07397811846436844,0.31143303910436493,0.32432081950331654,0.22819974516898847,0.06206827775896162
N0076HF,0.9112162207698098,0.08488167357925477,0.002683437779445187,0.00079605468116924,0.0004226131903207279
N0077HE,0.012411225068693599,0.044422654862159405,0.32133150618479905,0.408906721056579,0.212927892827769
N0077HF,0.7692520642431766,0.21770206107981022,0.010104354938069873,0.0022036268942904587,0.0007378928446527841
N0078HF,0.7792948853900892,0.20958234157649006,0.0087823084139498,0.00169891226565167,0.0006415523538192599
N0079HE,0.6465869853690767,0.3297170020413742,0.016651977466514055,0.004581439888552732,0.0024625952344823855
N0079HF,0.8219914172801583,0.1679280665229094,0.006529714364926507,0.002147716577002847,0.001403085255003001
N0080HE,0.3207167942493199,0.6330111261858551,0.03813027456749294,0.005718886307697255,0.0024229186896347716
N0082HE,0.3303852750850889,0.6281311388709169,0.034863915514642504,0.004632158918108634,0.0019875116112431017
N0084HE,0.8961538905025919,0.0977488122632939,0.0036464755847659415,0.001500598801418291,0.0009502228479299206
N0086HF,0.18959926306839636,0.7641249874974265,0.03789831563605247,0.0055406080620712325,0.0028368257360533618
N0089HF,0.2106847291657464,0.7547026181886032,0.030214883903556616,0.0032282227788621625,0.0011695459632316695
N0094HE,0.4175062148989309,0.45003770707157625,0.08997588095524427,0.032270331244766456,0.01020986582948205
N0095HE,0.15018331950316705,0.7342275967395584,0.0999224348438564,0.011365119973070475,0.004301528940347565
N0096HF,0.8233307677646383,0.16432086139317437,0.008009607874612265,0.0027874986424010163,0.0015512643251741213
N0099HF,0.24524685398757895,0.5482509146993643,0.17633550328223987,0.022625898654302597,0.00754082937651439
N0101HF,0.7468379850164032,0.24196883364133798,0.0077643074519562014,0.0022800461974595366,0.001148827692843116
N0102HE,0.1935647373876718,0.7482116270038608,0.04626973088444077,0.008031094556703394,0.003922810167323194
N0103HF,0.013050394608514667,0.04979391366045119,0.2677841367283097,0.43340889200939914,0.2359626629933254
N0105HF,0.9580161341322043,0.03720181474852868,0.003119666206970782,0.0010663421472183123,0.000596042765077823
N0108HE,0.2819690830686509,0.598966174437565,0.09338234789968619,0.01915463272338747,0.006527761870710437
N0109HE,0.11372777917841141,0.6758274762831589,0.16527512818656018,0.032134610936346265,0.013035005415523165
N0110HE,0.11411379603888057,0.3865270300487019,0.3055966321304093,0.1595673609910217,0.03419518079098657
N0111HF,0.8200536146034281,0.1730454362526594,0.004880149127513866,0.001308687722300297,0.0007121122940982789
N0113HF,0.7639046351710814,0.22965759462328497,0.0049188076082771846,0.0009978362356663167,0.0005211263616901661
N0114HF,0.1815820886070589,0.7507561662747061,0.055518485718333586,0.008677683895034372,0.003465575504866985
N0115HE,0.6776946608412857,0.28977091809266875,0.025046882685436655,0.005670893090365748,0.0018166452902432407
N0117HF,0.8472578136893244,0.1442118881835987,0.0055990697154772884,0.0018266641242560943,0.0011045642873432925
N0119HE,0.7586604807132928,0.23127380576866807,0.00798342289404787,0.0014474473637970504,0.0006348432601941881
N0119HF,0.8583248048318767,0.12713817933308524,0.009375542311805417,0.0035415428585266534,0.0016199306647059451
N0123HE,0.3963865768472429,0.47787227809742666,0.08829980950495707,0.029284526190716732,0.008156809359656689
N0124HE,0.06645458667543531,0.665282204512981,0.21017476830062104,0.04125050551750124,0.016837934993461333
N0125HE,0.829868049073417,0.16471334418306824,0.003964058459088304,0.000969965971837395,0.000484582312588911
N0125HF,0.33247115247742653,0.6065954063476682,0.048374522023915525,0.008251910271336366,0.004307008879653506
N0127HE,0.027312122577020675,0.13451433134147683,0.35752457407032395,0.37456915456670253,0.10607981744447603
N0127HF,0.786354824781355,0.20102957659905968,0.008327228383986853,0.002818881837328398,0.0014694883982701527
N0130HE,0.9127538109433632,0.08391029778126662,0.002299287702525502,0.0006614572744334951,0.00037514629841129657
N0132HF,0.347071162947327,0.600509282321288,0.04214382631968905,0.006870199630698824,0.003405528780997193
N0133HE,0.6169975038943609,0.36682575010616963,0.012010261875977568,0.002725158208665366,0.0014413259148264104
N0136HE,0.7816890241904801,0.20724789094799165,0.008154111800675743,0.002008925199036143,0.0009000478618162941
N0136HF,0.8053109300025912,0.17672710944386255,0.013118138948282784,0.003680383557175212,0.0011634380480882456
N0138HE,0.0456897652252875,0.2177127495678736,0.41156617447393906,0.27037423268902555,0.054657078043874305
N0140HE,0.7082749243570465,0.2606915133563237,0.021437103677033685,0.006204056566676939,0.0033924020429193526
N0140HF,0.7649907306418635,0.21649619782571522,0.01425474817259253,0.003087221767653585,0.0011711015921750806
N0141HE,0.031078459117005113,0.9063044911209678,0.05571034721034233,0.00452554876008144,0.002381153791603371
N0142HE,0.7321631479810499,0.23802993170629697,0.021438541377979826,0.00599286287454281,0.0023755160601303706
N0142HF,0.8367422726260653,0.152977118911163,0.006386236810333246,0.0024337574955295396,0.0014606141569089037
N0145HE,0.909913701548548,0.08645285085836343,0.002472016742742891,0.0007399912625497368,0.00042143958779596675
N0147HE,0.8239578088260757,0.14581784496675393,0.017770203293623905,0.008206705340015111,0.0042474375735313975
N0149HF,0.09411390655547289,0.8753946303663183,0.02415227914496498,0.0037395124716381274,0.00259967146160568
N0150HE,0.17066656977592334,0.44490124915562373,0.2563215758284162,0.10607212393858187,0.022038481301454967
N0151HE,0.0640341032882897,0.23556346712981718,0.5389683399548999,0.13789749864724615,0.023536590979747002
N0152HE,0.6542592703915527,0.30160146298892027,0.03309677062618493,0.008623702595058473,0.002418793398283637
N0153HE,0.6004656179853415,0.3444886211440935,0.04202689806116156,0.009987234730963693,0.003031628078439875
N0153HF,0.7286080347026751,0.24646336991822962,0.01827544164814817,0.00473989702042103,0.0019132567105260082
N0157HE,0.7759967740148341,0.20570618309128066,0.012757514890072855,0.003778477675734553,0.0017610503280777565
N0158HF,0.684082110624628,0.2842144339199272,0.022610380269531417,0.0068471745445669915,0.0022459006413464216
N0159HE,0.2721031137414514,0.5238570316453919,0.1415595576631274,0.049192744731865655,0.013287552218163759
N0159HF,0.2250760750130032,0.5769434212934538,0.15398228532231842,0.03421927375558685,0.00977894461563775
N0160HE,0.8557490409110452,0.1347692118010165,0.0060043285643060825,0.0022353906237512085,0.0012420280998807435
N0161HE,0.8850453518077733,0.10821261030155234,0.004118396401667835,0.0016247423352707905,0.000998899153735662
N0161HF,0.86983154830924,0.11929264454553216,0.006453534294508091,0.002791856295566912,0.001630416555152682
N0163HF,0.023710281195361383,0.0751599038429365,0.27191329524418045,0.4273462686623334,0.20187025105518824
N0164HF,0.1671593078785631,0.4004729757063842,0.2559879966084945,0.12371575831871177,0.0526639614878465
N0166HE,0.7452870260378328,0.23570796967000787,0.01317766362366952,0.0039764334845257005,0.0018509071839641887
N0167HE,0.3151063314537525,0.5835072237281655,0.07890594230778773,0.01665562456860995,0.0058248779416842245
N0168HE,0.05182784913420552,0.9150188937061101,0.027535783581421593,0.0037524723542874277,0.0018650012239754
N0170HF,0.9316533829320877,0.06588074444352764,0.001614651250785773,0.0005320145776723662,0.00031920679592662435
N0171HC,0.8352335965035724,0.15568947392581758,0.005702902065633367,0.0022247345884338302,0.0011492929165429482
N0171HF,0.6442081499568515,0.33619146003286515,0.014467811889156088,0.003391718414590683,0.0017408597065365395
N0173HE,0.45218576451577136,0.517766384133063,0.02313423751106661,0.004709829872562542,0.002203783967536542
N0175HE,0.23502561837842295,0.3801145017092454,0.23284575625935733,0.10129150281751957,0.050722620835454826
N0176HD,0.5474631930988026,0.432415101597255,0.015088506565943943,0.0033962815747410136,0.0016369171632573047
N0176HE,0.928933751956993,0.059070947581810494,0.00720106939166964,0.0030676492393989356,0.0017265818301278831
N0181HE,0.589440036845392,0.3829348831499817,0.021472123055003456,0.004292612055628319,0.0018603448939945497
N0185HF,0.4605433562282025,0.5314258009898861,0.006281789800779472,0.0011109196217291173,0.0006381333594028552
N0186HE,0.7917261734195387,0.1978299525038572,0.00714649518378545,0.002172929300959588,0.00112444959185908
N0188HF,0.17139145303803852,0.7168763980952686,0.09536979649188197,0.011418123123634332,0.00494422925117661
N0189HE,0.7590907580055815,0.21747780468040395,0.016903776417981704,0.004609801626446628,0.0019178592695862882
N0190HD,0.20719231507656102,0.5935303866655479,0.15536697395479757,0.033501060472655976,0.010409263830437457
N0192HF,0.35307289933294767,0.5306304414341125,0.09308520682367073,0.01766807399407459,0.005543378415194389
N0193HF,0.17151152699759006,0.43065003326106527,0.24526353926399605,0.12436837389502342,0.0282065265823253
N0194HF,0.013876264566241778,0.050560672105170144,0.3055581817610439,0.518187315428211,0.1118175661393332
N0195HF,0.23337636331632433,0.5126840404073909,0.15697061639591892,0.06883254357039678,0.028136436309969027
N0197HE,0.025945881447166363,0.9567254305074601,0.015124978290043698,0.0015813173814961316,0.0006223923738340048
N0198HF,0.46036920145016236,0.5297525477077206,0.007761779627021255,0.0013521111501012249,0.0007643600649945443
N0200HF,0.729278686786515,0.21494439064769755,0.03062433741445771,0.01679941518890984,0.008353169962419912
N0203HE,0.08629226254050794,0.7239722082880938,0.15300172858161162,0.024706181946320814,0.012027618643465866
N0205HE,0.6092208939507133,0.35827212431216393,0.025197554464167153,0.005437295296193692,0.0018721319767617875
N0205HF,0.8275153535409924,0.16337737726612828,0.005804840989551563,0.0020328739651970873,0.0012695542381307402
N0210HF,0.33710054056211836,0.5787112061340804,0.06369897175640238,0.014527085647210253,0.0059621959001886216
N0212HE,0.407791893269573,0.5077836928511685,0.06095281453423053,0.01616531196719586,0.007306287377832043
N0213HE,0.8102978452061089,0.1735707055068041,0.011043220590620441,0.0036711153802321617,0.0014171133162342467
N0215HF,0.5267148601374905,0.43493819526683397,0.02971746259214549,0.006018491955551076,0.0026109900479791867
N0216HF,0.4431840197670273,0.5186500196739068,0.029159915119567375,0.005748790017523498,0.0032572554219750605
N0217HE,0.037225901805922126,0.47278688644997385,0.44170141376946337,0.03685214593707113,0.01143365203756962
N0219HF,0.8298167696512679,0.15822271448167405,0.008258044708732103,0.0026558067944282655,0.0010466643638978369
N0220HE,0.045328090754995276,0.941378145336438,0.011404012757584832,0.0012878756645924752,0.0006018754863891022
N0221HE,0.6540665923206243,0.3189341733343234,0.020100609728261824,0.004855879709323352,0.002042744907467227
N0222HE,0.8241550315531114,0.1540050978108902,0.012594085559502302,0.006095287332892749,0.003150497743603277
N0222HF,0.5505281752359388,0.4290899480217643,0.015770224582423907,0.0031851453930077664,0.001426506766865252
N0223HF,0.14177481035541775,0.8259188032520675,0.02806868470879701,0.002930372570609131,0.0013073291131086243
N0224HF,0.33713262644445197,0.4597641721658435,0.1662781195827109,0.028800558420755174,0.00802452338623855
N0225HE,0.8962660214254401,0.09798540859425177,0.003969303735644284,0.0011943895765563182,0.0005848766681076196
N0226HE,0.03587171827804619,0.14781996418780355,0.4108103250670392,0.28669066435320995,0.11880732811390118
N0227GZ,0.8539929137011315,0.13324683188909928,0.00865260108502879,0.002843337604081511,0.0012643157206588184
N0227HF,0.8934678693575314,0.10063693566793583,0.0036227232628794947,0.001369638638302579,0.0009028330733508504
N0228HE,0.22098931618129392,0.42587660722657183,0.2134820237536033,0.11059248867441682,0.02905956416411414
N0229HE,0.5829649150702413,0.3822451442031595,0.025756740025000856,0.006532211966011903,0.0025009887355863613
N0229HF,0.8429834678505113,0.14887717518412671,0.005466206265859119,0.0016893667953720836,0.000983783904130828
N0230HF,0.2946698205503286,0.5833847485555219,0.0928817184864953,0.021989325930467686,0.007074386477186606
N0231HE,0.35811645106831586,0.6202029664701445,0.01764125034914619,0.0026863588234870804,0.0013529732889063513
N0233HF,0.7593551137064867,0.2202018316629381,0.014387128958554585,0.0041558956544505195,0.0019000300175700834
N0235HE,0.5114971144257981,0.4046104805811219,0.06491937732377558,0.014491408447333053,0.004481619221971292
N0237HE,0.6422253804858753,0.32201783820978824,0.02392201364366309,0.0077687637665523725,0.004066003894120953
N0239HF,0.24524192272178494,0.678356263070605,0.059228788643371985,0.012134562477011602,0.005038463087226499
N0240HE,0.759905253218564,0.2141717127206934,0.01735336770464895,0.006331750154528759,0.00223791620156481
N0240HF,0.9246965533456765,0.07272868993300367,0.0016375926532081202,0.0006164061345020618,0.00032075793360959926
N0241HE,0.10734763466716077,0.6188587557017065,0.21246019372869748,0.042780581785222656,0.018552834117212706
N0241HF,0.8566769908433397,0.13095101892050395,0.0073347095746571335,0.0033793802589793796,0.0016579004025198494
N0242HE,0.644276677762647,0.32036982627327143,0.023523804045437545,0.007511544162500607,0.004318147756143488
N0242HF,0.7764367648215964,0.2064580930433498,0.01180123059175922,0.00369506888558485,0.001608842657709679
N0243HE,0.44821208381074146,0.4207131680044333,0.0940271131416982,0.028194065273515583,0.008853569769611307
N0245HE,0.06903378128386554,0.3618213178522155,0.42110694882770006,0.11764747256779196,0.030390479468426983
N0245HF,0.030549050471553624,0.08629062435639509,0.36668798070248826,0.41811712861698275,0.09835521585258032
N0251HE,0.29503975058959203,0.5889099916042447,0.092866038057688,0.017420641459407263,0.005763578289068023
N0255HF,0.7329653438332431,0.24339342498387856,0.016346464643026484,0.005025763974976805,0.0022690025648751527
N0258HE,0.7621485927699607,0.2187371958821145,0.013898798412865895,0.003745280374482946,0.0014701325605758118
N0258HF,0.1855936607210369,0.48129683008460333,0.21089555308964672,0.09182014305396818,0.0303938130507449
N0259HF,0.3167982617057631,0.48461006836684833,0.14756795388398516,0.040449499872480435,0.010574216170923027
N0260HF,0.7695018025249711,0.20896060900064922,0.015090745703938913,0.00464454468876355,0.0018022980816771062
N0263HE,0.8604218746627452,0.13041501963626273,0.005756814304549301,0.0022199886690767025,0.001186302727365813
N0263HF,0.693160936916422,0.2908149260275231,0.01087968261301409,0.0032382018204753296,0.0019062526225655304
N0264HF,0.21832359832095655,0.5883394968834935,0.13873406573080452,0.04180431433140757,0.012798524733337835
N0267HE,0.08481636187418301,0.8422030414205505,0.062295265437586844,0.007425700959330354,0.003259630308349134
N0268HF,0.25787358935719007,0.4740203465369099,0.15475778770074708,0.08097675530612679,0.032371521099026024
N0270HE,0.8091772561149051,0.17327205748622915,0.012026531335835667,0.003631532832159877,0.0018926222308701343
N0272HE,0.5056662239015298,0.4095851091041463,0.06476406883274498,0.015274904467935835,0.004709693693643012
N0274HE,0.0887274976799908,0.36953207555654066,0.4234037838124656,0.09728846450901762,0.021048178441985206
N0278HE,0.5837260902620057,0.3549954437423807,0.04469602949374153,0.01276897437543505,0.003813462126436935
N0279HF,0.635674350935135,0.32692561049333274,0.027738088061707983,0.0073407984272351985,0.002321152082589037
N0283HE,0.5875341346126594,0.3655219102908318,0.034599106049532674,0.009072018218235275,0.0032728308287409665
N0286HE,0.8790735787633626,0.11586490674609376,0.00321682930454845,0.0011193140926033544,0.0007253710933919647
N0287HE,0.44282688085243616,0.5044597067859186,0.03893753050632706,0.008998577505749762,0.0047773043495685326
N0288HE,0.7808081823060342,0.2008161678347075,0.015009536967422544,0.0024961299864879757,0.0008699829053477248
N0292HE,0.19413126657658467,0.7311424215641902,0.06117355520173147,0.008696749506580094,0.004856007150913641
N0294HF,0.7018674678740782,0.26781811045898213,0.021487408585785923,0.006499593153102848,0.0023274199280509215
N0295HF,0.850544786023631,0.1374152869530875,0.008413039404898156,0.0025232894716515275,0.0011035981467318312
N0296HE,0.4382322594333722,0.4809686582846502,0.061609172112753186,0.014288402812383263,0.0049015073568411584
N0299HF,0.2575222177080936,0.7196559732090392,0.017856374114913226,0.003229154420316658,0.0017362805476374803
N0301HF,0.8002372498551559,0.18907946409901785,0.007234189512269835,0.002350535739295323,0.00109856079426108
N0302HE,0.5933784888261734,0.35868476032660157,0.03196589897887297,0.01110535417313455,0.004865497695217414
N0303HF,0.5941849575114507,0.3568059414515648,0.035081333930892376,0.00965812014414046,0.004269646961951585
N0304HF,0.549309233616557,0.3696535647861535,0.05943123824690668,0.01581976385370794,0.005786199496674662
N0305HF,0.1308658245164386,0.31247524910584856,0.3789934818807359,0.1403684373863929,0.037297007110583945
N0306HF,0.8571549946708125,0.13421121480544396,0.0058116592345738875,0.0019140480299156242,0.0009080832592540654
N0307HF,0.0518291024234485,0.9388392550324836,0.008001986778321623,0.0008760132572392801,0.00045364250850705626
N0309HF,0.07483426045741697,0.2854812485718513,0.39921584354600553,0.20814362588404883,0.03232502154067739
N0311HF,0.22816703516545314,0.7456931503383306,0.022527609856253315,0.0024254894194854536,0.0011867152204775393
N0312HE,0.5842267655484553,0.37524889220029267,0.030287519955991986,0.007551755927671969,0.0026850663675879096
N0313HE,0.7185455902353115,0.25328521988333264,0.020440016247821033,0.00571656835476993,0.002012605278764976
N0316HE,0.847205877924775,0.14592792237006375,0.004480612772765268,0.0014917630558527967,0.0008938238765432805
N0319HE,0.6604543533606237,0.3058484026894132,0.02310713453868015,0.0072056147750405464,0.0033844946362422195
N0320HE,0.8486661409261351,0.13853572788609564,0.008217007809784701,0.0028246005526602986,0.0017565228253242093
N0323HF,0.33060575746041365,0.47045202511459977,0.15133652266483974,0.0351835438931576,0.012422150866989176
N0327HE,0.7623738856821038,0.21881322719843216,0.014154041749482496,0.003330360500729252,0.001328484869252316
N0327HF,0.7235633255485867,0.2381541783873152,0.026279621106391836,0.008309409909174368,0.0036934650485319033
N0330HE,0.586015936391176,0.3844923950715705,0.02099429865725171,0.0060227036875600765,0.002474666192441817
N0330HF,0.7769536371590008,0.20043406061364308,0.015451214245899455,0.004939411366931613,0.002221676614525104
N0332HE,0.848603061375993,0.14213622588887448,0.006299316902740236,0.0019896960315530297,0.0009716998008390942
N0332HF,0.3723651038678749,0.5619073707990379,0.049412436209221824,0.011691216458477562,0.004623872665387798
N0333HE,0.043293648438747244,0.20232118700568683,0.48537838848218195,0.22536740125929633,0.04363937481408756
N0334HE,0.3892146590502842,0.43565328454891955,0.12407890724708952,0.03888220420081538,0.012170944952891297
N0334HF,0.9210569132081907,0.07333758584878611,0.003408850306032795,0.001363317234045578,0.0008333334029446166
N0336HE,0.880965969293721,0.11516252193279293,0.002611486955433292,0.000819586279083424,0.0004404355389692694
N0338HF,0.20695391953105674,0.41172782559443577,0.22516405943911902,0.1152769646737464,0.04087723076164211
N0343HF,0.8387129718294977,0.1528867524897317,0.006654764742119094,0.0012864183926557739,0.00045909254599583755
N0344HF,0.7481441283975283,0.24039084768593294,0.009156205709700799,0.0016613837434581512,0.0006474344633798924
N0345HE,0.7611260187968246,0.21563018287683713,0.01375233654698948,0.006060421951864958,0.003431039827483888
N0345HF,0.7595866931629882,0.2281890794991185,0.00997972434259212,0.0016139840648506918,0.0006305189304503688
N0346HF,0.8623864875557233,0.12126093828855722,0.009887306964853506,0.004043254597940873,0.0024220125929250913
N0348HF,0.04483112858033316,0.9463914169761409,0.007304995120186311,0.0009982135974753758,0.00047424572586417235
N0349HE,0.8360334392097123,0.15200771762826665,0.008084488905283533,0.0027437952308076493,0.0011305590259297375
N0349HF,0.7621720312150652,0.22749588290145528,0.008383939799603484,0.0013780885127461576,0.0005700575711299606
N0351HE,0.4114608231447532,0.4325416612771745,0.11317243718109435,0.032425157655641385,0.010399920741336489
N0351HF,0.7722065282691437,0.21743100187923736,0.008076788103613586,0.0016088542581239203,0.0006768274898815686
N0353HF,0.804029907466752,0.18019070026943704,0.01252939755074951,0.0022997845083363956,0.0009502102047249872
N0354HF,0.8596025223238513,0.13243576533543758,0.005859426182946765,0.0015630979026676317,0.0005391882550966995
N0355HE,0.3768451101951667,0.5014115873479729,0.09414278862809806,0.020944587159637464,0.006655926669124973
N0356HE,0.726554062631376,0.25936402365839256,0.010629431556670028,0.0024056309688804526,0.0010468511846811227
N0356HF,0.716723552583513,0.21192845529063656,0.040810896955415434,0.019816245048006956,0.01072085012242816
N0357HE,0.3787078282225728,0.5587100577680045,0.051726166388774454,0.007899598121805686,0.0029563494988424574
N0358HF,0.32265472073289936,0.4728541031352278,0.1690345448921976,0.026037767402651436,0.009418863837023814
N0360HE,0.7520960631991758,0.23504931522917208,0.009330126771093097,0.0025725346729457066,0.000951960127613451
N0361HE,0.9329604830714917,0.06438275473528357,0.0016819166144300068,0.0005931004648940169,0.0003817451139006802
N0363HE,0.7939480060865052,0.1916296090728718,0.010215558802775328,0.002918936354817159,0.0012878896830304772
N0363HF,0.10308097432031901,0.2930372809441754,0.34277300952471873,0.21033191703818654,0.05077681817260027
N0364HF,0.07799595169182763,0.34227350007197666,0.33126238575819256,0.19317166157444576,0.0552965009035573
N0365HE,0.3538547629495798,0.4393015682595144,0.14275042712982444,0.05181322426616776,0.012280017394913637
N0365HF,0.07488397904261854,0.2945297595160016,0.5230555827863307,0.08959004416765208,0.017940634487397314
N0366HE,0.3049405961497763,0.5897637490190321,0.08159219817445743,0.01720295589089704,0.006500500765837186
N0367HE,0.3933540250489161,0.46695433545924897,0.08101469443797246,0.04697408383696426,0.011702861216898211
N0367HF,0.21316694594725805,0.6711277041739279,0.0957927198434711,0.014678901919976792,0.005233728115366293
N0369HF,0.6366207353668062,0.3317214235772391,0.02253656494069302,0.006123408452831369,0.0029978676624302205
N0370HF,0.7316701688552328,0.24871716553332127,0.014564832449364313,0.003480435207704005,0.0015673979543775842
N0372HE,0.8716230150552651,0.12165895154325543,0.005103143822227388,0.0011422581975944171,0.0004726313816578101
N0374HE,0.02136302200525669,0.07658394389327572,0.35361675823020017,0.48422845632629674,0.06420781954497073
N0377HE,0.8885294210924801,0.10481401642235817,0.004015096821215815,0.0016008814542712714,0.0010405842096745286
N0378HF,0.7925919318766175,0.18896502159703982,0.013602407404832383,0.0032721446769840524,0.0015684944445262337
N0380HF,0.7355055821999916,0.24910549884514807,0.011684537207784349,0.002486935424666438,0.001217446322409543
N0381HE,0.8540879187805543,0.13569751330240626,0.007179200811254479,0.0020410471025985645,0.0009943200031864025
N0382HE,0.693486254106504,0.2819524729370707,0.015479465318516118,0.006044676965049218,0.0030371306728599187
N0382HF,0.47309499091113494,0.4675373452066518,0.044681020788071665,0.01082827857529409,0.0038583645188474624
N0383HE,0.8752745434191981,0.11596299886413648,0.005650509746672692,0.001947540875735784,0.0011644070942569255
N0384HF,0.31716020185451294,0.6111610592872571,0.052864091698097124,0.01340482151538953,0.005409825644743368
N0385HC,0.16921214338767115,0.6126635966616438,0.17971703351409044,0.028517630633846887,0.009889595802747692
N0385HE,0.8188261479237969,0.17240999036624885,0.00572044533176221,0.0019208909421054993,0.0011225254360864574
N0387HF,0.026687185020178673,0.9609601536576008,0.010442100443760975,0.0013256111381951788,0.0005849497402644653
N0388HE,0.8970333207860227,0.09594001985513448,0.004437969532282442,0.001595885463822403,0.0009928043627378384
N0389HD,0.03946454476809362,0.9270176622636134,0.02782194664392886,0.003658734942978429,0.0020371113813856955
N0389HE,0.7750758267952237,0.2152717914924957,0.006753130184798878,0.001812237330524601,0.0010870141969571154
N0390HE,0.2212168828961291,0.4726892099293731,0.18310112135504192,0.08632981665890171,0.03666296916055428
N0391HE,0.3139115443903123,0.5664079995255425,0.09236899969883211,0.02068784688511571,0.006623609500197324
N0392HE,0.7315025622189758,0.25740094951820713,0.008006139297967004,0.0020666632778119313,0.0010236856870381576
N0393HF,0.3190197562042516,0.5001025647382658,0.1254850268769187,0.043586214161578804,0.011806438018985049
N0394HE,0.7207929473370328,0.26274978504782814,0.012041727665794968,0.0030301028069813093,0.0013854371423629437
N0395HF,0.5979629190080631,0.3679476465594179,0.026606833389814614,0.005275302022718356,0.002207299019986062
N0397HE,0.7104207337637086,0.27288045529778565,0.012195308941493899,0.0029964302470024233,0.0015070717500093411
N0400HF,0.1231724989984534,0.4267066664020692,0.3059808882015699,0.12437070373818566,0.019769242659721884
N0401HF,0.18796437192748489,0.43657533150705047,0.2348326472096823,0.11692593140095679,0.02370171795482557
N0402HF,0.37016631283025647,0.5452179260793129,0.06471207650944315,0.014380998420422434,0.005522686160564983
N0403HF,0.8450732404665139,0.14788170666366945,0.0043681114466076615,0.0016252277683475053,0.0010517136548613244
N0405HE,0.6262838912475537,0.3112930334927483,0.04477710330021213,0.013118363542672484,0.004527608416813324
N0406HE,0.26924919262342245,0.6364168830791049,0.07560819467120161,0.012977384995035576,0.005748344631235498
N0406HF,0.6730852746899656,0.30568842952491865,0.015086265423899159,0.0040406769130072965,0.00209935344820927
N0408HE,0.7347912546061337,0.25336654119874347,0.00777556734530358,0.00256965229683154,0.0014969845529877665
N0408HF,0.23995999127667939,0.5352683572569374,0.1440983450766936,0.05622516833155845,0.02444813805813098
N0409HF,0.18078647934462017,0.5919534566747834,0.14848830298874488,0.06266212748969405,0.016109633502157435
N0411HF,0.16995740317727204,0.7329408487960433,0.07791787416813771,0.013113078309754311,0.0060707955487926
N0412HE,0.4724906038284261,0.4274090154411659,0.07711718287170845,0.017925975375030195,0.005057222483669316
N0413HE,0.9185183510910351,0.07633001314665924,0.003024419111072105,0.0012815919387155809,0.0008456247125179823
N0413HF,0.30809512406419637,0.6520529639183247,0.03196962906091793,0.005388028072318774,0.0024942548842422844
N0414HE,0.8698238729587349,0.1207632381458363,0.006172725580165359,0.002092505762697492,0.0011476575525659926
N0414HF,0.03875345200741982,0.8800860431339437,0.07239541814703078,0.006078055574693467,0.0026870311369123303
N0415HF,0.7464183743871626,0.2297339518414819,0.01756247103823438,0.004526738019095123,0.0017584647140259258
N0416HE,0.6030660636667652,0.3681145582590205,0.02120251987345138,0.005215491757564123,0.0024013664431986846
N0417HF,0.28088415062559935,0.5153323417367385,0.13299966423071732,0.05723779143787788,0.013546051969066964
N0419HF,0.05407232361378842,0.17867135305680637,0.3149631891433214,0.360956122585527,0.09133701160055674
N0422HF,0.7165850708434244,0.2647739423788984,0.013339753979383948,0.003432311792073332,0.0018689210062198748
N0423HF,0.6765929751495964,0.2742932528881146,0.03379001867157284,0.01099665840943482,0.004327094881281437
N0424HE,0.4324076041052211,0.5082288392237235,0.04541095659062392,0.010204791062460692,0.0037478090179708322
N0425HE,0.401940275307559,0.5344202474449402,0.04902066662850207,0.010974836148732079,0.0036439744702667443
N0425HF,0.19332627251189285,0.6365288855659157,0.12515649058002082,0.035925652665438165,0.009062698676732513
N0426HE,0.5702002087219613,0.402159886273302,0.019055306151308078,0.006059242245301769,0.002525356608126774
N0429HE,0.857326580284514,0.1333909030876825,0.00642957142525592,0.002009699014563983,0.0008432461879834912
N0430HE,0.664310395293497,0.3149379072594004,0.0160094290619384,0.0032922199630040635,0.0014500484221602191
N0430HF,0.09837628942643026,0.3730189850169922,0.3104331399797693,0.1697350149849986,0.04843657059180967
N0431HE,0.44815679019764093,0.5149930451459201,0.029134526194333755,0.005470638393084937,0.002245000069020211
N0431HF,0.040848782980171264,0.6153801496870552,0.31339944713389134,0.02355965115768059,0.006811969041201571
N0432HD,0.5670757747415447,0.3668878021998913,0.04809219011438708,0.014058504677559197,0.003885728266617757
N0432HE,0.40114270210216496,0.5146850386682947,0.06623532397211092,0.012711169220175188,0.005225766037254179
N0433HF,0.04010469920465839,0.18371968235839659,0.6189308883926984,0.13785941459890844,0.01938531544533811
N0434HE,0.8568226273704992,0.13703081567864245,0.0041666948672303365,0.0013203586224010146,0.000659503461226966
N0435HF,0.8870210958490061,0.10476716259599084,0.005440775705011162,0.0017941619808987722,0.0009768038690932091
N0437HE,0.6739076669977454,0.3016506901860213,0.0182764150931095,0.004593489948561123,0.001571737774562538
N0438HF,0.049755117467620145,0.4056769125439927,0.4826985730207502,0.04742300046053638,0.014446396507100622
N0439HE,0.8795532643913269,0.11265589722342831,0.00471599124777287,0.0020468149730327794,0.001028032164439094
N0440HF,0.1722172421764955,0.44350035485141437,0.24606145732946577,0.10610676692264201,0.032114178719982386
N0441HF,0.508391901433239,0.4648261894712956,0.020383521453580886,0.004221939328147319,0.00217644831373721
N0442HE,0.07743161786723712,0.2923206185582994,0.33217221689935694,0.23872766969144338,0.05934787698366324
N0444HE,0.859846892934587,0.13272917462756378,0.005083774735692537,0.0015079535061692665,0.0008322041959874082
N0446HF,0.7952031064835786,0.196672897518232,0.006376326872582107,0.0012321152575853482,0.0005155538680220821
N0447HF,0.04248035117817463,0.523183271393335,0.38351653375171435,0.03861074869628365,0.012209094980492462
N0450HE,0.7312547488472942,0.25158966068738,0.013105514950858984,0.0028088021389211398,0.0012412733755456328
N0450HF,0.02417393104416584,0.06722291572757186,0.24374980152290854,0.48851282654989625,0.17634052515545764
N0452HE,0.33084008724182834,0.5778958470563687,0.06683297391878874,0.017109279212512284,0.007321812570501904
N0452HF,0.38793401653447535,0.4966982433125658,0.08271362871784464,0.021810232283632904,0.010843879151481325
N0453HE,0.8787022278287416,0.11494934231266744,0.0037304484779024025,0.0016470765339056347,0.0009709048467827655
N0455HF,0.13317916305741023,0.8393104494591455,0.023205692050295455,0.002772458109118035,0.0015322373240307277
N0456HE,0.6303514761253673,0.3258357017105262,0.033717431221933936,0.007419801232036534,0.0026755897101359703
N0457HE,0.07358912264052836,0.8830419359837348,0.0362493915281337,0.0049686230276524,0.0021509268199506335
N0458HE,0.9605528747327471,0.035383591931008505,0.0025962492461127783,0.0009356553200222457,0.0005316287701094575
N0459HF,0.06120832180574075,0.1961321815025634,0.47230921907122536,0.23260273123263805,0.03774754638783251
N0460HE,0.7063205876508329,0.2838258877689141,0.007016820554880614,0.0018016076953601703,0.0010350963300122574
N0461HE,0.3015983851157859,0.5777926847015004,0.09406407526251141,0.01964462013381771,0.006900234786384664
N0462HE,0.7406532655968107,0.23565145214172425,0.017423242503863335,0.004553972993453461,0.0017180667641482285
N0464HE,0.8053693365729387,0.1836064590166484,0.007619108203858497,0.0022752389652000767,0.0011298572413542243
N0465HE,0.774244075176596,0.21763580945204705,0.005648499379117065,0.0015869188530360334,0.0008846971392037278
N0465HF,0.26225862690478385,0.4126468574829807,0.22618949814026967,0.08134743989194808,0.017557577580017702
N0467HE,0.13632010239491213,0.40638243203268154,0.2702513364044775,0.14639421075845324,0.04065191840947567
N0467HF,0.9310870367899211,0.063987378449652,0.002947391644118212,0.001214216978204203,0.0007639761381046022
N0468HF,0.0232545568258666,0.08214459926436972,0.3445157370042985,0.3808377003253524,0.16924740658011286
N0470HF,0.8371670891019466,0.15331932809695398,0.006961441737301434,0.001722923427893163,0.0008292176359049105
N0471HF,0.5157196553974426,0.4337957627739265,0.039619643739039256,0.008435016638841946,0.0024299214507497117
N0472HE,0.7193100140371026,0.2702599456168359,0.007188940818877833,0.0020687899489996537,0.0011723095781838104
N0472HF,0.23166677644477424,0.5598542645801078,0.1650263960291648,0.033324873382813786,0.010127689563139393
N0475HE,0.16370549127826955,0.7323634016431273,0.08893948171531477,0.01040201613976149,0.004589609223527025
N0475HF,0.6719168791024843,0.2882582757591726,0.0271793716781789,0.009066249681434393,0.0035792237787297516
N0478HF,0.7095459919926032,0.28096571355520894,0.006549148700707863,0.0018299863987460943,0.0011091593527340112
N0479HE,0.2993557618592433,0.6374336646288732,0.047678296618729174,0.01057796906081472,0.004954307832339574
N0480HE,0.10324783725781261,0.4412110876227159,0.25038479689732995,0.15236524246104738,0.052791035761094104
N0483HE,0.6374793252259197,0.33599080661549924,0.020368857503854608,0.004420321696000885,0.0017406889587256817
N0483HF,0.18822331492122218,0.7255125036325419,0.06989785178929772,0.01130915521982831,0.005057174437109794
N0485HE,0.5291441240086839,0.4491599338752465,0.016504832820739414,0.003332455206659723,0.0018586540886704138
N0486HE,0.1228391009044986,0.8604996319344043,0.014300444798449677,0.0016162673331294806,0.0007445550295181458
N0486HF,0.7243790201924202,0.24862907849477517,0.02051545797699455,0.004630235878951568,0.0018462074568585118
N0487HE,0.8125011652113139,0.17520632503538253,0.008879054763929329,0.0023121652217178534,0.001101289767656303
N0487HF,0.637529910178862,0.3180207443579969,0.03269182264292037,0.00845794258634794,0.003299580233872856
N0488HE,0.04581420211313891,0.9252939031230547,0.023734696244676695,0.0034482739186197007,0.0017089246005098744
N0491HE,0.8017085747458118,0.18672869746617132,0.0071505511257353,0.002753075375359375,0.0016591012869222408
N0491HF,0.8428513227276321,0.14648694177882343,0.007642619611230761,0.0020745020546386944,0.000944613827675075
N0492HF,0.8938525591162516,0.10222782252081968,0.0025915979078625314,0.0008554869159652676,0.0004725335391008832
N0495HF,0.4268081940702559,0.530871268852074,0.03285121125244453,0.006557058195436621,0.0029122676297889966
