ncode,proba_0,proba_1,proba_2,proba_3,proba_4
N4541HD,0.72462855872461,0.25217366482240855,0.016548855471402835,0.00435552366710725,0.0022933973144712316
N4397HD,0.007873137841470167,0.0387907837966165,0.38654846813106164,0.5120763490157364,0.05471126121511533
N4544HD,0.8756025846939561,0.11834368126680095,0.0038851043303152347,0.001495125589554059,0.0006735041193734801
N4545HD,0.07781994282959552,0.2556762824264191,0.3823138988410704,0.21250953237040313,0.07168034353251178
N4546HD,0.17563489721694384,0.7524743441498618,0.06460074761317061,0.005429790279620815,0.001860220740402811
N4550HD,0.8236619895525208,0.1654270635663293,0.006732689560315458,0.0027420778109978772,0.0014361795098365873
N4551HD,0.7907648261686285,0.19991272677951158,0.006689216026285662,0.001873979261976001,0.0007592517635982637
N4554HD,0.07156857670937601,0.603403041943099,0.2885534879361172,0.028210908333033167,0.00826398507837456
N4555HD,0.44167612292671726,0.49140206824898397,0.051161661675389,0.011682047244454943,0.0040780999044548235
N4556HD,0.3296992064348671,0.48097899976558234,0.1315306733572437,0.04774952523841325,0.010041595203893578
N4563HD,0.40801192377862633,0.49061739762778983,0.08038565992649838,0.01699119198193486,0.003993826685150509
N4567HD,0.8980204223889476,0.09239259462372827,0.005155257311522177,0.0028892083254254673,0.001542517350376492
N4561HD,0.8223696193228355,0.1680251740840647,0.00591796647927603,0.002593343714208776,0.001093896399615112
N4571HD,0.34470000943208584,0.5658052987730456,0.07099997626357565,0.013727449914243716,0.00476726561704928
N4574HD,0.9507913834312971,0.04623800755966004,0.0018651645979127624,0.0007454517516335187,0.00035999265949643967
N4575HD,0.5243918340171122,0.4251223393618539,0.03987306155869173,0.007891550692777449,0.0027212143695648392
N4579HD,0.2054230184623068,0.6709259405528769,0.09537634569993146,0.02102683189172062,0.00724786339316411
N4581HD,0.19860791818693413,0.7108192694407615,0.08258858592577739,0.006157584929178962,0.0018266415173480446
N4584HD,0.15992743258609418,0.7604896932724222,0.07219900047083358,0.0055743563484480195,0.001809517322201993
N4578HD,0.8294067475141415,0.16214357402762017,0.005727919810267193,0.0019083685980203343,0.0008133900499509366
N4590HD,0.21216003133054542,0.6879792889877631,0.08691140221572236,0.010619586503316063,0.0023296909626530186
N4593HD,0.0319380832394406,0.23206780299187102,0.4588649689242498,0.25003576681443346,0.027093378030005055
N4151HD,0.19168994215738466,0.44332355413128144,0.22711911339095675,0.11220878605783051,0.025658604262546663
N4594HD,0.8280255681532418,0.16404229001032292,0.005420279169951607,0.0016899335327822135,0.0008219291337014191
N4600HD,0.42406620393914785,0.5263752682109063,0.04143827698740294,0.005936066428135457,0.0021841844344075534
N4605HD,0.08796925077128692,0.4130504498211956,0.3973838974553744,0.08715861769596478,0.014437784256178416
N4612HD,0.31074908576307975,0.5691715803529317,0.0939169900595515,0.019836138852889977,0.0063262049715471025
N1701HC,0.2610318356043821,0.5980027679059496,0.1051515223503949,0.026453659363283585,0.009360214775989662
N3705HD,0.014150209849555782,0.05337757260861782,0.29795617324643686,0.3818423337530374,0.25267371054235216
N4589HD,0.615232133360147,0.33232542762445405,0.03521590935819471,0.012474199991478436,0.0047523296657259444
N4339HD,0.9400666783734082,0.05457900116141426,0.003181239724033689,0.0013238337161133038,0.0008492470250304917
N4615HD,0.02275880651109317,0.13791044414168513,0.37289763368801326,0.36625387683917415,0.10017923882003435
N4618HD,0.9004155987670892,0.09096723895857686,0.0050060402470217214,0.002377116844198302,0.0012340051831140242
N4624HD,0.5425595784277892,0.4446387116973975,0.010324621120398074,0.0017324692711808535,0.0007446194832343613
N4626HD,0.8169795940880556,0.16501313320915342,0.013443274149995209,0.0034429053244844914,0.001121093228311204
N4628HD,0.06214864557344554,0.5613143208456263,0.3223824893275813,0.04506200691078678,0.009092537342559982
N4638HD,0.07203526895816963,0.2222970539535225,0.2679766098068457,0.3324442362833586,0.1052468309981036
N4639HD,0.7946247632467417,0.1807658981522668,0.01566865514963038,0.005866960393497902,0.0030737230578632762
N4642HD,0.8822774620414765,0.11021626721591843,0.004885296071059992,0.0017055978077400275,0.0009153768638051233
N4646HD,0.9163463859819161,0.0776259978686144,0.003623530543368679,0.0015164359649986337,0.0008876496411021128
N4631HD,0.8105654451386014,0.1767081402714406,0.008902984209619573,0.0026600555189841787,0.0011633748613542442
N4656HD,0.02914058390945756,0.10417208125091798,0.40619095167324526,0.38375370383182095,0.07674267933455822
N4658HD,0.7707842503130978,0.2107002336365483,0.013126220921104576,0.003970024252600768,0.0014192708766485966
N4661HD,0.8465732156666278,0.1420900556917183,0.00743587153389925,0.002611950798462541,0.0012889063092922735
N4665HD,0.8022404800165246,0.18198326936451634,0.011666019691626082,0.002802722210729147,0.0013075087166039272
N4667HD,0.8759190285793408,0.11697518938441681,0.0046839868488098135,0.0016003189804887016,0.0008214762069440008
N4669HD,0.7522608123886557,0.23459189379123582,0.009389529943075224,0.0026365089296889665,0.0011212549473442203
N4673HD,0.19222604152041645,0.6258910509051949,0.15317852387356576,0.021357087235212412,0.00734729646561046
N0760HD,0.08318755613673158,0.6466401487442507,0.22748175240875335,0.034605094895817576,0.008085447814446875
N4672HD,0.6385522933365192,0.2987737137926505,0.04078592668809004,0.016596382420674113,0.005291683762066213
N2593HD,0.882202823111683,0.1097426882498095,0.0050075000321388174,0.001990962079251137,0.0010560265271174771
N4677HD,0.1347869613478531,0.6598758530682916,0.18692751008200006,0.014758699659760363,0.0036509758420950164
N4680HD,0.16278954582252775,0.6259400361420631,0.1668452275905626,0.03336942881269094,0.011055761632155629
N4688HD,0.019832290776226842,0.08579461187274123,0.4025629059845009,0.42565503985735753,0.06615515150917337
N4689HD,0.8289038013206113,0.15920022349715846,0.007837309946770062,0.002718840523978959,0.0013398247114814442
N4691HD,0.13983631565638033,0.38959991604724215,0.27271149994129923,0.14985004861903667,0.048002219736041504
N4692HD,0.5624640772968983,0.381446584919274,0.036860704734372945,0.013020522723098053,0.006208110326356674
N4694HD,0.027799120292222226,0.24137033752642506,0.5196884638162053,0.18223120828242909,0.02891087008271827
N4695HD,0.08316190730408275,0.6598628458930768,0.23032916424640754,0.021839349916448623,0.004806732639984335
N4699HD,0.5094972583726352,0.4408058750963698,0.03708783921259065,0.009128514897517117,0.0034805124208873066
N4703HD,0.46408961289214373,0.36304746968012774,0.09795527373229915,0.056537691351691,0.01836995234373838
N4704HD,0.00559194069114622,0.01594905518402922,0.3819821989113393,0.5697131048519095,0.026763700361575753
N4708HD,0.926660819329187,0.06853487189403817,0.0030225832071928594,0.001146206835191643,0.0006355187343901427
N4714HD,0.5455063738846576,0.4016525278805945,0.03538661593610663,0.011102331197477172,0.006352151101164081
N4721HD,0.06885530319307588,0.504403866918909,0.3323952634351817,0.07998822969875508,0.014357336754078258
N4722HD,0.8653436122736268,0.12883591426473434,0.003797841852352111,0.0013400778539494494,0.0006825537553372961
N4724HD,0.16003239801393992,0.7358471681424164,0.09230313088232275,0.009453343341895144,0.0023639596194258423
N4726HD,0.07173898086741418,0.760014074592839,0.15620597075736878,0.00947670456545901,0.002564269216919134
N4735HD,0.7037773452870014,0.28146388865313515,0.009417971359155808,0.0034901386078483388,0.00185065609285924
N4063HD,0.44738722624482463,0.4422780780103059,0.06761831475650243,0.03064225413377448,0.012074126854592596
N4712HD,0.7217888627643163,0.2607613832677013,0.013282179985425399,0.003005025474472854,0.0011625485080840028
N4738HD,0.2051396447376801,0.6401777329045482,0.12189210019936224,0.02298977089156768,0.009800751266841868
N4740HD,0.04519722141656564,0.24473662244447567,0.3366235413793307,0.3095686404364479,0.06387397432318005
N4742HD,0.02702107650298528,0.12152632716589602,0.5149898226540098,0.26207335142123417,0.07438942225587467
N4745HD,0.8049293744304385,0.17814923906534053,0.012999170566530016,0.0028145786402572963,0.0011076372974336277
N4747HD,0.7926538658738411,0.17876539841441094,0.018135194010051363,0.0069809621584589225,0.0034645795432376456
N4750HD,0.6950795082499847,0.2584250731032111,0.03193010647089083,0.01076645764537128,0.003798854530542109
N4752HD,0.007999167527401646,0.04783622190328566,0.4431503609297594,0.4620960720731342,0.0389181775664191
N4754HD,0.5067399786596838,0.46326162644447155,0.025011759678927766,0.00367644308536102,0.0013101921315558502
N4755HD,0.28632311202949917,0.5628687484444257,0.12023586735716099,0.023419810846085135,0.007152461322829213
N4756HD,0.5497411854738247,0.41098812071908475,0.03070218850299704,0.006373022632561503,0.0021954826715322017
N4757HD,0.8598779254502599,0.13107663392558522,0.0069470726008923345,0.0015538105599634665,0.0005445574632990551
N4759HD,0.4247493939253399,0.526055380142943,0.036797354185230696,0.009171124972229,0.0032267467742574593
N4762HD,0.5847522227143296,0.3721244488373111,0.033117389313753645,0.007527681020958254,0.0024782581136473044
N4763HD,0.5199116510733001,0.4241246606594178,0.037418065047150575,0.011796220118426813,0.0067494031017046405
N4767HD,0.8027123872126768,0.17795569345074866,0.013713766163378726,0.004153360384574295,0.001464792788621427
N4769HD,0.056820978594033546,0.3233712190288318,0.47790438218451115,0.1258169806826895,0.016086439509933936
N4770HD,0.800301617466396,0.18112661665787802,0.013466872337152706,0.003748151722812485,0.0013567418157606577
N4676HD,0.20179815347886065,0.5306389163040751,0.19970545882215968,0.05423396058197864,0.013623510812925885
N4614HD,0.5639365598789887,0.36418571730170124,0.0558230583919757,0.011604751325232612,0.004449913102101718
N4774HD,0.27910557845596384,0.5928744257914342,0.09910941355073746,0.02289190549315013,0.006018676708714348
N4778HD,0.047562012813422816,0.28247605774960166,0.4145672211854024,0.21524703032190057,0.04014767792967255
N4780HD,0.006554757496112631,0.028940204163408787,0.22672943472504162,0.4224784108126347,0.31529719280280216
N4783HD,0.5513654948216442,0.414164803679272,0.02663004930531197,0.0056825407505788385,0.0021571114431930523
N4789HD,0.7723085954939939,0.1989313735961278,0.0184423251465437,0.007013798068159756,0.0033039076951749016
N4792HD,0.49278110678125103,0.4889063547994786,0.01430624504933514,0.002886664736095902,0.0011196286338392928
N4793HD,0.03765114753643394,0.5771894285291616,0.31599011987622067,0.05446906225120839,0.014700241806975356
N4794HD,0.009033288430323723,0.060564462175421746,0.40501743009242475,0.48362585162993027,0.041758967671899516
N4799HD,0.7297977734815326,0.24626306227423087,0.01651219120443413,0.005234948017436735,0.0021920250223656924
N4800HD,0.9265274600422725,0.06733271334521752,0.003991161213058912,0.0013981047131326242,0.0007505606863185619
N4808HD,0.129526140335966,0.7861884433646248,0.07775937527909499,0.004922337853871364,0.0016037031664429796
N4809HD,0.5550082905510993,0.39560311170828727,0.03459872494362217,0.009903465327296726,0.004886407469694495
N4634HD,0.6504891742072286,0.3048367556231385,0.030633653226275117,0.0098964094276104,0.004144007515747215
N4784HD,0.9024493909180284,0.08879667569692175,0.0056920738883650965,0.002055122164254348,0.001006737332430697
N4815HD,0.8840759200938665,0.10847122280838262,0.004473180180385346,0.0018723499140383953,0.0011073270033271384
N4816HD,0.7315986009974799,0.24440530975566047,0.016098954113395736,0.005896655036108562,0.002000480097355507
N4817HD,0.3592497439621618,0.5659653225148256,0.05715078908567654,0.013024036842498607,0.004610107594837559
N4818HD,0.9047916875570456,0.08866190204080908,0.004037150696500751,0.001606092413645022,0.0009031672919993588
N4821HD,0.026198634541665773,0.9041499040768671,0.06066604665620067,0.0073392183971451724,0.0016461963281214024
N4830HD,0.8672374677533827,0.12186897899723889,0.007642080442098959,0.002361818817805289,0.0008896539894741425
N4748HD,0.8614566121384925,0.1302970356229518,0.005166743453055363,0.0021333689088721356,0.0009462398766283539
N4684HD,0.8378540294308162,0.1529041732599438,0.006187139711680982,0.0020102352288018637,0.0010444223687571502
N0389HD,0.024725277322783075,0.898946989757077,0.070652948607978,0.0045510775479108605,0.001123706764251127
N4796HD,0.3473052747483253,0.49850869731590786,0.11548765450897937,0.030918797608482183,0.007779575818305206
N4834HD,0.005592230029818322,0.018682321576599114,0.43172876765417134,0.5177777255925481,0.02621895514686327
N4835HD,0.06187375558544872,0.896958341426115,0.03664684569054372,0.003390207587416163,0.0011308497104762626
N4837HD,0.48668245143890915,0.4903203409277945,0.018403452249722636,0.003175279447823876,0.0014184759357498504
N4838HD,0.1213086704448553,0.8054758193208547,0.06508722941954619,0.006022392755816412,0.002105888058927533
N4839HD,0.03832394304115196,0.6997478809286971,0.23021580050147838,0.025200626762476915,0.006511748766195534
N4842HD,0.7203484611767257,0.24789077494868192,0.021904509484384306,0.007237312051758446,0.0026189423384496533
N4844HD,0.9252087312490239,0.07016687795604448,0.00307029005456086,0.0010694019189179593,0.0004846988214526191
N4846HD,0.139352840842576,0.5045065362372462,0.2619093019829223,0.06618659737972961,0.028044723557525818
N4847HD,0.8083218534498089,0.182733878731307,0.006246821846069566,0.0018699300168213877,0.0008275159559931954
N4849HD,0.3530218997859802,0.5772390800837278,0.05220640502776008,0.013094092778887442,0.004438522323644273
N4852HD,0.04351159624002688,0.7618286008185908,0.1802462160864596,0.011412413834992734,0.0030011730199298653
N4853HD,0.6106660739242936,0.3575764043265853,0.022903098217779642,0.006604919189234217,0.0022495043421073436
N4856HD,0.8746918337747462,0.11827165123181484,0.004832497628417601,0.001476915814587366,0.0007271015504338737
N4858HD,0.8716050836398835,0.1179634935758742,0.0062964876587502435,0.002805039145738332,0.0013298959797536421
N4860HD,0.2224079117136032,0.6939085020104049,0.06980326776325496,0.01022197517971948,0.003658343333017506
N4861HD,0.9046562273472727,0.09092707368663479,0.0029769596376794318,0.0009154398251294476,0.0005242995032836632
N4863HD,0.5631307962029293,0.4179392583504599,0.013332418252960882,0.0038964310588033156,0.001701096134846616
N4864HD,0.7070189954510775,0.2752952817423536,0.012072202607076456,0.004044714286945168,0.0015688059125471795
N4866HD,0.7834637179118883,0.19763787992530812,0.012791728982725993,0.004269841403639169,0.0018368317764384298
N4012HD,0.7023634972362162,0.2752993681993068,0.015514675921714537,0.004834518187710947,0.0019879404550514333
N4825HD,0.2814557757870852,0.5861694474307649,0.09365415419597585,0.02932217696202768,0.009398445624146363
N4875HD,0.05248956230159376,0.37862818894126576,0.42906560640428537,0.11636529125795377,0.023451351094901467
N4878HD,0.03606999704394291,0.19040300219495085,0.35379839897027776,0.32564297288640115,0.09408562890442736
N4883HD,0.03697648020174348,0.638880062372872,0.2979306644127355,0.021822282451081625,0.004390510561567493
N4884HD,0.558502270772499,0.38736659859895844,0.04285766669152409,0.00874773597275257,0.0025257279642659086
N4887HD,0.23532925586150277,0.6851506010306252,0.06972108982305208,0.0073750204662944695,0.0024240328185254328
N4891HD,0.6993609435705208,0.2691155569255055,0.023637569636563834,0.006009868630382858,0.0018760612370269543
N4892HD,0.14176600337532216,0.7299020026250923,0.11243639316766106,0.012509442076739128,0.0033861587551851694
N4895HD,0.8498982841553828,0.13883633050575914,0.007574564042604112,0.0025905954889219648,0.0011002258073320424
N4899HD,0.7715418579297654,0.21642132477718712,0.007621827354563951,0.0030707848829983867,0.001344205055485149
N4898HD,0.2802292408256696,0.6528801506744453,0.050107912952927214,0.011188015085319051,0.005594680461638878
N4902HD,0.6281765911026271,0.3218937127312049,0.03364807955292664,0.012111393430198963,0.0041702231830422
N4904HD,0.17062804802636675,0.608651027188444,0.17918060740546032,0.030434672144385805,0.011105645235342953
N4906HD,0.7628094296189638,0.22551944125612972,0.008742708095338662,0.002122906698192162,0.0008055143313755954
N4909HD,0.8119792357103495,0.17427934475724915,0.008200309351160628,0.0036442842592492005,0.0018968259219916185
N4912HD,0.7044604573892735,0.2742834698368721,0.016404902418906873,0.0034436852774724002,0.0014074850774750546
N4913HD,0.6638513527994954,0.31349397245813143,0.016463810086027535,0.004447403322098852,0.00174346133424692
N4914HD,0.12685653616559725,0.739874838510718,0.11529539105989559,0.014371567145433329,0.0036016671183558943
N4908HD,0.8976501083848404,0.09709127675629649,0.0035750205533395117,0.0011331265894000628,0.0005504677161236188
N4937HD,0.8759022399473625,0.11863300528044127,0.0037520617143507306,0.0011474988159041932,0.0005651942419414706
N4938HD,0.9060079786631806,0.08886295939665335,0.0034381563625783965,0.001110637256529632,0.0005802683210578734
N4949HD,0.8977414544903994,0.09582696383406158,0.00442207461139335,0.0013601879032651063,0.0006493191608803543
N4952HD,0.7486624450377971,0.23212733030092425,0.014627123097792323,0.0034565911058288593,0.0011265104576574226
N4954HD,0.5064673407437104,0.45013554217991025,0.03453136779472453,0.006481319552840792,0.0023844297288141275
N7917HB,0.900645826855783,0.0941535217536891,0.0034477725145370224,0.0011441416310603958,0.0006087372449304907
N4951HD,0.7424776362472016,0.24274382451540386,0.010643654053121126,0.002698146590165817,0.0014367385941076048
N0385HC,0.15305561206632443,0.6280409154421289,0.1785686191790082,0.03182870427412613,0.00850614903841245
N3920HD,0.3970703031543313,0.5086177013818227,0.07533476967834996,0.014153646538716065,0.004823579246779945
N9498GW,0.7658747322703389,0.2139739611833496,0.01480201896719085,0.003885936369565399,0.0014633512095552957
N4961HD,0.9179777562427134,0.07816734300606488,0.0027398528335051586,0.0007682121836155888,0.00034683573410088797
N4965HD,0.3630810372120919,0.49399418296927416,0.11976242594985761,0.018233189912109222,0.004929163956667068
N4967HD,0.6196047780405358,0.32200558970249094,0.038298485909606335,0.014929278770509143,0.005161867576857705
N4968HD,0.40546925940888073,0.451352863656097,0.07812847908763018,0.0490549501272313,0.01599444772016083
N4973HD,0.824819035500866,0.1592425897365664,0.011037084361299554,0.003596748492089157,0.0013045419091787267
N4976HD,0.02389427490924512,0.26037971832707246,0.6070252731332925,0.09333143516918423,0.01536929846120577
N4977HD,0.2366872730037464,0.6706509030680553,0.08123651529310835,0.008500554639554302,0.002924753995535782
N4978HD,0.6867533752945176,0.2789277794269887,0.02354854484705121,0.008113082833565426,0.0026572175978769636
N4982HD,0.4132121511433774,0.4988828116755868,0.06270111924623208,0.019448449902907294,0.005755468031896347
N4983HD,0.13558835102597722,0.4515977213938521,0.2669479844661633,0.1305320001879734,0.01533394292603408
N4984HD,0.870247099913299,0.12398940921208923,0.0038344471053647663,0.0012939083505317669,0.0006351354187152089
N4992HD,0.014836400813919914,0.11463224441932529,0.3504797051887453,0.45592626507926315,0.06412538449874644
N5000HD,0.6232281039418105,0.31386144650582676,0.04485836484892247,0.013140700247694136,0.0049113844557461
N5006HD,0.4457448621891543,0.515414971013277,0.027603798990213743,0.008431875540425479,0.002804492266929362
N5007HD,0.7357475480637129,0.23476171708153884,0.01932216150828408,0.007384603146747342,0.0027839701997167607
N5008HD,0.18418735514926482,0.5681145626601285,0.21597596796690963,0.026976532559226007,0.004745581664471005
N5011HD,0.21126550545652775,0.7125202973735155,0.06609628684944571,0.007159184921102368,0.0029587253994088013
N5020HD,0.5500396488348633,0.41560186164471474,0.025618079906114054,0.006234157334755226,0.0025062522795526706
N5024HD,0.7722077979929037,0.20963834103601914,0.013208662457375045,0.0034531641987077754,0.0014920343149944085
N4826HD,0.8957674871062085,0.09719768397529678,0.004687482631580443,0.0015937636549270594,0.0007535826319874389
N5032HD,0.8236489058919213,0.16192706426508477,0.010755478196229245,0.002594183051589384,0.0010743685951751852
N5041HD,0.8916499118232,0.10061038511855595,0.004747662635624565,0.0019942680702935488,0.0009977723523259133
N5043HD,0.9413153186060323,0.05240765417323733,0.004085337056418078,0.0013910282826638083,0.0008006618816482986
N5044HD,0.42122968546279616,0.49233438621369097,0.0637445820023853,0.016712403294611926,0.005978943026515775
N5045HD,0.7904610226077776,0.19436928342947987,0.011083811187649438,0.00292700389422123,0.0011588788808718502
N5004HD,0.8959644931559861,0.09358217150660503,0.006267203111076175,0.0027343171743677273,0.0014518150519648525
N5055HD,0.4857069351072864,0.4103971885888871,0.07051132914738044,0.026995974401516045,0.006388572754930247
N5056HD,0.14076573586040064,0.44207187301078893,0.27179314074772226,0.09986277930386153,0.045506471077226586
N5057HD,0.6263796178991018,0.35413185207064407,0.013983052262076176,0.003836582571558837,0.0016688951966191761
N5059HD,0.554128951380506,0.36923081902857585,0.05723705279894634,0.014196027517046734,0.00520714927492492
N5061HD,0.610167843112231,0.34818638706004335,0.03107662767592455,0.007647553893749195,0.0029215882580518357
N5018HD,0.9038007705468575,0.09009562514173498,0.0038326675344697338,0.0015393237117294744,0.0007316130652084201
N4896HD,0.587383539842373,0.3685862245302538,0.03386862766412371,0.007807805533424429,0.0023538024298251354
N5064HD,0.7490942096483996,0.2242709450419876,0.018072222019094808,0.006653889439127129,0.001908733851390923
N5065HD,0.449622294015262,0.5187878789033272,0.024780339660371794,0.005346724769984341,0.0014627626510546534
N5067HD,0.24412659602329423,0.607762626968487,0.11426095579054442,0.027194525216223793,0.00665529600145056
N5070HD,0.03490675795238152,0.4919369529843428,0.4190605257260789,0.04487351201138678,0.009222251325809913
N5071HD,0.19850886389849454,0.6907146995588826,0.09245285858935971,0.01387320893904394,0.004450369014219047
N5072HD,0.1683933529237062,0.7186185775512289,0.09479186736383283,0.013810797826289143,0.004385404334942914
N5074HD,0.7815319218345259,0.20419135106719338,0.010172376393670081,0.0028818703655971814,0.001222480339013543
N5075HD,0.9334714637755981,0.061760721410181636,0.0028907562799451434,0.0011429754237380386,0.0007340831105370198
N4923HD,0.8471159774577303,0.1338395224294503,0.011789978358156884,0.0048170398377828825,0.0024374819168796937
N5076HD,0.7802190292693995,0.2072014601717818,0.008738972905486064,0.002741307226052508,0.0010992304272800933
N5079HD,0.049053455673543155,0.2936615221144936,0.48836860029123974,0.14518246410411423,0.023733957816609398
N5080HD,0.6762296053908348,0.3027476428939234,0.01489741983337365,0.0040812121555536774,0.0020441197263144683
N5082HD,0.7189078818340412,0.2457197801245334,0.02399557158710495,0.007963905192818189,0.0034128612615022544
N5083HD,0.616973769178844,0.3441119828736165,0.026703574028206698,0.00926700283028919,0.0029436710890437512
N5085HD,0.11838534758960619,0.5505787765944298,0.29323529964304773,0.028941455810909542,0.00885912036200686
N5051HD,0.3854211074956787,0.5818034744756221,0.02797925560710176,0.0035046787996314815,0.0012914836219659258
N5039HD,0.056367212190720876,0.32408039922814474,0.41349706399029434,0.16596185248447848,0.040093472106361466
N5088HD,0.8784215023557962,0.11380507361907126,0.004956695250164076,0.001805924008603481,0.001010804766365198
N5091HD,0.04259604534583588,0.9403271959235268,0.014935036006426108,0.0015893813546906815,0.0005523413695205561
N5093HD,0.011782824886070296,0.06227407348387393,0.2453855810075902,0.532369126925352,0.14818839369711356
N5100HD,0.008915116467914852,0.05207835560798745,0.3392072059004765,0.5562190498088381,0.043580272214783215
N5103HD,0.08120653520423039,0.36099031742925924,0.3971268513905845,0.11508062803074193,0.04559566794518387
N5104HD,0.9475348050350881,0.04949685816551004,0.0019831291409971685,0.0006816791476550891,0.0003035285107494011
N5105HD,0.7355757876682325,0.23938858853030964,0.015219521190822516,0.006344802678804129,0.0034712999318311484
N5106HD,0.7060896983767535,0.2700127737564443,0.01695847061543519,0.005102018428750764,0.0018370388226161163
N5109HD,0.49462061464036194,0.4789401718663015,0.022506366312975586,0.0028111967548363585,0.00112165042552456
N5112HD,0.523468518606298,0.42315525500039025,0.04233939956976755,0.008397828630935826,0.002638998192608326
N5115HD,0.8480100344051283,0.14154481216845383,0.007656662557068972,0.0020525521693310123,0.0007359387000179168
N5120HD,0.013853502659077694,0.07220425621573875,0.3425217273757723,0.46700802666778435,0.10441248708162677
N5121HD,0.5597262918738412,0.3978075959159719,0.02832117032864571,0.010603029625161277,0.003541912256379891
N5122HD,0.5899290166157224,0.3564566233066803,0.03935676183522322,0.010886199917429364,0.0033713983249448022
N8305HB,0.8550251561163815,0.13595755323959524,0.005894424713302899,0.0022188081638998113,0.0009040577668204913
N5126HD,0.0465138883073159,0.22230430194795758,0.38359679124980905,0.27676803921473364,0.07081697928018382
N5128HD,0.9054646498162431,0.08796252615364201,0.003946799230255498,0.0017592670187814416,0.0008667577810779521
N5133HD,0.014484014075474325,0.07478461575621367,0.39889966791164283,0.46675152770054495,0.045080174556124356
N5135HD,0.7377992426267705,0.2394362576281904,0.015789216567040854,0.005125712709886872,0.0018495704681112766
N5143HD,0.8096838005656287,0.17958763380932882,0.008247171181897404,0.0017639737585830237,0.0007174206845620008
N5144HD,0.2809401754456174,0.6147503192276179,0.08631777504282746,0.014322954808168323,0.003668775475768962
N5149HD,0.17969239531175327,0.6262414814301952,0.13599755727277996,0.04663518469204234,0.011433381293229506
N5152HD,0.3646021239608813,0.5663492822928524,0.05854223295598245,0.0079483700756804,0.002557990714603509
N4394HD,0.1349010735064933,0.37241686623578096,0.3940310473278771,0.07677651416836975,0.021874498761478938
N5029HD,0.16955593677998218,0.6406552648020145,0.15073236581044783,0.028865281899318432,0.010191150708237114
N4368HD,0.9300721019064524,0.06563811582625353,0.002757845487393175,0.0009751202811417405,0.0005568164987591657
N5013HD,0.34204720726690657,0.5562785999998892,0.07741284710251281,0.016425158669772618,0.007836186960918751
N5153HD,0.2932281789214294,0.575467890926974,0.11153474756131375,0.01531593870591594,0.0044532438843669
N5157HD,0.8789654826149316,0.11411405157538179,0.0045499620300414835,0.00153417057957563,0.0008363332000696526
N5170HD,0.598452868201901,0.3731703641404684,0.02148519809735448,0.005098096551914489,0.0017934730083616435
N5172HD,0.8469047035426093,0.13767854113918285,0.010667578502662936,0.003301643122004331,0.0014475336935406622
N5173HD,0.6591952128073943,0.29063766970771837,0.034779513005668616,0.010753106644904326,0.004634497834314288
N5147HD,0.6446413327238588,0.33507823291807454,0.01362161714500971,0.004414561591846724,0.0022442556212103485
N5178HD,0.6468433922017515,0.296186884537588,0.03967199287374447,0.013202355377444176,0.004095375009471872
N5180HD,0.49949579788009324,0.4412564316796862,0.042163803811951575,0.01234635616199599,0.004737610466273136
N5181HD,0.37486233259374013,0.5238202696760597,0.07580929508612815,0.019284771777180913,0.006223330866891065
N5182HD,0.9100290197753831,0.08457905707380117,0.0035968012439447686,0.0011869157042581457,0.000608206202612547
N5183HD,0.10930826614901007,0.8461794956778942,0.03918063621552388,0.004134367188374253,0.0011972347691975138
N5185HD,0.2556272890865932,0.481070045498299,0.19406253615306884,0.05708945915280815,0.012150670109230767
N5187HD,0.2047018328443627,0.5242623707282912,0.19205575664670987,0.058514255562824316,0.020465784217811978
N5188HD,0.16893352464497374,0.49151492781695366,0.17981410880078086,0.13636564096250572,0.02337179777478599
N5190HD,0.009763929860385413,0.06059884081347498,0.3890749900235684,0.4977687416974536,0.04279349760511756
N5192HD,0.5301792309962159,0.455829998625874,0.01136830475204727,0.001818889783092985,0.0008035758427698138
N5193HD,0.6705941572375551,0.29747929353534747,0.024195191366439158,0.005605991229594936,0.002125366631063212
N5197HD,0.8469337961651813,0.14325812354941073,0.00755010448087134,0.0016027884011102177,0.0006551874034265727
N5198HD,0.17173612728375398,0.4725471704150006,0.2072273919522119,0.1150525918979069,0.03343671845112656
N5199HD,0.630536143629881,0.2939824011690379,0.05316572326616704,0.017192285300478553,0.005123446634435363
N5200HD,0.7377502568736758,0.2363419281504913,0.01628413934517971,0.006414853985676102,0.003208821644976985
N5203HD,0.049938057111043425,0.21073233034237396,0.3745585081601965,0.29632244684563314,0.06844865754075295
N5209HD,0.05737119376263712,0.2785395167913732,0.4625100556366316,0.17670789185963942,0.024871341949718694
N5212HD,0.8084090167618513,0.18219743658374912,0.0066862498174494744,0.0019227671393715977,0.0007845296975784547
N5215HD,0.5115034590105557,0.43815642106541647,0.037979613465681586,0.009175346651725532,0.0031851598066207805
N3574HD,0.8154350865768901,0.1657766002432426,0.010885324312839858,0.005072175922256414,0.0028308129447711743
N4760HD,0.0682695664773932,0.434278916945336,0.34488235304056697,0.11352935434964725,0.03903980918705673
N5225HD,0.7726523123151608,0.21433450277307495,0.009352997625164845,0.00270749881705524,0.000952688469543984
N5226HD,0.5431141124277548,0.38495491039200813,0.05246189038695278,0.014103780295366115,0.005365306497918225
N5227HD,0.7539028632471454,0.22390427110839628,0.015753908997112105,0.00455570185721034,0.0018832547901357442
N5233HD,0.01708121820083377,0.08234270601209538,0.37475065161489113,0.3613717292251143,0.1644536949470656
N5238HD,0.7967915575229546,0.17996721745600985,0.015526748068125328,0.0048819981929514224,0.0028324787599586987
N5241HD,0.7864492725135562,0.1906468410432816,0.016316389150332122,0.004736826656178543,0.0018506706366513146
N5243HD,0.007804848152464287,0.040455644609957285,0.3874397857084534,0.5317158188600789,0.03258390266904618
N5246HD,0.7484623186801541,0.22535939645321754,0.01841113461300758,0.00535867523802544,0.0024084750155953442
N5247HD,0.0058474837922141915,0.017454537500218397,0.37875672688237344,0.5772671343630416,0.020674117462152367
N5248HD,0.5813283397157779,0.34735976716623246,0.05039866469731506,0.015087521868297172,0.005825706552377288
N5253HD,0.5004839164706971,0.44370357333619054,0.03945438576880991,0.010559105194800621,0.0057990192295018245
N5257HD,0.041599502141889774,0.18686806139921527,0.36712179403302947,0.3097818904558866,0.0946287519699788
N5259HD,0.027017980300866305,0.10973163380501813,0.3626191636453883,0.37627890539438713,0.12435231685434027
N5262HD,0.08862575639517084,0.6006204615984897,0.2856130010568751,0.019795146098995867,0.005345634850468552
N5266HD,0.1711309687573663,0.7054382484643441,0.10833779510866087,0.012240158733521855,0.0028528289361067706
N5270HD,0.6539637045634146,0.32622865847119237,0.01533865124372879,0.003193266623818245,0.0012757190978459863
N5271HD,0.5678969760876468,0.3620042387672013,0.04909170928000423,0.015909297106162585,0.005097778758985168
N5273HD,0.8329240080991575,0.1491977191980846,0.011480295419582587,0.004245868535364691,0.002152108747810564
N5274HD,0.8609653009396108,0.1289394268537793,0.00710739435148417,0.0021470753859867573,0.0008408024691390113
N5211HD,0.27718984527454527,0.5165938379624863,0.13364236096123341,0.06093001128213184,0.01164394451960321
N4843HD,0.5024258923084414,0.4256595603552638,0.04589261616534316,0.017926209590355926,0.008095721580595737
N5287HD,0.5794455871874221,0.37892652364193796,0.02956403270597046,0.009286694949462902,0.002777161515206618
N5286HD,0.123266284221474,0.30699234754879134,0.37857304785798057,0.14412421808129317,0.04704410229046082
N5292HD,0.04381621412761601,0.19138503671468873,0.3602149760978932,0.3189219520574097,0.0856618210023924
N5294HD,0.847016566664537,0.14368088289980205,0.005821979044495987,0.002321214859620247,0.0011593565315446582
N5296HD,0.30608631865740066,0.47208120856819946,0.14078362790049168,0.0679586301755113,0.01309021469839709
N5298HD,0.7830497851316818,0.1940429760318436,0.014762914334474003,0.0057856588877940665,0.0023586656142065444
N5303HD,0.8142701585930151,0.17118016518848275,0.009304349661117997,0.003438002020961511,0.001807324536422448
N5305HD,0.1520240913094434,0.4766021515988551,0.274985645492963,0.07721455692450903,0.019173554674229425
N5306HD,0.8331225755508528,0.15268242362111425,0.009906460467712019,0.0030285344617850024,0.0012600058985358848
N5307HD,0.05319726315686888,0.360842757376089,0.38191839882737744,0.17274232334902098,0.031299257290643735
N5311HD,0.3565035570572072,0.5052993530814588,0.11504429735066048,0.018760080299567303,0.004392712211106183
N5314HD,0.7295703515919965,0.25217509459502246,0.011973690419170676,0.004318526000161896,0.001962337393648538
N5073HD,0.07819108191743399,0.37883492190605295,0.3610557984807746,0.1506125131759757,0.03130568451976279
N5277HD,0.06568492827426085,0.22096413591523614,0.4212031047661453,0.22661911573424148,0.06552871531011611
N4885HD,0.9220444885746807,0.07074838746904687,0.004733753465607826,0.001640304305250741,0.0008330661854138497
N5318HD,0.03824787660278679,0.37017880725732977,0.44254839133624146,0.12391928144821651,0.025105643355425353
N5321HD,0.7662517619180806,0.20943056054822426,0.01666641092183754,0.005453470329323004,0.0021977962825348255
N5323HD,0.9344411832572704,0.06240000566204303,0.0021466721788920584,0.0006736415122310093,0.0003384973895634603
N5324HD,0.7419596586209706,0.22522223258755142,0.022564211815196647,0.007155594597504954,0.0030983023787766453
N5326HD,0.8239910120970992,0.15643234791821947,0.011510119412779265,0.005278826354270914,0.002787694217631276
N5327HD,0.7107344816833487,0.2705117390137558,0.012703152182136974,0.003869063779229875,0.002181563341528646
N5329HD,0.11741077642527423,0.5931241509102382,0.24218361788786133,0.037772548049523576,0.009508906727102799
N5331HD,0.7630749047948668,0.21388566479962823,0.01754332748898968,0.003939833636239703,0.001556269280275622
N5332HD,0.7609255757986797,0.2069640385968012,0.020128007098216872,0.008703472854533992,0.0032789056517680626
N5333HD,0.8402015378563205,0.1525068109341072,0.0050440554800754685,0.0015396657173948084,0.0007079300121019767
N5334HD,0.025519053985641884,0.9264165445600603,0.04285502597972057,0.004086911352451585,0.0011224641221254583
N5338HD,0.02276696740669614,0.12450741310789237,0.38863213633264804,0.31632857228969613,0.14776491086306726
N5339HD,0.06977402403929162,0.46548938173806204,0.36837560538799086,0.07753841719917996,0.01882257163547574
N3820HD,0.02675046838391722,0.10795736895114023,0.3269036928585924,0.36379068944414483,0.17459778036220527
N5342HD,0.8867515067028665,0.10596067768075483,0.005029286640672019,0.001545442707873631,0.0007130862678329591
N5345HD,0.6898313455404094,0.2799101027222937,0.022503340401046137,0.005973595452940749,0.001781615883310156
N5346HD,0.5183716897415598,0.43856406606251286,0.03417190477845829,0.0065913304367618865,0.002301008980707234
N5348HD,0.020438127950823615,0.1401024431553893,0.2654786254924903,0.4472021016482755,0.12677870175302128
N5351HD,0.6877029724174232,0.2684699471678667,0.029704677892624924,0.011155120190081828,0.0029672823320034602
N5354HD,0.006874033674474451,0.024388073310375815,0.3287150992414757,0.6189239847632333,0.021098809010440794
N5355HD,0.4851559604865288,0.47826449255790954,0.026926331450653818,0.007180605000868878,0.0024726105040388364
N5362HD,0.8936445706895569,0.10162506185679951,0.003010432941650856,0.0011038346453672938,0.0006160998666254969
N5364HD,0.7866809891101314,0.1954671044509811,0.012682519484728353,0.003818072639809412,0.0013513143143496914
N1264HD,0.03154344809168843,0.8513082286787144,0.10712797367560173,0.008221214926824847,0.001799134627170779
N4985HD,0.31697835298227994,0.5845057621535605,0.07263347439926407,0.01977490980819396,0.006107500656701475
N5368HD,0.01004078432011914,0.06347345211908212,0.37751399851368767,0.47920270171625456,0.06976906333085647
N5371HD,0.7978850362468354,0.1814683504817833,0.014808717878328811,0.004118111162064987,0.001719784230987599
N5372HD,0.7521546525371801,0.2337810008041983,0.010965153066070763,0.002244640865388782,0.0008545527271620195
N5373HD,0.5673562661375182,0.4143684850640205,0.013092815092964616,0.0035409951827095605,0.0016414385227871873
N5374HD,0.5155009899094576,0.4511004440188325,0.02858899925119794,0.0035447429703456966,0.0012648238501662278
N5377HD,0.7113258649038724,0.27113866025832345,0.013565047239946707,0.0028916303409885317,0.0010787972568687995
N5379HD,0.7621668534262761,0.21789897544464712,0.015068127996304649,0.003596649113817294,0.0012693940189547755
N5381HD,0.06628928840403982,0.3467557717337785,0.28515863459633134,0.23325317776855675,0.06854312749729359
N5383HD,0.1827124381149444,0.42013056789004277,0.2416907364248632,0.12373711563495698,0.031729141935192474
N5385HD,0.8691624467782572,0.12626000070496288,0.003252607165279244,0.0009329608351802742,0.0003919845163201591
N5387HD,0.04370464829240233,0.27563286070942766,0.4208670357377546,0.18430547327465083,0.07548998198576456
N5388HD,0.08199086260388712,0.3136229662543476,0.3087202855762233,0.24943127141164287,0.04623461415389916
N5389HD,0.029024413940350925,0.7069504567428252,0.23777267231140284,0.02099154168161389,0.005260915323807247
N5391HD,0.6155138126387707,0.35498935991122277,0.022469555121102408,0.005029644846977345,0.0019976274819268193
N5393HD,0.4999594775725529,0.4652778515988768,0.02918801334630925,0.004151706619166574,0.0014229508630944384
N5395HD,0.7156459385835303,0.25213269471200084,0.022856080162667217,0.006862262703237732,0.002503023838563899
N5397HD,0.768802011520674,0.21275123480190605,0.012701871497193795,0.00423496150681785,0.001509920673408436
N5398HD,0.7515612266954452,0.23168192366090046,0.01166644581200613,0.003626096446230704,0.0014643073854174848
N5386HD,0.1416142331955369,0.6599869368201181,0.18128131398481603,0.013233015930905548,0.003884500068623588
N2483HD,0.8198335191151033,0.15930325105385804,0.012081707362784027,0.005520022927907026,0.0032614995403473755
N5402HD,0.8489152902860112,0.1393669150103235,0.00804117432672052,0.0024647431203870095,0.001211877256557794
N5404HD,0.6888408128824886,0.2799674309886142,0.02201730995463325,0.006723400449983426,0.0024510457242805607
N5405HD,0.9179581974689334,0.07780029971386479,0.002772312625300132,0.0009782174475821807,0.0004909727443196395
N5407HD,0.20273728785762762,0.5739402035261104,0.15497632931951769,0.05482315471569023,0.013523024581054083
N5414HD,0.4977589655524282,0.4821538689395817,0.015560383806422745,0.003250693341100072,0.0012760883604670213
N5415HD,0.8340306077696037,0.15679401688645023,0.005570513174104015,0.0025488666083543442,0.0010559955614877715
N5416HD,0.12473763845693556,0.7806408911468162,0.08024546495206883,0.010875958612122812,0.0035000468320565557
N5421HD,0.7435848125670432,0.23580633020910488,0.014274116131028202,0.004688562226424814,0.0016461788663989245
N5430HD,0.8545556553220512,0.13305372180273484,0.00863148536641155,0.002747406634921903,0.0010117308738803925
N5431HD,0.04151221297511415,0.8291192296797463,0.1194987532399538,0.007798512549682659,0.002071291555503076
N5432HD,0.7385132195134249,0.2389183024638434,0.016267159512404223,0.004680061236738683,0.0016212572735887709
N5437HD,0.8373899074381204,0.15115833175109653,0.0077116097313286395,0.002729339512998677,0.0010108115664559324
N4225HD,0.2909171950388217,0.6187068460808002,0.06959663283674049,0.0158883069124123,0.004891019131225287
N5123HD,0.4324699918896567,0.5094039437328179,0.03931401564634382,0.014165956405186047,0.004646092325995609
N9187HC,0.03988671690547326,0.22307901207153777,0.3337929951247878,0.33264255577127505,0.07059872012692608
N5439HD,0.15828966121219734,0.4868735243063756,0.24023802467574915,0.0895623816229638,0.025036408182714003
N5440HD,0.11065050990770088,0.6961362862120807,0.17626633988035487,0.013344649807961243,0.003602214191902355
