ncode,proba_0,proba_1,proba_2,proba_3,proba_4
N4541HD,0.7465646044487926,0.233599363640393,0.013510197642611788,0.004138780036976402,0.0021870542312262048
N4397HD,0.009309952202143302,0.0522868095139169,0.4163222431820112,0.4783986946957474,0.04368230040618116
N4544HD,0.8885726037903625,0.10534287439682898,0.0040089319140813396,0.0013468068287262394,0.0007287830700008538
N4545HD,0.11508517379472852,0.32458402352145055,0.32407253910040024,0.1745173327010213,0.06174093088239946
N4546HD,0.1524993875719397,0.7688262825099789,0.07054743950665525,0.006212694743265209,0.001914195668161088
N4550HD,0.8136772635726262,0.17536657039101744,0.006180524963124568,0.0029380159648947912,0.0018376251083369716
N4551HD,0.5951553626710687,0.3862955129921709,0.014539441791867993,0.0028074027178766527,0.0012022798270158004
N4554HD,0.07023110272071653,0.6090681676710179,0.2769020366481429,0.03522100560402434,0.008577687356098257
N4555HD,0.3468949236765262,0.5758172395530251,0.062347308206745555,0.011191785819431449,0.0037487427442716745
N4556HD,0.364034668193959,0.4570682713162973,0.12253470274698836,0.046837646297208886,0.009524711445546423
N4563HD,0.40784499023118764,0.4693943473056001,0.09838568668145033,0.0188756058529361,0.005499369928825899
N4567HD,0.8938122042637638,0.09684342106511791,0.004735850124726235,0.0028757522667319175,0.0017327722796602787
N4561HD,0.8743448919447846,0.11816352990107577,0.004428969368764672,0.00203401933138732,0.0010285894539876848
N4571HD,0.32895828281124295,0.5916362515905553,0.05953476159666635,0.014760770999693858,0.0051099330018415145
N4574HD,0.9482426607872089,0.048592886191030304,0.0020020865234185114,0.0007354326621962157,0.000426933836146148
N4575HD,0.53994251797327,0.4119320300638785,0.03763372440401353,0.007506445087312111,0.002985282471525908
N4579HD,0.2358972795491558,0.6386435073890059,0.09512498275424633,0.023344501616528117,0.0069897286910638205
N4581HD,0.1891618562432118,0.7270699220426733,0.0747194151575603,0.007106050089838546,0.0019427564667160605
N4584HD,0.16189481886040835,0.7645708000661244,0.0652580353495732,0.006319913222001073,0.00195643250189318
N4578HD,0.7901555536043318,0.19882028539777855,0.0077133963849471835,0.002333780876615115,0.0009769837363275626
N4590HD,0.19728931429313273,0.7091778784041727,0.08163044478765909,0.009652445911774483,0.0022499166032609783
N4593HD,0.028489418741716097,0.24068414946416508,0.4052738805185803,0.29412137300865204,0.03143117826688637
N4151HD,0.1929489631876736,0.4479443660646657,0.21609470661050328,0.11117735027061094,0.03183461386654654
N4594HD,0.841605113234324,0.14986537590829185,0.0054072527792644945,0.0021345434390762793,0.0009877146390433647
N4600HD,0.4450195480066237,0.4974271429551871,0.047526593245350045,0.007341924128887008,0.0026847916639523278
N4605HD,0.07680450064823914,0.3462403183236469,0.4317755627518763,0.12962871279025628,0.015550905485981344
N4612HD,0.3104999255450189,0.5827588748143475,0.0785347569912377,0.021184144480703937,0.007022298168691988
N1701HC,0.2545607841980351,0.6113272746571841,0.10058381548287314,0.024905475507141717,0.008622650154766095
N3705HD,0.01740153274168638,0.07183946398715788,0.2929882635680189,0.3755566033341326,0.24221413636900432
N4589HD,0.5824674069390493,0.3580377033442834,0.04060549175282292,0.013950344771906986,0.0049390531919374005
N4339HD,0.914566534820061,0.0796460971389401,0.003111863154139441,0.0016394467983555329,0.0010360580885040067
N4615HD,0.029322462284071694,0.1550047566132545,0.31941274787620505,0.3840761419617093,0.11218389126475947
N4618HD,0.8890267541861132,0.10235887757653583,0.004859625460581711,0.002495570721115443,0.0012591720556537579
N4624HD,0.5076287364677251,0.477179701843798,0.012175210714835804,0.0021404762512876622,0.0008758747223535063
N4626HD,0.8126263738174687,0.16951105017909432,0.01269297641074614,0.003872875551828314,0.0012967240408625663
N4628HD,0.0579328691863948,0.585047536989566,0.2979983598598147,0.04944353346447627,0.00957770049974832
N4638HD,0.05512295326730168,0.20078395883937578,0.27306629900504126,0.36148950828882664,0.10953728059945476
N4639HD,0.793750989465687,0.18753560595966967,0.011859907021269388,0.004459760477738377,0.002393737075635516
N4642HD,0.904398182801907,0.08932814036875829,0.0037943555566677225,0.0015688238519065058,0.0009104974207603688
N4646HD,0.9201021822201917,0.07378834309987924,0.0035876519086269474,0.001498227813208746,0.0010235949580934284
N4631HD,0.8386081184205314,0.14821590393245118,0.009052475626033573,0.002910294823840264,0.0012132071971436254
N4656HD,0.03756994073901218,0.13202546058157594,0.42716717913562346,0.3376122719903063,0.06562514755348202
N4658HD,0.7840764032420301,0.19857338018773482,0.011615376013651693,0.004115641182954734,0.0016191993736288802
N4661HD,0.8315788824494195,0.1586040907061705,0.0065539790552754445,0.0021214512862187266,0.0011415965029159035
N4665HD,0.8241252228955647,0.1614901515646658,0.010666894077445569,0.0025400566359141813,0.001177674826409932
N4667HD,0.8708541866161753,0.1220037396940424,0.004581000423132745,0.0016703930182725712,0.0008906802483769475
N4669HD,0.7394420780728603,0.24620456390401932,0.010650005493778345,0.00255519691472164,0.0011481556146203337
N4673HD,0.24183839383439876,0.6068949754904212,0.12410061853236545,0.01874424374982359,0.008421768392991172
N0760HD,0.0831242150284451,0.6685233767828455,0.2018638926387227,0.03761636878276556,0.008872146767221211
N4672HD,0.5917165444692246,0.32486843511488994,0.056146103757096666,0.02015252057098776,0.007116396087800966
N2593HD,0.8828163022525152,0.10952792907536713,0.00474642122599566,0.0019079906911721788,0.001001356754949884
N4677HD,0.21542210919078766,0.654280479478172,0.11349288534043858,0.013824840509929657,0.0029796854806719126
N4680HD,0.16599905698095482,0.622906308238952,0.17447385566633727,0.028045576596384073,0.008575202517371925
N4688HD,0.021615004542969565,0.11273824783566777,0.35116057391125005,0.452559514011545,0.061926659698567456
N4689HD,0.8342558003566626,0.15636136356908784,0.005663749084523403,0.002352069238996146,0.0013670177507299779
N4691HD,0.1677804699944908,0.437974860867285,0.24749456979608964,0.1128133164977037,0.033936782844430795
N4692HD,0.5428649917338998,0.4044568397825012,0.03594531759447209,0.010754686890625552,0.005978163998501425
N4694HD,0.027806614227402417,0.19529369835551602,0.5139272825143256,0.23126332434446528,0.031709080558290824
N4695HD,0.0937680476575047,0.6336034199080925,0.24093385776893822,0.02656067421768475,0.005134000447779738
N4699HD,0.48871092532036603,0.4604073024870475,0.03751508506509436,0.009763737715819988,0.0036029494116723046
N4703HD,0.41604466708930604,0.41734711581197487,0.08879283157874608,0.05966824767079052,0.018147137849182458
N4704HD,0.005366688028844771,0.02085321077671111,0.3407347863113423,0.6121269658337941,0.02091834904930768
N4708HD,0.9238248953910712,0.07134937464452297,0.003091881267870319,0.0010901706733093266,0.000643678023226368
N4714HD,0.5199009333444009,0.42923910406326443,0.03344469699731743,0.011174939946224571,0.006240325648792606
N4721HD,0.1043355565435761,0.5292904970432668,0.2800873869920725,0.06987607386112456,0.01641048555996004
N4722HD,0.856157982102839,0.13751186410331662,0.004022082649038711,0.001508845153136886,0.0007992259916688783
N4724HD,0.1568622942803609,0.7412316934130444,0.0884640488177745,0.010823383068518768,0.0026185804203013555
N4726HD,0.04478754552317502,0.8160619776486718,0.1284333212743687,0.008656426775626698,0.002060728778157608
N4735HD,0.7090755841647961,0.27442661627130055,0.010581998511089829,0.0037169012960685858,0.002198899756744888
N4063HD,0.421265346208578,0.46931906323227107,0.07309919707415881,0.02547146767028014,0.010844925814712017
N4712HD,0.7160126182201276,0.265025887600604,0.014199429956121912,0.003298983240304218,0.0014630809828424227
N4738HD,0.21550560754121867,0.632678853792302,0.11528732545891465,0.026840960058028253,0.009687253149536385
N4740HD,0.046223260856709164,0.2803952702640605,0.3256413632793365,0.29353112386943664,0.05420898173045705
N4742HD,0.02286995089239183,0.10694592907021166,0.48459785378641757,0.2910328265328526,0.0945534397181262
N4745HD,0.8095059724193547,0.17476533580607198,0.011852448860369591,0.0027044439934219913,0.0011717989207817529
N4747HD,0.8109289619396707,0.16619919920359663,0.013855657715053411,0.005968757896229501,0.0030474232454497773
N4750HD,0.6900908152364245,0.266328517185864,0.028755174826371726,0.010800534968860893,0.004024957782478896
N4752HD,0.00986692308829556,0.058857384441000166,0.4339951809083617,0.4527166602383577,0.04456385132398493
N4754HD,0.5291712194952192,0.44486966261078426,0.02065403133427153,0.003872189854985145,0.0014328967047399033
N4755HD,0.26939067356244767,0.58464838251555,0.11512839924381545,0.02387001400232916,0.006962530675857669
N4756HD,0.4905445622834407,0.4711622745153765,0.028851633755440722,0.006806326636597594,0.0026352028091446173
N4757HD,0.8514066393750995,0.13771411034522335,0.008361352281870441,0.0018772471190223673,0.0006406508787841228
N4759HD,0.29547816927987963,0.6326560119594926,0.05493915532477029,0.012560006859974323,0.004366656575883071
N4762HD,0.2260236277025724,0.6429069292752417,0.1112688892362184,0.01548862561304267,0.004311928172924906
N4763HD,0.4812283478953348,0.4655223869782909,0.035163532951208075,0.011389861989694012,0.0066958701854723515
N4767HD,0.8114255731752162,0.17043031667281444,0.01245868867851387,0.0041452709886622445,0.0015401504847932482
N4769HD,0.05796895703927918,0.3377137556474572,0.4663694944137459,0.12215754653727615,0.015790246362241394
N4770HD,0.791677782460494,0.18797922862281244,0.014375005494555329,0.004421957819886845,0.0015460256022512642
N4676HD,0.19313782245492253,0.4958726221040715,0.23911485188449383,0.05738408597692297,0.014490617579589037
N4614HD,0.5041680331321519,0.42228192024001365,0.05436315065997737,0.014804724069728454,0.004382171898128646
N4774HD,0.3103081583290534,0.5682576566933236,0.09244069141473722,0.02201494508027999,0.00697854848260595
N4778HD,0.04307766782336753,0.32116988078141434,0.40554342263715476,0.19711176457767246,0.033097264180390946
N4780HD,0.006791448230601071,0.02943379943671923,0.1959379191108991,0.45552422073542953,0.312312612486351
N4783HD,0.5603640283533845,0.40385642795390103,0.0263795655578716,0.006802196340845244,0.0025977817939977117
N4789HD,0.8026738054810298,0.17390318475371733,0.01497497462584172,0.005571245581744844,0.002876789557666117
N4792HD,0.4389882357251933,0.5414166057820876,0.0157733584089339,0.0027513857921691027,0.0010704142916162156
N4793HD,0.04172013403318895,0.6002687247629978,0.2869379217035135,0.055472430840870314,0.015600788659429305
N4794HD,0.009769857225197546,0.05896095033701401,0.4539708426831135,0.4399204678642434,0.037377881890431765
N4799HD,0.7266670523471433,0.24766599028303463,0.01776972932108014,0.005535668327752212,0.0023615597209894375
N4800HD,0.9286209033452877,0.06595477654093194,0.0032767621375365845,0.001358532439496709,0.0007890255367473117
N4808HD,0.1345901162365137,0.7790646493885448,0.07711282566354055,0.00721977964357481,0.0020126290678259395
N4809HD,0.5690668497661244,0.3861028524310224,0.030750675792969903,0.009197076726881038,0.004882545283002182
N4634HD,0.6056184281980256,0.34389340253728334,0.03350423232355852,0.012322549369524809,0.004661387571607726
N4784HD,0.8929994958320423,0.0994374387006583,0.004623943042115948,0.001946279054809174,0.0009928433703743876
N4815HD,0.8642299093749555,0.12813468933718866,0.004698476035184871,0.0019281118671773904,0.0010088133854936705
N4816HD,0.7499032874190955,0.22194509232762535,0.019644397729821815,0.0061714283455584435,0.0023357941778989165
N4817HD,0.3994930387630238,0.5265498092489977,0.05885334905328526,0.011263578173599822,0.003840224761093249
N4818HD,0.8864394275577452,0.10596640428447276,0.004584903391804555,0.0018806234912945804,0.0011286412746830392
N4821HD,0.03324722679463093,0.9012399882880169,0.05532336297677858,0.00838845656074462,0.0018009653798290413
N4830HD,0.8690544030296848,0.11918323973986066,0.008050997035998212,0.0026806280912407263,0.0010307321032155324
N4748HD,0.8614945008246436,0.13114587989396745,0.004496671336523697,0.0018608708970271656,0.0010020770478378865
N4684HD,0.8211804803813936,0.16851276062397452,0.006620404529235126,0.0024002078878268512,0.0012861465775699825
N0389HD,0.030531601756340065,0.8945677453587897,0.06825323371165345,0.005235912488736969,0.0014115066844800094
N4796HD,0.35174415281275095,0.4996229691409393,0.11446498991884871,0.026088105389694125,0.008079782737767055
N4834HD,0.00593020158116471,0.02514641645839913,0.4412912793460724,0.506751189951551,0.020880912662812775
N4835HD,0.056617126609195136,0.9030999932711671,0.03458052254518037,0.004379879312178686,0.001322478262278692
N4837HD,0.43697896202745634,0.5389533421728449,0.019366425378769404,0.003383164479769105,0.0013181059411603718
N4838HD,0.07182493386350917,0.8632237555685427,0.05567785166501257,0.00698111367887718,0.002292345224058421
N4839HD,0.042555776108139244,0.6472798882895973,0.2704947628772956,0.032353825202964245,0.007315747522003658
N4842HD,0.7012564979410429,0.2673046599710877,0.021455629712562117,0.007100446226633154,0.002882766148674179
N4844HD,0.9224943702664377,0.07296908330122198,0.0030050397327732107,0.0010165942433339585,0.0005149124562331991
N4846HD,0.15362235149005588,0.5197128642475938,0.23116758744318525,0.0672457373627185,0.028251459456446547
N4847HD,0.7982524632481178,0.1918482454599159,0.006814008655353814,0.0020489301479759943,0.0010363524886366456
N4849HD,0.3612377128875275,0.5787080607924652,0.04696432989729557,0.009331062804672937,0.0037588336180387357
N4852HD,0.04753650633488085,0.7802748973547352,0.1587240848905335,0.010719403156481599,0.002745108263369055
N4853HD,0.4143469050321051,0.5318217831184905,0.043337653734915126,0.007757216466548087,0.002736441647941258
N4856HD,0.8731317555851562,0.1192785811924573,0.004775902317477268,0.001841602657693859,0.0009721582472154861
N4858HD,0.8741812963936276,0.1161109697541697,0.0055769570003803715,0.0027447348998142157,0.0013860419520081218
N4860HD,0.31651965261258247,0.6246678712284648,0.047152795122896836,0.008414374942900964,0.003245306093155
N4861HD,0.8976335612072264,0.09772397062944292,0.002933137927784923,0.0011182904799364943,0.0005910397556091695
N4863HD,0.3937510099060588,0.5800254775849526,0.01967870107543982,0.004555511266499309,0.0019893001670493534
N4864HD,0.6728095594381736,0.30827717458525905,0.012828790091333805,0.00410666626651677,0.001977809618716857
N4866HD,0.8084434880203042,0.17547534779460994,0.00987803622585502,0.004208509479978898,0.001994618479252102
N4012HD,0.6685483363135335,0.303154129474557,0.019836688263695886,0.006119764809166118,0.002341081139047367
N4825HD,0.28481002358247404,0.6062815931096216,0.07957863976374506,0.021510100749674424,0.007819642794484803
N4875HD,0.033086575692857015,0.3753241691339895,0.45294096896809993,0.11518627477954364,0.023462011425509938
N4878HD,0.0440829841074939,0.20472199710610098,0.37863287323509126,0.29016634158706484,0.08239580396424907
N4883HD,0.043309316836292064,0.6542488066834629,0.2698693608660333,0.028076557037578758,0.004495958576633039
N4884HD,0.5272991819514198,0.4124265406510781,0.04622363752306986,0.010693960837099966,0.0033566790373323347
N4887HD,0.2285286826548282,0.6977899666123413,0.06327750639358981,0.008138328957255117,0.0022655153819856914
N4891HD,0.6793709046208158,0.2839811910898757,0.02793913935251127,0.006577054743917945,0.0021317101928792315
N4892HD,0.14573398573659946,0.7340658411960448,0.09992860369933478,0.01643686685804131,0.0038347025099795796
N4895HD,0.8380960332707923,0.14945922950247562,0.008055703292058928,0.003170574031471939,0.0012184599032013966
N4899HD,0.8526486539378012,0.13765407131226826,0.005740333007127732,0.0025914961345395765,0.0013654456082633716
N4898HD,0.3262619965561115,0.6080167588933164,0.04833375718574769,0.011683354616884356,0.005704132747940159
N4902HD,0.6144492744777366,0.3309412322856478,0.03786431887644249,0.012378951848732967,0.004366222511440312
N4904HD,0.12908925887447584,0.6140703134763571,0.2042141636293921,0.041979807764892525,0.01064645625488243
N4906HD,0.7153984487567118,0.2682207528289726,0.012349602317301011,0.003011529033296247,0.0010196670637182626
N4909HD,0.7992182727063865,0.18740257882689573,0.008172481265627786,0.003366910583678721,0.0018397566174113286
N4912HD,0.7047763612309552,0.27145669467270145,0.018046429206938677,0.003889026414749083,0.0018314884746553853
N4913HD,0.6408492681515079,0.3283841647551265,0.02319502669641804,0.005443505953938846,0.002128034443008746
N4914HD,0.15417547396706952,0.6864277667538284,0.1322562043762616,0.022130428474002702,0.0050101264288376305
N4908HD,0.8950306011900552,0.09940330642956124,0.0037638857319156993,0.0012035190145234073,0.0005986876339444655
N4937HD,0.8707525063130158,0.12342538459380756,0.003857038753198608,0.0012698937462174984,0.0006951765937604189
N4938HD,0.893572475391433,0.10062684811630651,0.0038825237320145095,0.0012237286161849248,0.0006944241440609539
N4949HD,0.8827643230005852,0.11083895511531841,0.004298529068100374,0.0013442180055890118,0.0007539748104072187
N4952HD,0.7922768833017986,0.18730552937478404,0.015234077404997236,0.0038036657942677123,0.0013798441241524198
N4954HD,0.49497048926888126,0.4547664053695066,0.03964402538431321,0.007876546689456788,0.0027425332878421188
N7917HB,0.8817846598100887,0.11199780232295409,0.004207493568013335,0.0013218130865809846,0.0006882312123627683
N4951HD,0.7626580556931307,0.22099561178585733,0.011556925286605723,0.003227129319445268,0.001562277914960917
N0385HC,0.14714401532569907,0.6181276319647271,0.1978021048009148,0.0271894587156366,0.009736789193022387
N3920HD,0.3427052667639534,0.5527548824057557,0.08495185397442345,0.01496337365094014,0.0046246232049273524
N9498GW,0.7908618480466302,0.18925478333988827,0.013883896052881421,0.004313088162858708,0.001686384397741331
N4961HD,0.9030684175217869,0.09209505015063295,0.0035080084543888204,0.0009111251982989283,0.000417398674892354
N4965HD,0.3808904593360484,0.5022578402049318,0.0948845210811838,0.017007252462859744,0.004959926914976396
N4967HD,0.5896168876599243,0.3480935665989684,0.04165999624848041,0.015512657064007937,0.0051168924286188605
N4968HD,0.3712682534599521,0.47934009496484437,0.08036253925364968,0.04977308480733901,0.019256027514214902
N4973HD,0.8139658713442219,0.16901911804603303,0.011632079355934227,0.003892219208479149,0.0014907120453315676
N4976HD,0.025484502936756005,0.2848448610119914,0.5611395742852183,0.11364122836571236,0.014889833400321906
N4977HD,0.253345981917941,0.6457363831362133,0.08619884257459907,0.011284728861468392,0.0034340635097782233
N4978HD,0.6767583892134458,0.28740827503692423,0.023336888295301735,0.00929440508791082,0.00320204236641747
N4982HD,0.37068622037186416,0.5435154206006678,0.06180634994951187,0.017862867432109148,0.006129141645847121
N4983HD,0.26705324618817106,0.47317314534982485,0.1577230204875183,0.08878347329481812,0.013267114679667596
N4984HD,0.8730427598335956,0.12134448518366603,0.0036145728053217792,0.001299500005414824,0.0006986821720017491
N4992HD,0.015697333061998466,0.14328402671857884,0.32845691214891415,0.44947493375625686,0.06308679431425168
N5000HD,0.6576654294060985,0.2857911491719668,0.03909928715207042,0.012549111053411,0.004895023216453357
N5006HD,0.5013838671795947,0.46527858601080835,0.022719529471118764,0.007659111994006471,0.0029589053444718035
N5007HD,0.6984360318743026,0.26971518990262683,0.021508831757126107,0.0077684658141485285,0.0025714806517960456
N5008HD,0.20089722738056873,0.5841344961491759,0.17958902127073395,0.03025560366324218,0.00512365153627917
N5011HD,0.20850699918382112,0.7084295304378286,0.07066734221233695,0.008833932860548784,0.0035621953054645384
N5020HD,0.5454585127296849,0.41643919213201397,0.028264985477813927,0.006957497523176711,0.0028798121373104562
N5024HD,0.7699780591175607,0.20916991636594748,0.015066548346218086,0.003933172138142148,0.0018523040321314977
N4826HD,0.8967582279640395,0.09677496141628425,0.0041642050831924736,0.0015176224931820917,0.0007849830433018332
N5032HD,0.831260525866726,0.15408082983841365,0.010618637581594773,0.0028573278727315634,0.0011826788405339152
N5041HD,0.8765919982733732,0.11571381500517978,0.004529820781051134,0.0019444272929102393,0.0012199386474857166
N5043HD,0.933959824300266,0.05942742716678876,0.004150481717938398,0.0015522525793434986,0.0009100142356631477
N5044HD,0.38972579988962613,0.5367838851922097,0.05103772606509741,0.015322006531673309,0.007130582321393693
N5045HD,0.7980475674920092,0.18470417248636245,0.012491273133070191,0.003370095588713356,0.0013868912998447318
N5004HD,0.8917990216185493,0.09847064762154979,0.005927232264722079,0.002430008678187044,0.0013730898169916571
N5055HD,0.4596284194847437,0.44718400831403204,0.06407112652307821,0.023575557458179602,0.005540888219966509
N5056HD,0.13707549194779303,0.4190278213732615,0.3074579181500725,0.09780215842823352,0.038636610100639526
N5057HD,0.7030556343671148,0.2778208028830012,0.013547834386640735,0.003927565951659944,0.001648162411583339
N5059HD,0.5859448366139636,0.3500551596775683,0.04575956728327501,0.012446533404153772,0.005793903021039377
N5061HD,0.5289254002578265,0.422267957835619,0.034963017617218276,0.009810553526460505,0.004033070762875677
N5018HD,0.889507301190459,0.10337062296398536,0.004445198463613331,0.0017287248057116062,0.0009481525762306989
N4896HD,0.7097386981007958,0.2643506767327909,0.01913245891240321,0.0047166633593085415,0.0020615028947015895
N5064HD,0.7499257590372342,0.2218868065198675,0.019362151303335358,0.00630830428780062,0.002516978851762076
N5065HD,0.5524341864694784,0.41811238165633824,0.022200701070760966,0.00551203443978581,0.0017406963636365112
N5067HD,0.2605772840573626,0.6164780837531529,0.09821469128723141,0.018985703655152262,0.005744237247100724
N5070HD,0.03830764650353526,0.4323721810987292,0.4646635076675961,0.054631919543771265,0.010024745186368119
N5071HD,0.19584704924964502,0.6976572691472704,0.08722469385061135,0.014982782659410094,0.0042882050930630345
N5072HD,0.16001993901559405,0.7287032779476789,0.08985978771447621,0.017052303804292818,0.004364691517958147
N5074HD,0.7934462105276224,0.19112276615903873,0.0109120322796187,0.0029760905928722615,0.0015429004408479044
N5075HD,0.9305240727831343,0.06507191584273957,0.0026417536821725725,0.0010746250748220833,0.0006876326171313585
N4923HD,0.8260585636953692,0.1525683731858066,0.014047766008565254,0.004913767855711358,0.0024115292545475618
N5076HD,0.7566721509222402,0.22639900291409165,0.012096319350997442,0.0034862864894926403,0.001346240323178151
N5079HD,0.045331656374420416,0.3496118601985974,0.43309463669705806,0.14859354255657123,0.02336830417335301
N5080HD,0.6265516051226485,0.34928279823604497,0.017237553509517643,0.0047879091419763325,0.002140133989812403
N5082HD,0.7987147382147929,0.17512717904057393,0.015957864556495192,0.006696454370865727,0.0035037638172722404
N5083HD,0.6617439198780056,0.29496694987166067,0.03177085709238199,0.008931414224026869,0.0025868589339247865
N5085HD,0.12990786216494052,0.5497768327571626,0.2677023004230312,0.04233259617078208,0.010280408484083532
N5051HD,0.3540698521578625,0.6115849895140918,0.02830103008774224,0.0043577190612291445,0.0016864091790743396
N5039HD,0.05899363879595226,0.2827597697545915,0.4381423126800835,0.177759405836567,0.04234487293280562
N5088HD,0.8809839193100911,0.11150154968117211,0.004660296512275647,0.001774700861567748,0.0010795336348932345
N5091HD,0.04460460083085547,0.9362159693494427,0.016531807776567257,0.0019341275522515356,0.000713494490883184
N5093HD,0.015613510920488927,0.06023914297814752,0.2718948116586581,0.518609064117235,0.1336434703254705
N5100HD,0.008548699643708555,0.052329947469030816,0.31764610225126266,0.5784690320984068,0.043006218537591206
N5103HD,0.09130060813284308,0.4283378690083288,0.3400998568568502,0.1031820834773286,0.03707958252464934
N5104HD,0.9439528784231462,0.05290803619125964,0.0020257935973215673,0.0007501051840306381,0.0003631866042419897
N5105HD,0.7592968511732887,0.21833064540874078,0.01303860408670555,0.005962850033134031,0.003371049298130902
N5106HD,0.7336254863834163,0.23956969231493724,0.018569143071523627,0.005975593473973278,0.002260084756149475
N5109HD,0.5313439511031963,0.4491932272770041,0.015352165791052261,0.0028793142484931943,0.0012313415802540553
N5112HD,0.48925931246880006,0.453146939176199,0.044749284096525344,0.009487918974240185,0.0033565452842352194
N5115HD,0.8513213992588569,0.13624732205507206,0.009124373786446366,0.0023458413394684533,0.00096106356015635
N5120HD,0.017355888336961382,0.09426259497618295,0.3560375979985192,0.44893268048889984,0.08341123819943652
N5121HD,0.5689996727711969,0.3831855006404991,0.0319866258435318,0.011656669336811518,0.004171531407960741
N5122HD,0.5961651265764732,0.343607909739273,0.04321166523204588,0.013453511132841775,0.003561787319365993
N8305HB,0.8175236699061709,0.17018330173132387,0.008089956271253118,0.003084416219440578,0.0011186558718114842
N5126HD,0.05114094999227867,0.22776938826675244,0.3281334230278649,0.32019185982339315,0.07276437888971082
N5128HD,0.8910183514985127,0.10225161632792375,0.0036754962199705967,0.0019554941843083072,0.0010990417692847223
N5133HD,0.014941708371705002,0.0940558432819951,0.39074243317055646,0.45435176879655775,0.04590824637918558
N5135HD,0.7482562459262038,0.22439885920580327,0.01865189726797236,0.006339449734641556,0.0023535478653789847
N5143HD,0.8148060999124824,0.17463429598300484,0.007977374002397411,0.0018645406211920182,0.0007176894809232914
N5144HD,0.3048641128888497,0.5771946224403282,0.10000498287091907,0.01362495043358965,0.004311331366313451
N5149HD,0.17989375859756343,0.6310377128309667,0.1372989647011415,0.04046030685774711,0.011309257012581432
N5152HD,0.461642766304893,0.4937947214450338,0.03515842930067912,0.00715266552296076,0.0022514174264333894
N4394HD,0.1156868796071562,0.39549984514809683,0.37128130286434735,0.09274506751973403,0.024786904860665454
N5029HD,0.23658993468007558,0.6220169486931985,0.11054476149863143,0.02321906278180484,0.007629292346289655
N4368HD,0.9352468458027097,0.06059354856950436,0.002471467228940602,0.0010770749639291753,0.0006110634349161704
N5013HD,0.31927612304736114,0.5730284119966407,0.0791181804454834,0.01923555130069456,0.00934173320982026
N5153HD,0.5803024713388071,0.35229942130404435,0.0533490062841222,0.01046244267978831,0.003586658393238091
N5157HD,0.8676278697459314,0.1250943064928904,0.004489163578661169,0.001744757240239565,0.001043902942277431
N5170HD,0.5980230848031499,0.3696838363995449,0.025490505398487753,0.004991397333289693,0.0018111760655276715
N5172HD,0.8443102527996489,0.14035637258020123,0.01070276428709163,0.003190479561037609,0.0014401307720206227
N5173HD,0.6567379367422186,0.2878518567250413,0.040370781362669535,0.010597609558456426,0.004441815611614336
N5147HD,0.5967793686760442,0.3725679067820138,0.021751321319688155,0.00590718336905029,0.002994219853203653
N5178HD,0.6719915075208946,0.2766563831962448,0.03408047678222297,0.012696783513205778,0.004574848987431829
N5180HD,0.43410483603519306,0.4945456991988061,0.04978669675829172,0.01585182396376147,0.005710944043947699
N5181HD,0.424145574304248,0.4760809634933649,0.07748948435165325,0.01676607633737283,0.005517901513361181
N5182HD,0.8981835196316932,0.0964571449080192,0.0034261356735720734,0.0012312724762160616,0.0007019273104994947
N5183HD,0.10823239371255355,0.8446874972192367,0.04050526813032216,0.005289291763193215,0.0012855491746943245
N5185HD,0.268673013233078,0.47606051637974606,0.1893959758509626,0.05325414735662132,0.012616347179591918
N5187HD,0.21522526528136937,0.49881958565494644,0.20463556177866157,0.059698849375664054,0.02162073790935855
N5188HD,0.17662754420045804,0.5028711007567661,0.1854257673916848,0.11164489141685456,0.023430696234236614
N5190HD,0.011905258501019122,0.07742701307821723,0.3803644957033549,0.4881258457187528,0.04217738699865599
N5192HD,0.4959352739157246,0.4882387109313445,0.012706673060272221,0.0022017663626808666,0.0009175757299774547
N5193HD,0.677854865768101,0.28697276610464084,0.025585971234942616,0.006954053209172736,0.002632343683143003
N5197HD,0.8652723009603434,0.1248284667580365,0.0074068951296257035,0.0017746619103556026,0.0007176752416386697
N5198HD,0.1543008399333875,0.5212134527214398,0.1984357084015512,0.09839677672138801,0.02765322222223352
N5199HD,0.5874883216496144,0.3320851348904307,0.05692621275790244,0.017943573927861344,0.005556756774191023
N5200HD,0.7600638507726879,0.21148581210308712,0.01994894206428196,0.005603316050598639,0.0028980790093443482
N5203HD,0.06209960231399208,0.23601794486228841,0.344263427981777,0.29359357025680244,0.06402545458514011
N5209HD,0.05767776412574533,0.28538892832926316,0.4826728555059514,0.1535635704759079,0.02069688156313204
N5212HD,0.830770271372625,0.1590126862751204,0.007361753285561853,0.0020070317964776224,0.00084825727021526
N5215HD,0.46416192643081583,0.4867895705691366,0.037784352166502555,0.008289194864553063,0.0029749559689920446
N3574HD,0.7952884287553024,0.18381703088213228,0.012166513035211969,0.005727673866813947,0.0030003534605393877
N4760HD,0.08066508190223887,0.4457457482569937,0.35766102128275296,0.08771455407034126,0.028213594487673223
N5225HD,0.7958588705634688,0.18898419661605095,0.011082942420236379,0.003035043429533329,0.0010389469707104617
N5226HD,0.5772037266850939,0.3578596834145423,0.047863601717560274,0.012552879423669932,0.0045201087591336475
N5227HD,0.7869352969729517,0.1897329415055558,0.016688927538612227,0.004736064899309763,0.0019067690835706142
N5233HD,0.01850629803201313,0.08677543655245314,0.35483523510667375,0.36766313637794185,0.17221989393091827
N5238HD,0.8280015990449562,0.1514867863474963,0.013255371503826828,0.004583712550663629,0.0026725305530570574
N5241HD,0.7522080941631699,0.22075832535522277,0.0190691575874798,0.005563486121807003,0.0024009367723206087
N5243HD,0.009737983848762488,0.05665351755891184,0.3936175340147221,0.5099515390890575,0.03003942548854607
N5246HD,0.7577355855409303,0.2165650035583522,0.017408446346816035,0.005612687396577547,0.0026782771573237467
N5247HD,0.006622998065779133,0.022156919780784785,0.3744409293491476,0.576404724174552,0.020374428629736607
N5248HD,0.5886002850324448,0.3326260402863298,0.05692270433695069,0.015368302908044498,0.006482667436230199
N5253HD,0.5371291589096578,0.4091451870150438,0.035950558631786346,0.01154597158572478,0.006229123857787221
N5257HD,0.05480184118212421,0.1887969816228209,0.34929333449210154,0.3167195895251362,0.0903882531778171
N5259HD,0.0290596507366639,0.11585263696749784,0.4183388731798588,0.31668780748227926,0.1200610316337002
N5262HD,0.09394283819021906,0.6326743928092996,0.2477067133570517,0.02047523033079212,0.005200825312637532
N5266HD,0.18278777090492265,0.6987006029543643,0.1020406644308873,0.013569276870129585,0.002901684839696189
N5270HD,0.6586372631270058,0.31587739188761066,0.01961564077599106,0.0042465391114419,0.0016231650979505003
N5271HD,0.42151689411854293,0.4676219024386318,0.08553837018857491,0.018993857356225594,0.006328975898024795
N5273HD,0.8000461245025859,0.18248556282413061,0.010736147944970848,0.004409060781777894,0.002323103946534607
N5274HD,0.8719013292275968,0.11852600651922676,0.00652720686487596,0.002204247842026562,0.0008412095462739922
N5211HD,0.4076921771487215,0.4555086327333501,0.0813327321727981,0.04608722587184465,0.009379232073285686
N4843HD,0.4882991292781516,0.4496874347933218,0.04075567710729987,0.014096518336022386,0.00716124048520419
N5287HD,0.5551117189950658,0.3969243604415558,0.03487006915393775,0.009645522459680266,0.003448328949760416
N5286HD,0.1307745903259565,0.2765311301175601,0.3693287378369349,0.16856500686575596,0.0548005348537926
N5292HD,0.061168808123692714,0.20419279629148165,0.3416185301321146,0.31147845406606395,0.08154141138664713
N5294HD,0.8365577316179779,0.15550631071715498,0.004625829109944658,0.0020888390457685178,0.0012212895091542016
N5296HD,0.311480198456865,0.47866142415224056,0.13668179576932607,0.06083406870713792,0.012342512914430564
N5298HD,0.7505333319044947,0.22498710680967554,0.015526744704389894,0.006474393928278035,0.0024784226531618797
N5303HD,0.8180785894107729,0.16872547274238947,0.008250599981709506,0.0033524111536034286,0.0015929267115248028
N5305HD,0.11377009920484532,0.4485998331386742,0.3286522615812835,0.08852421646487929,0.020453589610317582
N5306HD,0.8229010513062833,0.16267422625192854,0.010124243447510645,0.00311602524175977,0.0011844537525177116
N5307HD,0.05940032316802166,0.37155407114952155,0.36537577465815235,0.16938076455565942,0.03428906646864509
N5311HD,0.24047557478464968,0.5781266478504218,0.15447946125440315,0.021243441943958292,0.005674874166567174
N5314HD,0.7876503328646121,0.19586895306321486,0.010286496213639279,0.004089944114937365,0.002104273743596317
N5073HD,0.08185775691532239,0.3772740239985749,0.38508728858341484,0.1280445447872721,0.02773638571541587
N5277HD,0.06247779289290414,0.2519082576541398,0.3996834859379997,0.2160329021738944,0.069897561341062
N4885HD,0.919770325210559,0.07371550378663007,0.004082475787430158,0.0015809302826741557,0.0008507649327065254
N5318HD,0.034549111294148796,0.3643343266916219,0.4633222623535186,0.11442431036249077,0.02336998929822005
N5321HD,0.750457443500942,0.22545751466982883,0.0165258020826451,0.005642188547318953,0.0019170511992650425
N5323HD,0.929980501702657,0.06656297868673784,0.0022467728324764946,0.0007634361837102671,0.00044631059441845624
N5324HD,0.6817377401449682,0.2781812113665241,0.028444522628876655,0.008302329123470164,0.0033341967361607437
N5326HD,0.8186695249146745,0.1638921904242455,0.010147356791698637,0.004537844369987209,0.002753083499394088
N5327HD,0.7138397055974228,0.26892074918041126,0.011299673248105624,0.0037051740986719225,0.002234697875388295
N5329HD,0.07742056796996173,0.6254550090937331,0.2523162953302656,0.035329541371345585,0.009478586234693847
N5331HD,0.7710471052878638,0.20325078824424087,0.01974680060325161,0.004190503139882564,0.0017648027247610019
N5332HD,0.7098369948573053,0.25548046394639723,0.021707378459003227,0.009659759179782153,0.0033154035575120163
N5333HD,0.8564501904296836,0.13632330453851593,0.0047570020467142295,0.0016482178375514924,0.0008212851475347903
N5334HD,0.027672980912148357,0.928089145938087,0.03837351240850059,0.004592839413908756,0.0012715213273551463
N5338HD,0.03252003679203609,0.15953361630407437,0.39449956213180515,0.30172132363050386,0.11172546114158063
N5339HD,0.0724889125285192,0.4911862614200314,0.33343365626452837,0.08264642865870356,0.02024474112821754
N3820HD,0.02538770406150891,0.11707063154457248,0.34610519020994446,0.3659032359620752,0.14553323822189906
N5342HD,0.809712731041072,0.17726198164644713,0.009897904780534044,0.0022338054106292252,0.0008935771213176344
N5345HD,0.6888337920917514,0.2798228836361862,0.02414218217233461,0.005594636066488549,0.0016065060332392982
N5346HD,0.73263842933673,0.25072727154946534,0.011364625926309378,0.0035788686984975357,0.0016908044889978845
N5348HD,0.02544373164262353,0.14424509220779846,0.29285994434989987,0.4088904557135344,0.1285607760861437
N5351HD,0.6236665262630698,0.3227852202112612,0.0366778027501717,0.013108610171622638,0.00376184060387459
N5354HD,0.008122072943446005,0.03651285076113679,0.3643363551213649,0.5712995342905594,0.019729186883492834
N5355HD,0.5756815159800341,0.403855676996803,0.013217282059595855,0.004580277424003716,0.0026652475395633544
N5362HD,0.8973158700035508,0.09808610121657829,0.002903872280167664,0.0010823918192863786,0.0006117646804167846
N5364HD,0.8132881112299835,0.16795545650653582,0.013031824598275017,0.004264333912468061,0.0014602737527375316
N1264HD,0.03120956171288436,0.8726628379475341,0.08547626554683194,0.008871736278183641,0.0017795985145660639
N4985HD,0.3050093462017553,0.6003429284032284,0.0720382687763249,0.01586314948086861,0.006746307137822919
N5368HD,0.01070795153669845,0.06504659697096418,0.42797895107654615,0.45644438806783766,0.03982211234795354
N5371HD,0.8556735230871162,0.13165968643896594,0.007638925650091213,0.0033545055124136083,0.0016733593114131272
N5372HD,0.7446115808793762,0.24002494659280035,0.011309142442929482,0.0029025865465133784,0.0011517435383807378
N5373HD,0.3879788395651091,0.5872148019294746,0.018141661629905007,0.004624820524684542,0.0020398763508266858
N5374HD,0.24145226620505522,0.6494429068208044,0.09599949536713481,0.01009094502133208,0.003014386585673393
N5377HD,0.5696917395732198,0.3920875319933082,0.030880634439311206,0.005297278508074762,0.002042815486085916
N5379HD,0.7540294994314931,0.22368923783658243,0.01677182625746877,0.0041547189197265666,0.0013547175547291594
N5381HD,0.08162833594225011,0.37717062453636896,0.2650455705758783,0.19574845264043356,0.08040701630506915
N5383HD,0.18327940355525385,0.39051197699198503,0.28871118159347775,0.10777491414090615,0.02972252371837736
N5385HD,0.8624867748817502,0.13230235726115783,0.0035671623393481173,0.0010882013540574782,0.0005555041636865736
N5387HD,0.04020891420766031,0.25459411221145123,0.41443770701228255,0.21295257211714283,0.07780669445146325
N5388HD,0.0768014912485733,0.2616438055071244,0.32050442311130595,0.29091582770618385,0.05013445242681257
N5389HD,0.032852402062061095,0.6933996153944637,0.24499652418473353,0.0239328390843008,0.004818619274441035
N5391HD,0.6054552875747565,0.3552810821644548,0.03087645306666566,0.006075199687223759,0.0023119775068993612
N5393HD,0.4789812982133534,0.4887176640454321,0.026454044492685035,0.004403379027621202,0.0014436142209081472
N5395HD,0.7270770900944238,0.24070850617702264,0.02291434421566278,0.00679232872037682,0.0025077307925139595
N5397HD,0.7851548636193509,0.19163388929959557,0.01644368991044074,0.004947988428850944,0.0018195687417619153
N5398HD,0.789554351658416,0.1899372846116479,0.014654607210062308,0.004409689098140086,0.0014440674217337537
N5386HD,0.1379930828654139,0.6736156945795184,0.1701612474592767,0.014726113131279833,0.003503861964511263
N2483HD,0.8030667239536005,0.1757744563275843,0.012700430946408598,0.0053824343135666294,0.003075954458839953
N5402HD,0.8378956747388856,0.15038276382865715,0.0075007395803008406,0.0027191269848357387,0.0015016948673207428
N5404HD,0.7184993769208734,0.24484672545334937,0.025983892516881043,0.008114973316163121,0.0025550317927329263
N5405HD,0.9143883682680407,0.08091233888245795,0.002974282374101459,0.001111637086269867,0.0006133733891301344
N5407HD,0.2146617476592079,0.5328475229242077,0.16964809902580452,0.06594930917176157,0.016893321219018303
N5414HD,0.4379115595867782,0.539154661347405,0.01809217726966108,0.0034751483309158576,0.0013664534652398656
N5415HD,0.8692871118322317,0.12275601645301881,0.004595434511696363,0.0023013265350154315,0.0010601106680377898
N5416HD,0.11729852113794133,0.7850408921626901,0.0824206537512598,0.01145313065117354,0.003786802296935151
N5421HD,0.7358675136040281,0.23843512823783805,0.017407761744828346,0.00626106818272567,0.002028528230579809
N5430HD,0.835991262239551,0.14844826904609273,0.010559081626228844,0.0037975459676155457,0.001203841120512079
N5431HD,0.05115056878400589,0.7871184532448054,0.1501478146621235,0.009356628462044415,0.0022265348470207513
N5432HD,0.7470349070097607,0.2289365376521266,0.016954059536875742,0.005226161969103781,0.0018483338321332267
N5437HD,0.8484310643142592,0.13862332561107996,0.00873193042855225,0.0029417293988669717,0.0012719502472416963
N4225HD,0.2768123459235405,0.6311253238623362,0.07236502958989195,0.014779123065826407,0.004918177558404998
N5123HD,0.476542189593285,0.4724066809197899,0.03406630328567994,0.012164896171782747,0.004819930029462569
N9187HC,0.055268389498835134,0.2796944883819504,0.3154546374133778,0.2764493001105492,0.07313318459528749
N5439HD,0.14028730938546274,0.5012091315821583,0.23758857610318543,0.09458445705493247,0.02633052587426098
N5440HD,0.10758042210312607,0.725229184504994,0.1496232063079044,0.014226659209612963,0.0033405278743624495
N5443HD,0.11261431437606383,0.4568760123726375,0.2873071755656598,0.11666106248266556,0.026541435202973276
