ncode,proba_0,proba_1,proba_2,proba_3,proba_4
N4541HD,0.695613401669186,0.27434435742967045,0.021508537345974712,0.005550303607545193,0.0029833999476236005
N4397HD,0.008604856930829595,0.04984689002363536,0.36703151210290913,0.516223282521195,0.05829345842143098
N4544HD,0.8844656794115222,0.1096686347010838,0.0038071539170022382,0.0013793761804910877,0.0006791557899007197
N4545HD,0.0924358061647593,0.26801010203690145,0.3842792617292657,0.19074007062963172,0.06453475943944187
N4546HD,0.1669995035991767,0.7695860202071733,0.05530244331178734,0.006157581718254702,0.001954451163608093
N4550HD,0.7986168102494523,0.18846757621400723,0.007958604461717578,0.003190488373702319,0.0017665207011205292
N4551HD,0.7949770173916988,0.1962251820106841,0.0065820856362281644,0.00152166757681561,0.0006940473845732546
N4554HD,0.0866642310821808,0.6479475806577917,0.22555244669434843,0.0307350324111267,0.00910070915455254
N4555HD,0.26363538658038593,0.620879891113891,0.09632144762973736,0.014773185207542503,0.004390089468443209
N4556HD,0.3328054888350029,0.4629625869408877,0.14495092863610914,0.04913554306584649,0.0101454525221537
N4563HD,0.37953599440553054,0.5177176581558048,0.08389349988092369,0.014810005809452664,0.0040428417482883386
N4567HD,0.893741780714882,0.09664084075813889,0.005242528247520408,0.002830677157541932,0.0015441731219166188
N4561HD,0.8310955461863397,0.15947215488638514,0.0060604309840156575,0.002303279989072587,0.0010685879541869347
N4571HD,0.30852907423617465,0.6071089054433356,0.06561357833959446,0.013086767758994219,0.005661674221901196
N4574HD,0.9495587991500788,0.04748709795628552,0.0018339496104535643,0.0007259620172355803,0.000394191265946691
N4575HD,0.5032540982889903,0.43995896167457266,0.04431483007990996,0.009197343970581421,0.0032747659859456873
N4579HD,0.24043229801614743,0.6368657708576629,0.09238012561210926,0.02178237738850491,0.008539428125575522
N4581HD,0.17967712067681899,0.729444900873542,0.08224743936669807,0.006822816235023558,0.0018077228479175316
N4584HD,0.18828779173436663,0.7392040406833166,0.06449295108007377,0.006021673714005033,0.0019935427882380153
N4578HD,0.7673094469396637,0.2207523544862335,0.008553000987618053,0.0023635293319446476,0.0010216682545400161
N4590HD,0.1984579572191871,0.7108624343594016,0.07822190054444496,0.010125700606820774,0.0023320072701454213
N4593HD,0.030385625029473798,0.2910537576673734,0.3707017251343784,0.27198770267174177,0.03587118949703264
N4151HD,0.20665837822051264,0.43779983143366874,0.22664148715239163,0.10123149992922831,0.02766880326419888
N4594HD,0.8453825594123516,0.14633964959958287,0.005753563453422684,0.0017136868746410196,0.0008105406600016719
N4600HD,0.42088766802198263,0.5353379227062508,0.03634067739803491,0.005292164104462191,0.00214156776926952
N4605HD,0.0807082220034103,0.3463729681974144,0.4261893065755884,0.12853867330936805,0.01819082991421867
N4612HD,0.32808227548532537,0.5643485917554049,0.08230697791979025,0.019527113106599523,0.005735041732880025
N1701HC,0.2514056860272832,0.6285373648239677,0.09212731223275336,0.019721401066824306,0.008208235849171396
N3705HD,0.017707199240177263,0.07956208504155138,0.3072157874835664,0.36346321701406853,0.23205171122063642
N4589HD,0.5805230373894976,0.35783665660592595,0.04301618315491342,0.013596740182149871,0.0050273826675130695
N4339HD,0.9282376626443817,0.0658566647725598,0.003361118489854951,0.001594273062222473,0.0009502810309811527
N4615HD,0.024556774390215867,0.1246756380301645,0.30324514266601077,0.4392189157439291,0.10830352916967984
N4618HD,0.8960961372632168,0.09535701614853516,0.004967678949206693,0.00235237885716537,0.0012267887818759335
N4624HD,0.5618243672171974,0.42463520800071447,0.010713319105417321,0.0019698011842517126,0.000857304492419169
N4626HD,0.8033574124359344,0.17844940171922566,0.013728089866512928,0.0032814136214819427,0.0011836823568451395
N4628HD,0.06898598204152777,0.5756637978112255,0.298809761718611,0.044558919038175486,0.011981539390460347
N4638HD,0.03279181927071466,0.15174709961792324,0.3016907226914034,0.41380159228053975,0.09996876613941905
N4639HD,0.7991698125239358,0.17597910870524278,0.01607015129576508,0.005812888958582524,0.00296803851647382
N4642HD,0.8715177437895936,0.12048891553967596,0.005264846540568911,0.0017736453301526482,0.0009548488000088623
N4646HD,0.9205945696556483,0.0738678609750548,0.003280176185448062,0.0014319569444703468,0.0008254362393783164
N4631HD,0.8287393902391774,0.15927378777422466,0.008200408872651922,0.002616645160260244,0.0011697679536858416
N4656HD,0.026107077962840806,0.10151653243324929,0.4434351389909544,0.35731616345591877,0.07162508715703693
N4658HD,0.7709707788268021,0.20973558332383832,0.014000910269169976,0.003618704163048632,0.0016740234171410124
N4661HD,0.816607384647295,0.16867761088052638,0.01052101492573639,0.0029327441128757397,0.0012612454335664777
N4665HD,0.8227892896995439,0.16295568149314435,0.010619815161254981,0.002527291867962034,0.0011079217780949155
N4667HD,0.8884336731900291,0.10498334131085897,0.00430477179561011,0.001475988016783371,0.0008022256867183492
N4669HD,0.7481243380222847,0.23848820600678938,0.009714631306272821,0.002609099223560918,0.0010637254410922616
N4673HD,0.22195024210020023,0.6244268529842282,0.12823388913216607,0.01845408459416406,0.006934931189241586
N0760HD,0.10942171626583623,0.655194569535871,0.19111292907459182,0.03427577185908292,0.00999501326461804
N4672HD,0.614981913233266,0.31181826870901463,0.04889948832130664,0.018231173735757618,0.00606915600065514
N2593HD,0.8890805351515186,0.10350605968276158,0.004759423828193832,0.0017272824057207633,0.0009266989318052307
N4677HD,0.1510087436448181,0.6744816109397055,0.15513836905243839,0.01597941871195795,0.003391857651080151
N4680HD,0.15150288160579925,0.6551519027629866,0.15493532672107704,0.02916992391128944,0.009239964998847643
N4688HD,0.029474974085693568,0.11886902574906948,0.3105918038650438,0.46287803415593315,0.07818616214425997
N4689HD,0.8247143217750973,0.1636493348308521,0.007866192083670058,0.0024876578496173182,0.0012824934607631123
N4691HD,0.3428829728057912,0.37804804097129985,0.13823529213178287,0.09759809319551208,0.043235600895613964
N4692HD,0.6291626585158417,0.3193383812002468,0.03518633287410742,0.01063015270209127,0.005682474707712784
N4694HD,0.026232726836615157,0.2571391620143559,0.5476046859536086,0.14355960557446512,0.02546381962095529
N4695HD,0.07500338048581885,0.6703216460786591,0.2285632090404544,0.021321441110950717,0.0047903232841167865
N4699HD,0.49912999609166697,0.45301926758866157,0.03725351236493045,0.007671469076742673,0.0029257548779984166
N4703HD,0.43468489475828354,0.36588184917319166,0.11276097218991632,0.06596771146917857,0.020704572409429866
N4704HD,0.0056806115065134175,0.02029784590654501,0.34419744063526675,0.605274683995007,0.02454941795666783
N4708HD,0.9203508888666183,0.07493353024191655,0.002919604490657835,0.0011655280631171908,0.0006304483376899633
N4714HD,0.6219156453511494,0.32249534593045104,0.03830568336939581,0.01118748778232066,0.006095837566683185
N4721HD,0.11380466654044052,0.528371609195419,0.2865297248424593,0.05702454423168906,0.014269455189992068
N4722HD,0.849303584871615,0.14429416170303716,0.0041918779271249125,0.0015014590269742587,0.0007089164712487115
N4724HD,0.1489994154934504,0.7551856576237244,0.0832753491103868,0.00988557872050786,0.002653999051930537
N4726HD,0.05677048681824174,0.77231591667979,0.15755212271859567,0.010603061313733848,0.002758412469638736
N4735HD,0.7244269091778986,0.2576779182672302,0.01117859499265275,0.0043802677649443875,0.002336309797274136
N4063HD,0.3813255358010455,0.5155410151082317,0.06796778929304526,0.02380442155494366,0.01136123824273385
N4712HD,0.7993657727295533,0.18832292687496893,0.008364579557278505,0.0028289940535491365,0.0011177267846502446
N4738HD,0.213896789403189,0.6136026870205925,0.1318773847197994,0.0315764178924717,0.009046720963947442
N4740HD,0.04412249005087513,0.22928746975262668,0.3420976800743145,0.32650224874817185,0.057990111374011805
N4742HD,0.022844098933495625,0.12162471369478674,0.4830362841982047,0.2993944975647998,0.0731004056087132
N4745HD,0.8340218699281104,0.15363764733246335,0.00897416275796242,0.002439580872047685,0.0009267391094162201
N4747HD,0.8355664319562759,0.1404411881637819,0.015381082208597732,0.0059248021559949945,0.002686495515349705
N4750HD,0.7014767210861207,0.25499585846968564,0.029642027694027028,0.01003011171984441,0.003855281030322388
N4752HD,0.008818676297776154,0.059246658981175676,0.4219604697319092,0.464514219234642,0.045459975754497
N4754HD,0.5140158121366565,0.45838621944152136,0.022353407143933232,0.00370468048479068,0.0015398807930981223
N4755HD,0.24574306715628477,0.6034906270203758,0.11773836014846958,0.02533385284610352,0.007694092828766427
N4756HD,0.5564838418451145,0.407700447468615,0.027133916637047367,0.006398984662245816,0.002282809386977431
N4757HD,0.852776389891176,0.13708400894935296,0.007798843803481219,0.0017194860145765423,0.0006212713414134266
N4759HD,0.11895880960581447,0.7088623644282104,0.14370600707936546,0.023300647434331356,0.005172171452278379
N4762HD,0.2240014740109531,0.6543213914546702,0.10231869521223719,0.014821966600568458,0.004536472721571072
N4763HD,0.5488624745639347,0.39025313703036363,0.03975840623223481,0.014374065684396895,0.0067519164890699375
N4767HD,0.840393229710625,0.14284247858194535,0.011633363485716261,0.0037031760700571826,0.0014277521516560814
N4769HD,0.07050875121246047,0.3544850421490295,0.43133301309432814,0.1259282023189933,0.017744991225188595
N4770HD,0.804642025679136,0.1786137385078889,0.01216956023859889,0.003304371162381598,0.0012703044119945313
N4676HD,0.21752573217895518,0.5035920716950206,0.20253474432968205,0.05976697978511586,0.0165804720112264
N4614HD,0.5494501547447681,0.365722860891681,0.06611919711951658,0.013977066714641872,0.00473072052939248
N4774HD,0.3179051382676909,0.5665053209809957,0.09078480522892068,0.01887254015975686,0.005932195362636002
N4778HD,0.04397978233445969,0.2932337261127782,0.40252533575607363,0.22544734340834632,0.03481381238834208
N4780HD,0.007033413621230625,0.03239898845081793,0.22634924151293198,0.44336072702447515,0.29085762939054427
N4783HD,0.5088851336913676,0.4553536055042724,0.026076366013285886,0.007137008778233836,0.002547886012840377
N4789HD,0.8317561599031095,0.145743547708231,0.01461825607469569,0.00520344210971005,0.0026785942042538476
N4792HD,0.5315192484594208,0.44723637246619563,0.01731119653000817,0.0028576032493698084,0.0010755792950056715
N4793HD,0.054504368087982855,0.5780256215350862,0.28902750295783264,0.05962250139621222,0.018820006022886266
N4794HD,0.010550267711988073,0.06888816736103942,0.4141544452885359,0.46850064399271724,0.03790647564571946
N4799HD,0.6761436117825649,0.2933156264675075,0.021555536345541745,0.006163446513396052,0.0028217788909899624
N4800HD,0.9312252430882323,0.06338488696153705,0.0033037170539691905,0.0013872132238157324,0.0006989396724459525
N4808HD,0.13235751166828988,0.790274513052329,0.06990719714265324,0.005728328179042281,0.0017324499576856576
N4809HD,0.6476975737741135,0.31074548400260305,0.028496084937664555,0.008503197839174628,0.004557659446444165
N4634HD,0.6500508148659438,0.30045114323099076,0.03360304396488966,0.011646644535687025,0.004248353402488618
N4784HD,0.8929162752284153,0.10008859624453997,0.004378868137412856,0.0016920220183584075,0.0009242383712737072
N4815HD,0.8802887078451445,0.1137178444534872,0.0036115116164229634,0.0015018532821793572,0.0008800828027662252
N4816HD,0.7454670086377472,0.22820859121350287,0.018567370314628833,0.005857140950478884,0.001899888883642373
N4817HD,0.4125694905679352,0.5168087026350746,0.05614355639071162,0.010578361025651777,0.003899889380626828
N4818HD,0.8944435326723359,0.09788969541804768,0.004616066529248832,0.0018993137258117873,0.0011513916545558712
N4821HD,0.030762987872718067,0.8938157959301016,0.06574076150454047,0.007511856521718563,0.0021685981709214826
N4830HD,0.8695162355876348,0.12028465248934606,0.00698025231213901,0.002332032727929667,0.0008868268829505067
N4748HD,0.8444490400552246,0.14665354202651176,0.006202903427290131,0.0018754147445288031,0.000819099746444688
N4684HD,0.8217737821571643,0.1676072383720761,0.006767053472406912,0.002554804804705787,0.001297121193647021
N0389HD,0.031093629990733403,0.902546104877605,0.060171751509746504,0.004833574223184445,0.001354939398730728
N4796HD,0.3386693813389699,0.49058416828536777,0.13142962638156017,0.031276534810054164,0.00804028918404787
N4834HD,0.006396484057566476,0.027379228793419055,0.38798606949984504,0.5512647586778526,0.02697345897131669
N4835HD,0.06901309560071262,0.8924343707368638,0.03224395912698065,0.004932886532762697,0.001375688002680091
N4837HD,0.5028961414859893,0.4723226934802191,0.01973714060016064,0.003720180016400458,0.0013238444172306222
N4838HD,0.08990542969064036,0.8432582838782497,0.05861284684909258,0.005995163694424694,0.0022282758875926192
N4839HD,0.04041807346033958,0.7127337024969563,0.21230320594576874,0.027739174308573825,0.006805843788361403
N4842HD,0.7521077127695409,0.21983621203534556,0.019153635388853837,0.00660367634854393,0.002298763457715768
N4844HD,0.9243377597982677,0.07121992221390551,0.0029246636761400546,0.0010370710795560474,0.00048058323213047053
N4846HD,0.13094138090387944,0.5264792605133622,0.24292246961808014,0.06946094725047626,0.03019594171420183
N4847HD,0.8049702771986827,0.18467095431796537,0.007188428566593887,0.0021629233663001003,0.0010074165504577078
N4849HD,0.489797395307757,0.4589677618312427,0.03755447921292899,0.009525702284872583,0.004154661363198777
N4852HD,0.045707387540287955,0.7699996004509878,0.16998169381029293,0.010879754182681443,0.003431564015749778
N4853HD,0.7566438704475914,0.22394522246463264,0.013772158820620493,0.0038798279225660385,0.0017589203445893711
N4856HD,0.8803013937155905,0.11273722269506631,0.004564810945383119,0.001614052378975624,0.0007825202649843791
N4858HD,0.8758846043822782,0.11459600566845303,0.005887229877287765,0.0023440806275246235,0.001288079444456315
N4860HD,0.2112414680131492,0.7150957148138629,0.059648975545419126,0.010056570748839283,0.003957270878729353
N4861HD,0.907648996807224,0.08797570932689859,0.0028860720698639514,0.000960427291297088,0.0005287945047163425
N4863HD,0.44893886377323267,0.5279196305132637,0.016968408427645822,0.0043679403422109886,0.0018051569436466827
N4864HD,0.6061120982125392,0.37258683997243486,0.015555214189669177,0.004071266761942595,0.0016745808634143116
N4866HD,0.8097601322012392,0.17176966524899603,0.011454249024992742,0.004847742624365205,0.002168210900406883
N4012HD,0.727847070676586,0.24765897537321524,0.017060579984011517,0.005558836685895207,0.0018745372802921336
N4825HD,0.28466205998103455,0.5941719574005222,0.08524443852189509,0.026005427218601287,0.009916116877946664
N4875HD,0.03934045859882518,0.39682926724034623,0.4056474395122409,0.12644065716667682,0.031742177481910806
N4878HD,0.04052137871577461,0.19979011487830717,0.4005029997140939,0.2760611155033177,0.08312439118850663
N4883HD,0.040069293025993144,0.6249355394295089,0.2994572845146332,0.031324933585609935,0.004212949444254769
N4884HD,0.5806096467842038,0.3649536942758783,0.04353628534467351,0.008019992616086748,0.002880380979157539
N4887HD,0.18142034757651124,0.714450028184522,0.09157952286483377,0.009879972485258655,0.002670128888874409
N4891HD,0.6714754159021982,0.29342719761175917,0.026635253750221292,0.006465866860271406,0.0019962658755499543
N4892HD,0.13215209965864042,0.7570321106228898,0.09501402530103449,0.012455347508094973,0.00334641690934024
N4895HD,0.8290566326210552,0.15910966974176005,0.008125248815130987,0.0025552911580832057,0.0011531576639704927
N4899HD,0.7836994428678573,0.20373503945938165,0.008389576195906965,0.002805836529064084,0.001370104947790126
N4898HD,0.29953647641056885,0.6295960261312423,0.05063239935271569,0.013521969967391422,0.006713128138081666
N4902HD,0.5965189787471079,0.3526800901774681,0.035153697734646036,0.011289929986513798,0.0043573033542641205
N4904HD,0.13587968273111398,0.597999502440123,0.21364549369013047,0.03977437707663867,0.012700944061993846
N4906HD,0.8012095524340064,0.18706132948071666,0.008583279245260709,0.0022900709852271568,0.0008557678547889942
N4909HD,0.7755490384912725,0.20911305671360744,0.010232273764018866,0.0033226514607174115,0.0017829795703837653
N4912HD,0.7045025159758814,0.2745308104034032,0.015919460238599362,0.0036349490814652,0.0014122643006507798
N4913HD,0.6199829472113232,0.35204150545464713,0.021368281906482045,0.004815279606319328,0.001791985821228148
N4914HD,0.1452554435608819,0.7074416997662152,0.12419357183485441,0.018935657886053437,0.004173626951995044
N4908HD,0.8943291173058789,0.10009706802894466,0.0037821331816503025,0.0011620656159040273,0.000629615867621955
N4937HD,0.8849259604614683,0.11026393558748078,0.003092795826441152,0.001113823562459806,0.0006034845621500301
N4938HD,0.8903172311175386,0.10376646518855395,0.004014986523241618,0.001305815490473329,0.0005955016801925114
N4949HD,0.8850644528541787,0.10778692677090783,0.0048807813700966155,0.0015510530495889373,0.0007167859552280024
N4952HD,0.7698347176033831,0.20991213202590667,0.01494103052988006,0.004003339067964862,0.0013087807728652
N4954HD,0.4518874192417872,0.5071253871917917,0.03387476901820435,0.005125142402502734,0.0019872821457140965
N7917HB,0.8782558048859843,0.11608827914117247,0.0038789508849012247,0.001215059095786026,0.0005619059921560154
N4951HD,0.7582559700475616,0.22750205647251068,0.010323266472178752,0.002628094307197668,0.001290612700551398
N0385HC,0.14937446497404766,0.6211669329647311,0.19073445623349963,0.028282386436073097,0.01044175939164833
N3920HD,0.30263846240599723,0.572766646215033,0.10092390055214571,0.01843036226964649,0.005240628557177518
N9498GW,0.7786203256722539,0.20100407877489904,0.014029628260716095,0.0046778677056841045,0.0016680995864467739
N4961HD,0.9209558380029584,0.07515229261273682,0.0027487434020807447,0.0007722603726316825,0.00037086560959218864
N4965HD,0.36067266033643947,0.5248436807235352,0.09253436324720123,0.016757796602352566,0.005191499090471465
N4967HD,0.5812612228889219,0.35471553220530405,0.041162682877396904,0.01737719287650615,0.005483369151871033
N4968HD,0.3652343436497373,0.474430503393865,0.0978466420397952,0.045532471525684855,0.016956039390917554
N4973HD,0.8170682644742715,0.16623230172498799,0.011303771140462096,0.00406509150298842,0.0013305711572898973
N4976HD,0.03161664557118131,0.2758890020674931,0.5763845912751777,0.0984802276304952,0.01762953345565274
N4977HD,0.5050018171436876,0.457129308660319,0.031212913188416704,0.004955356904429938,0.00170060410314672
N4978HD,0.7008435977062746,0.2654148516597066,0.022264809086042035,0.008504659606760634,0.0029720819412161854
N4982HD,0.34548903006995135,0.5555957861243723,0.07154896089844866,0.02004497036240825,0.007321252544819409
N4983HD,0.12560877280580277,0.5334174577713588,0.24287069234324465,0.08271584720879045,0.015387229870803286
N4984HD,0.87231023895883,0.12121057912148106,0.0042715222389003325,0.0015073441172655418,0.0007003155635229914
N4992HD,0.014467705516708397,0.10769535188351385,0.342696252869677,0.4648448841339322,0.07029580559616834
N5000HD,0.6621770895733616,0.2859164568909672,0.03786140665660502,0.010772219545809203,0.0032728273332569714
N5006HD,0.4759212026780291,0.48534650016703446,0.026470944436411115,0.009098364051646265,0.0031629886668787565
N5007HD,0.7268562322222534,0.2465199502219881,0.01729457295214035,0.006667464179001655,0.002661780424616489
N5008HD,0.3718203380717373,0.5214645901018278,0.08646732684242428,0.016423948885617164,0.003823796098393435
N5011HD,0.21277623521493272,0.7060642244320311,0.06896182627162105,0.008992496741228895,0.0032052173401863147
N5020HD,0.5738308128978046,0.3890334727954919,0.02757775350182054,0.006847904462917904,0.0027100563419651617
N5024HD,0.7943008251249575,0.18960070199822007,0.011632424243469535,0.003207408243711393,0.0012586403896415765
N4826HD,0.8970074083876152,0.09601387523085544,0.004794698456081586,0.0015053555403256164,0.0006786623851221785
N5032HD,0.8233502171974764,0.16206963810606403,0.010654209263809673,0.0027710076262046535,0.0011549278064452485
N5041HD,0.8738020708980841,0.11795241678144137,0.005262766216387851,0.001815210178558743,0.00116753592552793
N5043HD,0.939364763125043,0.05441307016752234,0.003998374411718858,0.0014544721843828099,0.0007693201113328865
N5044HD,0.35060896533013236,0.5589464841777819,0.06352505388946965,0.01865486528298565,0.008264631319630367
N5045HD,0.8006874423297473,0.1844108806826019,0.011264482076290404,0.0025113914370088223,0.0011258034743515677
N5004HD,0.8975303178945975,0.09314107939611006,0.005649289973738667,0.0024316082977846702,0.0012477044377692595
N5055HD,0.48372098070841524,0.4200526338674011,0.06836311192300545,0.022582386694254445,0.005280886806923704
N5056HD,0.13735994248317798,0.438948177984282,0.302934875850991,0.0863351571155587,0.034421846565990295
N5057HD,0.6553380848257009,0.32609129556353794,0.0132770285558086,0.0037613056925115394,0.0015322853624411838
N5059HD,0.5952738247005058,0.3371299270041981,0.04925486588744442,0.013489163825848763,0.004852218582002898
N5061HD,0.6059809191447687,0.35221242726155316,0.030792501976925513,0.008170903632663934,0.0028432479840886133
N5018HD,0.9006624116315861,0.09267331989072096,0.0039066969697305965,0.0018803798000671717,0.0008771917078951447
N4896HD,0.7144227764294896,0.25691324369471674,0.020998534450457542,0.005505615985750216,0.0021598294395858294
N5064HD,0.7741827965324373,0.20293356330292597,0.01588864138164819,0.005154515782608393,0.0018404830003800475
N5065HD,0.5592039204939301,0.40581349124261523,0.026633808644495455,0.006434260940241491,0.0019145186787177916
N5067HD,0.2541970446192561,0.6222513707900775,0.09506913903869786,0.02153232176186229,0.006950123790106209
N5070HD,0.0403686344493577,0.4945393159029195,0.4072899086937101,0.04939644063415262,0.008405700319859941
N5071HD,0.18343156087847787,0.7177886551224683,0.07856330895479943,0.01569020099071304,0.004526274053541426
N5072HD,0.15824010108053238,0.7405830990183753,0.08176900513522613,0.01459176869578537,0.004816026070080792
N5074HD,0.7698344646022729,0.21434833227417135,0.011611001271568788,0.00285023195387586,0.0013559698981110242
N5075HD,0.9267247764366582,0.06845818766301105,0.0029648110838375818,0.0011972579400820057,0.000654966876411026
N4923HD,0.8551098768410129,0.12851665165197595,0.010460585033404409,0.0037026737539799467,0.002210212719626713
N5076HD,0.7648831678660906,0.21907737137149833,0.011924485407518738,0.002947307421433763,0.0011676679334583625
N5079HD,0.043950469777588715,0.39592600247855564,0.39991693308752346,0.13335775809338016,0.02684883656295224
N5080HD,0.6527356422258577,0.32551390475342923,0.01578441720707212,0.004016902571345599,0.001949133242295434
N5082HD,0.7975513986377832,0.1738796096703817,0.018049918549476074,0.007272626399299234,0.0032464467430599244
N5083HD,0.6818864852568481,0.27755642465976815,0.029498110521013754,0.008366338685213519,0.002692640877156328
N5085HD,0.1268247421693547,0.5865433200572939,0.2469631497504153,0.030875388588888043,0.008793399434048055
N5051HD,0.4570151892339523,0.5176203574046371,0.02084681753097258,0.0033039432181198804,0.0012136926123182108
N5039HD,0.059749121436020694,0.32255360003585654,0.4044003975476444,0.16043820434623868,0.0528586766342397
N5088HD,0.9011633734128273,0.0922318147428424,0.004251656055741707,0.0015617041402404654,0.0007914516483481524
N5091HD,0.050654929379258966,0.9308399877319111,0.015836935066842247,0.0019748728579884176,0.0006932749639992551
N5093HD,0.014150616283360447,0.06934987801767738,0.24166258002948102,0.5418247097510386,0.13301221591844256
N5100HD,0.010409291987646964,0.06311667498986512,0.31519697396850743,0.5615036688680217,0.0497733901859588
N5103HD,0.09203406729153653,0.3882366763238311,0.38609027957141284,0.09802275170063728,0.03561622511258237
N5104HD,0.9475227811976744,0.04936571098910882,0.0020744657901001903,0.0007051230122685819,0.0003319190108479441
N5105HD,0.739030394726603,0.2298372140508491,0.01843088119605162,0.008373984520095142,0.0043275255064008965
N5106HD,0.7785039180721568,0.2003630282182496,0.01497611001919494,0.0043369078416000805,0.0018200358487985367
N5109HD,0.18714461984686137,0.7554213441926221,0.04879440983784063,0.006613459229913623,0.0020261668927622507
N5112HD,0.507740089527437,0.4415807143785218,0.03979941719037867,0.007908171439167857,0.002971607464494691
N5115HD,0.83912557838625,0.1497679926492038,0.008239584533965493,0.002061404645283334,0.0008054397852973423
N5120HD,0.016065383353676892,0.09430297769555615,0.3362290037167678,0.4584797335810147,0.09492290165298443
N5121HD,0.5446627737089828,0.40949087005983237,0.03309679664145746,0.009341205341005307,0.0034083542487221667
N5122HD,0.6006253706822425,0.345452686751045,0.03910098660479975,0.0112327389171148,0.0035882170447979053
N8305HB,0.8010942351484612,0.18809749199372916,0.007411984580987551,0.0024610767889907035,0.0009352114878314641
N5126HD,0.044487550719227616,0.2147967375829411,0.3685787518532413,0.2889711400411343,0.08316581980345555
N5128HD,0.9189952639382852,0.07467583633527021,0.0034974504464243368,0.001932393778841395,0.0008990555011789212
N5133HD,0.018348683963354994,0.12044431055249474,0.3558715886262456,0.4562307202422816,0.049104696615623056
N5135HD,0.7573048871841881,0.21862400884659158,0.016671855867447044,0.005460707294669713,0.0019385408071034998
N5143HD,0.8076052358320898,0.1828104792567755,0.007406072274908665,0.001509715141710222,0.0006684974945159124
N5144HD,0.3890978599564067,0.5239203457345422,0.07149187106551998,0.011291164449666095,0.00419875879386506
N5149HD,0.1871616512606157,0.6501466171074612,0.11831655991698421,0.033474812707474134,0.010900359007464831
N5152HD,0.17493260750829245,0.6852465608855864,0.12166229821206616,0.014687994747327526,0.0034705386467274156
N4394HD,0.15280240737500922,0.3775334768868035,0.3465647942715677,0.09643457351332696,0.02666474795329263
N5029HD,0.1945633793264442,0.5968194313762832,0.16811100435706405,0.030744237357946777,0.009761947582261612
N4368HD,0.9328932291220785,0.06306030437609915,0.002491939161983438,0.001019946783171163,0.0005345805566678975
N5013HD,0.33331994283399063,0.5590738761924055,0.07869333532500951,0.019892910402684944,0.009019935245909404
N5153HD,0.30372123875563006,0.5805348361814515,0.09369469056951102,0.017003324218782773,0.005045910274624633
N5157HD,0.8739922066135428,0.1185236299139423,0.004798984590556497,0.0016901441257822145,0.0009950347561763283
N5170HD,0.6157229376277983,0.35299793878842534,0.024362735483880682,0.005107317230705006,0.0018090708691909044
N5172HD,0.8502538568006744,0.13287372741229705,0.01147893020566642,0.0037000865476391584,0.0016933990337229241
N5173HD,0.7046279616197645,0.2484127659206224,0.033287723950873566,0.009213895495672766,0.004457653013066783
N5147HD,0.6817330861430527,0.2940265872227091,0.017259957889298592,0.004756013569425567,0.002224355175514085
N5178HD,0.6734742985621031,0.28307236822009524,0.029243617998266924,0.010168209561643887,0.004041505657890972
N5180HD,0.4776294936689222,0.4564186605215313,0.04629947863239996,0.013997477380688572,0.005654889796457983
N5181HD,0.6337275722132547,0.30865640171257513,0.03889737605570307,0.013252999559827686,0.005465650458639434
N5182HD,0.9030643315334167,0.09140175313847317,0.003680066484878736,0.0011705888236806595,0.0006832600195508628
N5183HD,0.10118635932780626,0.8524976226815257,0.04002891263198995,0.004921605558686068,0.0013654997999920375
N5185HD,0.17438759902348894,0.5076225636117139,0.23770486203422078,0.06415688626272292,0.016128089067853613
N5187HD,0.17720615279278454,0.5305654187885184,0.2155854883772588,0.05621798767057288,0.020424952370865293
N5188HD,0.15570858245732772,0.5126510990727703,0.20219459762285769,0.10576492694941166,0.023680793897632616
N5190HD,0.011340823324336223,0.07633485937328245,0.3906505308111316,0.4652642215053593,0.056409564985890434
N5192HD,0.5597855685331579,0.42464033248239175,0.012742687499023525,0.002014939022948395,0.0008164724624783738
N5193HD,0.7052473094674266,0.26340660505253927,0.023426527715704054,0.005615542181428237,0.002304015582901698
N5197HD,0.8648088757628508,0.12610229483549962,0.006796802813381459,0.0016272392681266166,0.0006647873201415144
N5198HD,0.18912694944634156,0.4711492363355499,0.19793565900812365,0.11255951780362658,0.02922863740635827
N5199HD,0.65613903925662,0.27584118534590085,0.04731505033059959,0.015636419773101234,0.005068305293778404
N5200HD,0.648027651845156,0.3058950293786875,0.03453674592337666,0.00797096940344006,0.0035696034493397895
N5203HD,0.0684204052640445,0.2409488796865608,0.36723586452248247,0.25623530328356997,0.0671595472433421
N5209HD,0.057559981063662544,0.3686214824389324,0.3979729565976934,0.1533576900496469,0.022487889850064776
N5212HD,0.8212237671383541,0.16942888922501048,0.006795891157200223,0.001738847025539004,0.0008126054538962639
N5215HD,0.4615532328614112,0.48864085900868875,0.039025744536916845,0.0076364453384188576,0.0031437182545643607
N3574HD,0.7869144275939358,0.19063266810839846,0.013103789649849425,0.006240171891413685,0.0031089427564027013
N4760HD,0.07036075655346524,0.40473376218475793,0.3906757432021775,0.10279433514178139,0.031435402917817996
N5225HD,0.7590168965436653,0.22279749293995352,0.013515948293921732,0.0035061119029061085,0.0011635503195534113
N5226HD,0.5373712979040525,0.3784947733019458,0.0593175930780005,0.019044259338927446,0.005772076377073756
N5227HD,0.7643076993197829,0.21307819518127524,0.016368845875205595,0.00426452125363082,0.001980738370105296
N5233HD,0.016040750967986794,0.07437755996685817,0.33632249894417227,0.3898231614814756,0.1834360286395072
N5238HD,0.8538013922098147,0.1261690965270677,0.013103123350035011,0.004523620414462056,0.002402767498620813
N5241HD,0.765577069631955,0.21122842506496337,0.01717230481293796,0.004071595087490982,0.0019506054026526823
N5243HD,0.007927707763348772,0.04719802361537691,0.3569987084966513,0.5531084582971556,0.034767101827467464
N5246HD,0.7574067769080447,0.2125966235562791,0.020807993315116926,0.006156223093802637,0.003032383126756493
N5247HD,0.006431603095680391,0.022465227677285017,0.356595810896445,0.5934831883360415,0.021024169994548113
N5248HD,0.5810411320709173,0.33602434858509245,0.059369483368464704,0.017530491001586934,0.006034544973938516
N5253HD,0.5883588500763084,0.3581904639405031,0.037103163159817175,0.011054342401287132,0.005293180422084178
N5257HD,0.058853640395164344,0.21502567153647514,0.3626526475487658,0.27925310840133505,0.08421493211825967
N5259HD,0.03450519433498864,0.13611196719626478,0.3883268907675303,0.31098459724780875,0.13007135045340754
N5262HD,0.07752193961592124,0.64866665353539,0.2470829000090755,0.020705899486838632,0.006022607352774524
N5266HD,0.16473650191076086,0.7183076212062119,0.1015140838827516,0.012392967256579868,0.0030488257436956387
N5270HD,0.6709687627459376,0.3085032085069287,0.01566800846502811,0.003594152482763654,0.0012658677993419006
N5271HD,0.49620787754673545,0.40267579350747307,0.07062025094979232,0.023375820824716,0.007120257171283141
N5273HD,0.8217734461903429,0.16021159626364198,0.010989442077006467,0.004688764236764988,0.0023367512322436342
N5274HD,0.8759155592148565,0.11489210964021633,0.0064568952646352675,0.0019970502503793733,0.0007383856299124627
N5211HD,0.2003886250821013,0.5655796584702844,0.15221854239234095,0.07126454258258283,0.010548631472690612
N4843HD,0.4445927050834428,0.47124674484423895,0.05829583582352667,0.018135006902277283,0.007729707346514272
N5287HD,0.5974659299090639,0.3597268640439431,0.03095718347964435,0.008804325050929821,0.003045697516418817
N5286HD,0.11499310894699853,0.2724805522278294,0.4075812386620603,0.15778879882575503,0.047156301337356626
N5292HD,0.057640993730300356,0.21863386525501818,0.346820914266371,0.29292706883718356,0.08397715791112693
N5294HD,0.837919562142751,0.15008996158174245,0.007635604640727167,0.0029448218066132153,0.0014100498281663287
N5296HD,0.2810803309353305,0.5046170224054739,0.14505433831116898,0.05720622386248687,0.01204208448553989
N5298HD,0.7690664697016888,0.20582918089770708,0.01678036458958965,0.00573399816805064,0.002589986642963938
N5303HD,0.8224964554116598,0.16352201910220573,0.009178446307130772,0.003302132373729627,0.0015009468052740174
N5305HD,0.11544236039385616,0.4462350437977318,0.31878979018216314,0.0983003345267594,0.02123247109948954
N5306HD,0.83779015505983,0.14893787432002698,0.009496843287310349,0.0027318280757358806,0.0010432992570968173
N5307HD,0.06326433098093022,0.35156088100932736,0.3890501343309599,0.16446268521171709,0.03166196846706539
N5311HD,0.22493937384056287,0.5875392634942446,0.1584047360240536,0.023692545898341348,0.005424080742797797
N5314HD,0.750000692494486,0.23174254791102877,0.012338485429452765,0.003924329009985066,0.001993945155047516
N5073HD,0.08367860521688941,0.36918567092450316,0.4055383599608786,0.1141938163329129,0.027403547564815934
N5277HD,0.0686686450064289,0.26993410504643833,0.3811189944030106,0.21467518303797128,0.06560307250615093
N4885HD,0.9268171779099107,0.0657172147705939,0.0048454754210260275,0.0017281864499187915,0.0008919454485506749
N5318HD,0.04421412605182918,0.4321822108434445,0.390284978807878,0.10526332067568274,0.028055363621165702
N5321HD,0.7585420488676216,0.21578622920985735,0.017559441818826644,0.0059429457510298605,0.0021693343526644087
N5323HD,0.930940112844771,0.06539269809138848,0.0023959334739847155,0.0008709294655454997,0.0004003261243101266
N5324HD,0.7143175524837676,0.24888531925966323,0.024934022207015398,0.008483692497627853,0.0033794135519260035
N5326HD,0.8137437533522677,0.1655305405093934,0.012097946168811477,0.005597997187352656,0.003029762782174742
N5327HD,0.6984684869144573,0.2844515842235587,0.011072378134758228,0.0039599224214702,0.00204762830575562
N5329HD,0.07812138661382663,0.6101573096397471,0.26689834435758103,0.03545085650108837,0.009372102887756832
N5331HD,0.7794624143960193,0.19719814679647166,0.01692810899401874,0.004678827928084083,0.0017325018854061729
N5332HD,0.7352549434943159,0.23379485975856834,0.01923346410350303,0.008561312415495799,0.003155420228116903
N5333HD,0.8838386613515659,0.11003053925332941,0.003984073220616104,0.0014410908077092202,0.0007056353667792394
N5334HD,0.0290190879472461,0.9300450009903467,0.03570510751333125,0.00402431421287181,0.0012064893362043027
N5338HD,0.023545794584407205,0.13281974172084213,0.4001634196545377,0.29929538840847775,0.14417565563173515
N5339HD,0.08039759082897945,0.4918956759831739,0.29926376623248124,0.10557790696465302,0.02286505999071237
N3820HD,0.024356143857885825,0.1074253429657233,0.3277729567338269,0.3657851525160064,0.17466040392655766
N5342HD,0.7982827088620149,0.1895798155761932,0.009058040439018304,0.0022424767632058715,0.0008369583595677798
N5345HD,0.6919854264231005,0.27856609903065194,0.022651549482800452,0.0051060830074021344,0.0016908420560450925
N5346HD,0.7592577714959354,0.2260092446524062,0.009907359294456243,0.0033127410347094073,0.0015128835224926928
N5348HD,0.027192081904347458,0.13538685834376807,0.2828333103749075,0.45268924353040135,0.10189850584657568
N5351HD,0.6393811585414084,0.3107262555896303,0.03622387977678903,0.01050016825017383,0.003168537841998356
N5354HD,0.008266194639318608,0.033763731062858425,0.3711717631839642,0.5606710974969288,0.026127213616930083
N5355HD,0.5659278991741039,0.4103055887490165,0.015749385035093388,0.005111839489197368,0.0029052875525889124
N5362HD,0.8902541992907278,0.1048415530134657,0.0030383679370653838,0.0012146488368354406,0.0006512309219055782
N5364HD,0.7760740744469434,0.20657413358110102,0.012452193800523537,0.003489011200437943,0.0014105869709942203
N1264HD,0.02632511185473216,0.8795828980324907,0.08466115601304326,0.007873028882994678,0.0015578052167391967
N4985HD,0.3027867091258845,0.5972002205069692,0.07491969582472437,0.01778406673739019,0.007309307805031692
N5368HD,0.010433719850608217,0.0682680578109347,0.4341805970671793,0.4333141092513026,0.05380351601997517
N5371HD,0.8673297352902853,0.12121834073511202,0.006920049779208046,0.00307226187208226,0.0014596123233124821
N5372HD,0.7713061928504822,0.21446117079678614,0.010918087962190187,0.0023753943548252086,0.0009391540357162769
N5373HD,0.42115760588738865,0.555762503076446,0.017002285910739472,0.0043153321702953315,0.0017622729551305116
N5374HD,0.6668552092778199,0.313739489172856,0.015161442216419367,0.0030520682891949907,0.0011917910437097066
N5377HD,0.8322849793617126,0.15761357437870593,0.007241830090757114,0.00201650259016979,0.0008431135786545048
N5379HD,0.7759983873210902,0.20226448264591282,0.015922280408006327,0.0043440090720623025,0.0014708405529282517
N5381HD,0.07842994884176399,0.313698968028481,0.2738610311471525,0.27046528534131464,0.0635447666412877
N5383HD,0.19715524884836802,0.38610048022679705,0.28505038184828846,0.10604255381610547,0.025651335260441117
N5385HD,0.8838187789619921,0.11192800572812124,0.002821257330959478,0.0009402184534210564,0.0004917395255060082
N5387HD,0.03903576520506755,0.26040741015469676,0.42810351397632396,0.21109710241439125,0.06135620824952047
N5388HD,0.07852941274777164,0.26759500746822557,0.2980684961616529,0.3101728364132637,0.04563424720908625
N5389HD,0.03497311220368545,0.6898755213569884,0.2471920999520846,0.022598763047849506,0.005360503439392082
N5391HD,0.6676603591602094,0.29879541618097477,0.025735566003006475,0.005763746049472861,0.0020449126063364588
N5393HD,0.45844443217050057,0.5099434348254539,0.026140762911237896,0.004049805410030614,0.0014215646827771457
N5395HD,0.7526152573241179,0.2200423628911217,0.019404710612708893,0.005914000234229108,0.0020236689378224032
N5397HD,0.7991764360978765,0.18099202443847984,0.013790453253781238,0.004330784418153314,0.0017103017917090907
N5398HD,0.7908933337815296,0.19062777520520202,0.013281984731627918,0.0037503148402928768,0.0014465914413475188
N5386HD,0.12087747591724467,0.6724763903607226,0.18813124272808907,0.014550649165870526,0.003964241828073135
N2483HD,0.796947974758821,0.18024194712801525,0.013323973797309464,0.006168246612328765,0.00331785770352558
N5402HD,0.8500511446275197,0.1380384262811667,0.007652843447571963,0.0028341584177468187,0.001423427225994953
N5404HD,0.7146108987586636,0.25650618626022026,0.021521969318147562,0.005278153470867592,0.0020827921921012828
N5405HD,0.9130109302441943,0.08273821231604364,0.0027793010256989283,0.0009795629710327013,0.0004919934430302558
N5407HD,0.20574443604478504,0.5320744132773894,0.18510575128397075,0.061934694302240474,0.015140705091614432
N5414HD,0.5218936126845233,0.45469980452980563,0.01881774930278282,0.003223928192831648,0.0013649052900565133
N5415HD,0.8408833686334901,0.150620058352677,0.005258745342025269,0.0022799034412109816,0.0009579242305966102
N5416HD,0.10996326896734915,0.780556799925143,0.0949889831996746,0.010876705131673835,0.0036142427761593214
N5421HD,0.767045823100662,0.21230269433076102,0.014738029285663177,0.004341929265990964,0.0015715240169226665
N5430HD,0.8384237320723462,0.15026398386110523,0.008069586271353686,0.0023161317978150834,0.0009265659973798412
N5431HD,0.048356519958328625,0.8213262413083592,0.11892421681291136,0.009024260334029756,0.0023687615863710867
N5432HD,0.737488068204871,0.2376967340862526,0.017493994292736625,0.005460452267443168,0.0018607511486965292
N5437HD,0.8482422887447318,0.14106823162061133,0.007508910275913343,0.0022266358596256058,0.0009539334991180809
N4225HD,0.29222349620946375,0.6254366176108643,0.06378265242856182,0.013925262781576797,0.0046319709695332965
N5123HD,0.44217348133539636,0.5029903603207204,0.03880147692003878,0.011851064756395973,0.004183616667448484
N9187HC,0.04944882211694053,0.23941799430531607,0.3301894649297865,0.30422013459244746,0.07672358405550933
N5439HD,0.15735346179004697,0.4994838839747881,0.2375654861620349,0.08295330310793943,0.022643864965190618
N5440HD,0.08958193079525714,0.7586798032315237,0.13489020713236233,0.013309790316731832,0.0035382685241248865
