ncode,proba_0,proba_1,proba_2,proba_3,proba_4
N4541HD,0.7367777790119108,0.2433764244380606,0.013609925103998746,0.004128699387531475,0.0021071720584985762
N4397HD,0.009758444656589283,0.04960377803397794,0.4058744493364502,0.48989689968390365,0.0448664282890788
N4544HD,0.9009443498651264,0.09360220359506961,0.0034907286518936972,0.0013308964338679754,0.0006318214540422653
N4545HD,0.08042303834170754,0.3072353470214876,0.304166659834264,0.22952365930480653,0.07865129549773432
N4546HD,0.15044789567344877,0.7833032219864233,0.05929641929309331,0.005096394482182976,0.0018560685648515666
N4550HD,0.8330714101994172,0.15278672653377418,0.008863772664127674,0.0035332493746547096,0.0017448412280263018
N4551HD,0.7865154210034283,0.20360510228168124,0.006945850290718025,0.0020302728469349814,0.0009033535772375489
N4554HD,0.07450763790867233,0.6447157247153551,0.24677145014951443,0.025849679324736613,0.008155507901721587
N4555HD,0.36547856171637155,0.5634449365764571,0.053942583505195554,0.012767198755420065,0.004366719446555794
N4556HD,0.3516914322003865,0.4590700553822201,0.13544723110922713,0.043921418139900734,0.009869863168265446
N4563HD,0.4176019637798096,0.4851789114614124,0.0752410417845711,0.0173718551979336,0.0046062277762732515
N4567HD,0.895931354780703,0.0945753071409822,0.005009728828834359,0.0027077009427068817,0.0017759083067736693
N4561HD,0.8417490375817184,0.14978665874155336,0.005211683819984586,0.002184791572552246,0.0010678282841915642
N4571HD,0.2966935360655952,0.6059580984365579,0.07391523884567539,0.01746327935849696,0.005969847293674621
N4574HD,0.9449940836819717,0.05168205120300529,0.0020548202804943814,0.0008421742631302808,0.00042687057139824646
N4575HD,0.53197634727996,0.42492790019735877,0.033355277331157715,0.007262418133651559,0.002478057057871891
N4579HD,0.27396876860893316,0.6176885080928274,0.08340504374358157,0.01840931685991195,0.0065283626947459875
N4581HD,0.18425548780895865,0.718333341358948,0.0891170357233856,0.006442762506015935,0.0018513726026918316
N4584HD,0.152147356488466,0.7874128227484521,0.05352799615966756,0.005158264233861504,0.0017535603695530168
N4578HD,0.6897496713007547,0.29594472784641357,0.01080341305174142,0.002534649071000948,0.0009675387300892173
N4590HD,0.17838914941054468,0.7228385144375593,0.08557248306546915,0.010934055963655735,0.002265797122771128
N4593HD,0.02950557513129631,0.23216485165544934,0.40908954232104744,0.298621313776761,0.030618717115445858
N4151HD,0.22447721173569962,0.454912265779873,0.19449418947452593,0.1027763529092991,0.023339980100602193
N4594HD,0.7621932584284915,0.22369132465567848,0.01047189239398438,0.0026526201619843206,0.0009909043598612364
N4600HD,0.4511895278019429,0.4975192521256741,0.04152480501877838,0.007601581206761596,0.0021648338468430173
N4605HD,0.07811721614247968,0.3560378923242655,0.4438380397988866,0.10760437881100811,0.014402472923360044
N4612HD,0.3684992115406764,0.5249928689650052,0.07843760721552712,0.02206124020206098,0.006009072076730134
N1701HC,0.26922017995808106,0.6009056144199517,0.09645870718540389,0.02485907570147477,0.008556422735088465
N3705HD,0.017934974888051288,0.06852676079501184,0.30865316850951974,0.3184331272497441,0.2864519685576729
N4589HD,0.5672734417615237,0.3618607317050477,0.049708022314200274,0.015544634594141373,0.005613169625087043
N4339HD,0.9261311691273786,0.0680698198085961,0.003211558348912402,0.001578740543541299,0.0010087121715716975
N4615HD,0.028204526151370462,0.13728349356342245,0.36485557351575554,0.37882332036157207,0.09083308640787949
N4618HD,0.8889584998267261,0.10202845067285235,0.004984123719641457,0.0026691030443373974,0.0013598227364424518
N4624HD,0.5178572665516904,0.4685222422954294,0.010783246926853132,0.0019825973885768695,0.0008546468374503399
N4626HD,0.8143101805952838,0.1692478887283515,0.012038152502746483,0.0033079562271558,0.0010958219464624111
N4628HD,0.07967359051631678,0.5939055531185081,0.27045853536363484,0.04446747240748749,0.011494848594052776
N4638HD,0.05962090706602185,0.24607000445675373,0.31266422420746554,0.2863390823164042,0.09530578195335473
N4639HD,0.8137931107971547,0.16723174007091038,0.011357815458609307,0.004936061141386919,0.002681272531938623
N4642HD,0.9114171271172359,0.08272014455698214,0.003559786715377211,0.0014911350464531597,0.0008118065639515534
N4646HD,0.9206777566297134,0.07414974755748056,0.002939736365863445,0.0014174981825474644,0.0008152612643950845
N4631HD,0.8375179180135853,0.14979827343362181,0.008333873337021768,0.0031414325651388363,0.0012085026506324487
N4656HD,0.03149582049844864,0.11402706385307912,0.41739367253245974,0.36018273492914216,0.07690070818687045
N4658HD,0.8074410876226602,0.17403898816522814,0.013420833366569403,0.0037474510541958606,0.0013516397913463042
N4661HD,0.8597652263508784,0.13060714466123555,0.006103968074290949,0.002325416685012337,0.0011982442285827656
N4665HD,0.8302207284293621,0.1556879789101855,0.010375786692794988,0.0025618192600735377,0.001153686707583911
N4667HD,0.8762733063479722,0.11696193870008573,0.004045775101431761,0.0018247513867075862,0.0008942284638027215
N4669HD,0.759146882452716,0.22978119951805617,0.007825074021624495,0.0022613489349685638,0.0009854950726347373
N4673HD,0.21955679894472468,0.6436186071802308,0.11327979631301241,0.017039120505738747,0.006505677056293361
N0760HD,0.08792209060088475,0.6617791079995193,0.20819477755819568,0.03395147185745557,0.008152551983944713
N4672HD,0.6640429709230198,0.2761682408829223,0.040828979124908266,0.014548046942405347,0.004411762126744481
N2593HD,0.880501858530545,0.11171333452683833,0.004749005214205995,0.002001455174554791,0.0010343465538559821
N4677HD,0.13829030791469116,0.6603359470328085,0.18095867264060528,0.01699470953480898,0.003420362877085994
N4680HD,0.16790081449095068,0.6369654771469415,0.16134728373668494,0.025315008557545704,0.008471416067877187
N4688HD,0.025319505502670404,0.11028243848530497,0.3473080704233624,0.45672704520648266,0.0603629403821796
N4689HD,0.8436503853372089,0.14679514754196593,0.005948482683280786,0.0023827869908205285,0.0012231974467236775
N4691HD,0.1365618457123822,0.4030276039432038,0.24463512576952362,0.17286140331169791,0.0429140212631924
N4692HD,0.6380530681622851,0.31957914892462735,0.02728909615425176,0.009352497081161407,0.0057261896776741724
N4694HD,0.030399919850015552,0.23174386911466377,0.5589079380971435,0.1517966232404764,0.027151649697700744
N4695HD,0.08394262202158534,0.6493978860100603,0.2398763921170372,0.022321420481648018,0.004461679369669218
N4699HD,0.48270010145786674,0.47552980933595546,0.0309681526005133,0.007594325934337782,0.0032076106713264706
N4703HD,0.4962681558546264,0.3573569722967675,0.08170194365612352,0.04669703516087448,0.017975893031608153
N4704HD,0.005838298759749935,0.022189332220991835,0.3546791027772948,0.5984940879536815,0.018799178288281843
N4708HD,0.9265049070380991,0.06918931246109196,0.002646505304129132,0.0010514759570098705,0.0006077992396700092
N4714HD,0.6236210228385792,0.33508107659697106,0.026012643274203818,0.009202798843169352,0.006082458447076528
N4721HD,0.07750545820545036,0.5398229615412701,0.29709969245128226,0.07077956987610787,0.014792317925889373
N4722HD,0.8502146720377151,0.14401071207937108,0.0035388932170336324,0.0015274605555059741,0.0007082621103743571
N4724HD,0.15832649410044672,0.733890095690763,0.09516958051520556,0.010068002542650637,0.002545827150934064
N4726HD,0.05561248762539331,0.800492357561097,0.13239630866548427,0.009135494563503118,0.0023633515845222454
N4735HD,0.7283497782133556,0.2564720070972098,0.009201387463749136,0.003765865067530889,0.002210962158154609
N4063HD,0.4155986183649188,0.48732546055652826,0.06271009839677022,0.024350733810472026,0.010015088871310657
N4712HD,0.7391226297712984,0.24416134861052755,0.012039124499634148,0.0033850199420802085,0.001291877176459809
N4738HD,0.1813236912134995,0.6408405669186904,0.1314612759638062,0.03451291476835828,0.011861551135645602
N4740HD,0.042514933687087225,0.28803422881153334,0.3089221607427019,0.3150821780828608,0.04544649867581674
N4742HD,0.02097623597344094,0.1282733119815827,0.5107365809234111,0.2576582309487151,0.08235564017285008
N4745HD,0.8174392597425296,0.16680231219495495,0.011203839904281051,0.0032647631516676883,0.0012898250065665228
N4747HD,0.8597768045728662,0.12164179150958035,0.011017092899960088,0.004581761518540822,0.002982549499052645
N4750HD,0.7208744364021255,0.24757378780662062,0.019688252597162895,0.008355564615639714,0.003507958578451297
N4752HD,0.00956367416418417,0.05917755289935905,0.42902366202320974,0.4574445861232876,0.04479052478995947
N4754HD,0.5438349599568014,0.43398647202240775,0.017432565756581156,0.003500926869759856,0.001245075394449924
N4755HD,0.21723036573819457,0.6285529723197946,0.12212661437751456,0.02463435225621095,0.0074556953082852255
N4756HD,0.5565804735331012,0.41350435877061703,0.022475836532281194,0.005476560291888666,0.0019627708721119325
N4757HD,0.8359865783959669,0.1522664395973074,0.00904066378418384,0.0020064837316270154,0.0006998344909148412
N4759HD,0.26332208877857977,0.6757683880352547,0.046782573745109655,0.01052147388737443,0.0036054755536814344
N4762HD,0.2186416945866298,0.6521383683328639,0.10835043215512774,0.016573874442634494,0.004295630482744053
N4763HD,0.5972128362395333,0.35926504736069065,0.027513579768831998,0.00991524594146139,0.006093290689482698
N4767HD,0.8133170540301247,0.16814138218991495,0.012727730433523852,0.00432135672422059,0.0014924766222161267
N4769HD,0.0645618091576757,0.36724816141434097,0.43068434564448405,0.11938262276211477,0.01812306102138465
N4770HD,0.7935352027052832,0.18495506776280482,0.015319006756035798,0.004645234676640674,0.0015454880992353712
N4676HD,0.317303527842683,0.49473640847679257,0.13147526510415222,0.043304841454980064,0.013179957121392165
N4614HD,0.5638029207700911,0.36162100637516653,0.05509205133739001,0.015065517360915473,0.004418504156436985
N4774HD,0.2634828808906506,0.6109679562903781,0.09412858323829859,0.02355169660187447,0.007868882978798236
N4778HD,0.059790119446298605,0.28038643474724134,0.37822570852904064,0.2327950180569133,0.048802719220506094
N4780HD,0.00781374705742315,0.031625192257482365,0.19974756623319523,0.45703702869657925,0.30377646575531997
N4783HD,0.5403099996123774,0.42537542321038296,0.02539631811422362,0.006269886263277419,0.0026483727997386832
N4789HD,0.8503814308845599,0.12953883223563623,0.01187326294412032,0.005056938263392109,0.003149535672291615
N4792HD,0.46467902783024506,0.5156011477874644,0.015752905983384382,0.0027643501014486837,0.001202568297457367
N4793HD,0.03759187259045502,0.5740111662361055,0.31858896402461906,0.052257962893287394,0.017550034255533028
N4794HD,0.010031551790863786,0.06627065783298741,0.41401650159441294,0.4744508213016735,0.0352304674800625
N4799HD,0.7007411921942774,0.2727754296350437,0.01787691535323609,0.006175276044694606,0.002431186772748082
N4800HD,0.9240499593100095,0.0706485090794322,0.0031205965380104,0.001427773876420043,0.0007531611961277524
N4808HD,0.13888724545530562,0.7817544577164582,0.07157083585507824,0.005878043648566576,0.0019094173245911522
N4809HD,0.6436053288990855,0.3192140090398329,0.023338693884964488,0.008829818507742932,0.0050121496683742
N4634HD,0.6218400462502778,0.3258364243834474,0.03500886242946432,0.01249850541151943,0.004816161525290931
N4784HD,0.8884603906919005,0.10413850649067925,0.004517074273294575,0.0018601693644164515,0.0010238591797092091
N4815HD,0.8611169020767471,0.1314519384661861,0.004686484892253118,0.0017750632523869736,0.0009696113124265281
N4816HD,0.7594668246517221,0.21290427589199934,0.019053994222925804,0.006386352742301151,0.0021885524910513813
N4817HD,0.38988528728270605,0.555000096966897,0.04217150201267925,0.009365722425633839,0.003577391312083844
N4818HD,0.9033662318963629,0.08992132986106403,0.0038949916117580617,0.0018396304974554584,0.0009778161333597116
N4821HD,0.030497668873810148,0.8944665374357321,0.06418545334782089,0.008757112265035918,0.002093228077601038
N4830HD,0.8647177503073367,0.12247074946782459,0.008556337991755552,0.0031166784244350773,0.0011384838086480685
N4748HD,0.8728146387443092,0.1194273858612672,0.005002033338845392,0.0017817660187671744,0.0009741760368111827
N4684HD,0.8094800073491739,0.1792571346284095,0.007055180512676263,0.0027702549516948425,0.0014374225580454333
N0389HD,0.024234635716188113,0.8997495739635677,0.06989524055438937,0.0048009050829910535,0.0013196446828637974
N4796HD,0.4727997756396773,0.4279833094553487,0.0723571887927734,0.020531689232009265,0.006328036880191411
N4834HD,0.006651202070498403,0.025272460673239714,0.3645111812357602,0.5830539713641391,0.02051118465636259
N4835HD,0.06400525285221856,0.9009060676684542,0.030064895303471922,0.003771031506532842,0.0012527526693226342
N4837HD,0.4493269655745383,0.5250067442359011,0.020721756176353707,0.0034483881458144904,0.0014961458673925225
N4838HD,0.08178029632601158,0.8480861997319955,0.061984623111853085,0.006086586522277374,0.002062294307862459
N4839HD,0.043055007693998476,0.6821474518768945,0.24152947308104733,0.027221320095776068,0.006046747252283496
N4842HD,0.7384187430438495,0.23156810430072383,0.02036794874971241,0.00688039049161451,0.0027648134140996865
N4844HD,0.9205744468871869,0.07509049703157022,0.002637697246764025,0.0011405026429960438,0.0005568561914826389
N4846HD,0.12695951186498783,0.52466730589993,0.24814331117325736,0.07300697300935641,0.02722289805246837
N4847HD,0.8080723942239781,0.18307998357186675,0.005997092687405302,0.0019732474716728956,0.0008772820450769945
N4849HD,0.36600297999894293,0.5690574192278733,0.0481700051726851,0.012318487496392905,0.004451108104105791
N4852HD,0.04536709383228746,0.7767384499927863,0.16661697975394124,0.008722668440426923,0.0025548079805580597
N4853HD,0.4631018556616672,0.4957098867449891,0.031557686482527096,0.007082305136405873,0.002548265974410684
N4856HD,0.8868186213923375,0.10653704280678034,0.004067851185445075,0.001676657774774139,0.0008998268406629842
N4858HD,0.8907187074538613,0.10001612369785112,0.005354293465603698,0.0025143032228590054,0.00139657215982493
N4860HD,0.19958567203734137,0.7047966045816096,0.08128057428077941,0.010343045677879192,0.003994103422390367
N4861HD,0.9077905526344809,0.0879145416889147,0.0026641745710642814,0.0010042314795686816,0.0006264996259713675
N4863HD,0.4869718948548121,0.49180885420649545,0.014516173801931029,0.004739362378965672,0.001963714757795662
N4864HD,0.663089119266428,0.3164255210745757,0.014259396479965809,0.0043811550153015685,0.0018448081637288728
N4866HD,0.7988665102500834,0.18431464925226046,0.010167375209331466,0.004577060531897296,0.002074404756427388
N4012HD,0.6750586742519864,0.2972635735519028,0.01902690596161416,0.006258018312158145,0.0023928279223384787
N4825HD,0.3060856814736211,0.5773376761082332,0.08153998297433752,0.025390351289863087,0.009646308153945312
N4875HD,0.043464108348202926,0.39106657235030395,0.4536061414101976,0.09150466175184745,0.020358516139448134
N4878HD,0.04148456091939564,0.22102472818091642,0.367907921687575,0.27371243913904375,0.09587035007306918
N4883HD,0.045243414278223974,0.5969261337643796,0.3240833881304835,0.029566922392817843,0.004180141434095
N4884HD,0.5620432254237746,0.3843535472562741,0.04208275562590455,0.008829591793285897,0.002690879900760856
N4887HD,0.26280050296504764,0.6687697353498399,0.05851534842572475,0.007675948841714634,0.0022384644176730536
N4891HD,0.6857431563913386,0.2794137482072468,0.025856470610249187,0.006996062821369157,0.0019905619697961007
N4892HD,0.13919888183257825,0.7433240238924576,0.09973571926757735,0.014115455016000221,0.003625919991386699
N4895HD,0.8198970675935423,0.16536247706986737,0.009906115572798897,0.0034947225504379973,0.0013396172133534232
N4899HD,0.8067227914025266,0.18158842941259773,0.007356553309286265,0.0029574729876147036,0.001374752887974795
N4898HD,0.31391688214926905,0.6138467480329333,0.05255147291527305,0.013765833322790303,0.00591906357973423
N4902HD,0.5930763025764209,0.34844878985024347,0.03918317696446964,0.014012208925221627,0.005279521683644542
N4904HD,0.11836494237428724,0.5950650328841697,0.23649929907572204,0.03960662595669382,0.010464099709127112
N4906HD,0.7506500660160118,0.2349333892339,0.01050017260543353,0.002929514436609108,0.000986857708045573
N4909HD,0.7950071446818723,0.19117647781042008,0.008234916162338356,0.003674948315224476,0.0019065130301447147
N4912HD,0.6844614481474672,0.2916712606413395,0.018324256834370063,0.004059337704953812,0.001483696671869504
N4913HD,0.6450469511829463,0.324761099195966,0.022788312354730812,0.005241692746928197,0.002161944519428686
N4914HD,0.14483293202525235,0.7245883112117822,0.10934148459884964,0.017495925884325244,0.0037413462797903853
N4908HD,0.8868819077407593,0.10752756014482208,0.0036160000697214264,0.001359098216425999,0.0006154338282711368
N4937HD,0.884905399662433,0.11009879530865065,0.0031832288893679553,0.0011918900694683518,0.0006206860700800001
N4938HD,0.8849123961084546,0.10857782703350834,0.004277422159693757,0.0015221526444812506,0.0007102020538621637
N4949HD,0.8941979501217242,0.09980197240569227,0.003737330975531478,0.0014840139534800163,0.0007787325435718841
N4952HD,0.7980176980933331,0.1837370160435871,0.013724615496992398,0.0032136864428985597,0.0013069839231887848
N4954HD,0.4894555151176697,0.46257503020072316,0.03914669847554811,0.006618195671991455,0.0022045605340677023
N7917HB,0.8903840762452747,0.10395547199287382,0.0038934723288144915,0.0011926407624196626,0.0005743386706173981
N4951HD,0.7970564711158633,0.1895007997257146,0.009659757692240211,0.002564306659259476,0.0012186648069223381
N0385HC,0.14806514682929994,0.5982877056250533,0.20974242357987002,0.034148204140356096,0.009756519825420761
N3920HD,0.29786730293311764,0.6055067995750425,0.07505256148725006,0.01657977367599574,0.004993562328594043
N9498GW,0.7783771288796989,0.20250808903979411,0.013653132359187364,0.0039230051089423545,0.0015386446123774025
N4961HD,0.8870889662111159,0.10772710209407804,0.0036215212437409,0.0011170347463518645,0.0004453757047132886
N4965HD,0.40618353655491707,0.4884107381140089,0.08355799874031658,0.016966706060956443,0.004881020529801121
N4967HD,0.5598584338818647,0.369934114572914,0.04159462823944491,0.021474881660074475,0.007137941645701931
N4968HD,0.3509889962969869,0.47854085306814664,0.09701098883877435,0.05404313344698526,0.01941602834910695
N4973HD,0.8219150767536779,0.16081060776528217,0.01219624168422107,0.0036825629321786835,0.0013955108646404222
N4976HD,0.03024436243617952,0.24044329107651954,0.6169162142344053,0.09566141409250745,0.016734718160388
N4977HD,0.23495662101727588,0.6719534335344399,0.08091289942858065,0.009092194347432492,0.0030848516722709273
N4978HD,0.629382362186105,0.33324387989060855,0.024688214616721545,0.009335004844632419,0.00335053846193235
N4982HD,0.3574277445596867,0.5617810139009028,0.057980527141998014,0.017141596108265864,0.005669118289146647
N4983HD,0.15623020443788116,0.4961849623345881,0.23246714588625367,0.10013777224659114,0.014979915094685874
N4984HD,0.8700071402421036,0.12448596423243985,0.0035938431929145366,0.0012317862455643652,0.0006812660869775916
N4992HD,0.017126393678993115,0.17289439712799323,0.3309931030691519,0.3908488524853609,0.08813725363850082
N5000HD,0.639822168900634,0.3039815116217305,0.038615467526924165,0.013029618199262459,0.004551233751448854
N5006HD,0.4508480888681126,0.5069291491490031,0.03038585206190337,0.00868002102018282,0.0031568889007980378
N5007HD,0.6811041469465794,0.28704132029484475,0.020569186678240727,0.007963984571525149,0.003321361508809888
N5008HD,0.1902805343528044,0.5883204896801516,0.18617382012366854,0.02989198968951217,0.005333166153863445
N5011HD,0.21423171910481745,0.6980781093514481,0.073915381510987,0.010170376537216287,0.003604413495531075
N5020HD,0.5606157038818588,0.40030353788726336,0.029325244623642884,0.006694401861255134,0.003061111745979758
N5024HD,0.7991589083496891,0.18070227059552182,0.01414083468587713,0.004234659718565706,0.0017633266503463425
N4826HD,0.8884788705101898,0.10491765935575062,0.004036769171353247,0.0017934822813285751,0.0007732186813777491
N5032HD,0.8509761477024943,0.13843799771313317,0.007588497603476097,0.002088052395726123,0.0009093045851701888
N5041HD,0.8781126452991743,0.11407658157276589,0.0045460206239342485,0.0021200669091120524,0.0011446855950133384
N5043HD,0.9423662782464225,0.05237015767210849,0.0032272707107550845,0.001215214230840091,0.0008210791398737169
N5044HD,0.39360961719315235,0.5275409603424502,0.05438675257732397,0.018171588071743083,0.00629108181533028
N5045HD,0.8154310696969926,0.17230465810199477,0.008760904037345432,0.0024127959401067842,0.0010905722235603264
N5004HD,0.8914238171292755,0.09999963882457513,0.005059759036891391,0.0022894723389656653,0.0012273126702922025
N5055HD,0.4358070386866494,0.4648900165610148,0.0671488961045143,0.024855308993900545,0.00729873965392099
N5056HD,0.12415834468291906,0.43063260273895754,0.30368228667107783,0.1016334133172027,0.03989335258984274
N5057HD,0.7516142948378115,0.23349046502452142,0.009763734087691014,0.0035707313262219936,0.0015607747237539895
N5059HD,0.5961506557483089,0.3254030668601797,0.05746213574121637,0.01619405647962443,0.004790085170670488
N5061HD,0.35308784392659365,0.5246715259344844,0.097917173566593,0.0187380414409423,0.005585415131386732
N5018HD,0.8994029447010501,0.0941819946924427,0.0036819720072397743,0.00173068419025981,0.0010024044090076645
N4896HD,0.7752018920445543,0.20508012276019516,0.012947345807200753,0.004480684496501575,0.002289954891548232
N5064HD,0.7574722878719298,0.21589967821826783,0.01792336223435569,0.006706411292520324,0.0019982603829263547
N5065HD,0.5734713959812535,0.4001815868332354,0.020048302265696268,0.004746427123138549,0.0015522877966761292
N5067HD,0.24314990463050729,0.6299145769334152,0.09771920598418495,0.022165262996779844,0.007051049455112672
N5070HD,0.03951086020812993,0.49591865520767275,0.40598244437899805,0.0496711984383704,0.008916841766828845
N5071HD,0.17518188237328897,0.7094234853448119,0.09831214450755675,0.013163885850713326,0.003918601923629249
N5072HD,0.16055571558819223,0.7230113347053385,0.0942665961079707,0.01722029462767217,0.004946058970826369
N5074HD,0.8298736765983838,0.15810572274673745,0.008228664764590932,0.0024538633354975006,0.0013380725547903964
N5075HD,0.9357939310462001,0.06019350097910809,0.0024451056245300183,0.0010008051574399413,0.0005666571927219395
N4923HD,0.8496732863870442,0.13473717199731194,0.009704260360489757,0.0040188849193972705,0.001866396335756793
N5076HD,0.7614314102132566,0.22045687396362498,0.012689700265410593,0.004031699579436151,0.001390315978271611
N5079HD,0.05086849871423208,0.32852389454229175,0.44024894616664306,0.1575850435297611,0.022773617047071953
N5080HD,0.6295179432639667,0.34799160546880825,0.01598184730873058,0.004406298557710019,0.002102305400784459
N5082HD,0.8061143178501518,0.17024191365794328,0.014135664937875759,0.006633787722156188,0.0028743158318731573
N5083HD,0.6390870159884837,0.31688177832091047,0.031893596123252425,0.009433613705392347,0.0027039958619609946
N5085HD,0.12647740329916934,0.5604066944978064,0.27709907658150135,0.0280987072300306,0.007918118391492245
N5051HD,0.3732027769629582,0.5961684219715108,0.025615627206772393,0.0036560340774459874,0.0013571397813124525
N5039HD,0.07343480067887259,0.3496901722598139,0.38133841454153716,0.15600623929847787,0.0395303732212985
N5088HD,0.8897888773844724,0.10297022983989654,0.004557319941032845,0.0017564535546672842,0.0009271192799307431
N5091HD,0.04723737766252543,0.9364328152434273,0.01376976595717876,0.0019172551223975195,0.0006427860144712731
N5093HD,0.020905608684559998,0.08694032997739251,0.23691755089319377,0.5373460168088401,0.11789049363601367
N5100HD,0.009678190175305721,0.05870286873845403,0.2987545980752286,0.5996250025623596,0.03323934044865199
N5103HD,0.08055548836586535,0.4194332709652076,0.35402577734452656,0.10745503793929148,0.038530425385109035
N5104HD,0.9454829766915002,0.05152364456759585,0.0019627060065759545,0.0006874784665782184,0.0003431942677499442
N5105HD,0.7992616817053935,0.18221376078075885,0.00984764305464989,0.005326411228107391,0.0033505032310905264
N5106HD,0.7693832493324564,0.20852866667351863,0.015051513995472922,0.004957746271379473,0.0020788237271726355
N5109HD,0.4378019183039117,0.5376998239143816,0.019818937024781116,0.0034682778939732757,0.001211042862952202
N5112HD,0.5175038483698683,0.4312514139487931,0.0393466827692808,0.00881500198834481,0.003083052923712874
N5115HD,0.8415169420013493,0.1457740354438014,0.009636409428597458,0.0022165646369799587,0.0008560484892718133
N5120HD,0.02636868735838236,0.12715443522821954,0.3486331364856433,0.41133604110776034,0.0865076998199944
N5121HD,0.5626778894264478,0.39152779243378666,0.030267838856185093,0.0112661616937744,0.004260317589805984
N5122HD,0.5902063277735404,0.3477914397703947,0.0445839530184257,0.013096334229417044,0.0043219452082222274
N8305HB,0.8565316114628284,0.13404231727992585,0.0058124297338724516,0.002519285143505279,0.0010943563798677365
N5126HD,0.043005762411178705,0.22153133418274165,0.3135586848257066,0.34156407059451843,0.0803401479858546
N5128HD,0.9049388588215729,0.08843781469080282,0.003681909977535151,0.0018764486609116882,0.0010649678491776338
N5133HD,0.015006902041582372,0.10114179524255339,0.3943155255644181,0.44075630128470233,0.048779475866743756
N5135HD,0.7196334419422862,0.25310473897090424,0.017808971672483,0.006938661596445759,0.002514185817880884
N5143HD,0.8177617522805898,0.17256438774877816,0.007077719298358229,0.0017984411801372027,0.0007976994921364643
N5144HD,0.31045740576870356,0.5941190495989593,0.0775069875829454,0.013724116766762799,0.004192440282628997
N5149HD,0.19049246534937758,0.6187832407511255,0.13608437359720718,0.042350866078574544,0.012289054223715228
N5152HD,0.36035026534796816,0.5826723445871499,0.047648455371882226,0.007184908389424963,0.002144026303574759
N4394HD,0.1295295890365802,0.3800895052084183,0.3631886851803511,0.10721511259435287,0.01997710798029762
N5029HD,0.15533575648659803,0.6678689395376921,0.14627342642348298,0.022403007211309747,0.008118870340917211
N4368HD,0.9348848892074578,0.060985098009800114,0.00249735319452113,0.00105120545184764,0.0005814541363733937
N5013HD,0.3479667186696011,0.5558751423094745,0.06781958867483737,0.019325978511368365,0.009012571834718623
N5153HD,0.34034506527059255,0.5457556627514263,0.09363668707975735,0.015263897086808375,0.004998687811415458
N5157HD,0.8765184179781864,0.11703569564889722,0.003834159303036569,0.0016367384210462179,0.0009749886488336625
N5170HD,0.6521073348360656,0.32287605822080423,0.01826917309395654,0.004855760279336525,0.0018916735698369137
N5172HD,0.8337524886926923,0.1508017815622077,0.01008557412100245,0.003641824643104102,0.0017183309809935396
N5173HD,0.6814204178258071,0.2682971077625514,0.035019337337756196,0.010906527897394226,0.004356609176491208
N5147HD,0.46670596584939417,0.4831737574991548,0.03800496559329358,0.008952243242730022,0.0031630678154274737
N5178HD,0.6688667260368332,0.2745067142198271,0.037800242259178704,0.013198156612287777,0.0056281608718734165
N5180HD,0.4879257262966319,0.45024350629478904,0.04303314373242042,0.01383737556651728,0.004960248109641267
N5181HD,0.24634587870066124,0.6080891465436092,0.11138717777384251,0.02552713103635215,0.008650665945534855
N5182HD,0.9070484469805201,0.08772600267158158,0.003348002741208837,0.0012301770734474472,0.0006473705332419132
N5183HD,0.10447720873684911,0.8459453365016398,0.0431549197442765,0.004952446525790742,0.001470088491443649
N5185HD,0.18570081396178537,0.492167100090406,0.24312534443926348,0.06577245929209576,0.013234282216449428
N5187HD,0.2191001053048479,0.5250445486035122,0.1825055874100151,0.05603368968331471,0.01731606899831009
N5188HD,0.18510746145097182,0.5060305292146964,0.16776762275943732,0.11932332496039916,0.021771061614495185
N5190HD,0.010833904191682339,0.08014872921137563,0.37342201831090593,0.49914115333637865,0.03645419494965754
N5192HD,0.5376974254962559,0.4482738765352699,0.01126592996198005,0.001972596516005355,0.0007901714904887588
N5193HD,0.710979582236029,0.25743785898953025,0.022852676930729916,0.006261111253333827,0.002468770590377026
N5197HD,0.8582206055923152,0.13160911082716095,0.007626395956423454,0.0018093251096586436,0.0007345625144420293
N5198HD,0.18159303605056304,0.4521697915473086,0.22192460416879725,0.10959204716449551,0.03472052106883571
N5199HD,0.6069468490055413,0.3136201231317918,0.05467669304150861,0.018974170828328314,0.0057821639928301305
N5200HD,0.7342833241226938,0.2384843844689915,0.017847251759147885,0.0062253299937910615,0.003159709655375659
N5203HD,0.06153367968070732,0.24027737165934776,0.3753874796337963,0.2540385441814102,0.06876292484473834
N5209HD,0.061209101935658095,0.31009735241560227,0.4247248130611506,0.18380154393660594,0.020167188650983003
N5212HD,0.8255400744759175,0.1647962360010203,0.0069256634625514246,0.0019061499875764924,0.0008318760729343069
N5215HD,0.5183915471471867,0.43291686508710625,0.037516759392037566,0.008151804032801104,0.0030230243408683774
N3574HD,0.803956349506048,0.17586333665387652,0.01170149208773487,0.005670172052521072,0.0028086496998195034
N4760HD,0.07408728144899779,0.37500226187477737,0.396081221824173,0.11675814527067845,0.03807108958137339
N5225HD,0.5261640081988709,0.42937102196566673,0.03609628860117691,0.006582186752588776,0.0017864944816967882
N5226HD,0.5684639556172011,0.3538276398378076,0.05321156406686149,0.018361170689752144,0.006135669788377731
N5227HD,0.7662400452284941,0.21066933914671349,0.01644978928270989,0.004642561920772812,0.001998264421309787
N5233HD,0.02175252929767051,0.104508219511143,0.37808717664583896,0.34067063075578286,0.15498144378956477
N5238HD,0.8640965233627191,0.11879451118613713,0.00996543611191677,0.0044678493493613605,0.002675679989865697
N5241HD,0.7947915523768279,0.18334972713212028,0.01575832385261796,0.004351770434266693,0.001748626204167253
N5243HD,0.008284432632891968,0.04542662661183747,0.3589437560016313,0.5595285796552162,0.027816605098423066
N5246HD,0.7592021912321258,0.2168003938876825,0.0159855276479344,0.005420484275558652,0.00259140295669865
N5247HD,0.006561643259863486,0.021174942666270423,0.334013999564048,0.6217468762603002,0.01650253824951795
N5248HD,0.6156866861817597,0.3005389003974092,0.05833156760104958,0.019344391509074976,0.0060984543107066615
N5253HD,0.6098923322780331,0.34353280328678004,0.029675527197120667,0.010638358086338456,0.006260979151727541
N5257HD,0.05182067460633232,0.21177953024340304,0.3581939989410507,0.2888296951332647,0.08937610107594932
N5259HD,0.03185082286381571,0.13702978477886824,0.3505111183792341,0.34736052662206446,0.13324774735601747
N5262HD,0.09242332270814571,0.644664196337,0.2357060485668235,0.02104949229476525,0.006156940093265577
N5266HD,0.16986198876580888,0.7018281049740316,0.11281291775318449,0.012448012422111018,0.0030489760848638674
N5270HD,0.6748487121133574,0.3047855156074933,0.015395722351294492,0.0035340776069883017,0.0014359723208664688
N5271HD,0.40517857710739286,0.5001858495235462,0.06946906188179953,0.01990580311991066,0.005260708367350715
N5273HD,0.8061983384881015,0.17633347429212204,0.010707702797405374,0.004542404971492733,0.002218079450878336
N5274HD,0.8679948041161342,0.12081530244678419,0.00790377992124763,0.002415599772888927,0.000870513742945285
N5211HD,0.24921659792257145,0.5369430504065179,0.14409792239223976,0.05990397949273429,0.009838449785936544
N4843HD,0.4641834215518193,0.46188855199546874,0.048774599987907966,0.018030058404171045,0.007123368060633209
N5287HD,0.5841309361801782,0.36946908565230574,0.03404938654140205,0.009389775697061566,0.0029608159290524004
N5286HD,0.1300484682204237,0.3288076992890973,0.3526842316073927,0.13316210774803566,0.05529749313505071
N5292HD,0.0554977539962279,0.219925921289681,0.35991740500373837,0.2771353208793877,0.08752359883096507
N5294HD,0.8267223412959029,0.16030414267441132,0.00836189049636333,0.0030182766326396562,0.001593348900682765
N5296HD,0.2861781073257736,0.5184204666120916,0.13041795715206134,0.05199506575506336,0.012988403155009988
N5298HD,0.7488648972962013,0.2239354734292515,0.01764390123751214,0.00664088201189315,0.0029148460251417867
N5303HD,0.8351685087988452,0.151084137473252,0.008983265387464112,0.003134793131256374,0.0016292952091823843
N5305HD,0.12380828357383743,0.43157183037904034,0.33304194604831755,0.08925073558247505,0.02232720441632984
N5306HD,0.8224719046093579,0.162727125625686,0.010830447989861693,0.0028694410741585833,0.0011010807009356287
N5307HD,0.08303196090526362,0.40052628819011876,0.3580006008399098,0.12613130504044046,0.03230984502426744
N5311HD,0.2450721283232539,0.5646334807604878,0.16339699315615694,0.02152440463587629,0.005372993124225084
N5314HD,0.8073497317205205,0.1784826428068304,0.008157347077043577,0.0038582771023798353,0.0021520012932256362
N5073HD,0.113192404654787,0.36963646640555525,0.35089439733185696,0.13698700975791173,0.029289721849889087
N5277HD,0.07608707824272604,0.2729872932710711,0.3866001372247959,0.18820860178763618,0.07611688947377078
N4885HD,0.9170200578172588,0.0761846150242053,0.004129967783251923,0.001712172467620544,0.0009531869076633814
N5318HD,0.04350603012607369,0.3920751888957308,0.4262375988420763,0.10835604331356312,0.029825138822556236
N5321HD,0.7513753412131176,0.22203738171579931,0.018144555362755565,0.006143277629626562,0.002299444078700973
N5323HD,0.9277096661842219,0.0689402960555059,0.0020695482044623794,0.000838463382727382,0.00044202617308244376
N5324HD,0.6756453913825881,0.28465987253766406,0.02677532246839557,0.009042337625606259,0.0038770759857461924
N5326HD,0.8349902021808085,0.14819854793093146,0.009065763596532914,0.004972752971456039,0.0027727333202711237
N5327HD,0.7142159570511307,0.27035749805733106,0.010126872066820126,0.003313092683436472,0.0019865801412816313
N5329HD,0.09441691441132759,0.6250894671454333,0.23911022902785284,0.033004718009633484,0.00837867140575278
N5331HD,0.7546729904099555,0.21731095901101422,0.020838444365236887,0.0052538776334478355,0.0019237285803455138
N5332HD,0.715322653050027,0.24780884368853043,0.023357559982801975,0.009758410803547585,0.003752532475092998
N5333HD,0.8542985905992123,0.13871609314434838,0.004667248343385671,0.001587056114235866,0.0007310117988176183
N5334HD,0.02359053662926201,0.936371014471435,0.034649116769113704,0.004221614993124186,0.0011677171370649342
N5338HD,0.029424474777491917,0.16110485749591968,0.37025119320179734,0.3086288492091933,0.13059062531559776
N5339HD,0.06202243347059933,0.5313154065134266,0.3149163611305141,0.07458577552249598,0.017160023362964016
N3820HD,0.030393050399507997,0.10989160870290102,0.34289220223749367,0.3606606388695104,0.15616249979058697
N5342HD,0.8180816896069609,0.17020928164698496,0.008775612709396086,0.0021017838859782477,0.0008316321506797864
N5345HD,0.7080564481428011,0.2616613230776628,0.023336618897583785,0.005398458798794887,0.0015471510831574172
N5346HD,0.7554099585579823,0.22540947846160206,0.013048026685465584,0.004521673026901413,0.001610863268048716
N5348HD,0.02710830289058004,0.13963439872228797,0.2848598902154487,0.4140639019665871,0.1343335062050961
N5351HD,0.6722684079236892,0.28090603086693383,0.0329376598738625,0.010466935144520859,0.0034209661909934933
N5354HD,0.008973509220000911,0.034760733165283164,0.3332159718223804,0.6030765373360029,0.019973248456332644
N5355HD,0.5864615493600358,0.38954092403937013,0.015757881279220173,0.005464268393513452,0.0027753769278603805
N5362HD,0.8749635723772127,0.11818912271662949,0.004577861800365274,0.0015144937704941414,0.0007549493352983774
N5364HD,0.8034480439808829,0.1769733148143672,0.014531761821385332,0.0035569714011488684,0.0014899079822158808
N1264HD,0.03760450201902987,0.8445610785838974,0.10651358302736508,0.009378898066301855,0.0019419383034056654
N4985HD,0.3437190085760416,0.5751485889626005,0.060918644332908174,0.014095863706492982,0.006117894421956805
N5368HD,0.011764193788751327,0.08476078593028046,0.3706985169812215,0.4846835216172371,0.04809298168250955
N5371HD,0.859318455636561,0.12817836667604018,0.0076158570120648025,0.003163706456697669,0.0017236142186362782
N5372HD,0.7515394192843105,0.2320899449305698,0.012402748678088183,0.002959439061249041,0.0010084480457823862
N5373HD,0.49997516685127574,0.48149213055838325,0.013343178226519637,0.003664237599420491,0.0015252867644008912
N5374HD,0.5197839492123194,0.45072821313660083,0.023830425998172405,0.004159622250728132,0.0014977894021791954
N5377HD,0.6538900988190198,0.33024304273543575,0.011899258315308895,0.0028077380229863474,0.001159862107249422
N5379HD,0.7769543677567071,0.2032010949763794,0.014018943320355382,0.004599789791002827,0.001225804155555415
N5381HD,0.0752369485599345,0.3239034292768355,0.30552605197146304,0.22539008235881508,0.06994348783295203
N5383HD,0.22027887684227715,0.43035475534085244,0.21833792904201027,0.10488419882151778,0.026144239953342308
N5385HD,0.8758126658796944,0.11973068732973523,0.002918615322305428,0.0010473603025217774,0.0004906711657429548
N5387HD,0.039926523588018493,0.24761310314043336,0.4098309093427294,0.23263789356617096,0.0699915703626477
N5388HD,0.08223653980860562,0.26276497693853124,0.34654610598166613,0.2666986675230585,0.04175370974813846
N5389HD,0.03136731070705174,0.724305758180369,0.22297537553164143,0.016977795445179602,0.0043737601357582345
N5391HD,0.6308504811224054,0.3320154574610989,0.028482919269533558,0.006431488724088805,0.0022196534228735103
N5393HD,0.47320502272255643,0.49735036877423283,0.023562667362606312,0.004415387058910873,0.0014665540816935837
N5395HD,0.726519049600019,0.2396215099387756,0.02453360486003625,0.006678776289220993,0.00264705931194803
N5397HD,0.749330367995672,0.22788785750127766,0.01643411234962014,0.004625967247113987,0.001721694906316238
N5398HD,0.741622821030217,0.2361808360775174,0.016257139623552817,0.004389115773045174,0.0015500874956674512
N5386HD,0.15881989121209833,0.6763029184043028,0.14710436548588485,0.013917495068810614,0.0038553298289034175
N2483HD,0.8018935275091339,0.172859981277829,0.014726734186176699,0.006346437134101578,0.004173319892758791
N5402HD,0.8542259589062846,0.13574846833295023,0.006064662363526812,0.002456011031477952,0.0015048993657602679
N5404HD,0.6988978135149451,0.2666845629242505,0.025585883291363222,0.00641522417498417,0.0024165160944570204
N5405HD,0.914913238372421,0.0793856041353849,0.003837762588492749,0.001252294665042895,0.0006111002386584678
N5407HD,0.35624677119846393,0.47490691163632087,0.10575097346768025,0.05056868395623704,0.012526659741297809
N5414HD,0.4633980852541097,0.5158704787894288,0.015904426785809604,0.0034487445613129416,0.001378264609338943
N5415HD,0.8476153886345138,0.14435574163546572,0.004941870755027174,0.002114990525804284,0.000972008449189147
N5416HD,0.11306916440383653,0.7895287901164338,0.0833769725001244,0.010230025217957486,0.0037950477616477537
N5421HD,0.7382097046496853,0.23637028421497755,0.018344448997942898,0.005022480681887164,0.0020530814555071463
N5430HD,0.8508661816740669,0.13575042748633534,0.009546145315839541,0.0028292489644069605,0.0010079965593511942
N5431HD,0.05081869659978913,0.8090349764287722,0.12934783277063958,0.00846641788169487,0.002332076319104325
N5432HD,0.7610504393825019,0.2160595366251363,0.01647468442163968,0.00472508196841828,0.0016902576023038432
N5437HD,0.8466400627611118,0.1423858087174648,0.007298094732453075,0.0026062794555064147,0.0010697543334639806
N4225HD,0.2465491997096729,0.6652533166596445,0.07071218564348741,0.012840731685412537,0.004644566301782678
N5123HD,0.44285754678688993,0.5106119634716233,0.032231856865016194,0.010760500400312149,0.003538132476158299
N9187HC,0.05127762049520724,0.2517713945888781,0.32131054799355124,0.3031771826812662,0.07246325424109722
N5439HD,0.17097921667121083,0.5029416494208351,0.23054799054812627,0.07339333454675308,0.02213780881307456
N5440HD,0.1164830492351037,0.7215159196556413,0.14487258564405486,0.013500610677690806,0.003627834787509306
