ncode,proba_0,proba_1,proba_2,proba_3,proba_4
N4541HD,0.7449184853551672,0.23146798350574832,0.016384054593877335,0.004903753829725193,0.0023257227154818254
N4397HD,0.00856801763670857,0.04957267670716284,0.3694599879678278,0.523959415098325,0.04843990258997578
N4544HD,0.8713771296154376,0.12195113079670693,0.004304412463226624,0.001642600862514595,0.0007247262621143001
N4545HD,0.08422589377726455,0.28587777058338765,0.3947540092624821,0.17559485707888062,0.059547469297985184
N4546HD,0.1440041213691126,0.7814796010293006,0.06681761187582094,0.0055488084226072674,0.0021498573031585805
N4550HD,0.8014894018700879,0.1839958777503128,0.008821690708224724,0.0034447338999237047,0.0022482957714507804
N4551HD,0.7773563831602445,0.21160998254984448,0.00787426896644845,0.0022139936004850155,0.0009453717229773865
N4554HD,0.08639259674763507,0.6203420910438504,0.25694441780332555,0.02834474620479418,0.007976148200394665
N4555HD,0.43041754714671826,0.50289316675332,0.05066616479798135,0.01164079758964986,0.004382323712330519
N4556HD,0.33476286489355195,0.4591370297583462,0.137885430203998,0.05645902959633589,0.011755645547767963
N4563HD,0.38069209096824924,0.5023377069004447,0.09054498617405837,0.02101255228906934,0.005412663668178374
N4567HD,0.8856386070924591,0.10298225987848458,0.006173535836856654,0.0032613342107549186,0.001944262981444848
N4561HD,0.8186786821157832,0.17177594508431776,0.005584998495566697,0.002550523421852136,0.0014098508824800567
N4571HD,0.3183092907375322,0.5902576820231185,0.0709856054928011,0.014447133103005041,0.0060002886435431375
N4574HD,0.9440557134241192,0.05224953060755011,0.002261849637961714,0.0009545076876317979,0.0004783986427372222
N4575HD,0.5301598117416525,0.4219658771849727,0.0359998089280969,0.008412920454735098,0.0034615816905429323
N4579HD,0.21671676021666283,0.6486395081848243,0.10517171863049424,0.022138615305105434,0.00733339766291305
N4581HD,0.17223692794280612,0.7348456408662508,0.08380200851414842,0.006779538875862946,0.0023358838009316894
N4584HD,0.15160709979921425,0.7802246332172827,0.06027340402764934,0.0054185710949243345,0.0024762918609292726
N4578HD,0.8055205631678514,0.18324887476479876,0.007725178157207894,0.0024491654566064637,0.0010562184535354107
N4590HD,0.17813813527307476,0.7263861391668546,0.08515212280126301,0.007871072274297388,0.0024525304845102003
N4593HD,0.033869318398827335,0.24604059945995474,0.4636808146298772,0.22294820664141848,0.03346106086992215
N4151HD,0.20942665910271657,0.46490064702632544,0.20007742555638622,0.1007101676190231,0.024885100695548733
N4594HD,0.8335461962713091,0.15770542012388347,0.005937643436261226,0.0018840371579059718,0.0009267030106401383
N4600HD,0.7122411636598801,0.263452417246613,0.0175907374064043,0.004774614772893961,0.0019410669142085615
N4605HD,0.07103837794524726,0.3718882509287009,0.45039081826118277,0.08982927882486806,0.016853274040001025
N4612HD,0.28897941929025794,0.5907315364314918,0.09108875614765208,0.021878264194080413,0.007322023936517835
N1701HC,0.2678767287321869,0.5739945384813201,0.11642841839100493,0.031157737169308537,0.010542577226179621
N3705HD,0.018368581291904756,0.06798488753004767,0.31793025481750525,0.34944815787749406,0.24626811848304833
N4589HD,0.6139721052443893,0.32123834843114174,0.04600261998951304,0.013722245344874175,0.005064680990081698
N4339HD,0.9207126696274648,0.07255452800158989,0.0037442418381155237,0.0018868325035309253,0.001101728029298887
N4615HD,0.026311087603598564,0.15202621739721112,0.3458319200408343,0.3756051536318705,0.10022562132648556
N4618HD,0.8990895427953726,0.09221500297494624,0.004900059825089015,0.0025051839570124465,0.001290210447579494
N4624HD,0.5945027802759794,0.3908553764268632,0.011518712774567022,0.002268921126981338,0.0008542093956090639
N4626HD,0.8088921467127376,0.172316916706274,0.013491347369141427,0.003977646659855425,0.0013219425519916592
N4628HD,0.06301770272250712,0.5951214008913386,0.28502399466628797,0.044928487978331315,0.0119084137415351
N4638HD,0.05657243584176275,0.21566106611887362,0.27265296651342547,0.3644281551544232,0.09068537637151497
N4639HD,0.8075833849103725,0.17102369380287524,0.012813765695999109,0.005504503504448691,0.003074652086304403
N4642HD,0.8862098104258174,0.10571939330502914,0.0049863671157613755,0.001994735078870482,0.0010896940745217095
N4646HD,0.9183679651843527,0.07513870915006458,0.003775367692198028,0.0017977278566753926,0.0009202301167092446
N4631HD,0.8302622239079483,0.15590430049761833,0.009525785172574994,0.0030464879147421415,0.001261202507116083
N4656HD,0.032073633041155736,0.13204375978970007,0.4525824612823581,0.3030420186063489,0.08025812728043734
N4658HD,0.7844090358265116,0.1974354699262723,0.012640561510320052,0.003926594925171773,0.001588337811724288
N4661HD,0.8517231856689049,0.13785508513979536,0.006581721128789347,0.0026108724863608186,0.001229135576149673
N4665HD,0.8115873523456822,0.17378741271999373,0.010539041948396747,0.0028547282183602725,0.0012314647675671542
N4667HD,0.8672584815800984,0.12359153419493517,0.005924582363486702,0.002113830015958845,0.0011115718455207404
N4669HD,0.7970693815033899,0.1915142206730826,0.007510570905649824,0.002636084436365984,0.001269742481511496
N4673HD,0.2471913988700203,0.5948760509507263,0.12861709209212172,0.0200527686901642,0.009262689396967446
N0760HD,0.0848700959571361,0.6552820119951208,0.216298672156293,0.0338442664571956,0.009704953434254303
N4672HD,0.6484968790100379,0.291518244520874,0.0412998087942254,0.013727662805803884,0.004957404869058748
N2593HD,0.8701258346659149,0.1211976816134736,0.005250083701737004,0.002300459977995194,0.0011259400408792156
N4677HD,0.14649899867024468,0.6749072186167484,0.15816707435225844,0.01654524228035328,0.00388146608039515
N4680HD,0.2506282399874493,0.5997972034928296,0.11693178422115107,0.024406301014637036,0.008236471283933039
N4688HD,0.020485958971547178,0.08605398687675578,0.3708994985261277,0.46142416755911553,0.061136388066453835
N4689HD,0.8126886142028071,0.17436781358889625,0.008231576948820315,0.0031673694777371313,0.0015446257817393044
N4691HD,0.13241592778602426,0.36946362431662316,0.30366659121520023,0.147392552474814,0.04706130420733823
N4692HD,0.6178296325317469,0.33805337795268187,0.026848475770806783,0.010892226163405204,0.006376287581359385
N4694HD,0.027024809031046624,0.2203641473766633,0.5124758889679429,0.21250701734785782,0.027628137276489325
N4695HD,0.08796824138076804,0.6392116152642507,0.24817824393798485,0.019665178225763472,0.004976721191232903
N4699HD,0.4567547658895088,0.4894016780090931,0.04149377698200179,0.009108596240691156,0.0032411828787051594
N4703HD,0.4536015720260662,0.3893449034761848,0.08788902902317312,0.050100887088002206,0.019063608386573776
N4704HD,0.006116008333251935,0.023082194656751306,0.3177603965920292,0.6282625997848049,0.024778800633162738
N4708HD,0.9184253012442202,0.07590625048796303,0.003487797350884176,0.0014684064709570325,0.0007122444459754044
N4714HD,0.6112008438065734,0.3465176393268232,0.026831396383304094,0.010053680999569176,0.005396439483730091
N4721HD,0.09188428397763339,0.5063959321246816,0.31153477590637474,0.0730808429637338,0.01710416502757654
N4722HD,0.8209314985624419,0.17002352140811874,0.006207061046054014,0.0019518699344284105,0.0008860490489569391
N4724HD,0.16424839144245595,0.7192887540261471,0.10308891186843219,0.01029958814255554,0.0030743545204091564
N4726HD,0.04513524430551799,0.7999233735054871,0.1424495112660785,0.009638579607896386,0.0028532913150200187
N4735HD,0.6967514447984465,0.28575978446498584,0.010626024455110912,0.004542108000541299,0.002320638280915294
N4063HD,0.35929578358148073,0.5236726024452708,0.07384356590313403,0.03004393576154379,0.01314411230857062
N4712HD,0.7619055209956663,0.2222124639694187,0.01110349857884145,0.0032710747327959967,0.0015074417232775242
N4738HD,0.21188684798405588,0.6235944519171731,0.12270850343276064,0.031365435821444916,0.010444760844565358
N4740HD,0.04484406731497705,0.24304857623399354,0.34242143023981947,0.3157833896030157,0.05390253660819418
N4742HD,0.025551938621733373,0.13170879953854486,0.5251442658968377,0.24295508102570032,0.07463991491718366
N4745HD,0.8154572882257217,0.1680000072296852,0.012183195352078941,0.0031138227159928727,0.001245686476521425
N4747HD,0.8304519875920242,0.14646119309814953,0.013291841657234321,0.006424617745538828,0.0033703599070530406
N4750HD,0.7124578978026873,0.24660963861032492,0.02644646561228775,0.010478648813956498,0.004007349160743709
N4752HD,0.009428279895190577,0.05527717249158157,0.4627605840553915,0.4251813886640796,0.04735257489375686
N4754HD,0.5144890461679874,0.45517570143580494,0.024683995514855582,0.004129453078545293,0.0015218038028065861
N4755HD,0.2743660904079755,0.5713277168803527,0.12045958102730485,0.02571190569061873,0.008134705993748294
N4756HD,0.5471717228224461,0.4158157521800578,0.028767070232239525,0.005983496510664588,0.0022619582545920012
N4757HD,0.8482210681177125,0.13970281666520448,0.009194688550244254,0.0020790419411665854,0.0008023847256721262
N4759HD,0.25929858852657306,0.6581539730054328,0.06784041640832092,0.01068194113144176,0.00402508092823129
N4762HD,0.24184649656350474,0.6285793011070336,0.11054725370918832,0.014504690098626325,0.004522258521646919
N4763HD,0.5778641387589607,0.3721913740336575,0.030203621613116367,0.013211471746395571,0.006529393847870026
N4767HD,0.8045874262469307,0.17558268201543992,0.013769720169270062,0.00455072438824869,0.001509447180110691
N4769HD,0.059348900299770815,0.3335200469360641,0.4486538586277021,0.13740855065088986,0.021068643485573222
N4770HD,0.7903511148458356,0.19105817939884667,0.012977248691568147,0.004072120515388669,0.0015413365483608517
N4676HD,0.22817009163206778,0.485210924144066,0.21628427424504382,0.05556144217872136,0.014773267800101087
N4614HD,0.5112833024888717,0.4095040848189503,0.05988763246257834,0.01478704787875053,0.004537932350849374
N4774HD,0.2924628507895713,0.5706824437506846,0.10477234527712387,0.023531618273878785,0.008550741908741482
N4778HD,0.04163364019517877,0.2373663916577132,0.4392974467018786,0.23826366202185073,0.043438859423378724
N4780HD,0.007569927069874852,0.03435993400839177,0.2393893913344071,0.4076500635224783,0.311030684064848
N4783HD,0.5371773418321502,0.4211654948199771,0.030889613727348424,0.008161255759995488,0.0026062938605288547
N4789HD,0.8241609168432461,0.15276225173159766,0.014085267400278064,0.005964562911787085,0.0030270011130910635
N4792HD,0.5475920813784838,0.4319564959018533,0.016211516525703268,0.0030174209836939065,0.001222485210265819
N4793HD,0.04065307608511504,0.5782697548513631,0.3126982050706149,0.049331235972117984,0.019047728020788968
N4794HD,0.013167033917687783,0.07690384870292802,0.4194647323779073,0.44879129581022953,0.04167308919124755
N4799HD,0.7083887991584424,0.2625362873177685,0.020652736722376375,0.005590557643761469,0.0028316191576511626
N4800HD,0.9251938022241528,0.06865481782187774,0.003830962815082368,0.001442110395422352,0.0008783067434646266
N4808HD,0.14648997714732132,0.7609151308958274,0.08406926942540421,0.006235248092981024,0.002290374438465957
N4809HD,0.6144379388876771,0.348239112312884,0.02407511587712675,0.008853708498505954,0.0043941244238063
N4634HD,0.6441769370350616,0.2958496418766927,0.03963689697197574,0.015370777566540764,0.004965746549729026
N4784HD,0.8934410896240316,0.09742869131668433,0.005660452382416583,0.0022676804789961667,0.0012020861978714419
N4815HD,0.89161422818182,0.10084327449002688,0.004602827945098187,0.001859482943878609,0.0010801864391765008
N4816HD,0.7475008481367674,0.2232816736100207,0.020016512839323913,0.006727176059269665,0.0024737893546181887
N4817HD,0.3607282939994994,0.5606231067699496,0.060379590192893795,0.01372104891169758,0.004547960125959701
N4818HD,0.8837186679928682,0.10815081152506288,0.004907389007734657,0.0020165997571007918,0.0012065317172334112
N4821HD,0.03737776836752752,0.8822365843310358,0.06875061487595631,0.009016614748456733,0.0026184176770235944
N4830HD,0.853070421079266,0.13510838442889378,0.007993497116932207,0.002698939323686835,0.0011287580512209996
N4748HD,0.8576859196771617,0.1337035630736156,0.00534153345826031,0.002161929830154062,0.0011070539608081466
N4684HD,0.8199158692157775,0.16913775731323244,0.0070084001697706556,0.0025859293758574587,0.0013520439253618716
N0389HD,0.02570740814274957,0.9068756113686733,0.06166445715879275,0.004378290006252524,0.0013742333235317644
N4796HD,0.30261165019340885,0.5122696866446395,0.1354087498623355,0.03931317826439684,0.010396735035219278
N4834HD,0.007549861634993654,0.02949595353660491,0.34209622401392425,0.5933245965257533,0.02753336428872374
N4835HD,0.07652449966343386,0.8712007345077315,0.04560136792892025,0.004922094806576066,0.001751303093338491
N4837HD,0.5375112422787834,0.43651490677001503,0.020347027440161612,0.0040189558753569166,0.0016078676356830995
N4838HD,0.06445369139393196,0.8769141950563054,0.05150310992084373,0.0052396157363126285,0.0018893878926060678
N4839HD,0.04164562625110221,0.6772876822835233,0.24234466854038322,0.03162956993468623,0.0070924529903050254
N4842HD,0.7225799805284423,0.2433614360054,0.02271940629676257,0.008322914946641707,0.0030162622227533466
N4844HD,0.9245384291819946,0.07038854743339001,0.0031963979614758947,0.0012220434300403344,0.0006545819930991499
N4846HD,0.14909113416064546,0.519633380891461,0.22692725213076587,0.08030674253925978,0.024041490277867703
N4847HD,0.8128335802213243,0.17636088006286096,0.00747720128182208,0.0022643160897545776,0.0010640223442380191
N4849HD,0.42375788534413095,0.5287759081485567,0.03275629179702301,0.010626611311275774,0.004083303399013497
N4852HD,0.04621987117131636,0.7737118794710919,0.16614867782441445,0.010219683936436243,0.0036998875967411736
N4853HD,0.6391224238830645,0.33035323659830385,0.021835459872366656,0.006403531969072036,0.0022853476771928756
N4856HD,0.8781738372405815,0.11419433488818187,0.004786348249353845,0.001905215124055347,0.000940264497827504
N4858HD,0.8845272797864407,0.1055086362718657,0.006104291925071649,0.0024906990640432905,0.001369092952578666
N4860HD,0.21258319373516876,0.7025431591350367,0.06939154454208613,0.010705977755708423,0.004776124831999844
N4861HD,0.8485027550295287,0.14504334974476543,0.004367847805913282,0.001410896171332978,0.0006751512484594275
N4863HD,0.4909071991584053,0.48522316103366886,0.01747659521879121,0.004513693164985305,0.0018793514241494543
N4864HD,0.6012097664711115,0.37609069095740505,0.015069429169742176,0.005175324231584553,0.0024547891701566155
N4866HD,0.8204635097723749,0.16016514439406,0.012221609563186315,0.004857039294301366,0.002292696976077504
N4012HD,0.7025969236456511,0.26976244234801416,0.019653004923546744,0.005685345813403997,0.0023022832693840745
N4825HD,0.2730871863702502,0.604874248183167,0.08495235451125867,0.02696595907032254,0.010120251865001593
N4875HD,0.03554163406317345,0.35247986201924775,0.4593086971136126,0.1277839323361175,0.024885874467848765
N4878HD,0.03801834509638327,0.18975135949561295,0.3722809320624014,0.29674252498499587,0.10320683836060641
N4883HD,0.04674191443390207,0.5990423457924433,0.32067642567836596,0.02829554883581268,0.0052437652594758775
N4884HD,0.5520210835320736,0.394969172702052,0.040709161656601246,0.009317769407519562,0.0029828127017537125
N4887HD,0.20664002240599355,0.7177846707479267,0.06452178011868899,0.008588185873151837,0.0024653408542389915
N4891HD,0.7045878213112147,0.26180462070610544,0.024483077023193307,0.006997760143544056,0.002126720815942528
N4892HD,0.14348123668444432,0.746424256106281,0.09201502837607253,0.01387034185250452,0.004209136980697589
N4895HD,0.8303005733230816,0.15565261357241425,0.00937219180666309,0.0031984451262961518,0.0014761761715451022
N4899HD,0.7691010247188916,0.21819669344881068,0.008012234320293634,0.0032352167648398594,0.0014548307471642184
N4898HD,0.3023163009989371,0.618985379402945,0.055254571519967315,0.016100489164232772,0.007343258913917847
N4902HD,0.6077366017407605,0.3409542417469054,0.03515573761382898,0.011571005301077375,0.004582413597427667
N4904HD,0.1268974774174947,0.5898229962502836,0.23373830034037588,0.03767206254140466,0.011869163450440994
N4906HD,0.7574067238189763,0.22810405033909154,0.01029818667915698,0.0031358711879072784,0.0010551679748679176
N4909HD,0.7554947441265868,0.2274721283336877,0.010654839464135585,0.004054426051004503,0.0023238620245854902
N4912HD,0.7107613299193734,0.26657570794211494,0.016502343888937815,0.004392765573321433,0.0017678526762526044
N4913HD,0.6446574214468358,0.3289232672244488,0.019823023680688487,0.004732394722000036,0.0018638929260268767
N4914HD,0.16223988384230692,0.711353097633399,0.10778152828610672,0.014136303033492502,0.00448918720469499
N4908HD,0.8803411951811329,0.1130620721284423,0.004244979645540612,0.0016039283565900512,0.0007478246882939334
N4937HD,0.8862389620852178,0.10791760994235546,0.0036593597025948972,0.001450287442023591,0.0007337808278082268
N4938HD,0.9006046321112595,0.09330724244457259,0.003933283102470237,0.0014097529779602271,0.0007450893637373537
N4949HD,0.9027935853069575,0.09054444776118853,0.004375074502805174,0.0015694179974168796,0.0007174744316319219
N4952HD,0.7758914470028859,0.20334406975926392,0.015482970077111519,0.003777942456752133,0.0015035707039863576
N4954HD,0.7411434025386086,0.2368402296396185,0.015703594999559884,0.004472918890214811,0.0018398539319982384
N7917HB,0.8644843411630382,0.12900228210102926,0.004456582723274306,0.001371807225390707,0.0006849867872676759
N4951HD,0.7240567761914465,0.25993888122890085,0.011151601741256106,0.003375446203077252,0.0014772946353192797
N0385HC,0.1514848981693499,0.5906354044194553,0.21490219279869585,0.032322459021343904,0.010655045591155212
N3920HD,0.24793657656575646,0.6305163532257134,0.09976112940338087,0.0173877946607747,0.004398146144374597
N9498GW,0.7582439850338922,0.21970103789159567,0.015475819896396237,0.004628010796607103,0.0019511463815087495
N4961HD,0.8734018730788733,0.12045009070975192,0.004389085063575227,0.0011942585074262281,0.0005646926403734567
N4965HD,0.3281714481009622,0.5527479098800687,0.0985941291043939,0.015845949862607296,0.004640563051967745
N4967HD,0.5824307291838102,0.35006544804109285,0.041923447264901915,0.019121506561369322,0.006458868948825672
N4968HD,0.3983647500715316,0.4346264038572433,0.08669025519089464,0.06164722114317195,0.018671369737158397
N4973HD,0.7992676318710694,0.18114960616726017,0.013342292120960894,0.00472414683849886,0.0015163230022106789
N4976HD,0.02367547158468873,0.24131810461157438,0.6140118464360308,0.10551867622281774,0.015475901144888119
N4977HD,0.2372053520843542,0.6623155994686127,0.08701418045490572,0.009916147972919495,0.003548720019207831
N4978HD,0.6860954984123064,0.2752364994980503,0.02578965735528814,0.009286260535738316,0.003592084198616699
N4982HD,0.3475271041592823,0.5540575828709535,0.06739792097647418,0.023372584889390417,0.007644807103899628
N4983HD,0.11787204792619803,0.4736955063542507,0.26517429357487804,0.12470524206917383,0.01855291007549948
N4984HD,0.8432304388857423,0.14927031383263997,0.004963668281461841,0.00171933423475427,0.0008162447654015372
N4992HD,0.015633873287124043,0.13837437281146728,0.34940545644034265,0.42831178073024007,0.068274516730826
N5000HD,0.6684715564598982,0.27759415509393254,0.037340364510738744,0.012099057128178816,0.004494866807251663
N5006HD,0.4751506137053635,0.48706061075228846,0.026875035647475076,0.008036777233539126,0.002876962661333746
N5007HD,0.7049603899514068,0.2654450664924588,0.018679633722051957,0.007932544310585828,0.002982365523496743
N5008HD,0.18151721332959012,0.5786344243714829,0.20961017110284866,0.02471734212003421,0.005520849076044045
N5011HD,0.23661587314403654,0.6849156569704749,0.06594558594546582,0.00872536327522942,0.0037975206647933983
N5020HD,0.5601011563908841,0.396023006045019,0.032256215835918464,0.007919333206492445,0.0037002885216858477
N5024HD,0.7852137521148802,0.1951139028911595,0.013750041855483376,0.003957686037816947,0.0019646171006598508
N4826HD,0.9009897220336257,0.09198112779508574,0.004296190015821984,0.0018441921762399898,0.0008887679792266142
N5032HD,0.8237707784572567,0.16188306891633125,0.01031146762896523,0.002936881983347712,0.0010978030140992056
N5041HD,0.8721348505591868,0.11883891192880004,0.0053749552925640405,0.0023747484313636283,0.0012765337880854032
N5043HD,0.9317924262916758,0.060997961477557164,0.004543875592300263,0.0016949001034859668,0.0009708365349806818
N5044HD,0.3901903315173954,0.5341084912093597,0.05554141488404304,0.014207966962074745,0.005951795427127031
N5045HD,0.771493434309354,0.2125013397486042,0.01171116397454947,0.0031011303571039815,0.0011929316103884418
N5004HD,0.867889189723226,0.11958339840278533,0.0074648664934385345,0.0032385180800663556,0.0018240273004839335
N5055HD,0.46969087392528375,0.4187860068806398,0.07385787147525555,0.02955098758287188,0.008114260135948974
N5056HD,0.16189536226552428,0.4434039324783425,0.2510633469027354,0.10305188787898883,0.040585470474409066
N5057HD,0.7624494734673828,0.222527348524957,0.009666530729131642,0.003577829356176333,0.001778817922352462
N5059HD,0.5767224442108793,0.3604649989836147,0.04402877722225433,0.013396450148641796,0.005387329434609841
N5061HD,0.7088978382589015,0.26486727526827586,0.018316734653447124,0.005726074242346925,0.0021920775770285263
N5018HD,0.8892318995451547,0.10306492400237219,0.00456529913552416,0.002076159965590804,0.0010617173513580937
N4896HD,0.5746039102530415,0.38239321685155925,0.03221921724803025,0.0079307968249031,0.0028528588224658803
N5064HD,0.7584016716484102,0.2136020357674491,0.019154582345189786,0.006579301562894506,0.0022624086760563798
N5065HD,0.7369318965009443,0.24264825679559027,0.014027994611856446,0.004669364684730724,0.0017224874068783884
N5067HD,0.2610065511890582,0.6026556936434228,0.10578781573114385,0.02315884668962713,0.007391092746748237
N5070HD,0.043110090736473976,0.5225934186661193,0.37652134685201066,0.04697714470998438,0.010797999035411555
N5071HD,0.17318489354436306,0.7204965678094912,0.0885179275143093,0.01365439628258927,0.004146214849247069
N5072HD,0.14480768021616086,0.7398307960121652,0.09596633940378249,0.014546753969393344,0.004848430398497955
N5074HD,0.78679842786399,0.1927801979757621,0.014501899992070891,0.003933536833111564,0.0019859373350655397
N5075HD,0.9235516154599771,0.07067226496172763,0.003574062512839496,0.001420304820606452,0.0007817522448492793
N4923HD,0.7981819064671714,0.17655050529629912,0.016745757290822325,0.005879003060815914,0.0026428278848911265
N5076HD,0.7706972651467402,0.21310034748503418,0.011676410974979063,0.003292674583121293,0.001233301810125338
N5079HD,0.05130207967517465,0.34205680633917523,0.4504863501335342,0.13430796276647583,0.02184680108563992
N5080HD,0.59664817430906,0.3811055897727073,0.01566455936385995,0.0044855972182341755,0.002096079336138469
N5082HD,0.799129490730669,0.1736352740914946,0.017502540723469236,0.0064234465123208925,0.00330924794204623
N5083HD,0.6887428545273552,0.27110476391923816,0.02876686790965358,0.008663087153896822,0.002722426489856219
N5085HD,0.13314915455404377,0.5453740081803294,0.2770464132611583,0.03424978518575682,0.010180638818711753
N5051HD,0.39817579000657927,0.5674948838927568,0.028439333863446426,0.004369950669332005,0.0015200415678854379
N5039HD,0.06517002125009935,0.30407446856034004,0.39823376208759576,0.18498104626037745,0.04754070184158741
N5088HD,0.8861870331590955,0.10558154751603961,0.005092795725782873,0.002049454252921611,0.0010891693461603828
N5091HD,0.0538026352496447,0.9244094096623188,0.0189029365748331,0.002087564910145935,0.0007974536030573163
N5093HD,0.018001912611140626,0.0721511559638481,0.2656844933684385,0.4953046599786505,0.1488577780779224
N5100HD,0.012783154662326573,0.07088801805456786,0.3893412673537284,0.4723843427519702,0.05460321717740686
N5103HD,0.08587057615849246,0.4048916431834377,0.35710468456006245,0.12092736983496712,0.0312057262630404
N5104HD,0.9487812585736927,0.04771381548561225,0.0021926291905173005,0.0008910402165440921,0.0004212565336335627
N5105HD,0.7674224285357886,0.20812839984347764,0.014407952212316385,0.006521112946942972,0.0035201064614744657
N5106HD,0.7457498703529533,0.22912192343802976,0.01709035095403374,0.005824714705848575,0.002213140549134739
N5109HD,0.46010145174258216,0.5133102837484766,0.021736643232105234,0.0035307261582625447,0.0013208951185733815
N5112HD,0.5292768440525809,0.41536425111390063,0.04415516531681523,0.008080223142351784,0.0031235163743514724
N5115HD,0.8310444574186588,0.15500429974964078,0.010119040040419044,0.0027187965863243956,0.0011134062049569253
N5120HD,0.015074200063075846,0.08484433730173614,0.31602551393749034,0.49995232857759636,0.08410362012010128
N5121HD,0.5077953009615841,0.43260429415771556,0.03978432415905666,0.014921510520451469,0.004894570201192264
N5122HD,0.5384108956510306,0.38908088228490095,0.05223381715587582,0.01582471377066309,0.004449691137529542
N8305HB,0.8720735069511386,0.11863045380243852,0.005773987515990793,0.002428027372187494,0.0010940243582447107
N5126HD,0.040450779067946786,0.20252636785409148,0.36917717867011496,0.32410087950332794,0.0637447949045189
N5128HD,0.8693660721133212,0.12244806182596113,0.005134992091137843,0.002056855595882655,0.0009940183736971899
N5133HD,0.015594481126235203,0.10823626757379687,0.4268627243745366,0.4022600095050683,0.04704651742036311
N5135HD,0.7828315836056329,0.19294869609018453,0.016722480967411687,0.005405654060774203,0.002091585275996782
N5143HD,0.8115957580867412,0.17624735086898388,0.009146782062681491,0.0020768392394640237,0.0009332697421295695
N5144HD,0.3387139932871302,0.559697583115693,0.08245711972861082,0.01440023301794425,0.004731070850621768
N5149HD,0.18513380230454748,0.622503394481199,0.13239747939004695,0.04492715205053188,0.015038171773674683
N5152HD,0.3964706711290546,0.5480487523021133,0.04578020679585322,0.007385470332182266,0.002314899440796656
N4394HD,0.12300700467731839,0.4075095882233722,0.37362843950292696,0.075800533861608,0.02005443373477426
N5029HD,0.18598502899496322,0.6406233635141018,0.13910970443892862,0.023958709398582228,0.010323193653424151
N4368HD,0.925937220744564,0.06925874327123252,0.002874439912334539,0.0013009737081117227,0.0006286223637572659
N5013HD,0.3617370254380141,0.536099142139953,0.07434767029050335,0.019757084681763622,0.008059077449765906
N5153HD,0.3298326160169772,0.5425203368546688,0.10462098029401513,0.018056506927723134,0.004969559906615709
N5157HD,0.8579799071337761,0.13314178084987377,0.005538068701667335,0.002055969529842628,0.0012842737848401992
N5170HD,0.6568763959139395,0.3169938829370028,0.01931073396302677,0.004975380657154215,0.0018436065288765324
N5172HD,0.8440665149891254,0.14126632279540802,0.009696439810379834,0.003366541827146937,0.0016041805779396937
N5173HD,0.6733552763179006,0.26790537767297445,0.04118653331862519,0.01228362831967182,0.005269184370828026
N5147HD,0.6275167209059084,0.3476874996674529,0.01708021302393074,0.00500489760374851,0.002710668798959625
N5178HD,0.6683546439374808,0.2790768544009321,0.03358912749510024,0.013867735556907054,0.005111638609579572
N5180HD,0.5079122491042405,0.4254787412891071,0.04659551445534051,0.014195407778908747,0.005818087372403123
N5181HD,0.27071902995774777,0.586750916434315,0.11073736800093827,0.02442069662405299,0.007371988982945929
N5182HD,0.8873696794866902,0.10589238552000328,0.004332157301828138,0.0015987900300783895,0.0008069876614001078
N5183HD,0.10960553599847898,0.8390054192254376,0.045229584290344564,0.004644070585217452,0.0015153899005212288
N5185HD,0.21380776069665025,0.4533366315070343,0.2335977096795678,0.08079965141313517,0.018458246703612635
N5187HD,0.19937184695055743,0.5215994210686329,0.19755032197911496,0.060041024293133516,0.021437385708561102
N5188HD,0.13551609274190785,0.5226292207151394,0.1795875965013449,0.13290599066840508,0.02936109937320279
N5190HD,0.011140033893935978,0.07190348150098748,0.3686920202707835,0.5060130998331548,0.042251364501138304
N5192HD,0.6041516837784368,0.3810232788046997,0.01165220403436335,0.002260440977537096,0.0009123924049630388
N5193HD,0.7166180151539806,0.24806578848622085,0.025101558504085655,0.007376077474233006,0.0028385603814798984
N5197HD,0.8511969145030497,0.13771541913729488,0.008261700128466883,0.002022850967179653,0.0008031152640088474
N5198HD,0.1986395896103739,0.4746794473520408,0.18813518687773828,0.11261045819428858,0.025935317965558622
N5199HD,0.6110960945013576,0.3104801884897702,0.054276494240218943,0.01868178006125983,0.005465442707393393
N5200HD,0.7505405990725031,0.2222767984107979,0.017968051672311188,0.006248190644608667,0.00296636019977911
N5203HD,0.06423888156793893,0.2356331553105913,0.36338941615198317,0.27773221840307477,0.05900632856641189
N5209HD,0.06209968453775267,0.32271181523679726,0.4239503250511209,0.17091144144733533,0.020326733726993874
N5212HD,0.8246042812793746,0.16484947086932153,0.007587950766605857,0.002054274728495925,0.0009040223562020512
N5215HD,0.49820005250989113,0.4499618276999427,0.0395100811301176,0.008880609097632605,0.003447429562415931
N3574HD,0.7889071647181022,0.18803191921893528,0.01419323141364032,0.005750069213287761,0.003117615436034564
N4760HD,0.07906212700530388,0.40293640326892494,0.36805495809646793,0.1113698113879442,0.03857670024135897
N5225HD,0.7517680498336521,0.23155059355088986,0.012309845109860896,0.003138009026084633,0.0012335024795124988
N5226HD,0.5568571374360757,0.37756776504680195,0.04802991005698205,0.012997671591205812,0.004547515868934492
N5227HD,0.7695197800199955,0.2079599305556243,0.015582520822414667,0.004779096985949552,0.0021586716160159622
N5233HD,0.018991627490726647,0.08483878376574074,0.3200053943284162,0.3821553969220532,0.19400879749306318
N5238HD,0.8447823008440141,0.1348526020070362,0.012624206547405255,0.004891622332353876,0.0028492682691905087
N5241HD,0.7798468993254006,0.1967006472409385,0.016892881241327613,0.004635900784069474,0.0019236714082639173
N5243HD,0.00913486262469107,0.05638630087954529,0.37906122653446994,0.5176253412707944,0.037792268690499405
N5246HD,0.8226077037529725,0.1566576083535671,0.012555610486193797,0.005146079779325042,0.0030329976279415073
N5247HD,0.007950085187178381,0.025207487673483048,0.3069421606723063,0.6368173742964817,0.023082892170550567
N5248HD,0.5296947181213415,0.3820683442821399,0.06276206883272271,0.01905890452237677,0.006415964241419176
N5253HD,0.569082881090927,0.3829329157430963,0.030288311771159336,0.011613415163383203,0.0060824762314341954
N5257HD,0.055219996509208905,0.21874019847126405,0.3191026526765546,0.32453565727225,0.0824014950707225
N5259HD,0.03647478133844321,0.12927929465153376,0.45283100217721617,0.2638503814983763,0.11756454033443045
N5262HD,0.08013580345185287,0.6105107837238638,0.2856397822962333,0.01789176468072896,0.005821865847321004
N5266HD,0.16406576554815103,0.7175045021043416,0.10269796564867838,0.011882301194970241,0.0038494655038586083
N5270HD,0.6945130677820123,0.28533272591694275,0.014974323299106937,0.0037329554450666273,0.0014469275568713533
N5271HD,0.43519344893545636,0.44259261292816166,0.09433856790984893,0.02127020330592756,0.006605166920605465
N5273HD,0.8148686499545044,0.1666358398625847,0.01092697843763608,0.004987453758133372,0.002581077987141358
N5274HD,0.8515783626632357,0.13680338655038315,0.007953322421506991,0.0026625618032281115,0.0010023665616459513
N5211HD,0.23720204350846727,0.5454179582110076,0.13188578067169576,0.07302579549061741,0.012468422118211987
N4843HD,0.4306279603401701,0.4832643630296815,0.056603926542319175,0.020583575082511716,0.008920175005317556
N5287HD,0.598309229178155,0.3592060455113274,0.029777217631641154,0.00946132093812684,0.0032461867407496316
N5286HD,0.1323202020221315,0.3037158013082829,0.3655269979339734,0.15210666094806322,0.04633033778754885
N5292HD,0.05660933489917363,0.22713273061843708,0.3442271937601629,0.29812232108331876,0.07390841963890767
N5294HD,0.8246241762614704,0.16169323422872717,0.008387240523465372,0.0036693616396173663,0.0016259873467197863
N5296HD,0.2881336827511269,0.49702265741815543,0.1318819432780993,0.0676245579003772,0.015337158652241339
N5298HD,0.755538028165981,0.21726551346648457,0.01767280731079669,0.0067933916867030635,0.0027302593700345317
N5303HD,0.8302240305842796,0.15529191286032273,0.008920284626365394,0.0038119525456604413,0.0017518193833719303
N5305HD,0.1317668469137592,0.4258851583401221,0.3317948741617252,0.08807951416125091,0.022473606423142584
N5306HD,0.8356450026885792,0.15018638464625977,0.01010460222657536,0.002854909951841876,0.0012091004867437658
N5307HD,0.055882218658744605,0.369261234719726,0.3733388465919788,0.1587154553748007,0.04280224465474986
N5311HD,0.23583485997242776,0.565644317002686,0.1721840020721911,0.020390326589717716,0.005946494362977463
N5314HD,0.7436055727512623,0.23436307258238512,0.014010895170130573,0.005412746879765112,0.0026077126164567215
N5073HD,0.09081842492974775,0.3927373401905583,0.3558856887232864,0.1269676598021121,0.03359088635429543
N5277HD,0.08526201435729973,0.2455721647380595,0.36772913523843304,0.22857694265380313,0.07285974301240468
N4885HD,0.9089856727810905,0.08299825288726632,0.005114677647379506,0.0018801151894323677,0.0010212814948312413
N5318HD,0.0399720482664958,0.3927207236090015,0.41838129718321426,0.11715517516548568,0.03177075577580298
N5321HD,0.745845295512838,0.22819959690534827,0.01709428752547215,0.006797644457473718,0.0020631755988677137
N5323HD,0.9250025614864653,0.070777462911431,0.002656580152911198,0.001058777043356097,0.0005046184058363082
N5324HD,0.6986031402346533,0.2590246654241508,0.02841014161000227,0.009784135818530113,0.004177916912663469
N5326HD,0.8200041720210342,0.16156524496063338,0.010360583789667656,0.005200088800583467,0.002869910428081297
N5327HD,0.7150593459722887,0.2656069796049035,0.01212320817056431,0.004522563057336336,0.002687903194907234
N5329HD,0.0788545295451779,0.6100969468909532,0.2669068997578757,0.033947396665344305,0.010194227140648866
N5331HD,0.7646565481800442,0.20584157858795588,0.02185087458480823,0.005528517707873541,0.002122480939318054
N5332HD,0.7195426207334299,0.2456126038293042,0.02253227960209804,0.009268649440076975,0.0030438463950907472
N5333HD,0.8283123086052357,0.16355532924641425,0.0055793117368156285,0.0017605027983592014,0.0007925476131753175
N5334HD,0.026170293144805276,0.9291925881162938,0.0391723314449002,0.004008964434221362,0.0014558228597794391
N5338HD,0.02747147728290038,0.12628049036207603,0.3984437641732649,0.3087314308664348,0.13907283731532374
N5339HD,0.06635079625554995,0.524508984496795,0.3268398492873853,0.06194981367582426,0.020350556284445476
N3820HD,0.02479563122933233,0.11070503643385797,0.3367232718105231,0.3473671746592321,0.18040888586705459
N5342HD,0.8144184102727003,0.17346773441624894,0.009014462263459972,0.0022534920260069724,0.0008459010215836485
N5345HD,0.689115940800135,0.27948138326081606,0.024003162543479534,0.005704800318902509,0.0016947130766669645
N5346HD,0.8112923869864463,0.17465009320906902,0.008679076714837837,0.0037580664382596855,0.0016203766513872564
N5348HD,0.024075209326523697,0.14672996288464735,0.264923240645722,0.43858215266645467,0.12568943447665235
N5351HD,0.6834513863267278,0.27055216270309246,0.03240791233870344,0.010541969972987328,0.0030465686584890015
N5354HD,0.008896212538797492,0.03382331120283397,0.25810824153064443,0.675462665517855,0.02370956920986893
N5355HD,0.5729272215895074,0.4046836894472338,0.014419408575711492,0.005258185655213557,0.0027114947323337705
N5362HD,0.8784669486556023,0.11481793587686373,0.004238376953268602,0.0016226581600067719,0.000854080354258434
N5364HD,0.7910859628969427,0.18972391649832385,0.012986900405089586,0.004418823357157291,0.0017843968424869183
N1264HD,0.03131979058930783,0.8748733058861266,0.08501779751382438,0.006992438099231836,0.0017966679115095229
N4985HD,0.3334945697722567,0.5832457898363059,0.0624981369773709,0.01435707710280112,0.006404426311265261
N5368HD,0.011037407077188302,0.0687721132589506,0.40307791369501017,0.46940718906418066,0.04770537690467025
N5371HD,0.8399359692602544,0.14753143358460835,0.007777835277956307,0.003277836155316844,0.0014769257218640124
N5372HD,0.7670677041935969,0.21759387205610536,0.011606183239304015,0.002643900413783331,0.0010883400972102066
N5373HD,0.4935812158177902,0.48470642020691285,0.015496466350472112,0.004294489660241649,0.0019214079645830317
N5374HD,0.5194734785741082,0.44933377064901014,0.026028610253286465,0.0037188782834053397,0.0014452622401899342
N5377HD,0.6941605283344402,0.28562422779051133,0.015676525773947278,0.003221384361044315,0.0013173337400567838
N5379HD,0.7808950772567284,0.1968735613756699,0.01634034094568587,0.0043980453758177655,0.0014929750460981764
N5381HD,0.08485274419437988,0.3244252613646023,0.29663412980324444,0.21982313166677844,0.07426473297099484
N5383HD,0.1760140404167498,0.4280301979304028,0.2564805547218066,0.11035131731296068,0.029123889618080278
N5385HD,0.8837323653150744,0.11130863926133124,0.003231798744842387,0.0011624847757552468,0.0005647119029966854
N5387HD,0.04029233581026027,0.26557819793880744,0.41393869285255164,0.2074009239653815,0.07278984943299933
N5388HD,0.0917936287307548,0.3212545549156783,0.30748492742005173,0.2328201986246341,0.046646690308881175
N5389HD,0.0320288008623895,0.7332920207960618,0.21034509998725837,0.01906785487476442,0.005266223479525905
N5391HD,0.6298672708362701,0.3318098093154846,0.02883487360564811,0.00710949746188583,0.002378548780711231
N5393HD,0.4797289689240289,0.4858338886371553,0.0285218191528558,0.004455726553820073,0.0014595967321401233
N5395HD,0.7117213184285061,0.25520605055446854,0.024005736156596635,0.006602854687997089,0.002464040172431552
N5397HD,0.7325966034610497,0.24361590765657146,0.016498840666936437,0.005220026117479455,0.0020686220979627985
N5398HD,0.7579733249798463,0.22115834214944002,0.015213248404782312,0.00413606572344902,0.0015190187424823918
N5386HD,0.12305771721123923,0.6945881657231456,0.16487737894146173,0.013563554599779051,0.003913183524374489
N2483HD,0.8095498836358237,0.16748702454294137,0.01281797348339387,0.00645702282124395,0.0036880955165969984
N5402HD,0.8375228455586913,0.14845958924734812,0.008687145540545425,0.00340853008265675,0.0019218895707584613
N5404HD,0.6737663571126986,0.2862543022880263,0.028926123747106472,0.00841044946874094,0.0026427673834278774
N5405HD,0.9063981216983671,0.0880950854196847,0.00356897148320916,0.00131775551301773,0.0006200658857214542
N5407HD,0.20198734250139944,0.5134210489079041,0.1961657402733557,0.07226060362418478,0.016165264693156038
N5414HD,0.5430231674948771,0.4342698423401429,0.017228375495741,0.0038559179714779436,0.0016226966977610686
N5415HD,0.8049247667740526,0.18492809206600175,0.006104759119783149,0.002805624827509269,0.0012367572126532828
N5416HD,0.11460552439538997,0.7716897845940448,0.0984279975423255,0.011472457525832465,0.0038042359424073227
N5421HD,0.7437165109911459,0.22895085539577625,0.019000343107236018,0.0060718631692213134,0.002260427336620501
N5430HD,0.8295090092638004,0.15518574262105897,0.010467318756499252,0.0035713601552493516,0.0012665692033921082
N5431HD,0.04421745231773523,0.8270069790921637,0.11788972459614726,0.00860017740382749,0.0022856665901263523
N5432HD,0.7303922411233066,0.2409750429707552,0.021068713161827745,0.005529436494215292,0.00203456624989521
N5437HD,0.8334322367553976,0.1541001101278141,0.00846908856050011,0.002701181351150127,0.0012973832051382602
N4225HD,0.3471103280776233,0.5860583897259268,0.05148120477828778,0.011459830706824872,0.0038902467113372183
N5123HD,0.44181548641952123,0.5052299484444027,0.033367564243814644,0.014042945021265602,0.0055440558709957495
N9187HC,0.051045439410672654,0.25704023033491097,0.331155131085837,0.2854814122342449,0.07527778693433461
N5439HD,0.21313162336245148,0.4756670284941476,0.19064584563873896,0.09295009272118193,0.02760540978348007
N5440HD,0.10805979581387895,0.6906486367869256,0.1815742968989348,0.015573172905944784,0.004144097594315972
N5443HD,0.07610858762225785,0.3444124809682427,0.4133632000301644,0.1370480107124043,0.029067720666931033
