ncode,proba_0,proba_1,proba_2,proba_3,proba_4
N4541HD,0.75053227160336,0.2303103899062339,0.013138602334193845,0.0039608124543579265,0.002057923701854171
N4397HD,0.009111982080766157,0.05183131206297066,0.41900570935594644,0.4761993055436812,0.043851690956635554
N4544HD,0.8881637098846575,0.10615358040896886,0.0037594964694287977,0.0012458812652842554,0.0006773319716607606
N4545HD,0.11334928849903754,0.3136983789592969,0.3335362674066755,0.17631420977376222,0.06310185536122778
N4546HD,0.15535514558632652,0.7681797665671128,0.06874963079585505,0.005899083820024002,0.0018163732306815555
N4550HD,0.8180465838550769,0.17107837885845165,0.006095921298107778,0.0030130898073340725,0.0017660261810297179
N4551HD,0.593361414206909,0.38841183034782434,0.01440040610229926,0.0027067831036949133,0.001119566239272597
N4554HD,0.06865854112223901,0.6148858602348399,0.2739994127214322,0.03422116530852866,0.00823502061296033
N4555HD,0.3490990107959754,0.5763496135227099,0.06021203036367377,0.010722375313147818,0.003616970004493064
N4556HD,0.36270699778792664,0.45902141841923133,0.121425660309795,0.04731511246102906,0.009530811022017794
N4563HD,0.4121110637790915,0.4627663305340087,0.10077830902630557,0.01876641197577705,0.005577884684817141
N4567HD,0.8929343796422877,0.09803548862153542,0.004655418807047786,0.0027649816323232967,0.001609731296805628
N4561HD,0.8763077154446394,0.116596810079145,0.004221593721960052,0.001938118584063959,0.0009357621701917131
N4571HD,0.32444433804624084,0.5970703283193838,0.058889467812175134,0.014546087509534067,0.0050497783126661954
N4574HD,0.9484486370560876,0.048597131606281825,0.0018867035638115408,0.0006860554369931002,0.00038147233682608763
N4575HD,0.5441076203394843,0.4090181308376737,0.03648004215554694,0.007482068621624785,0.002912138045670127
N4579HD,0.23642824379502156,0.6411296033019283,0.09315778689378967,0.022594796391379325,0.006689569617881376
N4581HD,0.18947240093071258,0.7276119089427283,0.07417286032906269,0.0068938090235859,0.001849020773910579
N4584HD,0.15942447675257024,0.7661177119711461,0.06640847806441325,0.0061937977513098165,0.0018555354605605718
N4578HD,0.7891164943972445,0.2000947683365783,0.007574675029268747,0.0022685009087743584,0.0009455613281340618
N4590HD,0.19729263199818373,0.7111128978359481,0.07983109175488186,0.009640427881415108,0.002122950529571237
N4593HD,0.028547218523717836,0.23192320113488513,0.4079724378864927,0.30056697371210966,0.030990168742794654
N4151HD,0.190365657387228,0.4533247133196583,0.2168207272072457,0.10826510884890728,0.03122379323696081
N4594HD,0.8417939687486825,0.14989790335375297,0.005332099476609876,0.0020285723948453567,0.0009474560261092746
N4600HD,0.44445195861895126,0.4991133481592924,0.046888355676710264,0.007010534833568605,0.002535802711477348
N4605HD,0.07438426133121781,0.3433794373289849,0.43957345540339654,0.12708231510391135,0.015580530832489486
N4612HD,0.31175009315766966,0.5813572117600148,0.07892836004583628,0.021016348991504515,0.006947986044974768
N1701HC,0.25310189070321565,0.6119970079746281,0.10182496028064345,0.024583680645232427,0.008492460396280446
N3705HD,0.016481662172010792,0.06969937569669048,0.2902314848249501,0.3876093627166628,0.23597811458968582
N4589HD,0.5713327234623465,0.37068014761407686,0.03988114760136846,0.013399835459671113,0.004706145862537139
N4339HD,0.9135422744636792,0.08091769523252045,0.0030609818278276154,0.001525701350707681,0.0009533471252650623
N4615HD,0.028780738556686045,0.1534520575051682,0.31941224006211566,0.38646753635850845,0.11188742751752175
N4618HD,0.8927394322769994,0.09928579563878182,0.004656164092770202,0.002199643427022189,0.0011189645644266194
N4624HD,0.506843488402516,0.4782312588750882,0.011965016456987986,0.002099393407375597,0.0008608428580323481
N4626HD,0.8169392984552731,0.16595444089736677,0.012112772788298457,0.0037617421401031875,0.0012317457189585442
N4628HD,0.058678094575321284,0.5860288714868771,0.29708834799922446,0.04848934863948779,0.009715337299089506
N4638HD,0.05503648408936208,0.19929333937979524,0.2704263793891287,0.3672902032756088,0.10795359386610513
N4639HD,0.7960427279027011,0.18543545372105963,0.01183916210184692,0.004331358066037838,0.0023512982083543988
N4642HD,0.9079289818352907,0.08611373291321935,0.003582817358038362,0.0015242061144777267,0.000850261778973775
N4646HD,0.9218421688975734,0.07222629461122526,0.003474406686612037,0.001477302103662064,0.0009798277009275106
N4631HD,0.8396136960360195,0.14778764686482346,0.008687998797583687,0.002758221037924758,0.001152437263648678
N4656HD,0.03813513923020097,0.12908364387010418,0.42773050735619134,0.34020783744269223,0.06484287210081134
N4658HD,0.7877197244808625,0.1956429569538459,0.011321204158143423,0.0038506374597014614,0.0014654769474467732
N4661HD,0.837054557091687,0.1533462216378403,0.006528876027404839,0.0019915678918347958,0.001078777351233195
N4665HD,0.8269489164339389,0.15917642605577792,0.010346770477804888,0.002381667991348284,0.00114621904112986
N4667HD,0.8718210779993962,0.12118668672512542,0.0044880596158034785,0.0016307383793966652,0.0008734372802782571
N4669HD,0.7418651579317262,0.2442276073688493,0.010332042211076043,0.002455451070203019,0.001119741418145417
N4673HD,0.2374525889313049,0.6112783093468421,0.12365014149132945,0.019578514857698008,0.00804044537282557
N0760HD,0.08309556741693862,0.6715737177076949,0.1989732069575359,0.037554455694504524,0.008803052223325957
N4672HD,0.5953380899690783,0.32147530845474986,0.056055831174692164,0.020236416123177548,0.006894354278302008
N2593HD,0.8803250154105202,0.11231104563681352,0.004603168637109077,0.0018149158823790655,0.0009458544331779743
N4677HD,0.21300569864156887,0.6562174397285059,0.11373888069649914,0.013948142540016603,0.0030898383934096062
N4680HD,0.16674919386275147,0.6285566370063194,0.16831714813096674,0.027730601370255806,0.008646419629706713
N4688HD,0.02149772743914054,0.10816055302333093,0.3457568672817266,0.4609050698913403,0.06367978236446162
N4689HD,0.8393309172310637,0.1516198329822371,0.0054788054563253575,0.002269992806280171,0.0013004515240936077
N4691HD,0.17267816544450812,0.42762810506465976,0.25045807494600514,0.11479569431204194,0.034439960232784984
N4692HD,0.5531469158703481,0.3948205160886447,0.035632948076801375,0.010573280908631588,0.0058263390555741415
N4694HD,0.027401071798093722,0.1922270185359908,0.5080178260522469,0.24088283692230428,0.03147124669136442
N4695HD,0.09298750028803718,0.6255097194652296,0.2503419930059746,0.026063690497004934,0.005097096743753735
N4699HD,0.49287271109636716,0.4580930563733117,0.03623224334699155,0.009608894753515874,0.0031930944298136717
N4703HD,0.4117128599226551,0.4229713678306239,0.08891949277065882,0.05876435122058674,0.017631928255475406
N4704HD,0.005259069052857471,0.02024642366907419,0.3434007952284248,0.6105092824783106,0.020584429571332843
N4708HD,0.9249324691076118,0.07044352654631467,0.002988664412608913,0.0010479687208765325,0.0005873712125878754
N4714HD,0.5220149280841223,0.4269286194312882,0.034393500135301285,0.010445888798524275,0.0062170635507639875
N4721HD,0.10512830764485076,0.5288479808556474,0.278281926158379,0.07125424304158823,0.01648754229953463
N4722HD,0.8582768665572167,0.1356352565665303,0.0038973977892106312,0.0014380186468807034,0.0007524604401617697
N4724HD,0.1566342097631087,0.7393821345739455,0.09087580079623783,0.01055802288438193,0.0025498319823259626
N4726HD,0.04389279824183435,0.8179261335868565,0.1278347872320251,0.008356790562010719,0.0019894903772732096
N4735HD,0.7173359145701531,0.2666357713724588,0.010377884564484612,0.0035908150473824216,0.0020596144455211855
N4063HD,0.4213800581973881,0.46837718778520837,0.07355648738465884,0.02580644129500609,0.01087982533773855
N4712HD,0.7131974477817526,0.26793547403097895,0.014278140325468217,0.003203141007240257,0.0013857968545598178
N4738HD,0.20813684525886483,0.6480263774299526,0.10952116649306617,0.02541084348857282,0.008904767329543452
N4740HD,0.04343774252709627,0.27795304108679564,0.31671024701968314,0.30493455593924157,0.05696441342718337
N4742HD,0.021748004169111067,0.09930759869823673,0.498997796834949,0.28162365409629503,0.09832294620140801
N4745HD,0.8066878602342914,0.17777509160946345,0.011672015480035592,0.0027050807618537683,0.0011599519143558703
N4747HD,0.8105186644619403,0.16684699073758363,0.013860786970050906,0.005793316924855688,0.0029802409055693893
N4750HD,0.6856821467537829,0.2717971717515315,0.028013403578803168,0.010489013586645276,0.004018264329237144
N4752HD,0.009684379165067218,0.05856974673106531,0.4309710136779114,0.45645299967981606,0.04432186074614001
N4754HD,0.5274906982426427,0.44700810664188056,0.020342328714327163,0.0038009010527705767,0.0013579653483789009
N4755HD,0.26797496603330984,0.5862753997160289,0.11507122569472998,0.02394024327139009,0.006738165284541343
N4756HD,0.49750526841246484,0.4661147381658551,0.02757826272307666,0.006389977279716638,0.0024117534188866506
N4757HD,0.8517274085950374,0.13776214144377585,0.008116805425357592,0.0017852081500408631,0.0006084363857882532
N4759HD,0.29096811714940574,0.6369795799319042,0.055452903530550296,0.012418177201184311,0.004181222186955324
N4762HD,0.22196204736161762,0.6458248210158006,0.11298155301800292,0.015191869449219521,0.004039709155359398
N4763HD,0.4776191501649045,0.46921458714787734,0.03531437180468627,0.01116768973528178,0.006684201147250137
N4767HD,0.8134460924495174,0.1692130601402648,0.011913226632754336,0.004019656523180256,0.0014079642542832057
N4769HD,0.05912456228753636,0.34070772603740623,0.45731733531483687,0.12733375169685482,0.015516624663365654
N4770HD,0.795159801187815,0.18460516851784708,0.01451780342833455,0.004231624004109531,0.0014856028618938078
N4676HD,0.19502874497733733,0.49786127550711523,0.23589870147431222,0.0567839380561841,0.014427339985051184
N4614HD,0.5064261399270122,0.41785738110233683,0.05626768694515606,0.015030940365565492,0.0044178516599293165
N4774HD,0.31133042327193333,0.5684110168886106,0.09145382039345216,0.022043910185390824,0.006760829260613049
N4778HD,0.042824638365080075,0.3293625473006323,0.39905141854654724,0.195216276950161,0.03354511883757928
N4780HD,0.006518336731241277,0.029695527612527167,0.19251659127806942,0.45496961532424346,0.3162999290539187
N4783HD,0.5582468657904419,0.40562897474614285,0.026882922807240254,0.006653858992756489,0.002587377663418405
N4789HD,0.8020271690987135,0.17431101934404677,0.015462130012347896,0.005371203167768081,0.0028284783771237707
N4792HD,0.4361762351172462,0.5434577414187166,0.016487442534608054,0.002762325476719987,0.0011162554527091204
N4793HD,0.0409824796455492,0.6017045661190643,0.28789534936384814,0.05408788010796542,0.015329724763572982
N4794HD,0.009350026694042272,0.057354091195490085,0.4627815036240882,0.4338617273689665,0.03665265111741304
N4799HD,0.7251186710827793,0.24953825504631189,0.017622572471506767,0.0055018856174468625,0.002218615781955207
N4800HD,0.9293686754337387,0.06538082868059059,0.003178445382965615,0.0013204992082281393,0.000751551294476978
N4808HD,0.13266337684568663,0.778500818422617,0.07962241939626966,0.007191330895059749,0.0020220544403668
N4809HD,0.5767368356046562,0.3797865443276113,0.03009838506857191,0.008629320985161719,0.004748914013998959
N4634HD,0.5878080847111686,0.35877404238860794,0.035883968821411996,0.012522430671416885,0.0050114734073946066
N4784HD,0.8911068085077881,0.10150670336112705,0.004546735425353641,0.001888229767944572,0.0009515229377867821
N4815HD,0.8638992337985861,0.12868802600926885,0.004589576379921001,0.001859811480273275,0.0009633523319508144
N4816HD,0.7524128480046367,0.21984338962044464,0.019482756069533484,0.0060459182479081,0.002215088057477121
N4817HD,0.3921771499191433,0.5341950153114133,0.058841718052918913,0.010828253615532765,0.0039578631009918545
N4818HD,0.8878522419568577,0.10491434525843489,0.004394525292163219,0.0018004235011532758,0.0010384639913907862
N4821HD,0.03274655192012996,0.9015899067057338,0.05543096851174887,0.008450645311199967,0.00178192755118744
N4830HD,0.868803311619305,0.11962648095285928,0.008018993959635564,0.0025660332930638884,0.0009851801751362972
N4748HD,0.8620988184600561,0.13068444964527692,0.004470316868211425,0.0018112108829810845,0.0009352041434747712
N4684HD,0.8184858644200081,0.17123385571926408,0.006784190370270017,0.0022620337569352255,0.0012340557335226213
N0389HD,0.029596375228628492,0.8949163952965985,0.06900983659199844,0.005096168546956206,0.0013812243358184444
N4796HD,0.36153194184993426,0.49271537679676747,0.1122290128219843,0.025560236721925585,0.007963431809388164
N4834HD,0.005734813570844623,0.02519153323254137,0.4361276483701968,0.5118192970868274,0.021126707739589776
N4835HD,0.05550718810906046,0.9038022065775709,0.035119164222656735,0.004270054922548892,0.0013013861681630543
N4837HD,0.44167938399353396,0.5344148522107508,0.019291311355813454,0.0033635087589378274,0.0012509436809641293
N4838HD,0.07159448446957659,0.8645615360468358,0.0551526551030667,0.006496133549468131,0.0021951908310529123
N4839HD,0.04165236295852709,0.6440817505617276,0.2758207488770322,0.031356139048303304,0.00708899855440996
N4842HD,0.7004583562148092,0.26945637123883476,0.020882977484695378,0.006527126621969215,0.002675168439691376
N4844HD,0.9234413406845622,0.07216052262358644,0.002947603452958791,0.0009705963062997113,0.0004799369325928982
N4846HD,0.15311820120917718,0.5210005466521681,0.23122256495429008,0.06708357639564334,0.027575110788721224
N4847HD,0.8021370142830061,0.18823417189241645,0.006774836685054924,0.0019209711056602345,0.0009330060338621883
N4849HD,0.35780334790016166,0.5827230788092983,0.04640183213032449,0.009250030407683268,0.0038217107525323805
N4852HD,0.04853855413725084,0.7781266571675494,0.15937241540461988,0.011092465734181513,0.0028699075563982175
N4853HD,0.4125216749720397,0.5356561495578571,0.0415849130964078,0.007616732462703232,0.0026205299109921883
N4856HD,0.8747549633367646,0.11791286556800477,0.004685467396924796,0.0017295621646571345,0.0009171415336486401
N4858HD,0.875250409157749,0.1154424944035787,0.0054462616843233775,0.0025761037688202264,0.001284730985528664
N4860HD,0.31268631405006,0.6302122478248303,0.04579587323728214,0.008351814613888179,0.0029537502739395128
N4861HD,0.898565251423708,0.0968737913750137,0.0028952642465107587,0.0010859262305538988,0.0005797667242136501
N4863HD,0.39163944976510096,0.5828920370066158,0.018980462935219038,0.0045844819274980944,0.0019035683655661687
N4864HD,0.6792525659596251,0.30228017564598086,0.012456251861303409,0.004151523933660331,0.00185948259943037
N4866HD,0.8069889779506397,0.17703591624514994,0.009976593425177729,0.004107340802258487,0.0018911715767741593
N4012HD,0.6651800007436532,0.30651418690088666,0.019656745295675074,0.006307620504830129,0.0023414465549549805
N4825HD,0.2837364133283281,0.6085522137105135,0.07900621220206207,0.02103880093129353,0.007666359827802685
N4875HD,0.033049112708168245,0.36655967581547355,0.4636517139034152,0.11303066634871912,0.023708831224223986
N4878HD,0.045054077005241645,0.20475980049567286,0.37747143939026934,0.2877327532607543,0.08498192984806187
N4883HD,0.043505122551981266,0.6571266139299773,0.26713403446896367,0.027775809989199443,0.004458419059878376
N4884HD,0.5260729023359362,0.4143575182301235,0.0457011582675348,0.010710424264850086,0.0031579969015553024
N4887HD,0.2299137565432281,0.6987924122888347,0.06116166257336162,0.007960418532136944,0.0021717500624387556
N4891HD,0.6846173930222237,0.27969111103335914,0.026917756347609643,0.006717078232754462,0.002056661364053012
N4892HD,0.14812937578888025,0.7341958776060604,0.09847862419278475,0.015558266770570506,0.0036378556417041904
N4895HD,0.8369409290474884,0.15110736932843166,0.007862947810214849,0.0029244376605756686,0.0011643161532895016
N4899HD,0.8525429962407406,0.13796082049842212,0.005814004061587702,0.002423131777539403,0.0012590474217100312
N4898HD,0.33168871063066063,0.6038490778779858,0.047416525259227855,0.01143293072923823,0.00561275550288736
N4902HD,0.6125945037914703,0.33188287263367333,0.0385717646402565,0.012487899820260759,0.004462959114339108
N4904HD,0.12919281318543607,0.623835675976769,0.1971039249437913,0.04002816707149785,0.009839418822505866
N4906HD,0.7158305144386056,0.2674747709929652,0.012651700500210255,0.003045689884590077,0.0009973241836289267
N4909HD,0.8029032374637693,0.18419100970065103,0.008036979830924404,0.0031886304332563596,0.0016801425713989099
N4912HD,0.705233007281544,0.27055552791592485,0.018570564549838225,0.003862900481205282,0.0017779997714876222
N4913HD,0.6508692738844895,0.3184425325284943,0.02317713797588303,0.005415697913097183,0.002095357698035963
N4914HD,0.15087768503665505,0.6930184829159126,0.13005463290951294,0.021140133992445107,0.004909065145474293
N4908HD,0.8949994606582019,0.09954066198571213,0.0037063135632646356,0.0011728791135117388,0.0005806846793097926
N4937HD,0.8726691354741217,0.12171923289476634,0.0037506875159603018,0.0012040128478347542,0.0006569312673169709
N4938HD,0.8914904171059702,0.10281130739567393,0.003861571230134561,0.0011770348741287932,0.0006596693940926437
N4949HD,0.8855408051392347,0.10819251847335291,0.004252697347323417,0.0013024972714667641,0.0007114817686222582
N4952HD,0.7975294217514577,0.1823964144695293,0.015110650667919766,0.00367219845696718,0.0012913146541259379
N4954HD,0.4946937104714977,0.4540426640512194,0.04112958983463991,0.0075412449820027655,0.002592790660640109
N7917HB,0.8810510464075142,0.11281797382642643,0.004217791899228544,0.001260606501143399,0.0006525813656874708
N4951HD,0.7666165295510781,0.21808828535955604,0.0108684990415723,0.003024381843480385,0.0014023042043132198
N0385HC,0.14630483459416924,0.6198790005301638,0.19765741594311764,0.027088102612239186,0.00907064632031017
N3920HD,0.34412759675577725,0.5564172891954853,0.08046192617676008,0.014633645993215193,0.0043595418787621375
N9498GW,0.7936848359055292,0.18700883131799276,0.013510360975968375,0.004187371734759809,0.0016086000657498445
N4961HD,0.9037968029805231,0.09153433784301743,0.0033995488727333245,0.0008818384008301102,0.00038747190289594997
N4965HD,0.38615645168550783,0.49692057262927103,0.09509497229015643,0.016863817073721806,0.004964186321342949
N4967HD,0.5862749110954245,0.35129197190280154,0.04238869762349517,0.014971223125808916,0.005073196252469983
N4968HD,0.3754124736625571,0.4772103319123029,0.0798806695600397,0.04845672403915507,0.019039800825945325
N4973HD,0.8106875279893605,0.1726181813670999,0.011464443859832836,0.0038654963618319316,0.0013643504218748674
N4976HD,0.026083586178632746,0.28798744889568734,0.5594068523646321,0.11162053185696423,0.014901580704083657
N4977HD,0.2522125503653793,0.6469905304856136,0.08667935016148073,0.010865648117215748,0.0032519208703105035
N4978HD,0.6783220793873492,0.2862467884824494,0.023013191771776447,0.009293533418260435,0.0031244069401645844
N4982HD,0.37390440205000014,0.5402894825278487,0.06200147846245728,0.017866261327578965,0.005938375632114872
N4983HD,0.2665439380002874,0.47378271706975816,0.158193375899005,0.08780194151983436,0.01367802751111506
N4984HD,0.8751329018439591,0.11941615344657854,0.0035699518248290874,0.0012270418676818763,0.000653951016951438
N4992HD,0.015688182711032454,0.14296718740220168,0.32950558694756044,0.44929923731025834,0.06253980562894715
N5000HD,0.6489971141042502,0.2925085806043186,0.04097120736571466,0.012712723990697061,0.00481037393501934
N5006HD,0.49916764764190663,0.46740700048616146,0.022953981437194022,0.007643509768108488,0.0028278606666292954
N5007HD,0.7069204748088841,0.262271109382459,0.020949552510241,0.007462389431693745,0.002396473866722165
N5008HD,0.20379431436406473,0.5794030480934631,0.18275391042560102,0.028992260968020763,0.005056466148850262
N5011HD,0.20159511023254506,0.7133775418798013,0.07260407745361967,0.008788481451205313,0.003634788982828669
N5020HD,0.5465866115092277,0.41491374353231375,0.028859939721267894,0.0068367552850869834,0.0028029499521036666
N5024HD,0.7664913181516045,0.21299080449024943,0.01484147872212108,0.0038877430702778716,0.0017886555657471333
N4826HD,0.8940749157547856,0.09925934883313269,0.0044017483469663745,0.0015182439176641075,0.0007457431474513183
N5032HD,0.8317172035161905,0.15375836422580508,0.010557508734076754,0.002815561356004119,0.0011513621679234776
N5041HD,0.8788382595978563,0.11356762578309368,0.004484185847704794,0.0019239549615531182,0.0011859738097921724
N5043HD,0.9334769874987456,0.06005030274519599,0.0040913546080100826,0.0015054772533046087,0.000875877894743579
N5044HD,0.38688235340953575,0.5401146703862927,0.05124955437452905,0.015001018768363345,0.006752403061279281
N5045HD,0.8010733049700816,0.18264276488391157,0.011861504534927311,0.003120621939399616,0.0013018036716799732
N5004HD,0.8924764780515148,0.09771286858855158,0.006028263692138144,0.002410415787747734,0.0013719738800477012
N5055HD,0.45715557905288706,0.4494511313440547,0.06410502246687576,0.02403477726387139,0.005253489872311307
N5056HD,0.13520105220069606,0.4310253269808952,0.2971087216241034,0.09787836484244923,0.03878653435185586
N5057HD,0.7007806896972845,0.2804402399772806,0.013363816665833458,0.003835443968773951,0.0015798096908274256
N5059HD,0.586148808198372,0.3533631820886269,0.043162646512807434,0.011917317822467884,0.005408045377725758
N5061HD,0.5258733939552265,0.42522490984069233,0.03525099141837612,0.009774737711030252,0.0038759670746747014
N5018HD,0.8910131193798622,0.10203800856396215,0.0043020788572756714,0.00175586467996186,0.0008909285189381908
N4896HD,0.7158930628334023,0.25975318920007673,0.01808286108209186,0.004441948477863248,0.0018289384065657765
N5064HD,0.7505077695213983,0.22234070144347318,0.018807883408393625,0.005903300059684056,0.0024403455670508893
N5065HD,0.5518889481748177,0.41826214445337545,0.022686674932336476,0.005466635500085933,0.001695596939384388
N5067HD,0.2597063277344995,0.6174416240798843,0.09850281911149911,0.018583982883317515,0.0057652461907996
N5070HD,0.03912075513529559,0.427659202026814,0.4679697065781205,0.055355348867266944,0.00989498739250291
N5071HD,0.1965345348924617,0.6970804634651662,0.08766719796393244,0.014708062463186677,0.004009741215252873
N5072HD,0.1578015244236621,0.732145096742995,0.0888236690190922,0.017117345183890288,0.0041123646303606
N5074HD,0.7948916027241657,0.1904592727505878,0.010399753578419362,0.0028464963216588662,0.00140287462516839
N5075HD,0.9290458486570744,0.06659828357974307,0.002628016160318758,0.001053672372000882,0.0006741792308626712
N4923HD,0.8232430869002487,0.1554581462200613,0.014223904178563465,0.004752360765658396,0.002322501935468285
N5076HD,0.7596018378054449,0.22384287094164,0.011770588002315303,0.003462268785409566,0.0013224344651903916
N5079HD,0.043989040812628645,0.352050367439629,0.4344269636559393,0.14730208943599893,0.022231538655804302
N5080HD,0.6327794558387903,0.3433692172907695,0.01713850479082764,0.004653165780509332,0.002059656299103262
N5082HD,0.798981526675399,0.17540994159363968,0.015808773870997463,0.006489657347417773,0.0033101005125459244
N5083HD,0.6652191556181246,0.29206135386710713,0.03110215191784454,0.009068094814249125,0.0025492437826745594
N5085HD,0.12781223261176977,0.5527593728228921,0.2660075361594461,0.043202819975462305,0.010218038430429555
N5051HD,0.35222367540591026,0.6139335917003489,0.028049284873138427,0.004205427529894928,0.0015880204907075385
N5039HD,0.058620877954911464,0.2766812660510269,0.44164557866340115,0.180999590646823,0.042052686683837395
N5088HD,0.8808414271526094,0.11186504666600683,0.004584492988465064,0.001717325055200486,0.000991708137718411
N5091HD,0.044609523622470414,0.937333083302841,0.01559685838317814,0.0018022484205501364,0.0006582862709602484
N5093HD,0.01511092135298712,0.05942282678920787,0.27484033175951983,0.5198273841097414,0.13079853598854377
N5100HD,0.008385182734362779,0.05177132739675856,0.3159967302302511,0.5802833205333131,0.04356343910531456
N5103HD,0.09029433036765552,0.4298499730386575,0.3419851506135259,0.10011579657219488,0.0377547494079662
N5104HD,0.9432932593372405,0.05361480727394838,0.0020211463381538644,0.0007364941450185182,0.00033429290563864923
N5105HD,0.7657019079463114,0.2129981307080032,0.012459275894785479,0.005725953124550971,0.003114732326349159
N5106HD,0.7322065370435217,0.24208015823915832,0.018032389654983768,0.0056112093993761596,0.0020697056629599823
N5109HD,0.5332612834491558,0.44742434640556045,0.01546400668671039,0.0026960978431575613,0.0011542656154157698
N5112HD,0.48204325145659244,0.4607020089840182,0.0446635933360048,0.009348208217994817,0.003242938005389642
N5115HD,0.8537161726449549,0.13399615816061955,0.009117616995991213,0.0022659580714668674,0.0009040941269671763
N5120HD,0.0172488142208198,0.09599858572870773,0.3553670484375023,0.4476175495923272,0.08376800202064295
N5121HD,0.5671778803935472,0.38482521702329014,0.031674529612376996,0.01220478503570086,0.004117587935084704
N5122HD,0.5985350547984567,0.34072675648898065,0.043791962673500884,0.013401275621992701,0.0035449504170688723
N8305HB,0.8184546855988342,0.16937744097644727,0.00800724718775156,0.0030628779449991686,0.0010977482919678387
N5126HD,0.050721576411223594,0.23454238033223102,0.33409810540506063,0.3055361572659382,0.07510178058554655
N5128HD,0.8906490459862403,0.1028475008926526,0.003626580728838634,0.0018563772032055045,0.001020495189062983
N5133HD,0.014923627720457543,0.09260510135257856,0.3924459489037625,0.4542055877653304,0.045819734257870955
N5135HD,0.7435519385925338,0.22961011050602526,0.01845843725196162,0.006192145764817725,0.0021873678846617345
N5143HD,0.8115914455983937,0.17778070203013982,0.00816438535161881,0.0017903872593042797,0.000673079760543417
N5144HD,0.3035894202535089,0.5822700311952986,0.09637222478469536,0.013571242434639511,0.004197081331857772
N5149HD,0.17765457704750204,0.6349704333495074,0.13624792813146183,0.040025390940308866,0.011101670531219866
N5152HD,0.461700304690203,0.49474615593380117,0.03448589377115084,0.0069269699156612,0.002140675689183854
N4394HD,0.11887712166951174,0.39412851847518,0.3658625655349509,0.09635483775915185,0.024776956561205567
N5029HD,0.235874495190514,0.6280168980267573,0.10620966676087952,0.022530708523202946,0.007368231498646171
N4368HD,0.9359899345083383,0.05997860274313612,0.00241463734988251,0.0010369542185105596,0.0005798711801324973
N5013HD,0.3198623700579357,0.5750242914356045,0.07735041804771285,0.018644026771394824,0.009118893687352242
N5153HD,0.5718565616451273,0.36181325695129773,0.0529224048226653,0.010016695504544332,0.003391081076365383
N5157HD,0.8636839511742741,0.12900602775366193,0.004570766122426604,0.0016999728786024331,0.0010392820710348242
N5170HD,0.5993536325760356,0.36876010137730325,0.025226120623276057,0.004913118367774239,0.001747027055610852
N5172HD,0.8441673040586609,0.14034301300492036,0.010965307315820644,0.0031478067346631003,0.0013765688859351632
N5173HD,0.6551073459875446,0.29099398489744177,0.039530194475422546,0.010105698200757803,0.004262776438833206
N5147HD,0.5951494141874116,0.3748911557326168,0.021275433016860325,0.0058276265814337916,0.002856370481677498
N5178HD,0.6710436502377102,0.2784318389278644,0.033470276497021875,0.012614034122848413,0.004440200214555278
N5180HD,0.43871679313447093,0.49196384693224793,0.04861474322874911,0.015296790085207498,0.005407826619324391
N5181HD,0.4226741869405762,0.4811582998342549,0.07434058668010886,0.01652495310946706,0.005301973435592922
N5182HD,0.8987758219467482,0.09581806059960564,0.00350372580371316,0.001210507140048562,0.00069188450988453
N5183HD,0.10804464567242049,0.8453342643612032,0.04023469357392437,0.005184926576045155,0.0012014698164066638
N5185HD,0.27092208647722704,0.47396222222414286,0.18813511007776687,0.054139569634021445,0.012841011586841764
N5187HD,0.21811636604151344,0.49488619356876756,0.20738346544978775,0.05860480759928058,0.021009167340650593
N5188HD,0.17695949406780614,0.5034400128545169,0.18573949616341257,0.10916791134705389,0.024693085567210518
N5190HD,0.011351037951889955,0.075063960182074,0.38004335530665784,0.4916514837745292,0.04189016278484887
N5192HD,0.4958756089688006,0.4883793056338255,0.01275545148716205,0.002106546275358958,0.0008830876348527895
N5193HD,0.6772422331787837,0.28714504842555666,0.026356687290195892,0.0067914095956169125,0.0024646215098467895
N5197HD,0.8680560263541499,0.1225233983865947,0.00704398405723714,0.001709320161809564,0.0006672710402087265
N5198HD,0.15568840518619767,0.51689949210859,0.2032371085616429,0.09722251886496633,0.026952475278603033
N5199HD,0.5868991809098819,0.3324112826995287,0.05708302954472517,0.01791547288517893,0.0056910339606852925
N5200HD,0.7588973006318236,0.21288714985680887,0.01975034826887862,0.005577670101183576,0.0028875311413054192
N5203HD,0.05989524382047485,0.23277397566113608,0.34181761887914175,0.30048591827311066,0.06502724336613672
N5209HD,0.05496970764787875,0.28519136277900686,0.4850886811149112,0.15422317790095777,0.02052707055724536
N5212HD,0.830027219715738,0.1597680248738193,0.007447545755174664,0.001967307631772278,0.0007899020234959159
N5215HD,0.4649204459765125,0.4859242667133096,0.03780489859286642,0.008447608082561394,0.002902780634750029
N3574HD,0.791231909778132,0.1880795911304364,0.012106894985985333,0.005643213680413008,0.002938390425033298
N4760HD,0.07895131439340522,0.4336760269841203,0.37111695615498386,0.08685521474672211,0.029400487720768496
N5225HD,0.7989485334012786,0.18637519461762223,0.010909262251180387,0.002805238968316837,0.0009617707616018127
N5226HD,0.5828574187843277,0.35345910020927995,0.04726484350776354,0.012102698754185886,0.00431593874444299
N5227HD,0.7917828944229055,0.18648897916540383,0.015410948309466238,0.004519808506761935,0.0017973695954625682
N5233HD,0.017872673599206024,0.08473638205013238,0.3495602987476321,0.3731302585357237,0.17470038706730562
N5238HD,0.8292804438784607,0.15010722883858443,0.013463821074955121,0.00456214400142866,0.0025863622065712064
N5241HD,0.749879403854949,0.22367308720328302,0.01895169278498196,0.005235275952046522,0.002260540204739525
N5243HD,0.009483716897726223,0.056707651611765414,0.3937887687702695,0.5097838192075748,0.030236043512664054
N5246HD,0.7584252053144269,0.21621666376230098,0.017186120502864447,0.00557310241277086,0.0025989080076368036
N5247HD,0.006334156582319586,0.02154617554314694,0.37789932272653515,0.5740134653567164,0.02020687979128192
N5248HD,0.5852062439523759,0.33586488593377367,0.05774552541767964,0.014924989991736822,0.006258354704433887
N5253HD,0.5384412286418457,0.40854724894372607,0.03540671232215896,0.011499076844802204,0.006105733247466846
N5257HD,0.05318502723473438,0.18619207881923924,0.3452643797719551,0.32188517157894536,0.09347334259512598
N5259HD,0.029008494835743255,0.11260923490313067,0.41897750210647355,0.31719460397124893,0.12221016418340365
N5262HD,0.09512722241597212,0.6306213315876932,0.24871985625007023,0.02036395612691503,0.0051676336193495175
N5266HD,0.18033867926958178,0.7019035309730213,0.1017097939170068,0.013284914448439322,0.0027630813919509822
N5270HD,0.6652558236845789,0.30986104034419737,0.019472136609563328,0.003881926654272498,0.001529072707387968
N5271HD,0.411439531298032,0.4759146772370649,0.08701789371750042,0.019292373941779118,0.006335523805623659
N5273HD,0.8028535303667482,0.17984367156878842,0.010855864739264101,0.00429214512283939,0.0021547882023596567
N5274HD,0.8753690585913955,0.11543561370908964,0.0063286488380628735,0.002074032010982313,0.0007926468504696337
N5211HD,0.4077492820810332,0.45725428844160515,0.07956110659035284,0.046436215571183055,0.008999107315825823
N4843HD,0.4853734495782587,0.4539501718546141,0.039426031459198964,0.0142556515417931,0.006994695566135258
N5287HD,0.5661138832780699,0.3871453498150826,0.0339288033089467,0.009523422403320058,0.0032885411945807602
N5286HD,0.12937927969128266,0.28015255007264284,0.365460804500443,0.17212261074275526,0.0528847549928762
N5292HD,0.058695284894322235,0.2006463467245582,0.3374828666895805,0.3179766838450537,0.08519881784648534
N5294HD,0.8380390859109024,0.15416535440556872,0.004569228590040475,0.0020298644907466535,0.0011964666027417434
N5296HD,0.3117629419745578,0.47908797612967646,0.13782838322852353,0.05922379945980859,0.012096899207433452
N5298HD,0.7594553395459003,0.2159287367406456,0.01586761129349643,0.006302307896896887,0.0024460045230609148
N5303HD,0.8201799884067257,0.1671679271345257,0.007918149740401007,0.003264416949672325,0.001469517768675274
N5305HD,0.11308370745486897,0.4466953150468906,0.33007322014336987,0.08963927607770686,0.02050848127716358
N5306HD,0.8220088655816186,0.1636245811191127,0.010187683884465056,0.003016191389242364,0.0011626780255612264
N5307HD,0.05901025961194449,0.37131894423080897,0.36113526668756313,0.1733926711711204,0.03514285829856305
N5311HD,0.2336761862171235,0.5832033510451703,0.1575620977396283,0.020265439718213197,0.005292925279864834
N5314HD,0.7839165621867232,0.1994957588647409,0.010385731890528343,0.004160608726870765,0.002041338331136579
N5073HD,0.08067148649660937,0.37388419127225786,0.3948472284860561,0.124073933711577,0.026523160033499783
N5277HD,0.06179987902987623,0.25121894904887904,0.3982001814435406,0.22049129561359143,0.06828969486411274
N4885HD,0.9203867493541723,0.07325403503652578,0.004028081975222422,0.0015333764616782114,0.0007977571724013519
N5318HD,0.03291793828190971,0.35322532847411536,0.4752065413888594,0.11536661010626634,0.02328358174884904
N5321HD,0.7490583025395653,0.22654112209266575,0.016776139735790358,0.0057049157099605926,0.0019195199220180949
N5323HD,0.9301087916125024,0.06660418883986198,0.002150081418268237,0.0007114297896782732,0.0004255083396892271
N5324HD,0.6892100577758055,0.2719288009923074,0.027531550290292608,0.008078334401905153,0.003251256539689393
N5326HD,0.8148643424285582,0.16773011519649883,0.01016375369057309,0.004511584465122985,0.0027302042192468893
N5327HD,0.7226394970263472,0.2609454474330736,0.010919721103593029,0.003432635060364992,0.0020626993766211994
N5329HD,0.0774481509823273,0.6257841119836465,0.25261019522097744,0.034846058725043344,0.00931148308800548
N5331HD,0.7726305662439898,0.20203952024629843,0.01963572728776021,0.004011742401616839,0.001682443820334736
N5332HD,0.7044056317684457,0.26064383098544924,0.02205625913256655,0.009653296453622513,0.003240981659915812
N5333HD,0.8607247000310192,0.1324497647487254,0.00454083801259707,0.0015431686668746568,0.0007415285407835463
N5334HD,0.027648373325613717,0.9281978951828476,0.03841198850672121,0.004550805297299657,0.0011909376875178224
N5338HD,0.032672984715734744,0.15491467739916007,0.3947644405639277,0.3059149629593397,0.11173293436183768
N5339HD,0.07313332134726441,0.49512261388788115,0.330180894949162,0.08213857512903046,0.019424594686661932
N3820HD,0.024701340318618363,0.11615135165576851,0.34782262142572695,0.36726459286015944,0.14406009373972675
N5342HD,0.8072510199410697,0.1795926217701309,0.010093877154917504,0.0022076557908792004,0.0008548253430025994
N5345HD,0.6850491774282624,0.2831978392858611,0.024544430674636016,0.005664046265087311,0.0015445063461531575
N5346HD,0.7395359336124908,0.2443487891988072,0.011067050538264796,0.003455912388705779,0.001592314261731521
N5348HD,0.024436268815673963,0.1432163653916742,0.2939856291169754,0.4047800438330196,0.13358169284265706
N5351HD,0.6235778286026987,0.3211471941330529,0.038201839621887876,0.01334680568172208,0.0037263319606383456
N5354HD,0.007619161877233351,0.035652158573391685,0.369268107039488,0.5683393077930028,0.01912126471688414
N5355HD,0.5820189418257217,0.3983101690645027,0.01283889931287705,0.0042749472647620945,0.0025570425321367056
N5362HD,0.8996262419000702,0.09607705871811052,0.002733522201810549,0.0010104966055691296,0.000552680574439529
N5364HD,0.8147698442151957,0.16720011262787787,0.012555358047751106,0.004113557055386537,0.0013611280537888367
N1264HD,0.031326272423551536,0.8735664053199795,0.08500415676059409,0.00837662294779606,0.0017265425480788579
N4985HD,0.3098911247458189,0.5942385546911062,0.07249811944515985,0.01663703572683004,0.00673516539108504
N5368HD,0.0106041114731334,0.06526011473298624,0.4286705443657125,0.4538541080050992,0.0416111214230687
N5371HD,0.8564192357982218,0.1308956922084007,0.007810854900592163,0.0032218553941269308,0.0016523616986587187
N5372HD,0.7436145506692539,0.24082087424362417,0.011612071071268125,0.00284817252040728,0.0011043314954464506
N5373HD,0.38997927703392204,0.5864235340352444,0.017481027439336314,0.004232813866502274,0.0018833476249948704
N5374HD,0.24004382068179222,0.6481296928505741,0.0987560690951615,0.010122341551143294,0.0029480758213288986
N5377HD,0.5673115840665266,0.39461453863226853,0.030991139055564016,0.005159175004590641,0.0019235632410503352
N5379HD,0.7519384911217051,0.22565228161835266,0.01711678497220751,0.0039786115582793056,0.0013138307294554036
N5381HD,0.07933316627892817,0.37756899538447586,0.26560458775017076,0.19649115064211659,0.08100209994430871
N5383HD,0.1824026772838898,0.3984212848118021,0.28163021479952194,0.10836907343102652,0.029176749673759658
N5385HD,0.8663984160184615,0.12869490272191936,0.0034043649201488933,0.0010005498257448522,0.0005017665137252805
N5387HD,0.03872277050685362,0.25391596301522634,0.41196473763217384,0.21508630416336155,0.08031022468238462
N5388HD,0.07504333951789921,0.2540422956944134,0.33577218028925304,0.2850341671724084,0.050108017326025815
N5389HD,0.033101499110588795,0.6904983135845042,0.2483095145086694,0.023372452144748333,0.004718220651489234
N5391HD,0.5958848544937909,0.36492402079257663,0.031143300415521786,0.005778385655800595,0.002269438642310144
N5393HD,0.4755733950269771,0.4924736214770423,0.026422655688320845,0.004184749651171029,0.0013455781564886671
N5395HD,0.7364273007171921,0.2317276380664802,0.02291433977605739,0.006509139449966077,0.0024215819903041862
N5397HD,0.7897407744221161,0.18798757984417952,0.015780367222090017,0.004775581469641473,0.001715697041972972
N5398HD,0.7924452568832806,0.18780430371179027,0.01407310046369528,0.004241120032436955,0.001436218908796878
N5386HD,0.13783612433626047,0.6692373032653586,0.17523260938741306,0.014309273706117702,0.003384689304850243
N2483HD,0.8048051266551866,0.17467094211176637,0.012239339556729489,0.005229111189894716,0.003055480486423177
N5402HD,0.8378626010870478,0.15075284579900833,0.007315394680216903,0.0026110132814337744,0.0014581451522933419
N5404HD,0.719600124920688,0.24376879951868866,0.026449250541386523,0.00766693830664761,0.0025148867125892064
N5405HD,0.9144483830026893,0.08097426771949919,0.002903578334235639,0.0010849133823774965,0.0005888575611982885
N5407HD,0.2109570042173193,0.5380752931695865,0.16846351807778168,0.0656078642079382,0.01689632032737442
N5414HD,0.4410501343062778,0.5358403858949848,0.01814627928841304,0.0036086835840614105,0.0013545169262628159
N5415HD,0.8730623040439203,0.11928215253214972,0.004555337648618152,0.0021727997019198608,0.0009274060733922845
N5416HD,0.11693245753023265,0.7831629031446052,0.0848076644212104,0.011576769717883465,0.003520205186068302
N5421HD,0.7393597138862257,0.23540833834880381,0.017458747117636668,0.005866750406454342,0.0019064502408793931
N5430HD,0.8340553338567939,0.15065693304822034,0.010551897134374473,0.0035841080138884233,0.0011517279467230677
N5431HD,0.05090280120921474,0.7871114434572479,0.1504853487238482,0.009251780801858636,0.002248625807830568
N5432HD,0.7388488662199969,0.23697500379284894,0.017264940553234333,0.005147203825056173,0.001763985608863636
N5437HD,0.8479231891885627,0.13955099937235899,0.008461903940554311,0.0028648690251533836,0.0011990384733709088
N4225HD,0.2744385526074845,0.6351202045923052,0.07113880146504896,0.01438711377868983,0.004915327556471459
N5123HD,0.47682575232251273,0.47394416061336453,0.03301926539071373,0.011598306597412508,0.0046125150759964775
N9187HC,0.053934117351455764,0.2705407177037302,0.3160450618969424,0.28260088430575264,0.07687921874211896
N5439HD,0.1400980480263294,0.5085279640113985,0.23228980013498368,0.09338861409475552,0.02569557373253284
N5440HD,0.10994823105112533,0.7224563184305992,0.15079104576386762,0.013643508531451996,0.0031608962229559435
