ncode,proba_0,proba_1,proba_2,proba_3,proba_4
N4541HD,0.7208994386623908,0.255705461573898,0.01650063582905982,0.004465900713733451,0.002428563220918049
N4397HD,0.008280258881541103,0.04022943248369477,0.3884132828625309,0.5074405072174147,0.05563651855481845
N4544HD,0.8716132775590919,0.12189762954974258,0.004097670145842865,0.00164046845720845,0.0007509542881140491
N4545HD,0.07918788381758136,0.25431559205027127,0.3825703686228017,0.21408109749152826,0.0698450580178175
N4546HD,0.17973685221423386,0.7445092294368045,0.06783017746846695,0.005823416343094687,0.002100324537400068
N4550HD,0.8231942064376965,0.1653491807009391,0.007012331741473777,0.002878694479218508,0.001565586640672092
N4551HD,0.7882151557853264,0.20204495440025008,0.006868215655036426,0.0020371351408619994,0.0008345390185250905
N4554HD,0.07400514128472845,0.5997034279731678,0.28838836900179576,0.029071348929726286,0.008831712810581616
N4555HD,0.43883502341224184,0.49397826909205705,0.05131069940510535,0.011585072426189547,0.004290935664406225
N4556HD,0.3300549495082001,0.4870821375003378,0.12631490904475115,0.04679621064560175,0.00975179330110913
N4563HD,0.40786495537189893,0.4921178514973874,0.07856679314980092,0.01724334278830962,0.0042070571926029554
N4567HD,0.8935297115980184,0.09616928806949025,0.00544997105948201,0.0031463552518972934,0.0017046740211122935
N4561HD,0.8169177359670008,0.17300324395645275,0.006139985727776731,0.002736046110700757,0.0012029882380690834
N4571HD,0.34261848209646695,0.5657923934344968,0.07144942599412846,0.014712310539048689,0.005427387935859126
N4574HD,0.9495012947737704,0.04725864149314762,0.001994084866666164,0.0008300214133943328,0.00041595745302137985
N4575HD,0.5229470211798747,0.42459085982788386,0.04104317490463494,0.008352612307830574,0.0030663317797758006
N4579HD,0.20515057282506088,0.6695288707808603,0.09626604758759709,0.021708023844584656,0.0073464849618971395
N4581HD,0.20386405579615086,0.704740022507891,0.08286895711060681,0.006549646775546133,0.0019773178098051727
N4584HD,0.16368001233249707,0.7539609304926406,0.07433183000295455,0.006012576266473291,0.002014650905434361
N4578HD,0.8280374788914836,0.16307708197277382,0.005940518165109973,0.0020453610720213866,0.0008995598986113461
N4590HD,0.21129391491398672,0.6875999727001427,0.08772484701706537,0.010849031360287623,0.0025322340085176098
N4593HD,0.03186547181371403,0.23036803035358122,0.46189425776047427,0.24812559598851916,0.027746644083711424
N4151HD,0.19723600353562276,0.43513765923267717,0.23152272755896927,0.11001284010525796,0.02609076956747278
N4594HD,0.8302879662996774,0.16142762391754084,0.005608292714043007,0.0017907801452033605,0.00088533692353523
N4600HD,0.42660675060298797,0.522359240817504,0.04259747121417081,0.006091925424063381,0.002344611941273882
N4605HD,0.08944494546127676,0.4207418054729453,0.3909352785193673,0.08364258429341141,0.015235386252999203
N4612HD,0.31661896114555477,0.5575206426858328,0.09803134937039626,0.0211017872541142,0.006727259544102036
N1701HC,0.2601509040209549,0.5980563301992505,0.10490018832575954,0.027158951907032707,0.009733625547002293
N3705HD,0.014379430815702558,0.05504315186271811,0.3004418393455057,0.3845732872017161,0.24556229077435748
N4589HD,0.6129143426608578,0.3340424540186196,0.03528486014648886,0.012862924074381641,0.0048954190996522585
N4339HD,0.9390233926360223,0.055433968296676774,0.0032630518226035026,0.0013856825409345485,0.0008939047037627494
N4615HD,0.02347668806763088,0.13830962632773605,0.36575696293121457,0.3724474516699467,0.10000927100347175
N4618HD,0.8982647272883397,0.09278787866131398,0.0051319665448412,0.0024844779990104643,0.0013309495064945465
N4624HD,0.5444270080507374,0.4420658104813758,0.010752801467245263,0.001914370197840937,0.0008400098028007503
N4626HD,0.8137584447717554,0.16763140905080112,0.013781516405448153,0.0035997336659966093,0.0012288961059988665
N4628HD,0.06217939097400269,0.5624513461900387,0.32006083981133915,0.04577873447891212,0.009529688545707236
N4638HD,0.07417125652050527,0.22321076141673818,0.2667498929313816,0.3298457905034408,0.10602229862793422
N4639HD,0.7901717928753395,0.18504524213266227,0.015526626610218303,0.006030702136365655,0.0032256362454142797
N4642HD,0.8812768315099093,0.11068630541015624,0.005129973618143748,0.001881941625115066,0.0010249478366756164
N4646HD,0.9153984708960129,0.07819252949142222,0.003789830930570257,0.0016526890673385754,0.0009664796146561658
N4631HD,0.8107953458096896,0.175920258833297,0.00929949970513193,0.0027140150621528893,0.0012708805897284272
N4656HD,0.029598144613116127,0.10395806236767591,0.4044479785746701,0.3855480850650836,0.07644772937945417
N4658HD,0.7695098104697136,0.21147695061549987,0.013372038983049409,0.004106976692098782,0.0015342232396384162
N4661HD,0.8494048731302165,0.1392050164089128,0.007370202773722434,0.002682142193357698,0.001337765493790379
N4665HD,0.8017643336809953,0.1816653784518812,0.012073997889454482,0.0030519111259889784,0.0014443788516800063
N4667HD,0.8766983874079256,0.11613612567629192,0.004664764546727907,0.0016346378951638163,0.0008660844738908036
N4669HD,0.7521884748958203,0.2342315583332373,0.00961566087975802,0.0027491121103889213,0.0012151937807954858
N4673HD,0.1946534493063369,0.6273545300134418,0.14857797629674127,0.021873751713112302,0.007540292670367634
N0760HD,0.08324666168089011,0.6463394910188164,0.22730718655239593,0.034683145264676404,0.00842351548322128
N4672HD,0.6367017200442535,0.29823607997431156,0.04212269920941425,0.017231204025854218,0.005708296746166407
N2593HD,0.8821345366975076,0.10951917425953389,0.005167931018088692,0.0020566576895582594,0.0011217003353113483
N4677HD,0.13819752015947093,0.6606505983691013,0.18203782126200665,0.015296530592304756,0.0038175296171162687
N4680HD,0.1647754817356035,0.6200841946138905,0.16983460223746433,0.03404845099202217,0.011257270421019466
N4688HD,0.020642009911517253,0.08882325625311184,0.39663978681887746,0.4293117771948865,0.0645831698216069
N4689HD,0.8285430446282877,0.15900007584381237,0.008118741460087689,0.002867195700191427,0.0014709423676208852
N4691HD,0.14089873841603046,0.3928346590274037,0.2711739248528669,0.14797063441266964,0.04712204329102927
N4692HD,0.5616453541900583,0.3819142894126017,0.0364591587472979,0.013463769672050388,0.006517427977991537
N4694HD,0.02907532026732026,0.24655203710624413,0.5152710969111138,0.17892976501875885,0.030171780696562844
N4695HD,0.08644154535395353,0.6587860486238176,0.22765997096743495,0.02224001494529838,0.004872420109495482
N4699HD,0.503872786755802,0.4451342754799088,0.037640990194932125,0.009627433070131074,0.003724514499225762
N4703HD,0.45768284796899517,0.36333418418076524,0.10000922373417363,0.05940294836720206,0.019570795748863924
N4704HD,0.00606690311066395,0.01716894221109477,0.38023444017107494,0.5685916422735224,0.027938072233643887
N4708HD,0.9254771248638054,0.0694172552879658,0.0031228571043515614,0.0012697285316518616,0.0007130342122255268
N4714HD,0.5474230837142217,0.39990482481521517,0.03507046207783939,0.011299734369521534,0.006301895023202062
N4721HD,0.06927466337235189,0.5029286698991497,0.328405541540794,0.08455823533985926,0.014832889847845192
N4722HD,0.866100926971412,0.12767939810459086,0.00402501836829197,0.0014493895450431308,0.0007452670106618308
N4724HD,0.16043441344151801,0.7366587106424425,0.090813424313601,0.009591985903526886,0.002501465698911631
N4726HD,0.07309167450503408,0.7548471880844908,0.15918069038765373,0.010089278684371417,0.002791168338449818
N4735HD,0.7043990049551861,0.2800486886158386,0.009766138716833343,0.0037570163769117945,0.002029151335230181
N4063HD,0.44702907863003716,0.4419773950038591,0.06823670279108186,0.030061738707412473,0.0126950848676094
N4712HD,0.7220958407876241,0.26002688276967006,0.013556308862640738,0.0030671180289983963,0.0012538495510666413
N4738HD,0.201938601251951,0.6438251544106482,0.12023555695122817,0.024052648880142854,0.009948038506029626
N4740HD,0.046574182744686464,0.2563231627497056,0.33227440922138846,0.30215024347998853,0.06267800180423092
N4742HD,0.029021310502820703,0.12482117362113845,0.5040878783662459,0.2641493252657851,0.07792031224400987
N4745HD,0.8049932833656372,0.17783652033986916,0.012980844861325244,0.0029602779121222517,0.0012290735210459705
N4747HD,0.7921683536108552,0.17898526895214073,0.018033621479133097,0.007200140772487938,0.003612615185383008
N4750HD,0.6931982869747995,0.25939283442903377,0.03212981740718469,0.011317121750859757,0.003961939438122275
N4752HD,0.008410064457877304,0.04747596042593548,0.43843208845211473,0.46748670897765804,0.03819517768641422
N4754HD,0.5107968313408034,0.45797820109155324,0.025761602768788732,0.004002777866064554,0.0014605869327899978
N4755HD,0.28906571777302165,0.5594029342920777,0.12047634105714126,0.02340792817968242,0.007647078698076998
N4756HD,0.5324257749144,0.4274412991908199,0.03111190757349671,0.006645265397220024,0.0023757529240632214
N4757HD,0.857803556918353,0.13254027266758495,0.007295924301389555,0.0017342661683843674,0.0006259799442880713
N4759HD,0.43471681969189574,0.5152325622185004,0.037201436169761924,0.009465097158293655,0.003384084761548263
N4762HD,0.5802015561623555,0.37493870176876604,0.03384100127798912,0.00829594743348097,0.0027227933574084607
N4763HD,0.5296094502055231,0.41404417864271265,0.037359159476830196,0.012049623411976337,0.006937588262957758
N4767HD,0.7964834548066367,0.18296860003221496,0.014405858109991577,0.004519470471105178,0.0016226165800514284
N4769HD,0.05863581268860892,0.3280190961175778,0.4724851991061683,0.12502751348411978,0.015832378603525116
N4770HD,0.7995554209185944,0.18155836516679294,0.013565662615375756,0.003836522472376656,0.001484028826859971
N4676HD,0.20434506759879859,0.5282100126040894,0.1995655677390315,0.05391573712767519,0.013963614930405285
N4614HD,0.5672432882245483,0.360495358036609,0.055832593740578015,0.011728324439059926,0.004700435559204728
N4774HD,0.2764501941292394,0.5956760545654219,0.09802623878808397,0.02361613663561937,0.006231375881635359
N4778HD,0.04936614821728846,0.28908135711302496,0.4063948471226228,0.21491604149026564,0.04024160605679826
N4780HD,0.006966416531340046,0.02978408758599061,0.23196603987929418,0.41866662916725683,0.31261682683611847
N4783HD,0.5487111354150704,0.4155713269299356,0.027240639628694475,0.006096731476215425,0.0023801665500840143
N4789HD,0.7724424863098946,0.19784623380749844,0.01889967284618017,0.007243936905943866,0.003567670130483043
N4792HD,0.4940717463434891,0.4865716389064375,0.01498319285587103,0.003113756527771923,0.0012596653664304505
N4793HD,0.03915498441681084,0.5690853136774738,0.3203050589789083,0.05576720014047706,0.01568744278632995
N4794HD,0.009421080831290797,0.060513979983863646,0.40549939733470824,0.482490258658943,0.04207528319119421
N4799HD,0.7301267749181551,0.2450822775757681,0.016872352655906645,0.005551257250414962,0.0023673375997552734
N4800HD,0.9232645558262372,0.0701351344726851,0.0042366820210489415,0.0015193573699515742,0.000844270310076983
N4808HD,0.1287873647612401,0.784489881857839,0.07968066162484443,0.0052864027988607214,0.0017556889572158554
N4809HD,0.5590246227163137,0.3910385519708595,0.034560797683103266,0.01013785685882862,0.005238170770895002
N4634HD,0.6569716650566801,0.2982324696358157,0.030772838305347657,0.009856614485729227,0.004166412516427426
N4784HD,0.9034747081912043,0.08742207646588927,0.005860049226048221,0.0021485497303108487,0.001094616386547263
N4815HD,0.8844665688222199,0.1079309066710598,0.0044640633158392826,0.001948695596905204,0.0011897655939760456
N4816HD,0.7287497525234009,0.2464083798582339,0.016606095492535274,0.0061052560552869025,0.0021305160705429125
N4817HD,0.3617520456448083,0.5640063479803509,0.056671744209637616,0.012893924403338667,0.0046759377618645435
N4818HD,0.9045382390558793,0.08850615151661448,0.0042374383862346255,0.0017416630496246354,0.0009765079916468011
N4821HD,0.026855172212707022,0.9015504936460627,0.06216139731330892,0.007627144172650019,0.001805792655271088
N4830HD,0.8662027254958952,0.12257936853281612,0.007796257163421682,0.002473658214004802,0.0009479905938620494
N4748HD,0.8594068322774956,0.13176750369605605,0.005469774492643935,0.0022979747543506383,0.0010579147794537345
N4684HD,0.8346038256130668,0.15580223495518195,0.006332333832554245,0.002122173159903901,0.0011394324392931614
N0389HD,0.02526035002878557,0.8979718855713579,0.07090877641911526,0.004636938666144448,0.0012220493145967798
N4796HD,0.34375038886506254,0.5013370439241963,0.11611198595039816,0.030776629332056864,0.00802395192828614
N4834HD,0.005900902532360301,0.019651476395919677,0.4314580187383575,0.5160025245167928,0.026987077816569838
N4835HD,0.06077148297515447,0.8959251261630808,0.03836590398494034,0.0037015071689283333,0.001235979707895859
N4837HD,0.48669397962668587,0.4893966508022495,0.01881978529872439,0.003500132643355411,0.0015894516289848707
N4838HD,0.12358514396689019,0.8015245598629296,0.0661401504742165,0.006439895203073728,0.002310250492889872
N4839HD,0.03924149884492504,0.7011413913318856,0.22764928020462788,0.025388813510618,0.0065790161079435465
N4842HD,0.7179709481991763,0.24934475210204374,0.022446394009381344,0.007456012065943065,0.0027818936234555755
N4844HD,0.923290457861006,0.07167966431550622,0.0032839834133860735,0.0011755638989984594,0.000570330511103147
N4846HD,0.13869867639363664,0.4997013841740717,0.2661630297684766,0.06747788580922963,0.027959023854585326
N4847HD,0.8035635588001575,0.18676950577976068,0.006647726301310187,0.002075091583599489,0.0009441175351721013
N4849HD,0.35215161608323425,0.5772659665345811,0.05259379845857426,0.013333626871044911,0.00465499205256547
N4852HD,0.043206135627389605,0.7689699140219847,0.17298738280010745,0.011698300226407294,0.0031382673241110884
N4853HD,0.6064380674126006,0.3609478982437273,0.023361588126669823,0.006797218255656507,0.0024552279613456645
N4856HD,0.8745031882548103,0.1181788491965667,0.004962591455460483,0.0015829697756120698,0.0007724013175505082
N4858HD,0.8711799082355369,0.11813963061343001,0.006400663000535692,0.0028403742990880795,0.0014394238514093011
N4860HD,0.21969534654413825,0.6962789624240167,0.06949989256751439,0.01061863234249868,0.003907166121832118
N4861HD,0.902637144496146,0.09260959434024361,0.003144477872051521,0.0010150173520924691,0.0005937659394665048
N4863HD,0.5711915682615751,0.4097145576470493,0.013222060216204418,0.004067630117786033,0.0018041837573851535
N4864HD,0.699922004105871,0.2815023213447675,0.01265375769263721,0.0041971429205311765,0.0017247739361930306
N4866HD,0.7814663730298567,0.1993776933933499,0.012921524199945291,0.0043101514233511475,0.0019242579534970775
N4012HD,0.703124506281705,0.2737948265788026,0.015920775052993722,0.005058412866657142,0.00210147921984161
N4825HD,0.28640398148878365,0.5820961257529287,0.09308310163700637,0.02900225411118034,0.009414537010101124
N4875HD,0.053400218542199264,0.3786138937676848,0.4260433669665302,0.11773170926126901,0.02421081146231671
N4878HD,0.036550225784854715,0.1931735422674565,0.3537030849580253,0.3260031041490826,0.09057004284058086
N4883HD,0.03680315847778956,0.6418899214616535,0.2951689229058424,0.021596896248791055,0.004541100905923493
N4884HD,0.5600428113515777,0.3873088147474786,0.04104822058333555,0.008976051390932977,0.002624101926675116
N4887HD,0.23613769878837512,0.6816853798530776,0.07183186419461082,0.007810404021002622,0.002534653142933863
N4891HD,0.6897002054107072,0.27699494227051497,0.02499536510219984,0.0062579913834231145,0.002051495833154773
N4892HD,0.1440425108381492,0.7282536177135889,0.11113267329885015,0.013071693632617325,0.0034995045167944463
N4895HD,0.8488816989102383,0.1395481144566226,0.007664171328493384,0.0027181605101421935,0.0011878547945035115
N4899HD,0.7743564852595742,0.21302673755372442,0.00795608600899233,0.0032356736696194026,0.001425017508089794
N4898HD,0.2933463728492588,0.6402755724374166,0.049213722415855615,0.011532872521428303,0.0056314597760405965
N4902HD,0.6262648533512634,0.32170932737682323,0.0347182256406884,0.012838829284393411,0.0044687643468315575
N4904HD,0.17067785296151297,0.6098048599867668,0.17732823426762045,0.03074715634661485,0.011441896437485014
N4906HD,0.760449622014812,0.2275153781478232,0.008962827036011022,0.0022366631258929903,0.0008355096754608154
N4909HD,0.8085133596980918,0.177405590280396,0.008345501689886807,0.0037736829200058523,0.0019618654116197684
N4912HD,0.7045572307971084,0.2734132325516582,0.01685582134649663,0.0036340014005452627,0.001539713904191474
N4913HD,0.6603264785987473,0.3159026023829478,0.017069195363549023,0.004841006621661147,0.0018607170330946967
N4914HD,0.129662584995823,0.7336948554679025,0.11798456649062225,0.014711709779838652,0.003946283265813753
N4908HD,0.8977327806624561,0.09672567343658457,0.003737219847504943,0.0011944330876970841,0.0006098929657573634
N4937HD,0.8742325288275857,0.11990294398521337,0.0039574918448598735,0.0012669000997884902,0.0006401352425522236
N4938HD,0.9036587003131319,0.09081666228980124,0.003649216197599165,0.0012287922341230155,0.0006466289653448688
N4949HD,0.8983814511915352,0.09492891411386792,0.004510296198557598,0.0014506183129725165,0.000728720183066578
N4952HD,0.7503255987834891,0.23029631018975313,0.014499440880833681,0.0036750497986190885,0.001203600347305088
N4954HD,0.5049374402460092,0.4509803574846269,0.0348409993719472,0.006724776295392524,0.002516426602024152
N7917HB,0.8988303038446478,0.09566131056039655,0.003571303338776485,0.001244145199169882,0.0006929370570096842
N4951HD,0.7457958912458778,0.2390604225631501,0.010750599204159085,0.0029004176731710087,0.0014926693136419558
N0385HC,0.15361224930983466,0.6224957140525318,0.1802691382716184,0.03435982086200694,0.009263077504008326
N3920HD,0.3966677858000035,0.5062761616876198,0.07684225261399147,0.015110303112322854,0.005103496786062376
N9498GW,0.7667813868687614,0.21246695136680935,0.015176764831428049,0.004004867082659866,0.0015700298503414254
N4961HD,0.9154556691914969,0.08028416880588894,0.002995355376205367,0.0008620897720210545,0.00040271685438774936
N4965HD,0.36510754947652685,0.4922660436217495,0.11870375166706441,0.018746530648071604,0.005176124586587547
N4967HD,0.6139522534748793,0.32607515605102216,0.03899003397549266,0.01564042527128373,0.005342131227322236
N4968HD,0.40674104039518466,0.4514128804920777,0.07776343945528369,0.047803276098395776,0.016279363559058194
N4973HD,0.8188627630525176,0.16421955862465998,0.011621289936770597,0.0038644021151003106,0.0014319862709513487
N4976HD,0.024513870975149017,0.2657244046932592,0.6039591797740324,0.09061969000506152,0.015182854552498064
N4977HD,0.23500770392077125,0.6680155380963055,0.08466935872257811,0.009125205513179547,0.0031821937471655246
N4978HD,0.684461810622308,0.2797276688515089,0.02437678597759725,0.008463562503790888,0.0029701720447949296
N4982HD,0.4133838714704933,0.4971261067185356,0.06365064848190717,0.019689778696185975,0.006149594632877931
N4983HD,0.1352179004345587,0.4566050791419963,0.26302741851765105,0.1295292728283074,0.015620329077486644
N4984HD,0.8692510924985962,0.12459438826204064,0.004037007565759084,0.0013927195388953187,0.0007247921347085507
N4992HD,0.015441932478758118,0.11941898106641674,0.35646199374837917,0.44646323860490866,0.06221385410153753
N5000HD,0.6284592537291152,0.30864616932508,0.044970619952573745,0.01284022522425617,0.005083731768974879
N5006HD,0.43977012768329565,0.5207623910535584,0.027799645567045915,0.00865902871219682,0.003008806983903301
N5007HD,0.7349432258262208,0.2345207897565372,0.020079441614109666,0.007563269730444182,0.0028932730726882547
N5008HD,0.18252019688348262,0.5673482675344317,0.21739687837160923,0.027651677480728724,0.005082979729747701
N5011HD,0.22009514670931674,0.7011526604806168,0.06753721201735877,0.007954542541852495,0.0032604382508552897
N5020HD,0.5536556464480953,0.4109958576365986,0.02630150977126186,0.006360117303985934,0.0026868688400582706
N5024HD,0.770692384692269,0.2102966741132475,0.013689368217960872,0.003674295087537845,0.001647277888984812
N4826HD,0.8938982446654492,0.09870335851546624,0.004882699250725405,0.0016930216341865245,0.0008226759341726102
N5032HD,0.8236721861595538,0.1615170069919976,0.010847534733914779,0.0027714677860443604,0.0011918043284894204
N5041HD,0.889789596414019,0.10223730403669362,0.004858093865683125,0.0020688633307111106,0.001046142352893199
N5043HD,0.9393858559601818,0.05384755269490517,0.004337470058216492,0.0015327822656520155,0.0008963390210445009
N5044HD,0.4237328694118164,0.48771337005068355,0.06546393376203971,0.016861655374477414,0.006228171400983059
N5045HD,0.7881256184646717,0.19581133910783163,0.011638249404043231,0.003154712225971723,0.0012700807974816311
N5004HD,0.8950943643641964,0.09394817131665963,0.006532031956380918,0.0028434478980335675,0.0015819844647292675
N5055HD,0.4908857153585338,0.40715557147131204,0.06939390355494639,0.02601814432302013,0.006546665292187605
N5056HD,0.13875037935489995,0.4304521576719928,0.28046130273345693,0.102294282197651,0.04804187804199916
N5057HD,0.6266101429917169,0.3524882659708321,0.01482356432337087,0.004281080902092229,0.00179694581198789
N5059HD,0.5507665321918938,0.37117599277430136,0.057344385805912196,0.01497400416006181,0.005739085067830822
N5061HD,0.6109122817779187,0.34757974216053955,0.030811999409589272,0.007659386930697778,0.0030365897212546295
N5018HD,0.9024139110473336,0.091135016883835,0.003992123076591539,0.001644273358691958,0.00081467563354787
N4896HD,0.5871539351722528,0.3674866808594325,0.034558555307517086,0.008273993189474294,0.002526835471323364
N5064HD,0.7467673013288116,0.2264926954455968,0.018030479077115233,0.00665167617086206,0.0020578479776143677
N5065HD,0.4491670232782327,0.5181425183951411,0.025538569118138094,0.0055755412580782825,0.0015763479504097345
N5067HD,0.2409499894832704,0.6121868801236198,0.11288667764577646,0.02709581595164319,0.006880636795690288
N5070HD,0.03583779013617368,0.49843292381861604,0.4113934609445644,0.044756454594969956,0.009579370505675899
N5071HD,0.19747213135993666,0.6874476774590079,0.09591281860236714,0.014458516670509066,0.004708855908179185
N5072HD,0.17124594003815735,0.7119958783025715,0.09762239983040812,0.01446484715941823,0.00467093466944489
N5074HD,0.7818675186489805,0.20347128021988825,0.010440508458882,0.0029259080862650702,0.0012947845859843405
N5075HD,0.933964025492319,0.061132223880939494,0.0028997992587634167,0.0012241709292862516,0.000779780438691913
N4923HD,0.8445883366428311,0.13581905250236898,0.011899104675842308,0.0050584483938841945,0.002635057785073455
N5076HD,0.777167478720288,0.2094151676097567,0.009110210334635287,0.003046155183761282,0.0012609881515587415
N5079HD,0.04851106762974858,0.29566229288733753,0.48281754695389834,0.14899721751561107,0.024011875013404484
N5080HD,0.6798022488915735,0.29896366154254495,0.014788177814861173,0.0042679925397107335,0.002177919211309574
N5082HD,0.7165558599241874,0.24767431160522646,0.024088161503098553,0.008217751618278101,0.0034639153492096106
N5083HD,0.6172527010180076,0.342950920114424,0.027482972527393026,0.009295722145976525,0.003017684194198914
N5085HD,0.11972884753723524,0.5570725786177384,0.2847310042710061,0.029263162511417334,0.0092044070626028
N5051HD,0.38090253594182166,0.5854653502704348,0.028435804120452532,0.0037955025090691485,0.0014008071582220325
N5039HD,0.057377353657867496,0.3283543501153972,0.4125120663706985,0.16152814737306959,0.04022808248296714
N5088HD,0.8791268558497957,0.11272202225815346,0.00505867068202003,0.0019791966216959568,0.0011132545883349788
N5091HD,0.04218047721663188,0.9397681088662,0.015677692630369038,0.0017422484711775653,0.000631472815621451
N5093HD,0.012742654422779096,0.06511154908644178,0.24539300082788232,0.5335840999609338,0.14316869570196303
N5100HD,0.009452065317525474,0.054730392849441374,0.35183293482822703,0.5402790851153139,0.043705521889492165
N5103HD,0.0822668960484932,0.3618255854708764,0.39369652421829837,0.11675534195341074,0.04545565230892125
N5104HD,0.9459959871492882,0.05070650519614989,0.0021550317423232636,0.0007825634935345548,0.00035991241870415787
N5105HD,0.741394197242645,0.23369852839260274,0.01491953629509561,0.006350934325583823,0.0036368037440726174
N5106HD,0.7048183521814505,0.27072258860736137,0.017170961684061903,0.005353973080270603,0.0019341244468555879
N5109HD,0.4922956986848139,0.48033376745355577,0.0230691039450967,0.003050599234520112,0.0012508306820136123
N5112HD,0.5218882062549111,0.4228481712041964,0.043434224366886355,0.008908480689248509,0.0029209174847576163
N5115HD,0.8485229735454852,0.14064831126099342,0.007861159718605468,0.0021724359306781447,0.0007951195442376243
N5120HD,0.014529861041702213,0.0738441247832219,0.345755565882515,0.46041907664672216,0.10545137164583862
N5121HD,0.5563401600633968,0.3992082448249711,0.029516852061219952,0.011091699216685968,0.00384304383372622
N5122HD,0.5901743595234469,0.3553701881172352,0.03951222544015955,0.011425020412047902,0.0035182065071105357
N8305HB,0.849517150188989,0.14110114729744938,0.00607601047074022,0.0023145396055710447,0.0009911524372503316
N5126HD,0.04751752336692879,0.22583481145088818,0.3781403680086714,0.279363778560934,0.06914351861257749
N5128HD,0.9014616768147662,0.0913590791101866,0.004259025453748763,0.0019412503484264767,0.000978968272872152
N5133HD,0.014911874863824455,0.07641248441946831,0.3935094362493512,0.4688142018082707,0.04635200265908544
N5135HD,0.7347193257549933,0.24168073468627307,0.01619045540846753,0.005451790952423855,0.0019576931978421567
N5143HD,0.8065197589874464,0.18229034952558482,0.008488616332493211,0.0019106251194346171,0.0007906500350410502
N5144HD,0.28624965506128075,0.6075372357121573,0.08731222392751721,0.014882692819229793,0.004018192479814858
N5149HD,0.17702125784707914,0.6292403290952442,0.13650179125828413,0.04536500147197429,0.0118716203274182
N5152HD,0.35500611522081815,0.5721772981268417,0.061730419221580374,0.008429601697326152,0.0026565657334335076
N4394HD,0.13507147859707694,0.36867728410926653,0.39753304211898116,0.07619567000434829,0.02252252517032698
N5029HD,0.16613743670204892,0.6418628136859518,0.1531057898694761,0.028324875221216888,0.010569084521306298
N4368HD,0.9277430556998761,0.06760733785129022,0.002932393554658759,0.0011010939927312423,0.0006161189014438818
N5013HD,0.3432426908832547,0.5548155919485147,0.07672498170102914,0.017110327713500906,0.008106407753700598
N5153HD,0.29358004201806165,0.5725236058334454,0.1133885747218037,0.015836046253255166,0.004671731173434222
N5157HD,0.8810770890558766,0.11185773686925828,0.00452943570534508,0.0016256277218299306,0.000910110647690017
N5170HD,0.5940074117196532,0.3767258571560407,0.022053951432651094,0.005284673929055791,0.0019281057625994485
N5172HD,0.841412731933704,0.14170537538273528,0.011455293222222976,0.0037342027834318964,0.0016923966779057368
N5173HD,0.6527117117231422,0.297262355569356,0.03436582953681899,0.01094483235318428,0.004715270817498647
N5147HD,0.6454529090213795,0.33351713783484405,0.014109045692100078,0.004580408788068571,0.002340498663607702
N5178HD,0.6476790899452144,0.2949793067550855,0.03976552610258251,0.013249066540029344,0.0043270106570884636
N5180HD,0.5012343919348996,0.43835259139966787,0.04277053343365146,0.01256614901866213,0.005076334213118948
N5181HD,0.38010358330567995,0.5167350623998465,0.07651963533141921,0.020251025014512914,0.006390693948541581
N5182HD,0.9111914278632866,0.08324917946014496,0.003655593892569388,0.0012490095493400137,0.0006547892346592766
N5183HD,0.10871085615794812,0.8448295589150255,0.040709851252039755,0.004439079694443064,0.0013106539805435504
N5185HD,0.2571161517622374,0.48244093647959074,0.19289650155706917,0.05540274100638077,0.012143669194722135
N5187HD,0.20113328997357618,0.5255040982055609,0.19387077538105588,0.05918756011782904,0.02030427632197798
N5188HD,0.17136061694947582,0.48435423135570854,0.18465828369386617,0.13589809113591542,0.023728776865034
N5190HD,0.010204269712761723,0.06265893184531891,0.3840038240824253,0.500100058728859,0.04303291563063512
N5192HD,0.5329735177367447,0.45236072027894164,0.011742754258143062,0.0020077078606841638,0.0009152998654863761
N5193HD,0.6706584887800355,0.29696982427181406,0.024223320448469064,0.005866672461455039,0.0022816940382262957
N5197HD,0.844947521469741,0.1447938642053503,0.007806997439000295,0.001730655257251187,0.0007209616286571601
N5198HD,0.17067278482111134,0.47716218671056093,0.20938115136540109,0.11112745821295433,0.03165641888997233
N5199HD,0.6278831155321826,0.2948317423598589,0.05400862762887554,0.017811104333349936,0.005465410145733111
N5200HD,0.7425754586168973,0.23069606645805266,0.01674031142837835,0.006684205392408055,0.003303958104263753
N5203HD,0.05032977995560481,0.2160950013896758,0.3763698965248934,0.2872496885017951,0.0699556336280309
N5209HD,0.05823843265916497,0.2768174025811313,0.4643334868448982,0.1751298037475957,0.025480874167209715
N5212HD,0.8075889586374918,0.18237935724333906,0.007011912469301171,0.0021131371283298044,0.0009066345215380068
N5215HD,0.5068071771902969,0.44147236337541984,0.03887558174563812,0.009541959763399077,0.003302917925246063
N3574HD,0.8144814287282401,0.16602355404727512,0.011182230636365767,0.005364494476536946,0.0029482921115819493
N4760HD,0.06819669273854974,0.43604498405720704,0.33851652788080067,0.11691416344648263,0.04032763187695995
N5225HD,0.7709976729746588,0.21554247065081575,0.009593688011619986,0.0028313644578535106,0.0010348039050518502
N5226HD,0.5427428329997374,0.38350493667045565,0.053349451945745655,0.014708436583774928,0.005694341800286354
N5227HD,0.7560415086658901,0.2205416937208262,0.01625119853190815,0.0050633637477421585,0.002102235333633381
N5233HD,0.01757029438123994,0.08198970649328857,0.37050763350193255,0.36883237825201726,0.16109998737152179
N5238HD,0.7980143582294984,0.17838570793844202,0.015429436344972606,0.005179994289879618,0.002990503197207359
N5241HD,0.7835232002954052,0.1927744311545598,0.016628763958319293,0.00507107575129542,0.0020025288404203457
N5243HD,0.008459117939510466,0.04198378803881198,0.38877385023067046,0.5284617586988963,0.03232148509211075
N5246HD,0.7563634775284571,0.21762294272797358,0.01810941431610465,0.005420330038655666,0.002483835388808861
N5247HD,0.006250536097830475,0.018397316821246065,0.3779072257506565,0.5761624608815185,0.021282460448748493
N5248HD,0.5808454595759661,0.3474110498378027,0.05012088749904211,0.015507344530313966,0.006115258556875126
N5253HD,0.5063931740525731,0.436826406259823,0.039597533802446884,0.011065541007739375,0.006117344877417645
N5257HD,0.04317373906095133,0.19432361308613577,0.3657898801560937,0.30318528922459764,0.09352747847222159
N5259HD,0.027654155043912224,0.11049355767810862,0.3628510517702833,0.375055308758046,0.1239459267496499
N5262HD,0.0897736167493213,0.6041317906966465,0.2802725856042332,0.02015158339015785,0.005670423559641211
N5266HD,0.17500144474795098,0.6999070180601495,0.10914734811169685,0.012693740728879603,0.0032504483513230175
N5270HD,0.6570836659176311,0.32208852356731477,0.015922509588831044,0.0034970786515932696,0.0014082222746298727
N5271HD,0.5644270966382545,0.3649170088675349,0.04925370860386313,0.016199390627991455,0.005202795262355901
N5273HD,0.830940258770695,0.15099709052563345,0.011446376919015023,0.004350057463609968,0.002266216321046724
N5274HD,0.85815232548344,0.13108472325904458,0.007491050934992178,0.002315764304148031,0.0009561360183752317
N5211HD,0.2831493493094118,0.5108650495723162,0.13315233331158483,0.06128235593870593,0.011550911867981186
N4843HD,0.49817373227738104,0.42720357920978164,0.04791685372390591,0.017920033989462958,0.00878580079946836
N5287HD,0.5823435634437751,0.3744700090404966,0.030216176891213968,0.009986126757342137,0.0029841238671722762
N5286HD,0.12482324074327181,0.30881649076459644,0.37632413169350964,0.14270675142695396,0.04732938537166818
N5292HD,0.04535391141713507,0.19614022484434226,0.35965898897526205,0.3126987225830519,0.08614815218020874
N5294HD,0.8457773883642437,0.14452751570623976,0.005986976863073497,0.002438127437020174,0.0012699916294230693
N5296HD,0.3077650298715676,0.4723695987072506,0.1405559577983748,0.06567938669547332,0.013630026927333684
N5298HD,0.7842680979848933,0.191966019548914,0.015056610434611149,0.006208292053745114,0.002500979977836447
N5303HD,0.8166856445828088,0.168338710237635,0.009421038890943364,0.003635669283563725,0.0019189370050491771
N5305HD,0.15644446788310132,0.47089558963123496,0.274681543838087,0.07789959436480644,0.02007880428277026
N5306HD,0.8310744712991374,0.1541262941365681,0.010259409707039218,0.0031751939667306697,0.0013646308905246555
N5307HD,0.054528391902075424,0.35924689219681843,0.3804142508947332,0.1736412932351323,0.03216917177124065
N5311HD,0.35479196047896105,0.5073444310769849,0.11402310797121294,0.019246467366237942,0.004594033106603149
N5314HD,0.7253748770959557,0.25528826502498536,0.01255539010556288,0.004648006007379281,0.0021334617661167656
N5073HD,0.08136772090451332,0.3834996716345391,0.35548560396242546,0.14821252450692643,0.03143447899159579
N5277HD,0.06635557990478526,0.22445310647801778,0.41479208574335474,0.22926914397121617,0.065130083902626
N4885HD,0.9211271542577522,0.07149837520025763,0.004767098583040311,0.0017053689434736888,0.0009020030154762803
N5318HD,0.040003861212727865,0.37458792170007826,0.435884380376851,0.12407035766452139,0.025453479045821573
N5321HD,0.767014516605956,0.20862888058713272,0.01656724507494162,0.005499185770599126,0.0022901719613705397
N5323HD,0.9324378881128176,0.06412559017232494,0.0022754711153487846,0.0007666209184423174,0.0003944296810663894
N5324HD,0.7408903933533968,0.2251884151203248,0.02300722916283827,0.0075512326303147324,0.003362729733125401
N5326HD,0.8272377078149681,0.15280298832936495,0.011576338022116293,0.0054291908198342296,0.0029537750137164738
N5327HD,0.7102973256138385,0.2699332127253672,0.013167645335306543,0.004176118796748205,0.0024256975287394876
N5329HD,0.11767668562381113,0.5967115438781505,0.23780210470892912,0.037704400941856675,0.010105264847252514
N5331HD,0.76657294627289,0.20972584101413536,0.01776681535112935,0.004233454822884884,0.0017009425389603657
N5332HD,0.7552106268388447,0.21226031774480073,0.020440686420328487,0.008738117136781062,0.0033502518592451033
N5333HD,0.8344629999115282,0.15777472684291285,0.00530356675598196,0.001684436777915841,0.0007742697116611236
N5334HD,0.025648390203127636,0.9242428359437298,0.04451137714237871,0.004383054658117756,0.001214342052646093
N5338HD,0.023690361937254618,0.12568978605840167,0.3915986506166778,0.3142643652667527,0.14475683612091317
N5339HD,0.06998834998828106,0.4628071412716295,0.3678256818906279,0.07982361810045287,0.019555208749008807
N3820HD,0.02673019470427919,0.10614198404375878,0.3311780286238387,0.3554782536332899,0.18047153899483348
N5342HD,0.8850688218302799,0.107293862599826,0.005180760485773374,0.0016528870551457179,0.0008036680289749962
N5345HD,0.688810464950801,0.28006462573854096,0.023002352613546887,0.006224697733625006,0.0018978589634860313
N5346HD,0.511014202912939,0.4438383720078078,0.03573890986472321,0.006888026569768786,0.002520488644761226
N5348HD,0.02076109009342481,0.14425827411090367,0.2595410807034719,0.4471258409434486,0.12831371414875103
N5351HD,0.694424591875473,0.2612086769563677,0.030207921922016073,0.011125038753986375,0.0030337704921568963
N5354HD,0.007034577478784511,0.025006251860461435,0.3297834985969627,0.6172981579744864,0.020877514089304914
N5355HD,0.4851167852287638,0.4772382899792786,0.02758719100069693,0.007331568090286637,0.0027261657009740392
N5362HD,0.8929871777634382,0.1020084597976171,0.0031461633405073337,0.0011901552110678277,0.0006680438873696151
N5364HD,0.7832300233346452,0.19825394479396313,0.013095010433906481,0.003954075063804294,0.001466946373680825
N1264HD,0.03153953966149558,0.8520624089151134,0.10617593196104025,0.008394852981738357,0.0018272664806122537
N4985HD,0.31318634313209637,0.5876618031617311,0.07240186304663246,0.020493937089235983,0.0062560535703042345
N5368HD,0.010595740299856658,0.06517936894726345,0.3717954534911336,0.4816010130208543,0.0708284242408921
N5371HD,0.7979151187760722,0.18108035112848295,0.014835176769924418,0.004342726202056553,0.0018266271234638164
N5372HD,0.7511517373631694,0.23394219082549142,0.0114618703028917,0.002474015674522714,0.0009701858339247889
N5373HD,0.5758574141349125,0.4051058102317382,0.013514072733454015,0.003777651598416935,0.0017450513014782955
N5374HD,0.515602685577211,0.45082666621403744,0.0284569154538854,0.003735974791198288,0.0013777579636679363
N5377HD,0.711973767710977,0.2701394983937569,0.013703750822445907,0.0030261217475421433,0.0011568613252779653
N5379HD,0.7581073938525424,0.22158547651469654,0.015080292030588647,0.0038435640448161723,0.0013832735573562566
N5381HD,0.06813040293031833,0.350298168049301,0.28040853275985517,0.23424285507811288,0.0669200411824128
N5383HD,0.18599700122131918,0.416828258335222,0.24250016085226556,0.12261472047370055,0.03205985911749262
N5385HD,0.8662358857662417,0.1288529477049659,0.003409627709136409,0.001045290523228501,0.000456248296427626
N5387HD,0.044784575525320634,0.27809370336686434,0.4183676312711794,0.1815052855967795,0.07724880423985622
N5388HD,0.08594247127097078,0.309029204140929,0.309433630684924,0.24836390019861912,0.04723079370455698
N5389HD,0.02992001896832516,0.7091961944358959,0.23427104552867828,0.021162386049211755,0.0054503550178890015
N5391HD,0.6253732060437671,0.34504345121300506,0.02230964145562437,0.005187740583279209,0.002085960704324303
N5393HD,0.4991668332947037,0.46513347342450057,0.02977663668000253,0.004431502371092102,0.001491554229700987
N5395HD,0.7057074586014555,0.2605014270010493,0.023796071262617777,0.007246179197810193,0.0027488639370672058
N5397HD,0.7666666470749636,0.21375519582470562,0.013256077312936375,0.004599179953958428,0.0017228998334358713
N5398HD,0.7454433900918482,0.23701352256959626,0.012023244431717036,0.003928554757646299,0.0015912881491921646
N5386HD,0.14343814949577927,0.6478897603138555,0.19007719230277315,0.014235398473888093,0.004359499413704118
N2483HD,0.8224393827293042,0.15688332245919653,0.011746959562217364,0.005536732795372457,0.003393602453909385
N5402HD,0.8505521687546173,0.1376455322236843,0.007965479522946841,0.0025302891581148353,0.0013065303406367215
N5404HD,0.6859885089828082,0.28097236115137797,0.023148304114836746,0.007207154971893933,0.0026836707790831235
N5405HD,0.9185238765729683,0.07699646279356077,0.002879104984805808,0.0010472272016567353,0.0005533284470082735
N5407HD,0.20068906000708608,0.5748460817065647,0.15488563891337193,0.05546234372078278,0.01411687565219461
N5414HD,0.49350262633267145,0.4852746030353875,0.016293090118638814,0.003525431847768269,0.001404248665533954
N5415HD,0.8360106548835152,0.15476045806195618,0.0055505664969225646,0.0025483501919650337,0.0011299703656408916
N5416HD,0.1255696399401265,0.7780542494969229,0.08135928852131316,0.011318397671747294,0.0036984243698900674
N5421HD,0.7342858397225028,0.24381863207634644,0.014910021947082033,0.005115149473821917,0.001870356780246899
N5430HD,0.8516100338974699,0.13535725390062114,0.009014807251696,0.0029029766949788495,0.0011149282552340434
N5431HD,0.042941711285654195,0.8267699923836009,0.11986558380357604,0.008160082032981913,0.0022626304941867287
N5432HD,0.7381630776142393,0.23846511431187978,0.016694628493721678,0.004959042049122557,0.0017181375310367606
N5437HD,0.832689111552034,0.15484240069215321,0.008371375931667443,0.0029662409935706587,0.0011308708305747626
N4225HD,0.2931197654681816,0.6136107542259832,0.0716107960419805,0.01648074242413671,0.005177941839718095
N5123HD,0.4340696459635761,0.5072988363394239,0.04005490835935264,0.013944757100516837,0.004631852237130617
N9187HC,0.04171664610247701,0.22712051988921217,0.32936483163630936,0.3314316269349904,0.07036637543701113
N5439HD,0.15707312042833096,0.4888930239968853,0.23980915605352,0.0889109833487304,0.025313716172533363
N5440HD,0.10950623546356922,0.7017773630836466,0.1707335178220892,0.014136389652967611,0.0038464939777274223
N5443HD,0.06593177091445905,0.3519304267345345,0.3993439533884616,0.15312608769245964,0.029667761270084997
