ncode,proba_0,proba_1,proba_2,proba_3,proba_4
N4541HD,0.752792893927332,0.22451479117795614,0.015688370573305254,0.0045695537377400935,0.002434390583666404
N4397HD,0.008951731009396795,0.04806545994867217,0.36878116611593614,0.53344390751097,0.04075773541502483
N4544HD,0.8740237823134441,0.1191950209467666,0.00444231098380174,0.0015223668326604788,0.0008165189233268134
N4545HD,0.08930123526735848,0.276041828316451,0.37473537444683147,0.20568272092824783,0.054238841041111124
N4546HD,0.13594581513022805,0.7893558293558328,0.06537406880789068,0.007054208899982585,0.0022700778060657906
N4550HD,0.8191999467097583,0.1680746192287978,0.007607490312352443,0.003223721528374872,0.0018942222207165898
N4551HD,0.8284897732045022,0.16329176774113005,0.005392167154291993,0.0018529890647278496,0.0009733028353480519
N4554HD,0.08029909662447583,0.627164602109159,0.2542033934347321,0.02957588625258832,0.008757021579044833
N4555HD,0.4443480703827831,0.4753687698494205,0.06188087871491924,0.013866749739186796,0.004535531313690165
N4556HD,0.3536061946083899,0.4587762706869065,0.1272284158821269,0.04858846072506799,0.011800658097508679
N4563HD,0.41977163831272224,0.49162667971190055,0.06808667103468453,0.015983870732036037,0.004531140208656471
N4567HD,0.8927915339677138,0.09615089578404494,0.006090750448511157,0.003099768463080925,0.0018670513366492404
N4561HD,0.8229750749098437,0.1670353398377894,0.006460557540788779,0.002375174636173601,0.0011538530754044284
N4571HD,0.32283417699839695,0.5939769263918754,0.06435351864612705,0.013333400848435893,0.00550197711516489
N4574HD,0.943362664123136,0.053086081872588904,0.002242342165132683,0.0008405600803955213,0.0004683517587469962
N4575HD,0.5092803972748262,0.4362711566302172,0.04111550318498374,0.00970935221289144,0.00362359069708145
N4579HD,0.2288478581615945,0.6268156393880466,0.11564981827124607,0.021344502193447735,0.007342181985665203
N4581HD,0.16882730148146147,0.737201583553051,0.08346095326633422,0.008150809710091597,0.0023593519890619027
N4584HD,0.13750478569152544,0.7890459373655752,0.06482227185576006,0.006491630263646301,0.002135374823492932
N4578HD,0.8033029422671771,0.18496837216974807,0.008204986773037123,0.0024071332252218838,0.001116565564815723
N4590HD,0.19036207493333954,0.7013064287954313,0.09438806204152626,0.011465396969106399,0.002478037260596537
N4593HD,0.03540502280564136,0.2793793970893932,0.3846520712395886,0.2794361715241381,0.021127337341238617
N4151HD,0.20874502414108656,0.42538697857862445,0.2051317549721998,0.13200618845086876,0.02873005385722042
N4594HD,0.8358712756895754,0.1545893364092815,0.006263454045200792,0.0021372365959065154,0.0011386972600355846
N4600HD,0.4177091771898678,0.525809303251933,0.04595218148216494,0.007980376672420658,0.0025489614036137078
N4605HD,0.07169705133767168,0.3691823251656698,0.43365927619640343,0.10930212365370853,0.01615922364654635
N4612HD,0.3373583962163894,0.5477840045900522,0.08710838967473984,0.021494983249102477,0.006254226269716043
N1701HC,0.2497822753654767,0.6172600287191832,0.09959691307589626,0.023851745417552073,0.009509037421891799
N3705HD,0.019133898274852058,0.07395715526342893,0.30941451329441383,0.32878233723692,0.2687120959303852
N4589HD,0.6120830341083119,0.33293951500294316,0.03847316950873066,0.011450638046040077,0.005053643333974247
N4339HD,0.9104863813637954,0.08251990548333427,0.00395992967276633,0.0018437430724960663,0.0011900404076080138
N4615HD,0.026231757302595582,0.13361003942809102,0.33389090732301435,0.39686600108689685,0.10940129485940224
N4618HD,0.8935047677739144,0.09680816964601165,0.005589196142754606,0.0026166198392417383,0.0014812465980775706
N4624HD,0.5578142031209343,0.4257361188310708,0.013008547568366438,0.002333808547589886,0.0011073219320386282
N4626HD,0.7965895216013121,0.18136513279077876,0.016229778368811905,0.004244204273212072,0.001571362965884999
N4628HD,0.09481154485021302,0.6267921503538129,0.2297688769229199,0.03972737750648437,0.008900050366569809
N4638HD,0.04087672090148507,0.1757586280312273,0.28628528065610653,0.38988921152019274,0.10719015889098837
N4639HD,0.7934124331998031,0.18208447411194956,0.015889209549786024,0.005662250402556153,0.0029516327359051216
N4642HD,0.8784150914267173,0.11325473860475466,0.005446336470955159,0.001881967623113389,0.001001865874459581
N4646HD,0.9213199670991497,0.07286691417834765,0.003349339012177938,0.001538644791834203,0.0009251349184905898
N4631HD,0.8420095504445939,0.14602220737442428,0.008041510517424608,0.002778258985099361,0.001148472678458012
N4656HD,0.03224702680166387,0.10301404054941171,0.3612620892306428,0.4046032132382877,0.09887363017999404
N4658HD,0.7873282380157277,0.19350265060022712,0.013182731392992027,0.004249353914076433,0.0017370260769767264
N4661HD,0.8437451495586066,0.14379706435366243,0.008085211015893672,0.0029235420082974997,0.0014490330635398264
N4665HD,0.8151126744416824,0.17060346423435266,0.010334517692521849,0.002588195239187867,0.0013611483922549878
N4667HD,0.8695456036318826,0.12208535022617643,0.00544330171344271,0.0018420924924745792,0.001083651936023629
N4669HD,0.7243255768323826,0.26055519665989385,0.011051947298020717,0.002828156767349317,0.0012391224423534818
N4673HD,0.18973151279523784,0.6302893246816026,0.1474424766438939,0.022368107913461832,0.010168577965803876
N0760HD,0.07623605699759468,0.6694588135941681,0.20825180639298235,0.036115241445917046,0.009938081569337748
N4672HD,0.629140531232509,0.29629503045074695,0.04938630203283867,0.019541196063284177,0.005636940220621243
N2593HD,0.8770948435643716,0.11411114213409841,0.005410350603154174,0.0021821191332891945,0.0012015445650865022
N4677HD,0.1346795396908886,0.6721048650184944,0.17039996085915568,0.01850014103107292,0.0043154934003883415
N4680HD,0.15679073163043897,0.6453205953398204,0.1567649636743527,0.03208212207977176,0.009041587275616185
N4688HD,0.023624857147915873,0.12016397601011643,0.37150863723963634,0.4322632059853992,0.05243932361693207
N4689HD,0.8312903788132416,0.15698367638409355,0.0073920643593818735,0.0028344904958112344,0.0014993899474716752
N4691HD,0.16028486871224423,0.3956973995785669,0.2679278971174301,0.12971138956722,0.046378445024538806
N4692HD,0.5635377649193015,0.37101394184097547,0.04479945080391729,0.013495744003108906,0.007153098432696866
N4694HD,0.028998211084223093,0.22851666093123302,0.5018641703625605,0.20719103203643682,0.0334299255855466
N4695HD,0.08270664937419181,0.6247546222242452,0.2623772671135791,0.02476175936645256,0.0053997019215312
N4699HD,0.46516065273272916,0.4807297635558252,0.04087187393598239,0.009696837514303816,0.00354087226115934
N4703HD,0.43460540781451623,0.37439430323688144,0.10545192190415223,0.061504951519340524,0.024043415525109604
N4704HD,0.006123571267125003,0.02210343593919586,0.3350192561315866,0.6141783295023553,0.022575407159737375
N4708HD,0.9173826767454774,0.07681108871908493,0.0036323867766692875,0.0014444167029710167,0.000729431055797546
N4714HD,0.5669155964842678,0.3766067307512717,0.03840906330178449,0.011540660480561236,0.006527948982114749
N4721HD,0.08077187849252894,0.4904332588341869,0.3327198490772199,0.07974539642303913,0.016329617173025137
N4722HD,0.86732008557684,0.12567193177712813,0.004551361081178988,0.0016637211754548433,0.0007929003893979124
N4724HD,0.14466335638003797,0.7532059302882538,0.0899445652257436,0.009814788220819909,0.0023713598851449395
N4726HD,0.051439546148641595,0.7865224427217454,0.14716366180079737,0.011816890394634986,0.0030574589341807686
N4735HD,0.7279664273802818,0.2544295252970179,0.011138015412214089,0.004142895144167346,0.002323136766318932
N4063HD,0.4771202127305724,0.42660025140676816,0.05872170820732216,0.0264439756246196,0.011113852030717599
N4712HD,0.8159434160534477,0.17104670048526727,0.009178064566489974,0.0025648711052881196,0.001266947789507073
N4738HD,0.20668430629242962,0.6301899738658006,0.12356095654636384,0.0301573891005824,0.009407374194823608
N4740HD,0.046856030020341714,0.2802463936818053,0.33168934563723096,0.29055932810034807,0.05064890256027378
N4742HD,0.02278500186342666,0.11797892205494201,0.4945291372570391,0.30648375123239996,0.058223187592192194
N4745HD,0.8095898033390362,0.17594110276945343,0.010532532804238808,0.002698980321393335,0.0012375807658782459
N4747HD,0.7956709307739669,0.1754029070002323,0.01857266535810544,0.006872214244109223,0.003481282623586045
N4750HD,0.7205729358763368,0.2356520329018393,0.028190910325506982,0.010790205465671394,0.004793915430645538
N4752HD,0.009676494771459206,0.06401498525389318,0.3995719568367259,0.4865972247807265,0.040139338357195145
N4754HD,0.5152904663995852,0.45598167458175626,0.022953963090857083,0.00407292885134559,0.001700967076455853
N4755HD,0.22878756866783947,0.590412015674329,0.14539359939473281,0.027840797225196473,0.0075660190379022
N4756HD,0.5113108555937489,0.4509631794459422,0.029309152914657355,0.006276069488174136,0.002140742557477576
N4757HD,0.8574498340823735,0.13207025066900804,0.007902944892172801,0.0018077675090227997,0.0007692028474229749
N4759HD,0.2335171619732352,0.6780460195249571,0.07114863366769719,0.012818548865859461,0.004469635968250964
N4762HD,0.2103570863715037,0.6649269719397348,0.10493543511286377,0.015614107849072075,0.004166398726825622
N4763HD,0.5154504664340155,0.4192732022137096,0.04507140448656971,0.013059498296708673,0.007145428568996579
N4767HD,0.8133008134658328,0.1664360924842678,0.013886005914735417,0.0045857983393579795,0.001791289795805951
N4769HD,0.06545663381264016,0.3717923762197191,0.42544900384799555,0.12214884530962347,0.015153140810021757
N4770HD,0.7980019178122694,0.18375459056934268,0.012728972840142214,0.0039540152381078095,0.0015605035401378424
N4676HD,0.23196155908637045,0.49067757759914743,0.19713959182926805,0.06375672510636125,0.016464546378852793
N4614HD,0.5335365339646235,0.3845132507309272,0.06239866572334721,0.01460960226725225,0.0049419473138498935
N4774HD,0.32227585187393504,0.5547143896998278,0.09365614206776335,0.021917603103522983,0.00743601325495082
N4778HD,0.04647454346098619,0.28920789611066877,0.42960374872293466,0.20637157548669047,0.028342236218719757
N4780HD,0.007094120635735863,0.028458001299520592,0.2008679604570556,0.43690081371241,0.326679103895278
N4783HD,0.5725677427687047,0.3912956019992836,0.027014371107034023,0.006466149209127198,0.002656134915850426
N4789HD,0.8029003437134554,0.16969529210539372,0.01780847243693159,0.006186828651630975,0.00340906309258831
N4792HD,0.5176561821311001,0.4614415108950497,0.016240318647577,0.003255724112682813,0.0014062642135905087
N4793HD,0.042449056417857386,0.5462758648342231,0.33398659321681096,0.05793499734718775,0.01935348818392075
N4794HD,0.011170029269604824,0.06853370873584466,0.4155516570387653,0.4657709460337794,0.038973658922005994
N4799HD,0.725861425963329,0.24743413808047054,0.017689998486566043,0.006323696671509204,0.0026907407981251307
N4800HD,0.9155548682099697,0.07759006367163647,0.004369400435517916,0.0015706577082116617,0.0009150099746644581
N4808HD,0.1368263223457429,0.772613622304824,0.08084537754387469,0.007385651368207997,0.0023290264373502455
N4809HD,0.5375328181493608,0.41152279969490685,0.03461354936755301,0.010958652221701351,0.005372180566477934
N4634HD,0.638937928076231,0.3139927805774926,0.031194649026904452,0.011240443935435007,0.004634198383936896
N4784HD,0.8985052445544366,0.09294882867645518,0.0052609770747406295,0.0021525036361665145,0.0011324460582011575
N4815HD,0.8829438424457989,0.10926740308173354,0.0050321068696921895,0.0017637754861659746,0.0009928721166093683
N4816HD,0.7639313146551253,0.21125870093504617,0.016726671886993807,0.005852886517602172,0.0022304260052324228
N4817HD,0.3445216220716086,0.5825249004896527,0.057709610883341415,0.010886876509968908,0.004356990045428412
N4818HD,0.8946227215620649,0.09811315755379925,0.0044050539714309165,0.0017870865399332314,0.0010719803727715104
N4821HD,0.03435168650203215,0.882657757308072,0.07203383499424866,0.008599163241240434,0.0023575579544068315
N4830HD,0.8566811433739111,0.1317250704726924,0.007860201831375903,0.0026298741558618247,0.0011037101661588642
N4748HD,0.8583967106636357,0.13265576430750647,0.005795955975462751,0.0020292408381045735,0.0011223282152906724
N4684HD,0.8327121930894703,0.15563068438234282,0.007872995399139795,0.002514788232594945,0.0012693388964521708
N0389HD,0.023259266462636447,0.9150179244045806,0.05557994723598881,0.004552481436864196,0.0015903804599298938
N4796HD,0.33152095739030385,0.5246448748872284,0.1046786903032546,0.03001528675969799,0.009140190659515142
N4834HD,0.005890462176107679,0.025930525078098038,0.4136303614990358,0.5308820759738427,0.02366657527291576
N4835HD,0.06383948541293799,0.89389694822421,0.03618268955296849,0.004611269883927683,0.0014696069259556555
N4837HD,0.5273501623859069,0.446503552558124,0.020254131562204278,0.00414521952370779,0.0017469339700571479
N4838HD,0.08174980195497111,0.8550801421508286,0.05491310157184385,0.0058354289930606165,0.0024215253292958296
N4839HD,0.03951394955192056,0.7259697460321759,0.19781357286929702,0.03013922411907597,0.006563507427530631
N4842HD,0.7043518202702727,0.2604666679210128,0.023012278702871963,0.008578376170283722,0.003590856935558981
N4844HD,0.9174727851335291,0.07733240607106573,0.003356841012921833,0.0012203197085012458,0.0006176480739823167
N4846HD,0.14039724061066655,0.5390942194441222,0.2306315584551229,0.06644417878804848,0.0234328027020399
N4847HD,0.8192046232196352,0.17004222402505342,0.007402576588130377,0.002300458329035936,0.0010501178381451415
N4849HD,0.3358242349739896,0.5967288556567402,0.05280684926304186,0.010430820670094631,0.004209239436133839
N4852HD,0.045513923642723664,0.7721843609424583,0.165834758574988,0.013116120887357599,0.0033508359524722178
N4853HD,0.7165160736095805,0.25783591705748077,0.017750621533176605,0.005520498749851537,0.002376889049910651
N4856HD,0.8637414221203461,0.12790496387872574,0.005445216280933055,0.0019378413789773693,0.0009705563410176985
N4858HD,0.8838194448283698,0.10519043947642737,0.006526129279907493,0.0028092055509901276,0.001654780864305103
N4860HD,0.20148702033079727,0.7180102760896232,0.06726864707534166,0.009346216172689548,0.003887840331548244
N4861HD,0.8765665172197284,0.11726689319594782,0.0042079046872031374,0.0012894304171181415,0.000669254480002646
N4863HD,0.531030034973014,0.44648433703608686,0.014969687906987668,0.004917216472460558,0.0025987236114508633
N4864HD,0.7124940211867662,0.271187896859604,0.010290115565620747,0.004043924588794,0.0019840417992150836
N4866HD,0.8164210196228382,0.16427665801776623,0.012285917466373818,0.004487126011224665,0.002529278881797013
N4012HD,0.6678116433947051,0.3037515725674894,0.019806427054481164,0.006157050520792051,0.0024733064625322362
N4825HD,0.28649619984258035,0.6016884392166887,0.07913647514802374,0.023968837276758633,0.008710048515948716
N4875HD,0.039092149434270064,0.33846827123157186,0.4584190660636937,0.13837139368953702,0.025649119580927235
N4878HD,0.04573942731014621,0.22948369243259412,0.37185367756147863,0.25614873398624566,0.09677446870953524
N4883HD,0.04721163176809396,0.609621790924406,0.3050017257646663,0.03279605579505581,0.0053687957477778795
N4884HD,0.5558138085819573,0.3872597139964509,0.04308940401956313,0.010083107015313071,0.0037539663867154926
N4887HD,0.20602040586782416,0.7045265381212101,0.07795850273635291,0.008899698303826331,0.002594854970786451
N4891HD,0.689411376571322,0.276338396110274,0.02574237500500226,0.006397265257201971,0.002110587056199815
N4892HD,0.14613226395341297,0.7266722224072346,0.10849900246512487,0.014219709006108586,0.0044768021681188645
N4895HD,0.8383663152996258,0.1506306679581912,0.007314777218446731,0.002562901439550548,0.001125338084185821
N4899HD,0.7768705407455544,0.20939432876488406,0.008903063564771494,0.0032747804790476303,0.0015572864457424223
N4898HD,0.29828398904098463,0.6244178809117413,0.05660210079620928,0.01441242193848923,0.006283607312575421
N4902HD,0.6331685669732389,0.3182927798005234,0.033670211405637585,0.010218389806641314,0.0046500520139589364
N4904HD,0.14644467371022732,0.5904855632334877,0.2174795418555848,0.034963205222478436,0.010627015978221832
N4906HD,0.7254093305169417,0.258758192167803,0.01147879600411309,0.003067403476875542,0.0012862778342667513
N4909HD,0.7964232212331045,0.1874603323234054,0.009943030427013179,0.004032290276176671,0.0021411257403002003
N4912HD,0.7025542955853269,0.2754541275416972,0.016072484155906206,0.004133089092218122,0.0017860036248515086
N4913HD,0.6005632697774879,0.3721825013788968,0.02005029002599768,0.0051855921086280485,0.0020183467089896537
N4914HD,0.13597791438850082,0.7156221428454071,0.12227131742035396,0.02145447044031259,0.004674154905425465
N4908HD,0.9082186247287801,0.08646579740275406,0.003365627319589642,0.0012303145279065958,0.0007196360209695571
N4937HD,0.855388902277081,0.1374747081581036,0.00483223577130946,0.0015484429665871002,0.0007557108269189059
N4938HD,0.9063114305378436,0.08747470659732226,0.004098349134142781,0.0013948470065017044,0.0007206667241897257
N4949HD,0.8838944798535111,0.10885320865987082,0.00484329008600812,0.0015689514996741467,0.0008400699009357243
N4952HD,0.7788741430977556,0.20138353474033727,0.014165000669951806,0.004077209676002583,0.0015001118159526825
N4954HD,0.44193206335515,0.5061293190219548,0.041777745062900905,0.007407602832498577,0.002753269727495718
N7917HB,0.872004787551601,0.12114828866103024,0.004812731593664954,0.001316424741847666,0.0007177674518560297
N4951HD,0.7449106580546341,0.2400150707674598,0.010580654469850246,0.0028365715516027014,0.0016570451564530914
N0385HC,0.14353616219067492,0.6047762782413111,0.20837270976502828,0.031750107467760774,0.011564742335224953
N3920HD,0.3056252325228353,0.5837551513300377,0.08859330145329766,0.017081785859557753,0.004944528834271503
N9498GW,0.775901165843939,0.2043598483207227,0.013773387018482484,0.004055424440051863,0.0019101743768038652
N4961HD,0.9184786647064935,0.07681279555099232,0.0032451203767731203,0.000968249517403395,0.0004951698483377139
N4965HD,0.3933064786897664,0.48818176088841964,0.09427453525657906,0.018596906950886137,0.005640318214348992
N4967HD,0.6253277280434205,0.316005962059154,0.037201847037959763,0.015420983545610258,0.0060434793138555145
N4968HD,0.3489205526834862,0.47106054287221805,0.10760987588484669,0.05284607123949378,0.019562957319955148
N4973HD,0.8136988318142369,0.1692936147061529,0.011828059293518685,0.003727091360163807,0.0014524028259276073
N4976HD,0.02901582480037778,0.2765501355290674,0.5794870700038708,0.09786785508790119,0.01707911457878286
N4977HD,0.21780667722584687,0.6930701254450498,0.07610629775911175,0.009621303827323102,0.0033955957426684428
N4978HD,0.7007742769522143,0.26674576201148914,0.020863613214773185,0.008596462418217068,0.003019885403306493
N4982HD,0.3721231793648745,0.5380291090587711,0.06294054018599142,0.01976958671108751,0.007137584679275475
N4983HD,0.14179038089850526,0.4905760833944828,0.2562034264497665,0.09781662239701755,0.013613486860227874
N4984HD,0.8717472226634436,0.12185709267250817,0.0041970646027716385,0.0013984480932612304,0.0008001719680152652
N4992HD,0.014963219224134553,0.115581128523712,0.2934344460464656,0.5143807856135804,0.061640420592107496
N5000HD,0.656180879176478,0.2904203502019295,0.036882566530257094,0.012064212608640181,0.004451991482695147
N5006HD,0.492370835936584,0.46915209032146493,0.027763656406888028,0.00798994191715999,0.002723475417902921
N5007HD,0.7110195115374031,0.2542483697745007,0.02235824250493155,0.008802737361022274,0.003571138822142487
N5008HD,0.18631920119542156,0.5800314191185297,0.20232758714484136,0.02638898886447304,0.004932803676734301
N5011HD,0.31713656932750317,0.6266992571719665,0.04627370012446196,0.006830855270252954,0.0030596181058153487
N5020HD,0.5622934095507174,0.3963453400437408,0.029978938243728142,0.008004312331527192,0.0033779998302863956
N5024HD,0.7900741334483311,0.19136271941642358,0.013224678488412878,0.0035879260690591117,0.0017505425777733254
N4826HD,0.8978016056648451,0.09475969954481127,0.0049209749865278905,0.0017286032402899479,0.0007891165635260165
N5032HD,0.8245803589227748,0.1602509133976669,0.011003038094674476,0.0029480239336142607,0.001217665651269351
N5041HD,0.8695744329561049,0.12077696513592777,0.006073109381942476,0.0022857559121519486,0.0012897366138729582
N5043HD,0.9341470063770978,0.0589587450317829,0.0042408868088621605,0.0016200980239787569,0.001033263758278119
N5044HD,0.3753521689944003,0.5460997605968985,0.0560691881416602,0.015469423448011527,0.007009458819029559
N5045HD,0.789506958515341,0.19395056859761894,0.011720789256677031,0.003284133432199616,0.001537550198163417
N5004HD,0.8752981055564691,0.11319031270661152,0.006825252560689003,0.002886074276909643,0.0018002548993206152
N5055HD,0.4575480509113165,0.43711531991404584,0.07417587305075167,0.024094693319286053,0.007066062804599966
N5056HD,0.12663756322566266,0.4339116333603995,0.3047116866727839,0.0953213320346189,0.03941778470653516
N5057HD,0.6216763939237793,0.35943468881437796,0.012973875906596757,0.004054784284727148,0.0018602570705189881
N5059HD,0.6088151538088876,0.32243460037852223,0.04921185311943668,0.01365639363444174,0.005881999058711702
N5061HD,0.6315641831521798,0.33093745288110066,0.026488636187239397,0.007841659412540438,0.003168068366939807
N5018HD,0.898343564616623,0.09452260887786988,0.004439214131851219,0.0017540032491756659,0.0009406091244800724
N4896HD,0.6883255344764733,0.2799847013305371,0.023567436677462538,0.005939798768454198,0.002182528747072919
N5064HD,0.7356752126379171,0.2357975641529299,0.019514475272146954,0.0064404363186025,0.002572311618403637
N5065HD,0.5873133807233771,0.38461674169612564,0.021087075597694693,0.005178050689488666,0.0018047512933139572
N5067HD,0.25718736656062824,0.6064832783939883,0.10436467662580742,0.024249326307743978,0.007715352111832184
N5070HD,0.04157288695824438,0.4796720696238793,0.4170582803682213,0.050915717552382694,0.01078104549727218
N5071HD,0.18578118776843827,0.706498860229265,0.08784612895242122,0.015042253293624642,0.004831569756250586
N5072HD,0.16059756908416745,0.7064925290584463,0.10810291383253606,0.019563234661471366,0.005243753363378779
N5074HD,0.7879525935483398,0.19587226291402576,0.011317806439620303,0.0033475092293239533,0.0015098278686902719
N5075HD,0.9302863541849632,0.06477561950606335,0.0029999013664911258,0.0012015054815878294,0.0007366194608945133
N4923HD,0.8123014774555243,0.16574659379965784,0.014179509113495926,0.0053424368231664455,0.0024299828081555414
N5076HD,0.7721215598207946,0.21168547432124982,0.011305880538759349,0.003496263922911213,0.0013908213962848862
N5079HD,0.04975797692471954,0.3620949890536519,0.41125418266188063,0.15404910991469883,0.02284374144504904
N5080HD,0.6280159689138173,0.3491326569019107,0.015327513451452517,0.004980034847486712,0.0025438258853329307
N5082HD,0.7950679500252409,0.17790405147551358,0.017018480992251218,0.0066544403496625265,0.00335507715733176
N5083HD,0.6748821023765311,0.28584449301684023,0.0274936785678992,0.009135599899017363,0.002644126139712031
N5085HD,0.11529625368299756,0.5861664795527918,0.25768625871638934,0.03197765389746928,0.008873354150352017
N5051HD,0.24354240841394423,0.7012874844340281,0.0478554089554717,0.005479038689248915,0.0018356595073070366
N5039HD,0.06106354325290545,0.2907067421053659,0.43280111794003834,0.1745753621838956,0.04085323451779461
N5088HD,0.8718692252642181,0.11904089058865733,0.005730998693982533,0.002199792542613236,0.001159092910528736
N5091HD,0.046017553175696786,0.9350362403837387,0.016268816415299148,0.0019638162495604476,0.0007135737757048636
N5093HD,0.014605252418540146,0.06239582678507801,0.2351549045663965,0.5682582484725403,0.11958576775744505
N5100HD,0.013715935240267539,0.0849166055232448,0.3555439401695518,0.5052124013044198,0.040611117762516094
N5103HD,0.08573282299241194,0.39708427386367023,0.37077633667757776,0.11073799529697524,0.035668571169364824
N5104HD,0.9476070396626003,0.049134466538187586,0.0021256952054122275,0.0007500837361737972,0.0003827148576261066
N5105HD,0.7598440547141314,0.21355760599674703,0.015659994075568548,0.006691513834053361,0.0042468313794996534
N5106HD,0.7328291315310163,0.24514816676505086,0.015003565389077978,0.004933779840516179,0.0020853564743385958
N5109HD,0.4481063275364591,0.5217882437402324,0.02469639087549685,0.00398707495069815,0.0014219628971135444
N5112HD,0.5252941206160562,0.4223667672890058,0.039740104644254745,0.008934721153665252,0.003664286297017919
N5115HD,0.8477104169156416,0.14145359384197748,0.0077511477117673975,0.0022235007734897724,0.0008613407571237739
N5120HD,0.017209170074443794,0.0926766098174809,0.3454144388803482,0.4819013810364977,0.06279840019122941
N5121HD,0.7670113436916219,0.21031512588448498,0.013514277838891654,0.005862640222221191,0.003296612362780242
N5122HD,0.5956408369836786,0.34002130806182,0.04779554031729516,0.01249738902121822,0.0040449256159880076
N8305HB,0.8518620107742688,0.13715189431727648,0.006737639385018524,0.002928076453972936,0.0013203790694633459
N5126HD,0.04410346487091272,0.2500646076282513,0.3542156891177074,0.2947570220843682,0.05685921629876045
N5128HD,0.890932080061518,0.10115366619264597,0.00473214360682922,0.002054227082346266,0.0011278830566606337
N5133HD,0.01807823868653623,0.12339784032594109,0.4159865653488716,0.40674619098994835,0.03579116464870268
N5135HD,0.737324845834867,0.2317763855249961,0.021284596297086556,0.0070045594550747735,0.0026096128879755523
N5143HD,0.8194143428242571,0.17105917493595188,0.007151075910860669,0.0016218318358452964,0.0007535744930850577
N5144HD,0.48196957885509273,0.4441378202249467,0.05984625023030652,0.010181888024146588,0.0038644626655075765
N5149HD,0.21193350388699478,0.5820900924006247,0.14816961594703024,0.04542736893990702,0.012379418825443167
N5152HD,0.34805605155506525,0.5887828146143885,0.05260498863715056,0.007868758698538725,0.002687386494856877
N4394HD,0.15014642452486732,0.36635005483602767,0.35556683725644894,0.1011290927965979,0.026807590586058184
N5029HD,0.16923655459665365,0.6454096345437219,0.1489682567769236,0.02680067987733289,0.009584874205367796
N4368HD,0.9263313684188416,0.06858148859815494,0.0031519415034452014,0.001243220019033011,0.0006919814605252713
N5013HD,0.311131976112708,0.5868376992997213,0.07162221575221117,0.021520629158688794,0.008887479676670777
N5153HD,0.27239720787951793,0.5901973104444409,0.1115255899471801,0.020088380620397535,0.005791511108463473
N5157HD,0.8676301559866658,0.12403535843356386,0.005406230929167082,0.001780367231359308,0.0011478874192439562
N5170HD,0.593565429039138,0.3727847597062224,0.026871822344233954,0.004845996507497958,0.0019319924029078134
N5172HD,0.8523479976349982,0.13011877539751565,0.011735002774914363,0.0038500661402906143,0.0019481580522810276
N5173HD,0.6726672891616813,0.271610796132332,0.03969167059136866,0.011109594607930394,0.004920649506687608
N5147HD,0.6465547547870406,0.3277222172397727,0.01785543975622946,0.0051002574175423865,0.0027673307994149307
N5178HD,0.6847906265736161,0.2676328848110585,0.030418047316148108,0.012523321991790739,0.004635119307386514
N5180HD,0.47389761828551374,0.4541956873301385,0.049686310229190477,0.01611928984825446,0.0061010943069030096
N5181HD,0.42312861359513976,0.46217269978293146,0.08947788054215544,0.018480778477055218,0.006740027602718177
N5182HD,0.9038298930112276,0.09002379796484654,0.003884926003705561,0.0014711066981743278,0.0007902763220459689
N5183HD,0.10711108339987707,0.8421592093437433,0.0434448474040441,0.005566010204754812,0.0017188496475808426
N5185HD,0.2221341701303854,0.47889907747377825,0.2142829118725727,0.06970218665985099,0.014981653863412521
N5187HD,0.18777277900577385,0.5430664431917502,0.18896247852587533,0.058880926905716675,0.021317372370883825
N5188HD,0.17246362096153092,0.5058368469685769,0.18669807500228153,0.11028764805021801,0.024713809017392695
N5190HD,0.011153482364437485,0.07620726847806383,0.3772077136586943,0.5009553132261728,0.03447622227263147
N5192HD,0.5775054617848279,0.40707210130068916,0.012066508900545853,0.002379051691137394,0.0009768763227997878
N5193HD,0.7154266898363515,0.2531218437539802,0.022407929991806266,0.006506639514779109,0.002536896903082861
N5197HD,0.856461261390485,0.13290661793552475,0.007961078799551668,0.0018123593222981965,0.0008586825521405587
N5198HD,0.16486077355893716,0.4546803634037835,0.21818655317854505,0.12694254792902135,0.03532976192971301
N5199HD,0.6346042699840987,0.29311108331266444,0.05019937480959779,0.01635391754857634,0.005731354345062586
N5200HD,0.7592992351716009,0.21350408692419176,0.01762664946797341,0.006535815074146441,0.0030342133620875583
N5203HD,0.05921486377062006,0.21236562404758869,0.3400789119917547,0.3217831240493382,0.06655747614069844
N5209HD,0.04879182606496374,0.3515381937202361,0.39334950363666044,0.1862798866509087,0.020040589927231216
N5212HD,0.8130456936035937,0.17617780616011255,0.007630102187951484,0.002134978883242029,0.0010114191651002366
N5215HD,0.5090343306943237,0.4425317659709651,0.03672008470572577,0.008382628643028826,0.0033311899859565603
N3574HD,0.8142488156861276,0.16616225466369755,0.011603889370731105,0.005239602954521178,0.0027454373249224985
N4760HD,0.07344897111691111,0.45197612966863754,0.336109752529165,0.10265681186605402,0.03580833481923245
N5225HD,0.7545361244085756,0.2303762570328225,0.010616570713337227,0.003297383591198834,0.0011736642540658134
N5226HD,0.5335039266315036,0.39303876005815863,0.05190113448147236,0.01623014024781123,0.005326038581054036
N5227HD,0.7619296550993861,0.21437712412896195,0.016516806330164856,0.0047796472701581725,0.002396767171328747
N5233HD,0.017496797285052317,0.08125217227356696,0.3336757358726278,0.38045428347461946,0.18712101109413357
N5238HD,0.8091476225101386,0.166295381275546,0.015849137887448694,0.005589035843964954,0.0031188224829019977
N5241HD,0.7791159515770352,0.19902536521960623,0.015541289865618894,0.004422293401422165,0.0018950999363176865
N5243HD,0.00999881811541667,0.05310289707446889,0.33300785786162984,0.5714104849515849,0.03247994199689962
N5246HD,0.7389302585160682,0.23180733624409605,0.019733880284548453,0.006372875555086637,0.0031556494002007492
N5247HD,0.006730232766031889,0.02287462203429068,0.32222195307693346,0.6274950645617443,0.020678127560999744
N5248HD,0.5649917971647125,0.34743506095155924,0.06294268599752789,0.017448001109943125,0.007182454776257267
N5253HD,0.512897593258836,0.42799524916107234,0.04090553766449534,0.012029044776014236,0.006172575139582219
N5257HD,0.046975948696594154,0.19057767396346176,0.3279246947216131,0.33761531936862366,0.0969063632497072
N5259HD,0.03245750076067203,0.1364487990672272,0.41907963548100957,0.3042300526275983,0.10778401206349272
N5262HD,0.078061540656768,0.6455260624513957,0.2494908233050528,0.021340538393209915,0.005581035193573688
N5266HD,0.16462162893100352,0.7110970875443935,0.10793746223609697,0.013243885859420712,0.0030999354290853656
N5270HD,0.6115977327063628,0.3660706663309291,0.016944827361633042,0.003697709522647629,0.0016890640784275332
N5271HD,0.582206137294735,0.3494233196963353,0.04860779989914947,0.014758839909549683,0.005003903200230467
N5273HD,0.8058650547124512,0.1731379099298042,0.013170163446606774,0.005196602968054392,0.0026302689430835126
N5274HD,0.8568521002978032,0.13216349253720272,0.007787206578214848,0.0022487912347560115,0.0009484093520232222
N5211HD,0.25703366357349483,0.5384900279009844,0.13562820652909277,0.05894769775776137,0.009900404238666515
N4843HD,0.567390600463903,0.3711292576506452,0.039475932510152155,0.01492531900995069,0.00707889036534904
N5287HD,0.6108349436704067,0.34934578943276023,0.0277988180899493,0.008779410773755953,0.003241038033127898
N5286HD,0.11073855188167467,0.27412950958117255,0.4362756897358243,0.12514379357137734,0.053712455229951085
N5292HD,0.048456382842029064,0.18718372663424887,0.3220033367121725,0.3511811284407722,0.09117542537077727
N5294HD,0.8337800018512584,0.1538525205393169,0.007294045639718594,0.0032948003805918094,0.0017786315891142965
N5296HD,0.32067443066031104,0.4714926447267424,0.14476996183434482,0.05157541941353574,0.011487543365066043
N5298HD,0.7729210281962169,0.20223527310535241,0.016593001927659504,0.005487511961451691,0.002763184809319313
N5303HD,0.8264521489407956,0.15980212486754744,0.008992725156930712,0.003071481893330401,0.0016815191413960438
N5305HD,0.14323607504436345,0.4759880134696141,0.2704743300691089,0.08699643699441266,0.023305144422500815
N5306HD,0.8297863093853036,0.1566953338432371,0.00970036276734828,0.0026334121267596886,0.0011845818773515027
N5307HD,0.0521729496610099,0.391615064927073,0.37921651891550073,0.14600090490473547,0.030994561591680937
N5311HD,0.34729709269260833,0.5023194869048118,0.12541256833830253,0.019487517297158242,0.005483334767119134
N5314HD,0.7671683954796179,0.2156474940706218,0.010747908255590946,0.004146204550663232,0.0022899976435061154
N5073HD,0.08450104654044552,0.37828496680494433,0.3345987800143381,0.17022822528168555,0.03238698135858653
N5277HD,0.0669522832466887,0.26583427544578186,0.4174601564677015,0.18126446905011792,0.06848881578970989
N4885HD,0.9117449173730711,0.08054268201160435,0.004757202068416075,0.0018689593562658943,0.0010862391906424256
N5318HD,0.04184061059825738,0.42527580130154935,0.41450671700558517,0.09819340731011429,0.020183463784493774
N5321HD,0.7636299583148785,0.20902300797857595,0.019132600578333585,0.0060079635395575304,0.002206469588654582
N5323HD,0.9183165439480057,0.07785443320893831,0.002448561138232539,0.0009315518995619868,0.0004489098052614392
N5324HD,0.6908159224688567,0.2707132737169228,0.026735837533190206,0.00779183233371699,0.003943133947313363
N5326HD,0.7751555782136194,0.20081273250531184,0.014554930388209908,0.006264470677347887,0.0032122882155107522
N5327HD,0.6986051245280254,0.28200366421874606,0.012769727651483598,0.004047260309169685,0.0025742232925752674
N5329HD,0.08075643634026135,0.6347205444531229,0.24403610377105908,0.03229867861441032,0.008188236821146284
N5331HD,0.772282235665922,0.2017104712801711,0.019921987508126973,0.004397851941596871,0.0016874536041828268
N5332HD,0.7113444441546988,0.25222523601002994,0.022879268136941702,0.009700851515518085,0.003850200182811447
N5333HD,0.8384682928792426,0.15326871703203454,0.005598104841238476,0.001767716265574014,0.000897168981910368
N5334HD,0.026069096608371596,0.9308172635217612,0.03734254371423023,0.0043745273513095834,0.0013965688043274854
N5338HD,0.029139213712758478,0.15314339161203133,0.3686817442209468,0.3245099731441645,0.12452567731009867
N5339HD,0.07645622254855373,0.5436626192955957,0.28732358659791024,0.07441872737113962,0.01813884418680073
N3820HD,0.022985548017774183,0.0908692032667749,0.30900615202595494,0.3835939080356488,0.19354518865384718
N5342HD,0.5842911440935672,0.37643946039827,0.033224709505856535,0.004521451047679909,0.001523234954626283
N5345HD,0.6988389888929003,0.26943869531176445,0.02482924793465291,0.005100263406182819,0.0017928044544994564
N5346HD,0.7381271615007858,0.2457388019956062,0.010511106421565327,0.0037907557801025588,0.0018321743019401515
N5348HD,0.028091301802408514,0.16401627641926353,0.2884576937592759,0.38863328598382835,0.1308014420352237
N5351HD,0.6458593325954868,0.3047130570817988,0.03535524616329137,0.010544906488046362,0.0035274576713767614
N5354HD,0.00858722734040399,0.03385494005278713,0.334923428567689,0.5979579083984425,0.02467649564067747
N5355HD,0.5620742743755524,0.41257914523544115,0.016789655260897342,0.00575230783284704,0.0028046172952622644
N5362HD,0.8844460431567681,0.10947497864213204,0.003968799294490449,0.0013298024285553134,0.0007803764780539722
N5364HD,0.77649726343942,0.203804450891076,0.01411780843301944,0.003943603673719398,0.001636873562765069
N1264HD,0.03612518109887454,0.8536766380194705,0.0984685937656922,0.009976770116068427,0.0017528169998942023
N4985HD,0.3309716886427336,0.5688437927693858,0.07595927180301935,0.017083117529557434,0.0071421292553038645
N5368HD,0.010528875538683747,0.07225015360942637,0.37883578554434827,0.4946476515981493,0.04373753370939232
N5371HD,0.8442155317915032,0.14157307682150072,0.008976596813923734,0.0034178785592943153,0.0018169160137779196
N5372HD,0.7655951840004223,0.21907761017797153,0.011502571380214705,0.002693456131232612,0.0011311783101588145
N5373HD,0.5708290163736877,0.41011473657800407,0.013125908545545234,0.003926093198335277,0.0020042453044277152
N5374HD,0.4780790913646539,0.48626936379894087,0.03009702293745969,0.0038994849668283144,0.0016550369321172878
N5377HD,0.743428909136463,0.2404839554793055,0.012156592104172775,0.0026443648850720345,0.001286178394986881
N5379HD,0.7586547357578886,0.21971694684791837,0.01601290587352571,0.0041339814676798715,0.0014814300529875921
N5381HD,0.0723786088726965,0.37928051676913704,0.2681735115638181,0.20336870428541023,0.07679865850893834
N5383HD,0.17744626032970007,0.3969498563225329,0.28181731692668727,0.1142291526272292,0.029557413793850688
N5385HD,0.8678564958959698,0.12666670555038576,0.0037946443253314313,0.0011247402392861538,0.000557413989026825
N5387HD,0.042733943292856805,0.26658591513194896,0.4127664948950972,0.21039170961836076,0.06752193706173618
N5388HD,0.08589109065652074,0.2613710208939135,0.33076258838901645,0.2795560696252369,0.04241923043531244
N5389HD,0.03214690833491609,0.7043169825066853,0.23414144072963006,0.023961676065124716,0.005432992363643874
N5391HD,0.6228108195864137,0.3398665400360082,0.028570986177629244,0.006220602715077714,0.002531051484871058
N5393HD,0.731537937308862,0.25137833092891554,0.01251183411329085,0.003368497559743485,0.0012034000891880333
N5395HD,0.7062947639608524,0.2607026297102529,0.023695833059025388,0.006617416813483271,0.002689356456386088
N5397HD,0.7756908653407592,0.20226191899038057,0.01594948874976134,0.004315415149516919,0.0017823117695821276
N5398HD,0.7911440106051973,0.1891462777152656,0.01394963109593828,0.004063135563209831,0.0016969450203887049
N5386HD,0.13190693757156388,0.6448937044344931,0.2027808300639255,0.016222406231631847,0.004196121698385594
N2483HD,0.8119710456058232,0.16604698252023345,0.013044195646903184,0.0055721555410674,0.003365620685972827
N5402HD,0.8476957969831077,0.13795896329216273,0.009091950734919928,0.003394963533051033,0.0018583254567586024
N5404HD,0.6924363646009135,0.27307243762136935,0.024847587300051783,0.0070170574514516375,0.00262655302621372
N5405HD,0.9116480813898316,0.08304043854388825,0.0034976526705498973,0.0011845396532231415,0.0006292877425071282
N5407HD,0.232962908117343,0.51797603769448,0.1665409534725725,0.06652486379921355,0.015995236916391067
N5414HD,0.527464532020943,0.4486621763576136,0.017838198500288883,0.004233532213510443,0.0018015609076441259
N5415HD,0.8336266909898173,0.15631907720111732,0.0062650898841469654,0.0026514680843583278,0.0011376738405600743
N5416HD,0.11944991101203827,0.777186313266983,0.08589558193433626,0.013140094408878568,0.004328099377763823
N5421HD,0.7540733071316187,0.22163248102850922,0.01707857223881337,0.005197207610529509,0.0020184319905291585
N5430HD,0.8313631164570361,0.15466379691063653,0.009540405017107212,0.00316541475424723,0.0012672668609730346
N5431HD,0.044565888103232684,0.7938700318482007,0.14963262487117118,0.009301693986066286,0.0026297611913290815
N5432HD,0.7378420879531161,0.2377460827453399,0.017447691225992667,0.005081373202297791,0.0018827648732533992
N5437HD,0.8311365635240906,0.15494112168790422,0.009164949158530084,0.00330122157973829,0.0014561440497367047
N4225HD,0.17102160561158306,0.6269051813992778,0.1636241680672042,0.02948901740140027,0.008960027520534696
N5123HD,0.487270564517607,0.4588034879624355,0.03705898463176479,0.011875566456942977,0.004991396431250048
N9187HC,0.04876760142798848,0.2382821711819152,0.3071899837729913,0.31960313533447876,0.08615710828262632
N5439HD,0.13147168355855415,0.46572392981705646,0.28047445235089163,0.09449941825061074,0.02783051602288712
N5440HD,0.10454378150387122,0.7286600718213079,0.15044902035410307,0.012941956742503105,0.0034051695782146437
N5443HD,0.1108040529156454,0.47384789499700997,0.29747165623275096,0.09549663021237646,0.022379765642217064
