ncode,proba_0,proba_1,proba_2,proba_3,proba_4
N4541HD,0.7159286362354632,0.2586032864977294,0.01844604998031404,0.004687218550619738,0.0023348087358736483
N4397HD,0.006379418046119496,0.036640810927937924,0.4303072661321055,0.4854050133252559,0.04126749156858134
N4544HD,0.887392224278176,0.10716252876110927,0.003699190872255845,0.0012058233769304991,0.0005402327115284401
N4545HD,0.07263822540794083,0.2827942985976762,0.3499186016137037,0.2268454921286182,0.06780338225206109
N4546HD,0.16544995568430274,0.7633977112870285,0.06415818763870022,0.005398649084698547,0.0015954963052698255
N4550HD,0.7773177124309645,0.20794656348153576,0.00916138782001184,0.0038075818741498415,0.0017667543933381632
N4551HD,0.7835207881710705,0.20787686003703917,0.006195490676648392,0.0017493877699781108,0.0006574733452638265
N4554HD,0.08046049413536185,0.6385882794299501,0.251130712626066,0.02320109392308021,0.0066194198855417255
N4555HD,0.28542954237506196,0.6003370929137085,0.09472187852482229,0.015657070262076814,0.0038544159243303917
N4556HD,0.31591688590828654,0.48713700851742586,0.13434643028953316,0.05433330890247308,0.00826636638228128
N4563HD,0.4024735054603919,0.49986952948861224,0.07846625989983425,0.015048972073893307,0.004141733077268542
N4567HD,0.8976432185288206,0.0933934527120897,0.004872892459675917,0.0027332532811910923,0.001357183018222641
N4561HD,0.8045758954807107,0.18581663700948853,0.00597135126226936,0.002623292316797137,0.001012823930734126
N4571HD,0.32462876631199616,0.5865327689310533,0.06749970364484371,0.01536740734186822,0.0059713537702385895
N4574HD,0.9454156444521098,0.051526482624972794,0.0019517305002805581,0.0007594030889286447,0.0003467393337082318
N4575HD,0.5278741525804133,0.4288584657328534,0.03295323419777608,0.007728204702803626,0.00258594278615361
N4579HD,0.2733740173176358,0.5990116563647934,0.0968585972581563,0.022680874475708445,0.008074854583706114
N4581HD,0.1906854487572558,0.713152013020606,0.08724206440742065,0.007063168398255437,0.0018573054164619928
N4584HD,0.14198416945005193,0.8022939385353777,0.0503183500502971,0.0041295689966474895,0.0012739729676259713
N4578HD,0.8104293129485579,0.1805310233687385,0.006594595753352688,0.0016749957013608226,0.0007700722279900875
N4590HD,0.20689769130336938,0.7024557102036636,0.08092308293064,0.007859750693709614,0.0018637648686175199
N4593HD,0.028471064383703223,0.2449789970819788,0.42901589276960267,0.27360008967245775,0.02393395609225758
N4151HD,0.18177477880482196,0.43022673705419856,0.238302486747827,0.11616452438942909,0.03353147300372335
N4594HD,0.8328050714209708,0.1582459733871804,0.006026208786070979,0.0020561805875911952,0.0008665658181865337
N4600HD,0.4183492883739426,0.536743549349685,0.037343897934387964,0.005739236528807682,0.001824027813176772
N4605HD,0.07360467651732855,0.39809165215830494,0.40351264767966394,0.11009956630907174,0.014691457335630853
N4612HD,0.3000025558195867,0.5793020209146713,0.09116514480582988,0.02366765661465409,0.005862621845258039
N1701HC,0.25272265244491515,0.6096429763437138,0.10568271781817644,0.023818969911601828,0.00813268348159291
N3705HD,0.013490859555237112,0.0539038738277623,0.27129132535784856,0.3727499930489466,0.28856394821020537
N4589HD,0.5570692696203721,0.3836736489029442,0.041707769035559554,0.012533733579157321,0.005015578861966983
N4339HD,0.9131185739260862,0.08056491921489978,0.0035986312820339597,0.0018182497119607806,0.0008996258650194823
N4615HD,0.022806960147432803,0.13135954530447802,0.3693718125729134,0.37481222133591374,0.10164946063926202
N4618HD,0.8983652644383545,0.09395266198594855,0.004288167875082021,0.0024067632375721643,0.0009871424630427531
N4624HD,0.6654005270072887,0.3230290317600803,0.009313496059964359,0.001612232943406194,0.0006447122292605334
N4626HD,0.7959063146836435,0.1874592895651726,0.011975539679305773,0.003435540591202413,0.001223315480675851
N4628HD,0.06378737598573932,0.6026039718097781,0.2809920064282412,0.042151890761042594,0.010464755015198847
N4638HD,0.04685178520582835,0.19087935496240085,0.30625403265495676,0.3504803450652897,0.1055344821115244
N4639HD,0.782823857682523,0.19614105133210466,0.013763894990754167,0.004993236927063192,0.002277959067555075
N4642HD,0.902888738077516,0.0913887555746587,0.0036315528172311574,0.0014082532202052663,0.0006827003103887106
N4646HD,0.9129337554332657,0.0814222650554458,0.0034727059346299715,0.0014168543121628329,0.0007544192644957412
N4631HD,0.8250896139099305,0.16201473989533413,0.00926509086809057,0.002598547702595307,0.0010320076240495006
N4656HD,0.02970546456848304,0.1128728703527762,0.4274900937759473,0.36009037939136307,0.06984119191143043
N4658HD,0.7804497015840967,0.20167129394646247,0.012872998856990777,0.003464355841593799,0.0015416497708563017
N4661HD,0.8542718892670602,0.13519309811820854,0.007149015212969899,0.0024422268073406965,0.0009437705944205826
N4665HD,0.8380340382849845,0.1498166058876119,0.009002271895462682,0.0023052261589086662,0.000841857773032219
N4667HD,0.865115233563252,0.12825038055449067,0.004353318118862465,0.0014491905767676193,0.000831877186627131
N4669HD,0.7680787476063,0.22135680707810249,0.007650535880701972,0.0021434087652304487,0.0007705006696650259
N4673HD,0.30180300803424664,0.5887489328139979,0.08949798291882309,0.015345448490882157,0.004604627742050336
N0760HD,0.08921683708750204,0.6614958878589248,0.20742768095672948,0.03477298098081703,0.007086613116026637
N4672HD,0.5627955476709694,0.3606706595634904,0.05280233649006103,0.017797308497207846,0.005934147778271369
N2593HD,0.8896542528036838,0.10363094186398693,0.004225150929714987,0.0017509568322677301,0.0007386975703467037
N4677HD,0.14884285876530715,0.6822253728299609,0.1505293030526309,0.014955951972799789,0.003446513379301319
N4680HD,0.1562937200561752,0.6471463247322784,0.15969940678073413,0.02816257347006338,0.008697974960748978
N4688HD,0.01951470441541681,0.09372271319445005,0.3553187812743563,0.4715239961412881,0.05991980497448872
N4689HD,0.8236875990846142,0.16571852928373237,0.007132148196749995,0.0022220353936307042,0.0012396880412728596
N4691HD,0.13938660928921612,0.35564052771264587,0.2832164417342353,0.17028643642456695,0.051469984839335695
N4692HD,0.6142355314077133,0.34184206001998513,0.02771895994702871,0.010886995240505353,0.005316453384767581
N4694HD,0.02552609946460168,0.21654007258289748,0.5109737215863397,0.21420159944059963,0.032758506925561544
N4695HD,0.07800521381802074,0.6405045633562829,0.2525826250156676,0.024390513163191418,0.004517084646837339
N4699HD,0.5023420732941668,0.453982705635958,0.03418407954143633,0.006858726563595417,0.002632414964843379
N4703HD,0.4151409669549001,0.4072532841405051,0.10017285386566951,0.060009841085430095,0.017423053953495093
N4704HD,0.0050965954775632535,0.02110937663150735,0.3846809648812449,0.5696560225962158,0.01945704041346862
N4708HD,0.9255276326490208,0.06991290120571371,0.002930052067956733,0.0011197934168329273,0.000509620660475702
N4714HD,0.5895836745356586,0.36087637608861234,0.032280945929268896,0.011787011479617152,0.005471991966842916
N4721HD,0.07018625450571826,0.49106795386514235,0.34365529333697015,0.07954671104672391,0.015543787245445273
N4722HD,0.8410679892635392,0.15248619780743913,0.004358662181084319,0.001453042898370245,0.0006341078495671614
N4724HD,0.14676841234263202,0.7402484974298997,0.1009665960077973,0.00973288795581497,0.0022836062638558925
N4726HD,0.04706951023487029,0.8076857432339246,0.135489658477755,0.007977222403299672,0.0017778656501505029
N4735HD,0.6970648673216473,0.2873866437202064,0.00989614473966917,0.00372312284116574,0.0019292213773115393
N4063HD,0.4471793518256991,0.4676978979117991,0.05292067115678435,0.022091741907797516,0.01011033719791969
N4712HD,0.8012932346700453,0.18705996468084152,0.008060622132713796,0.002350136134624191,0.0012360423817750492
N4738HD,0.17562785834510297,0.6638584078859852,0.12061312024664443,0.030256004718131925,0.009644608804135459
N4740HD,0.05698280179704416,0.2974332933725848,0.30537817944333184,0.2762810400182257,0.06392468536881357
N4742HD,0.02607162576039204,0.12337133795415046,0.5414592686158974,0.23991444846281776,0.06918331920674232
N4745HD,0.8382690547499362,0.14868974650626884,0.009676043868465078,0.002441834989856018,0.0009233198854737439
N4747HD,0.8362667067454518,0.14119598161755936,0.014258132265790702,0.0057827587568956874,0.0024964206143027177
N4750HD,0.7287661964711394,0.23975531054185464,0.02143485577362001,0.007252767428769099,0.0027908697846170437
N4752HD,0.008458946537236913,0.05242581235061699,0.4716947660939396,0.43346375819507493,0.03395671682313158
N4754HD,0.7845286546301602,0.205390950331557,0.007649312142851786,0.0017830174806204777,0.0006480654148105292
N4755HD,0.25857478532791967,0.6026087599492277,0.10932833703055855,0.023175770399459342,0.006312347292834878
N4756HD,0.5211491580190819,0.45021608244975453,0.021450811072158286,0.005320130534037764,0.00186381792496752
N4757HD,0.8566961093515972,0.13382311788661627,0.00735569414554336,0.001559469397313494,0.0005656092189295186
N4759HD,0.19987008296806671,0.7207808675298661,0.06359986092834878,0.011881110850922647,0.0038680777227957388
N4762HD,0.23168305891473986,0.6453645314659813,0.10267962522180991,0.016405130780984555,0.00386765361648443
N4763HD,0.5535320941442118,0.39639274608092673,0.03322981517865602,0.011606948288938875,0.005238396307266715
N4767HD,0.8198225662602671,0.16313163463168892,0.012001329144940457,0.003794346218038346,0.0012501237450652835
N4769HD,0.05499995860333469,0.31107459006012755,0.4577511959285838,0.1600713435579011,0.01610291185005285
N4770HD,0.7626398066740868,0.2163275876689393,0.01538183106066399,0.004161538805994183,0.0014892357903158473
N4676HD,0.2748980059647818,0.48546940053872983,0.16484469897694715,0.05711426909216144,0.017673625427379807
N4614HD,0.7503450266799435,0.21404794305882888,0.02440486468493223,0.008553905786128092,0.0026482597901671375
N4774HD,0.2917531594827111,0.5706351573691424,0.11118033448773151,0.01950753914555522,0.006923809514859913
N4778HD,0.04351305981619667,0.2768286566964235,0.4386276366964192,0.20070208402907116,0.04032856276188965
N4780HD,0.005570225084160492,0.02469758577996997,0.22427482770265353,0.41787116105965116,0.32758620037356484
N4783HD,0.5583099986017597,0.40945502321444793,0.02397062811994402,0.005846634303038534,0.0024177157608097784
N4789HD,0.8384233895901481,0.1377986711451922,0.01559568511654438,0.005765471302356206,0.002416782845759101
N4792HD,0.6074272320981963,0.37600715004722146,0.013108240289709173,0.002525927637910836,0.0009314499269623254
N4793HD,0.04551150860853478,0.6065764323980423,0.2804548922047593,0.053747659693152566,0.013709507095511131
N4794HD,0.00854159513006683,0.05998667491569811,0.43955355469833224,0.4534497636187861,0.03846841163711681
N4799HD,0.6916409455912949,0.2790392685138423,0.019907738552579924,0.006936465338007059,0.0024755820042760357
N4800HD,0.9166179661680163,0.07769771046496746,0.003553752352715205,0.0014810136945774125,0.0006495573197237037
N4808HD,0.12281983109713818,0.8067148858895375,0.064130464675692,0.004913805896236942,0.0014210124413953223
N4809HD,0.6096801672501435,0.3496404514825311,0.02666221414572274,0.00957690131832269,0.004440265803280033
N4634HD,0.5969852118733414,0.34918444017329975,0.03453648056960827,0.01443058699833013,0.004863280385420461
N4784HD,0.8814141395184448,0.11064460163226124,0.005381214004544887,0.0017982849534724857,0.0007617598912765789
N4815HD,0.8826123424709894,0.11051159620482748,0.004300069522156758,0.001687528358841901,0.0008884634431843355
N4816HD,0.747574945246324,0.22693437881940118,0.018375096889252433,0.005105698472622449,0.0020098805724001797
N4817HD,0.46049092809117287,0.47207378433625086,0.053586419091126804,0.010153780388966754,0.0036950880924826075
N4818HD,0.9020789074758512,0.09177928337440489,0.003920101244444397,0.0014874609771162554,0.0007342469281831519
N4821HD,0.029741929126322477,0.9023070599913342,0.05891766481374587,0.007438047518318755,0.001595298550278493
N4830HD,0.8831527610945773,0.10670478563592625,0.006949704235192433,0.0023187294657595376,0.0008740195685444619
N4748HD,0.8541077797616202,0.13812235232615233,0.005167999966125231,0.0017625677460945293,0.0008393002000075318
N4684HD,0.827721428637398,0.16268803196358655,0.0061595824672157976,0.002278768345832024,0.001152188585967687
N0389HD,0.025840704087780473,0.9133499839426794,0.05537080880485837,0.004373549369967437,0.0010649537947142866
N4796HD,0.33364357531793826,0.5015369270149246,0.13097069452013166,0.0257821645165262,0.008066638630479319
N4834HD,0.005897085407546432,0.026836636534095494,0.4311924823850018,0.5182509405482273,0.01782285512512906
N4835HD,0.06315610092503954,0.9001704325832262,0.03184531853332158,0.003885976651728805,0.0009421713066841045
N4837HD,0.5745629247734457,0.4038257804057042,0.017782064932447716,0.0027447040843017827,0.0010845258041004926
N4838HD,0.06669648845932356,0.8870811885578271,0.040315366496856804,0.0044276280258028055,0.001479328460189708
N4839HD,0.04261353011215535,0.6766300629798933,0.24227806665109422,0.032703510642307754,0.0057748296145495445
N4842HD,0.7287086855200595,0.23924102252384413,0.023179507369587175,0.0066154234885522035,0.0022553610979569095
N4844HD,0.9152633204509396,0.07992854270812172,0.0033069127863714597,0.0010317883425150698,0.0004694357120521298
N4846HD,0.1304234926132862,0.5334828031165486,0.24295599840839302,0.07035757032375664,0.022780135538015577
N4847HD,0.8437966035537551,0.1484777056916872,0.0054023839816842115,0.0015887906988007114,0.0007345160740728452
N4849HD,0.34181908997907356,0.592112345308611,0.051185788631725564,0.011369028218180473,0.0035137478624094986
N4852HD,0.04910370879490565,0.7668099714215357,0.17098189103277647,0.01067913470708255,0.0024252940436995563
N4853HD,0.6251891040342654,0.3399883078880074,0.02689444652243147,0.0058621001958023555,0.0020660413594932765
N4856HD,0.8765931903139002,0.11679685341324293,0.004383249146406686,0.0015381346927380273,0.000688572433712157
N4858HD,0.8789749818239238,0.11107699514071964,0.006273100037480247,0.002619126710010371,0.001055796287866028
N4860HD,0.23310053555424018,0.6824345047470093,0.07123604944998221,0.009764533883399727,0.0034643763653684255
N4861HD,0.9037358771095705,0.09194385464114756,0.002856654056720805,0.0009480008954094592,0.0005156132971515811
N4863HD,0.546860980570037,0.4309090351260949,0.015411227860709881,0.0047606239482234245,0.0020581324949348625
N4864HD,0.6183506543678079,0.36361485609168775,0.012129309959240667,0.004042869942125657,0.0018623096391379265
N4866HD,0.7846255688469321,0.19734281351582683,0.012208645481467878,0.004147343246870571,0.0016756289089025816
N4012HD,0.6772712767594432,0.2984127356970933,0.016929272661256576,0.005089022811297442,0.0022976920709094667
N4825HD,0.26292685165166274,0.6178389681683063,0.0854473520965968,0.024580604677822637,0.009206223405611468
N4875HD,0.043155674786303506,0.37640580408557484,0.4290158647019566,0.12714914722057294,0.024273509205592188
N4878HD,0.034443318592826455,0.2018150251531545,0.3676244729989413,0.29594594975785143,0.10017123349722626
N4883HD,0.04295984009682463,0.6270669969427601,0.2955134377770499,0.029845485704494436,0.0046142394788709915
N4884HD,0.5425134503335394,0.40836189546582335,0.03909738228388231,0.007651739673647092,0.002375532243107833
N4887HD,0.20680327751819538,0.7128345822565058,0.07154793997497068,0.007001681951486588,0.0018125182988417447
N4891HD,0.6846082003130618,0.28363686507512625,0.024486799390995417,0.005658227449826837,0.0016099077709896966
N4892HD,0.13391866443348202,0.7709174745685424,0.07999418886980432,0.0119394648777754,0.003230207250395785
N4895HD,0.8247506832410587,0.163665105568272,0.007825845143287968,0.0026514549272912266,0.0011069111200901398
N4899HD,0.7545896832511552,0.23413420220937478,0.006864501316958352,0.003178837311601622,0.0012327759109101069
N4898HD,0.2774506275436498,0.6520751083538286,0.053796468574090026,0.01149978560365015,0.00517800992478141
N4902HD,0.578105146150894,0.36624366600060715,0.037575807017985206,0.013087271648597748,0.004988109181915779
N4904HD,0.13686267380075182,0.5953482551184179,0.22294982739191854,0.035737036663899366,0.009102207025012243
N4906HD,0.7543868951111465,0.23252482284241152,0.009814647652599293,0.0024839520082255134,0.0007896823856172625
N4909HD,0.6919753770575168,0.28004981379176064,0.020077900053048964,0.005823964998646033,0.002072944099027624
N4912HD,0.7153769952336156,0.2639140537681399,0.01587572500599911,0.0035911810625482397,0.0012420449296970254
N4913HD,0.5996067976226219,0.37522724025384946,0.01957242233463278,0.0040071153390878675,0.0015864244498079688
N4914HD,0.13115436342437958,0.7282656487857705,0.12163913898490122,0.015289114927366518,0.0036517338775822125
N4908HD,0.88862800077735,0.10546757238478076,0.0040846851037943666,0.0012487614304052426,0.0005709803036695892
N4937HD,0.8680332189849872,0.12675800227068357,0.003472330801602695,0.001174077356249393,0.0005623705864769868
N4938HD,0.8919437115635055,0.10268316084960954,0.0036767414825660404,0.0011570463737633353,0.0005393397305554576
N4949HD,0.8673525893925413,0.12580547460058888,0.004764145197580454,0.0014145037549138947,0.0006632870543754546
N4952HD,0.7744284636519356,0.20674231323653272,0.014678156286673382,0.002981593699755021,0.0011694731251034262
N4954HD,0.46354165767112,0.4969897119587499,0.03121256173226353,0.006295098318414011,0.001960970319452371
N7917HB,0.8976308192617076,0.0974827140689886,0.003342959054424578,0.0010303682914041814,0.0005131393234751173
N4951HD,0.73833909982675,0.24569392863002693,0.011283393437645757,0.00327935055037761,0.0014042275551997393
N0385HC,0.20806656090861397,0.6369828120340119,0.12801086336020723,0.02102069779328922,0.005919065903877895
N3920HD,0.26497706879082367,0.6171781476816365,0.09971117174746615,0.013830156901497827,0.00430345487857595
N9498GW,0.7590414546388344,0.2209392654699033,0.015103685419678027,0.0034790942841298592,0.0014365001874543871
N4961HD,0.9019444536522238,0.09341753345074824,0.003402394855754251,0.0008966321157563053,0.000338985925517317
N4965HD,0.3835285288754575,0.5130394129729693,0.08189125462837618,0.017836180000777194,0.0037046235224197166
N4967HD,0.5887097463048658,0.347085683004093,0.04265102615195242,0.01593795607965293,0.005615588459435693
N4968HD,0.32170133263255835,0.49897617981488485,0.09640429542845917,0.05977751254468574,0.02314067957941192
N4973HD,0.8379373054260656,0.14823021987298637,0.009484898184926793,0.003206443254286214,0.0011411332617348928
N4976HD,0.020122582592949394,0.24454132742389192,0.6140673423877887,0.10665688909771587,0.014611858497654171
N4977HD,0.36183589145257405,0.5765873671906966,0.05264046296896122,0.006734963421268253,0.002201314966499857
N4978HD,0.6966377758767273,0.26544967461400826,0.02553829499970545,0.009564361790700407,0.0028098927188586033
N4982HD,0.34486807610029396,0.5731303259071557,0.0603279213634475,0.01686713466232092,0.004806541966781876
N4983HD,0.11862436716383655,0.5004721975354143,0.2522133431713868,0.11428276804469813,0.014407324084664186
N4984HD,0.855055320333265,0.13881890987626117,0.004325234681993977,0.0011761128156559581,0.000624422292823951
N4992HD,0.014606103945406148,0.13925791140875365,0.2824106068834906,0.48877694633213903,0.07494843143021061
N5000HD,0.642041876955987,0.29656943870719776,0.04490571199649098,0.012340278389741673,0.00414269395058262
N5006HD,0.48822977849688753,0.4694720515574756,0.030438551312789643,0.008486296688419466,0.003373321944427588
N5007HD,0.7159287802039197,0.2519956994578245,0.021670430194280752,0.007791002957398885,0.0026140871865760586
N5008HD,0.27564588454599115,0.5575116174334429,0.14410933554058183,0.019286414558192595,0.0034467479217916122
N5011HD,0.20531165429117723,0.7260732265435589,0.057545422659648446,0.008240107977618769,0.0028295885279965936
N5020HD,0.5402010473970182,0.41913484993019445,0.03065859239138307,0.006747311626408405,0.0032581986549958574
N5024HD,0.7851689757327192,0.19815908022820766,0.012015479675280617,0.0032781479147580735,0.0013783164490344807
N4826HD,0.8791996176246668,0.11326156120753918,0.004940455734455076,0.0018216246642702738,0.0007767407690684997
N5032HD,0.8508943148545107,0.13999437753180585,0.006675155970858564,0.0017331374882430036,0.0007030141545818772
N5041HD,0.8755906742330398,0.11658895772459299,0.004758261274586575,0.002075871497490803,0.0009862352702896173
N5043HD,0.9394975052322977,0.05514033174642663,0.003601649141185077,0.001165258990113273,0.0005952548899772257
N5044HD,0.337058625823148,0.567722060023465,0.06869530284198729,0.01830653068775702,0.008217480623642687
N5045HD,0.7873812383923174,0.20077523139644407,0.008704979142737533,0.002158578623765462,0.000979972444735268
N5004HD,0.8855599784343138,0.10517999392967121,0.005946948168922032,0.002168361937811591,0.0011447175292815185
N5055HD,0.46625080831007143,0.43765967991129867,0.06716695051510205,0.023531374115657644,0.005391187147870253
N5056HD,0.1285906215385878,0.43485004856934173,0.31475071698843043,0.08868284402933843,0.03312576887430149
N5057HD,0.6490960585234579,0.3280990677001649,0.016969341216650762,0.004215501499972878,0.0016200310597533933
N5059HD,0.5479242275549242,0.38054317923863235,0.05380245440199099,0.012867609894492123,0.00486252890996036
N5061HD,0.6620542952430254,0.30321258832438824,0.025490330840892025,0.006809318744283129,0.002433466847411166
N5018HD,0.8865718363738742,0.10711598329133012,0.003950785209322461,0.0015714282093994094,0.0007899669160739052
N4896HD,0.672405131271679,0.2935066237977767,0.025372519046393475,0.006500767756343841,0.002214958127807042
N5064HD,0.7659057771417176,0.2099764245323525,0.016412228852576656,0.005857336363667039,0.0018482331096863992
N5065HD,0.5823891414952561,0.3902843292233078,0.021021520849625618,0.005043426443883284,0.0012615819879272124
N5067HD,0.25347632992786784,0.5909070102968309,0.12334951169761499,0.024909368910333452,0.007357779167352743
N5070HD,0.0323043854632712,0.5122312563460524,0.3953255924325706,0.051637966330378746,0.008500799427727086
N5071HD,0.1881247302149187,0.7071564116535427,0.08616897775289449,0.014691036608306706,0.003858843770337407
N5072HD,0.1560007806358844,0.7327347208174629,0.09346817074060833,0.014056056161331371,0.0037402716447129214
N5074HD,0.7641922130071221,0.21938031872065686,0.012141522955218791,0.003040626684567708,0.001245318632434542
N5075HD,0.9311748744057614,0.0642225233056102,0.0028661657174697992,0.001106808837936311,0.0006296277332223521
N4923HD,0.8009872227757332,0.1744379949553086,0.017310834655753206,0.004951075350347687,0.0023128722628574074
N5076HD,0.7649890413668524,0.2215353113172556,0.009525152270900603,0.0029882323032171853,0.0009622627417740289
N5079HD,0.03524477514141972,0.30498220906098183,0.47001074716536784,0.1682356765770132,0.021526592055217487
N5080HD,0.5951598136663951,0.3838704342303414,0.014522515752723597,0.004398005911214956,0.002049230439324945
N5082HD,0.7721017292969168,0.196870088618442,0.018923216907028802,0.00875550346266684,0.0033494617149453358
N5083HD,0.6450688642501171,0.31654921557859433,0.02782994244019128,0.008080341025722578,0.002471636705374625
N5085HD,0.12059648634456449,0.6406694920446517,0.20014779367048863,0.03085484383219667,0.007731384108098492
N5051HD,0.2305586373436147,0.7200531785317575,0.043374295578592896,0.004522332571249054,0.0014915559747857513
N5039HD,0.05608576581526172,0.3333913375800948,0.4274881346135981,0.1442719064077133,0.038762855583331916
N5088HD,0.8801901987327649,0.11224603158643867,0.004954890655451488,0.001716690777415025,0.0008921882479296822
N5091HD,0.051623702795550494,0.9330573461237907,0.013231665717008905,0.0015981731786659204,0.0004891121849840165
N5093HD,0.005273144719496311,0.031347758033912654,0.2169276284854077,0.6579664787856625,0.08848498997552083
N5100HD,0.009033513170453129,0.05857565277641717,0.34280928599808097,0.5503253092771626,0.03925623877788608
N5103HD,0.08131486570877437,0.39634925140279004,0.3649341497191108,0.11564778632005603,0.0417539468492689
N5104HD,0.9475736030412273,0.04966508148157324,0.0018634641015043908,0.0006082437700483239,0.0002896076056466092
N5105HD,0.7360926377760535,0.2379379225753745,0.01605627713437097,0.006570739485518095,0.0033424230286831463
N5106HD,0.742332804188345,0.2346817228217497,0.016817074587239755,0.004444797618974913,0.0017236007836905832
N5109HD,0.4370965081103171,0.5375972120240552,0.021580774417229047,0.002741434199105087,0.0009840712492936207
N5112HD,0.4992747562224351,0.44401126742363745,0.044823549891948984,0.008586856575428526,0.003303569886549936
N5115HD,0.8534811880931047,0.13638602579430656,0.007721066285728385,0.001729167971468996,0.0006825518553914446
N5120HD,0.016261866679673956,0.07855265924492388,0.3334146774092125,0.49527537546692463,0.07649542119926503
N5121HD,0.5195052401986407,0.4257611414994289,0.038379464001001895,0.012144676833437826,0.004209477467490559
N5122HD,0.5742572119016933,0.3646879462222375,0.04549585502866226,0.01232345783830561,0.003235529009101274
N8305HB,0.8549249691367267,0.1354894828514863,0.006014413037864123,0.0025775809586040424,0.0009935540153187903
N5126HD,0.04827396003106635,0.24793295129081008,0.3324190794331869,0.27855173660576743,0.0928222726391692
N5128HD,0.8996792964558457,0.0928779130083889,0.004789007375084161,0.0018470870999286253,0.0008066960607526261
N5133HD,0.016833475907886794,0.11160189621912926,0.4366253405488468,0.3973389663839469,0.03760032094019029
N5135HD,0.7535728553640393,0.22435804425045414,0.015234131106146739,0.004936753546740105,0.0018982157326197194
N5143HD,0.8160203700254897,0.17563439390521643,0.006555571054198138,0.0012103783280976229,0.0005792866869980119
N5144HD,0.3453599182510669,0.5570470962703283,0.07909288911866302,0.014645607394023425,0.0038544889659183983
N5149HD,0.1966124755163432,0.6186424039360287,0.13806525787692983,0.03639525331483716,0.010284609355861304
N5152HD,0.38870750757815875,0.5523847227064856,0.04982209076464016,0.007027754333362677,0.0020579246173527783
N4394HD,0.12535984762014246,0.3610781180919929,0.37684607186141217,0.11255876409529894,0.02415719833115356
N5029HD,0.17498942714617585,0.6351253960305683,0.15227333375057564,0.027961241361672756,0.009650601711007427
N4368HD,0.9298040945243701,0.06615519543845015,0.0025696903174680726,0.0009833852698076667,0.00048763444990415156
N5013HD,0.31229793123075267,0.5822396545151701,0.07202167042968952,0.0232223791552836,0.010218364669103943
N5153HD,0.2956043594788285,0.5681241993166938,0.1142929110020381,0.01710710364936885,0.00487142655307085
N5157HD,0.8618464672325147,0.13027399100683382,0.005179946887200398,0.001775118802479112,0.0009244760709719909
N5170HD,0.6845505251041616,0.29268246533271725,0.01688959874307802,0.0041437447777594024,0.0017336660422836894
N5172HD,0.726348780533262,0.2411622785234732,0.025267824048915522,0.005353665974602338,0.0018674509197470492
N5173HD,0.6715690987844001,0.27823774735097506,0.03597374512386803,0.010204097838721123,0.004015310902035702
N5147HD,0.6482205233211124,0.3276000646546704,0.017247290955065237,0.004537193104259819,0.0023949279648919877
N5178HD,0.6571225103961714,0.2893562675894244,0.03673192890925233,0.01195945616628509,0.004829836938866747
N5180HD,0.4954930014110584,0.444208795328024,0.042891928043972245,0.012168095877313198,0.0052381793396322615
N5181HD,0.3473893063307464,0.519736830142743,0.10148518089922391,0.02425966671360157,0.007129015913685178
N5182HD,0.8947661751799094,0.09976523877114835,0.0036850346858983093,0.001149882912627676,0.0006336684504162906
N5183HD,0.10989691776249533,0.8519425121887425,0.03282140495539046,0.004153729880631797,0.001185435212740059
N5185HD,0.20732989471795613,0.48617800519116167,0.22589698257085428,0.06743106011440686,0.013164057405621285
N5187HD,0.17389655504866836,0.542991858779146,0.19876711226705865,0.06158967027807631,0.022754803627050565
N5188HD,0.15530489187033691,0.5106474882204728,0.19431705193889406,0.11645601165773713,0.023274556312559185
N5190HD,0.011609202393265511,0.07607485444836119,0.3932471143137119,0.4811812095409421,0.03788761930371937
N5192HD,0.6614365371521388,0.3257163302380226,0.010514494471491607,0.0016245775214868596,0.0007080606168601737
N5193HD,0.6715479801672212,0.2975525559918848,0.02325499278948525,0.005444499081522233,0.0021999719698867467
N5197HD,0.8849796964006753,0.1065823242925883,0.006542566863862129,0.0013945865684492954,0.0005008258744249752
N5198HD,0.14783909269939466,0.477644672985293,0.24364814263292875,0.10040555675774131,0.030462534924642303
N5199HD,0.6680344139478136,0.269155568477237,0.04512153977954075,0.013178968817436377,0.004509508977972341
N5200HD,0.7191981501677831,0.2486277650698508,0.022044706117652905,0.006960642423055327,0.003168736221657788
N5203HD,0.05093799664130841,0.20306012615425528,0.42514280866753607,0.26163945363404284,0.05921961490285743
N5209HD,0.05385541973601729,0.31047763928826655,0.44779620860519426,0.16928873230873556,0.018582000061786372
N5212HD,0.8283700151158822,0.1633895773956784,0.006035566879508971,0.00158966854288923,0.0006151720660415261
N5215HD,0.4894230267263547,0.4675411078723565,0.03330720358978839,0.0072667915106539045,0.0024618703008465145
N3574HD,0.7901939078574829,0.19034900230522867,0.011560443803187468,0.005354842886538771,0.002541803147562102
N4760HD,0.06845487283371832,0.4362907659593393,0.34839244453615353,0.11259027881556809,0.034271637855220714
N5225HD,0.7770902673762777,0.20669996361417473,0.01221406952081869,0.0029579479052067163,0.001037751583522123
N5226HD,0.5828452629352655,0.3585687046009412,0.039941207878428024,0.01427725248512154,0.004367572100243902
N5227HD,0.7522799076669212,0.2243710147918024,0.017040685970305537,0.0043869675780644,0.0019214239929065953
N5233HD,0.01610660891117668,0.09014548405183735,0.34581481121820984,0.39330238691489966,0.1546307089038764
N5238HD,0.8485941312958931,0.1319302691535332,0.01220994738107451,0.004765594468594243,0.002500057700904848
N5241HD,0.7841739357500244,0.1931077081295601,0.016206951154280617,0.004661631462095807,0.0018497735040390107
N5243HD,0.007677013619802413,0.04895190219805819,0.35003024589070875,0.5587343594195874,0.03460647887184323
N5246HD,0.365333213321296,0.5353300497092034,0.07881326292872663,0.015738699677945008,0.004784774362829
N5247HD,0.006551065275063491,0.021942781528348682,0.3764374688493051,0.5785264863968999,0.01654219795038285
N5248HD,0.57047461745426,0.3442714377212074,0.06227641319843125,0.0163637274337568,0.006613804192344572
N5253HD,0.5535149342561243,0.39977002373154313,0.029988151248852457,0.010947194872338775,0.00577969589114125
N5257HD,0.04576543632176738,0.18617158940516434,0.39021333967172617,0.29242421580371913,0.08542541879762304
N5259HD,0.037515972113969225,0.1498783809916828,0.3921964695132787,0.2909631024896942,0.12944607489137516
N5262HD,0.07853171407296797,0.6636762061689628,0.23611282633354208,0.017201106616638033,0.004478146807888963
N5266HD,0.15131362908213974,0.718338463569503,0.11685337579479199,0.011051489824703985,0.002443041728861105
N5270HD,0.6605681618419111,0.32280880788100724,0.012860611957970534,0.002722550821061766,0.001039867498049253
N5271HD,0.6103278656992965,0.32381517296234896,0.046778356342792045,0.014336821739670725,0.00474178325589167
N5273HD,0.8176840329239593,0.16545272661172875,0.01092838448315126,0.004003903931864499,0.001930952049296077
N5274HD,0.8696938637734086,0.12116183995601694,0.006473090667318805,0.0019400715703254046,0.0007311340329301263
N5211HD,0.22738050647539118,0.5526032864593199,0.13660511755077387,0.07342388957209445,0.009987199942420704
N4843HD,0.5067660473198106,0.43147562994212074,0.040647899860149855,0.015141839381989895,0.005968583495928937
N5287HD,0.5318218245656177,0.4210429529604962,0.034848157474482944,0.00940383559636464,0.002883229403038511
N5286HD,0.13076319536181896,0.2764545131817551,0.4002079609756976,0.14540346600781068,0.04717086447291778
N5292HD,0.04721678427340688,0.18941168487616075,0.38739051618699955,0.29618023867343596,0.07980077598999682
N5294HD,0.814871235679515,0.1706426784532364,0.009213509462003422,0.0035717307342355608,0.0017008456710095642
N5296HD,0.31701184120821213,0.47045283812517774,0.14436135176734563,0.057317442602263576,0.010856526297000863
N5298HD,0.7539415337180414,0.22107300880106937,0.01632955029921849,0.006341306790342162,0.002314600391328637
N5303HD,0.8076932734048855,0.1738127258220608,0.012153281782451831,0.004632245185990211,0.0017084738046117005
N5305HD,0.11112664690853352,0.42318797233398764,0.34254290479860894,0.1019393006707384,0.02120317528813135
N5306HD,0.8463306976993045,0.1422459819361331,0.00819366692631823,0.0023535648781398888,0.0008760885601042954
N5307HD,0.08052802208357562,0.3888680443701091,0.3734975100497501,0.12547872607784294,0.03162769741872228
N5311HD,0.23930937664305835,0.5714402214831623,0.16321571486725753,0.02082983599785951,0.00520485100866235
N5314HD,0.7790554313483025,0.2032481901003455,0.011581733182320543,0.004111754159857138,0.0020028912091743915
N5073HD,0.06919218384963866,0.3584006574300138,0.41059566406498205,0.1356169167565885,0.026194577898776977
N5277HD,0.0680535485451445,0.27284611289578053,0.3724472014786297,0.20634644107451325,0.08030669600593185
N4885HD,0.916736819326967,0.07654566242391944,0.004477486139004473,0.0014921575524375053,0.0007478745576714674
N5318HD,0.04392601264937966,0.4376822477670649,0.3773211485736441,0.11048898468302952,0.030581606326881627
N5321HD,0.7496942195316358,0.22512213104567136,0.01748754503378358,0.005720784637479872,0.001975319751429308
N5323HD,0.9278723711075868,0.06861889558652895,0.002334167035331229,0.0008336021823731387,0.00034096408817995517
N5324HD,0.7076487209500785,0.2566775416040962,0.0250409456412102,0.007313582775771432,0.0033192090288438228
N5326HD,0.8193260396137746,0.16263775984493406,0.010809288275067818,0.004644566297757963,0.002582345968465362
N5327HD,0.7134655614951404,0.2714842186298583,0.010208735991887975,0.0031077761514160095,0.0017337077316973359
N5329HD,0.07394340072107307,0.5789903094279091,0.3035433578325166,0.0351756722122693,0.008347259806231976
N5331HD,0.7835386211229988,0.19367076363450356,0.017732975500161875,0.003669119264867134,0.0013885204774687662
N5332HD,0.7581288168034191,0.2086846434328212,0.020501075034327527,0.009829125719895542,0.0028563390095365194
N5333HD,0.8544983046171563,0.13954788021293735,0.004178136115980361,0.0012242836613143243,0.0005513953926117739
N5334HD,0.028355336500269047,0.9341465502194619,0.03298782619154906,0.003528935355375775,0.0009813517333441756
N5338HD,0.023668521871904113,0.12536181379128084,0.354097320117902,0.3141609397847522,0.18271140443416087
N5339HD,0.06394200360537906,0.49076794491326203,0.3313196669022228,0.09432464793101618,0.01964573664811989
N3820HD,0.02185002906055529,0.09970674265919799,0.3688069345454431,0.3304350549873222,0.1792012387474813
N5342HD,0.8261382228874196,0.1630297980678976,0.008411571350446565,0.00184429809830093,0.0005761095959353304
N5345HD,0.716598523542541,0.2550542370033242,0.022373660880406293,0.004468541764472626,0.0015050368092556713
N5346HD,0.749573622769605,0.23166208655205683,0.012296296450891007,0.004865091338335786,0.0016029028891114117
N5348HD,0.02166651034333511,0.13613481372424846,0.2930462055579503,0.3995787322174225,0.14957373815704364
N5351HD,0.6420568758348554,0.3018971404020887,0.04148330152081551,0.01159903425795345,0.002963647984287055
N5354HD,0.008434978430435081,0.03243142315144997,0.4014419433757637,0.541053125097722,0.016638529944629186
N5355HD,0.6166922664070157,0.3649500089127549,0.011959908835644075,0.004380535979255245,0.002017279865330047
N5362HD,0.8793199006236181,0.114174955808512,0.0044440735567005864,0.0014153244067174051,0.0006457456044518467
N5364HD,0.8067367361011022,0.17823098982769645,0.010653105783808717,0.0032221296901479303,0.0011570385972447415
N1264HD,0.03591425892227647,0.8511252041719446,0.10119689019395739,0.009968393586935433,0.0017952531248862768
N4985HD,0.31467433171144554,0.5944124886702699,0.0687713842646604,0.016485027920482467,0.0056567674331416615
N5368HD,0.008776799995848622,0.051085867962677375,0.37797556130590776,0.5149572061268385,0.04720456460872781
N5371HD,0.8599809377922695,0.12842048295228164,0.0072021769412915155,0.0030801256319047893,0.0013162766822526835
N5372HD,0.748556312326688,0.23765479762611666,0.010679481023202453,0.002302994499556754,0.0008064145244360616
N5373HD,0.5256014951423498,0.45624099350766956,0.013274831866956174,0.0032514556684604644,0.001631223814563891
N5374HD,0.5387132001469983,0.4299249308169126,0.026639412368371595,0.003566143961294254,0.0011563127064232995
N5377HD,0.7310236407538849,0.25240242286813763,0.01268318004060558,0.0027758125256497064,0.0011149438117221875
N5379HD,0.7890009571758269,0.1929422654282925,0.012830545261677078,0.004022634331719161,0.0012035978024844093
N5381HD,0.07778020925929074,0.3600640466882317,0.27576461370745553,0.20558113907239406,0.08080999127262778
N5383HD,0.1729438723072509,0.40208073943261785,0.281093934057238,0.11632548832253085,0.027555965880362535
N5385HD,0.87893440345936,0.11687894641262873,0.002992904390689167,0.0008243596056253829,0.0003693861316967713
N5387HD,0.0332143633921756,0.2349210342512899,0.4007266570697152,0.2536827395601965,0.07745520572662278
N5388HD,0.0817908965019695,0.25530897300996314,0.3532967621525059,0.27119604933128266,0.038407319004278774
N5389HD,0.03141823472044538,0.6844745766666707,0.2606250655971384,0.019009200265181155,0.0044729227505645956
N5391HD,0.6330597748298713,0.328818213341679,0.03003362554251689,0.006023341634769626,0.0020650446511631996
N5393HD,0.45096237661625377,0.5212021304090227,0.023253095907755688,0.003498045999683803,0.0010843510672839986
N5395HD,0.7010311570299472,0.2655716994416932,0.02432829693787573,0.00672987916502046,0.00233896742546336
N5397HD,0.7550252115737441,0.2258349671962755,0.013631477670779192,0.0040552419571182954,0.001453101602082897
N5398HD,0.7617832577970792,0.2200897090888257,0.013529782221774431,0.0034510963516179664,0.001146154540702484
N5386HD,0.13564108857376417,0.6907820178196373,0.15874583452040714,0.011972600096938906,0.002858458989252513
N2483HD,0.8160892628852785,0.16313643249728435,0.012379675649116212,0.005297174255914893,0.003097454712405917
N5402HD,0.8435351074594251,0.14484578411480697,0.00800064835150063,0.0024544245357881176,0.0011640355384793836
N5404HD,0.6962443206215818,0.2725302327776533,0.022908357942984684,0.00625913751751435,0.002057951140266064
N5405HD,0.92629343641123,0.06862268850281164,0.0034877831539001807,0.0011118814416137656,0.0004842104904445728
N5407HD,0.20195853105260908,0.5834547790597513,0.1395374331560775,0.06336714549349039,0.011682111238071757
N5414HD,0.6121966752254789,0.36867214019751304,0.015088411961942884,0.0028012990188052774,0.0012414735962600096
N5415HD,0.8095064053738386,0.1812952203673321,0.005568642367099263,0.0026697549939650816,0.0009599768977648144
N5416HD,0.1338537616349706,0.7644827598437587,0.08851427929959407,0.009771515416878457,0.003377683804797981
N5421HD,0.7468157161085774,0.2308682307724867,0.01619168449957404,0.004462805475595511,0.001661563143766285
N5430HD,0.8514807494105567,0.13694498003277217,0.00850232905517321,0.002234834266368514,0.0008371072351291143
N5431HD,0.055483719850821615,0.7846563986344803,0.14893959903357873,0.00882161689579121,0.0020986655853281063
N5432HD,0.7450305736165772,0.23325263688277875,0.015599962211895725,0.004582658094238298,0.0015341691945101668
N5437HD,0.8357951651950516,0.15258473279840237,0.008162662146065825,0.0024322555792053663,0.0010251842812748575
N4225HD,0.32815078042155493,0.6000714552266816,0.0562329941876502,0.01173045653938556,0.0038143136247277675
N5123HD,0.4577237960411151,0.4820169360123581,0.04176006494923567,0.01341919214426243,0.005080010853028629
N9187HC,0.05377252345639906,0.2528793838228658,0.33060887655659055,0.27681637058322556,0.0859228455809191
N5439HD,0.11371437609950626,0.48806190221484275,0.2705327305452219,0.10130383556227357,0.026387155578155526
N5440HD,0.09729102777959758,0.7099962308095625,0.17526408916314593,0.014408234332814879,0.0030404179148791023
N5443HD,0.07325046887966802,0.3992811297470204,0.3848464156236445,0.11542085065832274,0.0272011350913443
