ncode,proba_0,proba_1,proba_2,proba_3,proba_4
N0001HE,0.8895476802238242,0.1035382333478611,0.004152039837409478,0.0018799458529594627,0.0008821007379457985
N0002HE,0.20169414818269008,0.7537564075586294,0.038108336070702596,0.004735509528640691,0.0017055986593371905
N0004HF,0.7191891850660942,0.2565231304508653,0.017943402439057947,0.004697091466361705,0.0016471905776208428
N0005HE,0.005025412469278,0.018718069988257043,0.32175331424063414,0.6335389548814866,0.020964248420344292
N0006HF,0.05272042851867812,0.44001975210109984,0.4233999274729693,0.07155665979833725,0.012303232108915613
N0007HE,0.27164911636590455,0.5954044301854842,0.11220722715303452,0.01612790110314371,0.004611325192433065
N0009HE,0.8427460119338512,0.1461591937045275,0.008421722745933908,0.00200006000250207,0.0006730116131852694
N0009HF,0.6767004121003584,0.2778809441883588,0.029889352855142805,0.0115107676598008,0.004018523196339328
N0012HE,0.7551870766426938,0.21583040740837464,0.0223754727728454,0.004932271559418712,0.0016747716166675651
N0013HF,0.7741234687230447,0.20563552044722733,0.013108686503493203,0.0051517167249179995,0.0019806076013167582
N0014HF,0.6669001639574982,0.2954748498682237,0.028136214852716314,0.006996144498398573,0.00249262682316321
N0016HE,0.8958342861381755,0.09665793514705151,0.004517472672410938,0.0018840150464835051,0.0011062909958783518
N0017HE,0.7804453140751689,0.2063104794879176,0.009425232985581808,0.002677445918170474,0.0011415275331611778
N0018HF,0.7555164248622953,0.22376977736539821,0.015139202317998476,0.003931286714934389,0.0016433087393736233
N0021HF,0.8009201033488941,0.1887646893406572,0.007917912704226532,0.001762581954343416,0.0006347126518787842
N0022HE,0.8076318631820941,0.17135873678780597,0.013915466699888007,0.004833545478589887,0.0022603878516219414
N0024HE,0.5905024798117944,0.36213269255035674,0.03590335463514634,0.008456951291942173,0.003004521710760244
N0025HE,0.3423737996206343,0.4522760443434036,0.1476339071178754,0.04437931662942997,0.013336932288656664
N0025HF,0.12788745150467143,0.6957383567163927,0.1557289649138818,0.01609317959013967,0.004552047274914419
N0026HE,0.18108799818449767,0.6000393892908571,0.19809796850037115,0.01671844877463478,0.004056195249639387
N0026HF,0.7381328927398353,0.23968814760976453,0.01555518820423693,0.004685593141529798,0.0019381783046335762
N0027HE,0.6635768120516423,0.30146202566548536,0.026591724444387742,0.006378183019036235,0.001991254819448454
N0027HF,0.008356410264203818,0.045174391015707124,0.3485535816952799,0.5663972902091932,0.03151832681561603
N0029HF,0.1481040206128402,0.4250697501685316,0.25027991527879767,0.13088846479702768,0.045657849142802895
N0032HF,0.33795429244562075,0.48038397225656115,0.11667552940765442,0.05188579608837365,0.013100409801789909
N0034HE,0.42989907143820794,0.43317504908858895,0.09716314338534274,0.029901301314380974,0.009861434773479316
N0035HF,0.8308254871800299,0.15583196790484408,0.009015502818955193,0.003087349362767996,0.0012396927334027738
N0037HE,0.2956077285319866,0.49910614733004965,0.14917158915932288,0.04367622173349078,0.012438313245150195
N0039HE,0.12006193649139188,0.744964360490213,0.12194851999281797,0.010355692036755133,0.002669490988822185
N0040HE,0.3122373450398402,0.5861691182586186,0.07768603704747193,0.017166652245703757,0.0067408474083656645
N0042HE,0.24187002304227806,0.4408542404926711,0.19524099945140666,0.09128701988002055,0.03074771713362361
N0044HE,0.48238427751544527,0.43016914329405853,0.05900356063563143,0.020944618456893473,0.007498400097971378
N0045HF,0.14201551925006556,0.7503418802018521,0.08628082959667252,0.0162921795656819,0.005069591385727805
N0046HE,0.1520598193347641,0.7241228106509087,0.10299138702934474,0.01631522302214815,0.004510759962834393
N0047HE,0.6316075165409073,0.3259875608574094,0.03251201111071461,0.007344321546817299,0.0025485899441513014
N0047HF,0.78085414883752,0.1969334000385971,0.016625323485677683,0.0042147425190476595,0.001372385119157658
N0048HF,0.657929709820887,0.3006931500348583,0.03128014348341039,0.0075200953295832314,0.002576901331260949
N0053HF,0.9366435965807988,0.05986476378375592,0.0022446660895164973,0.0008251265700610985,0.00042184697586763656
N0054HE,0.13122273775795518,0.7624634804358349,0.09513927635842143,0.008733200552182666,0.002441304895605713
N0058HE,0.39069429017103807,0.4683722463095982,0.09983923833352443,0.03180303656323507,0.009291188622604293
N0058HF,0.8566205260077044,0.13014937974359514,0.009281278316406258,0.0028915597748125493,0.0010572561574816357
N0059HE,0.09110883457609814,0.3292034093576956,0.30434762335559995,0.2095093471259008,0.06583078558470551
N0059HF,0.43292374982537546,0.47598703164719325,0.06712196259953732,0.018155555672290154,0.005811700255603788
N0060HE,0.08791909380524754,0.34407647085959414,0.33609290730599045,0.1870829413121891,0.04482858671697888
N0064HE,0.6114973019936953,0.3375255715257366,0.03515446451816144,0.0118894499847489,0.00393321197765773
N0066HE,0.5696569280771395,0.36862651430998394,0.04686351721607922,0.011752913662946738,0.0031001267338506564
N0068HF,0.02703542849633539,0.16564527916656996,0.3342708277651633,0.3831256196114469,0.08992284496048442
N0069HE,0.6734018014599068,0.30732038172121906,0.01267727803592085,0.004473362826176333,0.0021271759567767783
N0069HF,0.07212077330705376,0.591189391370885,0.299457234282274,0.031196608515957503,0.0060359925238298645
N0070HE,0.12475363106385642,0.42124291793087343,0.28507888948703364,0.14091268345697977,0.028011878061256722
N0071HF,0.37111401870834704,0.542493148813532,0.06358756010350095,0.016838333473580155,0.00596693890103988
N0074HE,0.46838416638901653,0.4692816029897139,0.05013937779235542,0.009403272418465222,0.0027915804104489605
N0076HE,0.08286185571915253,0.3316123018553356,0.33344482942879305,0.2067476232759101,0.045333389720808706
N0076HF,0.8699448104133811,0.1204851543819313,0.006342853373924326,0.0021930526086793587,0.0010341292220839037
N0077HE,0.010715249212240627,0.03921794739285113,0.28539440215280876,0.41053901220673766,0.2541333890353618
N0077HF,0.80642550365966,0.17828944519613715,0.012057009980307933,0.0023761979935221595,0.0008518431703725017
N0078HF,0.8149436549546847,0.17131771990713568,0.01083300303480768,0.0021108074533416512,0.0007948146500304663
N0079HE,0.4588980297960494,0.4780716500325969,0.03969695800064772,0.014439719146646443,0.008893643024059384
N0079HF,0.8525337882070874,0.14014777738803605,0.004849947383853094,0.0016380480542812503,0.0008304389667421013
N0080HE,0.26917881134991506,0.5966396370013984,0.12113870778071742,0.010363339839592622,0.0026795040283765113
N0082HE,0.2792594324814659,0.5967403269738767,0.1092482577768146,0.011815001275048694,0.002936981492794067
N0084HE,0.8977343710038947,0.09526186805258927,0.004176702585750296,0.001814235062977592,0.0010128232947880177
N0086HF,0.13216310150141414,0.7742104405973317,0.08444906288177943,0.007181868983864146,0.0019955260356106282
N0089HF,0.18534665050241445,0.7373082899130982,0.06792939070856377,0.007377413197640748,0.0020382556782828423
N0094HE,0.4496212449611428,0.4204638499048127,0.08283817061562845,0.03707800449069596,0.009998730027720004
N0095HE,0.1330398058506963,0.7418277041691688,0.11277769406933902,0.009819909493098845,0.002534886417697019
N0096HF,0.8031057124994007,0.1797805111761843,0.011065991417818,0.004085269194469712,0.0019625157121273933
N0099HF,0.38588456109022146,0.5608764087280927,0.04491639696764001,0.00632055005244479,0.002002083161601052
N0101HF,0.7880502429882391,0.2001769384126439,0.007575795077391418,0.0028326499803281173,0.0013643735413975658
N0102HE,0.19085380033893423,0.6908870652809995,0.09622104108060545,0.016674901731099628,0.005363191568361248
N0103HF,0.00918016854647858,0.03848861697377809,0.24619879768381558,0.41904399338125964,0.2870884234146681
N0105HF,0.9375053383587003,0.05651811146602472,0.0037539349884607017,0.001413770945063605,0.000808844241750657
N0108HE,0.3168984546841582,0.5890539961548263,0.07265707822904852,0.015602341716531307,0.005788129215435574
N0109HE,0.038376235505790036,0.3032179041272753,0.4828869955799898,0.15395118075900685,0.021567684027938006
N0110HE,0.19549081439118382,0.49373461494066256,0.23057339945424754,0.06571013794152551,0.014491033272380585
N0111HF,0.8188160659407048,0.16957541537922569,0.007881289722344122,0.0025068763560120765,0.0012203526017133784
N0113HF,0.7500276167953789,0.23764191919646552,0.008861339117203632,0.0024061562057717937,0.0010629686851802342
N0114HF,0.1932891408971488,0.6369105475552137,0.14888401803382129,0.01671531644134232,0.0042009770724738705
N0115HE,0.5640565586476394,0.36483620091179914,0.05022679067649085,0.015692543106196243,0.005187906657874421
N0117HF,0.7133127253565528,0.26630368971606,0.012578946089062215,0.004931149312791866,0.0028734895255332314
N0119HE,0.7041725492193491,0.2774935420789493,0.013919398555160755,0.0032862355450780623,0.001128274601462673
N0119HF,0.864750064980135,0.12189973012953963,0.008106896915558756,0.0036034674510532208,0.0016398405237134362
N0123HE,0.35635276421352535,0.48136652919212103,0.11095534184882261,0.04106439214277676,0.010260972602754328
N0124HE,0.06040013930266828,0.47503203842603153,0.3420186284355247,0.09459686545961915,0.02795232837615626
N0125HE,0.8559585900110033,0.13713595117574892,0.004914376019843738,0.0013785003827806682,0.0006125824106233027
N0125HF,0.3359099115564069,0.5031277754066286,0.13331075137028056,0.021410379640832995,0.00624118202585099
N0127HE,0.022630030500885846,0.12315640685926543,0.36766327824372824,0.3716626282774588,0.11488765611866163
N0127HF,0.7656694818860859,0.21371744527113878,0.012564962834802495,0.00543206665460832,0.00261604335336443
N0130HE,0.9230018974677627,0.07298979833371753,0.0026516249977948042,0.0009141593647545588,0.0004425198359704309
N0132HF,0.3010787064203767,0.6317767053649385,0.05558380998616318,0.008560415025662124,0.0030003632028595515
N0133HE,0.657307642938828,0.32025725583578846,0.014936538028661447,0.0050956972944167615,0.002402865902305266
N0136HE,0.7824371161177301,0.2056049701000974,0.00875340316963977,0.0022597159721628917,0.0009447946403698332
N0136HF,0.7719926966935216,0.20681367967317027,0.015823478667213446,0.004028050635359754,0.001342094330734931
N0138HE,0.05193341584493351,0.28246181398560544,0.3159301757987888,0.28824018008427377,0.06143441428639851
N0140HE,0.661736870268016,0.30432801935547393,0.02274108620049674,0.007483045385133245,0.0037109787908802235
N0140HF,0.7553736728953785,0.22414662675323238,0.015488753573173896,0.0037737146789225766,0.0012172320992925023
N0141HE,0.025176206759571534,0.8114731949056082,0.14921631293161988,0.011275640922188244,0.0028586444810120805
N0142HE,0.7173083157498494,0.24656803179861328,0.02510570527560248,0.007893090231086242,0.0031248569448485575
N0142HF,0.85918839925677,0.13189928861261352,0.00532212800148185,0.0023182457498789636,0.0012719383792556128
N0145HE,0.8947336110830493,0.1006274395372903,0.003021062813954831,0.0010780581563948589,0.000539828409310853
N0147HE,0.8037170566319329,0.1651307258697834,0.018477600364343795,0.008512674378065119,0.004161942755874682
N0149HF,0.09941555922008284,0.8241224521222994,0.06745878248871987,0.006847588378914918,0.0021556177899829847
N0150HE,0.16488468162401307,0.43099716369904806,0.2567296960943571,0.12309734680948195,0.024291111773099804
N0151HE,0.126777681650324,0.47362732736214425,0.2951808356251712,0.08902231098268981,0.015391844379670717
N0152HE,0.6417669128294062,0.30922654309818814,0.036470156133042754,0.009861706400782471,0.0026746815385802806
N0153HE,0.6324445378295709,0.3066895616724463,0.04616777682268393,0.011305068909411974,0.0033930547658869562
N0153HF,0.6826962956574382,0.27910546277216525,0.02437198931311229,0.009877681685072606,0.00394857057221174
N0157HE,0.7973599791441048,0.1850557131141929,0.01166228603662699,0.004126529731661006,0.001795491973414293
N0158HF,0.6658906701936912,0.2866201904576823,0.033127113979430835,0.010718253219379175,0.0036437721498165194
N0159HE,0.22462461716586715,0.5071466093852426,0.1609100397655898,0.08481635730643784,0.02250237637686269
N0159HF,0.22846214818736574,0.6050553442559718,0.12637350500294278,0.030478224549612964,0.009630778004106746
N0160HE,0.8740558119963822,0.11734459047810923,0.005594589342595335,0.0019898249509736005,0.0010151832319398
N0161HE,0.881337094713912,0.11253439707812911,0.0038646243110952846,0.0015574093692489166,0.0007064745276146114
N0161HF,0.8977866640194808,0.09412943956332336,0.0049626035019845974,0.0020605300076622945,0.0010607629075490052
N0163HF,0.014548254918063035,0.054734350491921255,0.23028520402408947,0.43026505364879863,0.27016713691712757
N0164HF,0.21720758371637613,0.47129351847102197,0.22290439205962193,0.06646471958083927,0.0221297861721408
N0166HE,0.755630785259825,0.22383505048776203,0.015223990783839667,0.003802518585663351,0.0015076548829099344
N0167HE,0.35473461144931046,0.558034977083189,0.06757069510333127,0.01445660937183067,0.005203106992338507
N0168HE,0.039095725047593885,0.9049805463120852,0.050511118004219924,0.004333592399363329,0.0010790182367375887
N0170HF,0.9254387917018265,0.07006925025890083,0.0028609453614790894,0.0010772393029750901,0.0005537733748183433
N0171HC,0.8297057242237115,0.15578591307794348,0.00874481045017749,0.0036903853124100037,0.002073166935757557
N0171HF,0.6093187859545035,0.36952228270462534,0.01651738230337704,0.0033217125540487753,0.001319836483445394
N0173HE,0.46969810181624816,0.4945301279555169,0.02748247910911946,0.005828523928373707,0.002460767190741864
N0175HE,0.25049473266240324,0.45024995987789695,0.2040509166938162,0.0691674091164696,0.026036981649413937
N0176HD,0.5944155483531083,0.3782018442282541,0.02163333046020571,0.004029926150489237,0.001719350807942587
N0176HE,0.9205743142416255,0.06897588464929225,0.006151006473270592,0.0028368012128827938,0.00146199342292886
N0181HE,0.5799991507789153,0.3696420583164091,0.04142310629781445,0.006518401836716035,0.0024172827701452503
N0185HF,0.5350641134412994,0.4501629175248925,0.011740493274231639,0.002088396377205679,0.0009440793823708449
N0186HE,0.786564127735575,0.2016242230205883,0.00828444056905278,0.0024525218567494336,0.0010746868180343096
N0188HF,0.1177278128836757,0.7975281360636118,0.07461809368786254,0.007888290991939256,0.002237666372910734
N0189HE,0.7511583418959373,0.220791511424,0.019504384091108214,0.005982324644217171,0.0025634379447372676
N0190HD,0.1735120298770736,0.5980703207272405,0.16731721017490533,0.046287511127947364,0.014812928092833058
N0192HF,0.30130239350364424,0.46945468891767267,0.17188844654460209,0.047505730857574806,0.009848740176506278
N0193HF,0.15461654624980667,0.4477315883269147,0.24074757275093833,0.12759825909512582,0.029306033577214518
N0194HF,0.01203247824981148,0.07450274760021186,0.4108454404147481,0.41318879253572394,0.08943054119950464
N0195HF,0.22015854552950165,0.5132987111189424,0.18894515027175585,0.05951656961640622,0.01808102346339384
N0197HE,0.028813657641452793,0.9023285597523791,0.05962068330277694,0.00751051360582318,0.0017265856975680032
N0198HF,0.49940833067690227,0.4814775721876499,0.014952513528408467,0.002846135600202046,0.0013154480068374341
N0200HF,0.7500772025240339,0.2161508420430902,0.01998979807350481,0.009390493752861006,0.004391663606510061
N0203HE,0.08597956048968583,0.6305506102311059,0.23926700729925826,0.03405816439039774,0.010144657589552224
N0205HE,0.6175762609281279,0.3488086793121343,0.026057770122903147,0.005572632108113332,0.001984657528721407
N0205HF,0.8717886499806596,0.12195621687148654,0.004107099305322285,0.0014391628773494248,0.0007088709651821834
N0210HF,0.3783697770742727,0.5532161075996567,0.05255725608590015,0.011214908228472376,0.004641951011698094
N0212HE,0.3115783982663939,0.568213179374505,0.09503052003273549,0.019005591757556204,0.006172310568809432
N0213HE,0.7831511606395838,0.1950086439711427,0.014227859657828346,0.005355091597156507,0.0022572441342888017
N0215HF,0.5598568404921521,0.39482736077962866,0.03263428687751459,0.009327955201890434,0.0033535566488142993
N0216HF,0.37254914695069147,0.5677453467413468,0.04891777602166057,0.008069728779666168,0.002718001506634986
N0217HE,0.04881673700754515,0.7708671268412176,0.15497371069329685,0.020154407887090303,0.005188017570850209
N0219HF,0.8297092865912669,0.15531513178039308,0.010396733310265069,0.0033318253293766116,0.0012470229886982224
N0220HE,0.044323385984222155,0.9151481036269423,0.035696033255129975,0.003827731960774395,0.0010047451729311002
N0221HE,0.6831860753947562,0.2906330460619168,0.01957072402847442,0.004886411569583098,0.0017237429452693332
N0222HE,0.8129147308067152,0.16250938532354836,0.014786549841265087,0.006395943821157189,0.003393390207314064
N0222HF,0.5490871201503768,0.43087914564259533,0.01598500800041241,0.002965368501644282,0.001083357704971223
N0223HF,0.11054954430305197,0.7969228600255327,0.08128138080690052,0.0087963786953368,0.0024498361691781766
N0224HF,0.4130719419140564,0.49862875914680016,0.06873522219227983,0.014942185733702712,0.004621891013160875
N0225HE,0.8913909406470524,0.10092715100040903,0.005255318644882148,0.0016093736513087503,0.0008172160563478996
N0226HE,0.025072382566538803,0.10727133959028776,0.3833521115688311,0.315839996176991,0.1684641700973514
N0227GZ,0.8513272554468578,0.1344756805415483,0.00995825542285031,0.0029790522658500055,0.0012597563228935525
N0227HF,0.8962438447416969,0.09731741934109137,0.004092554664450259,0.001490333361769857,0.0008558478909914907
N0228HE,0.09555830527706774,0.3239881214999552,0.32092215214352204,0.19762834895555376,0.06190307212390121
N0229HE,0.5303470133398551,0.4014778826597231,0.050011996829756045,0.013497400938903416,0.004665706231762242
N0229HF,0.8296340422393819,0.1602814409635368,0.006584481168194638,0.0024072282176021693,0.0010928074112845215
N0230HF,0.17073022770521493,0.5100037530747341,0.2307119874780425,0.06943959186967465,0.01911443987233389
N0231HE,0.40383727676500836,0.5643359453277013,0.02582698038312791,0.004413161352641957,0.0015866361715204634
N0233HF,0.7346294031329825,0.23401722356922558,0.022638111292289462,0.006488656134476735,0.0022266058710257567
N0235HE,0.5845029020750543,0.3567974186714452,0.046028373378092055,0.009467630542599763,0.003203675332808644
N0237HE,0.6971525158292693,0.27949500312560793,0.01614661064272312,0.00479599842929775,0.002409871973101809
N0239HF,0.2186207896634862,0.6267305912095824,0.1227196122401013,0.024408441455775344,0.007520565431054825
N0240HE,0.7387101738988768,0.22677612282599421,0.02470911846182065,0.007316644349439447,0.0024879404638688835
N0240HF,0.913287811253747,0.08234129085511376,0.0028393817828155535,0.001032843873651409,0.0004986722346722052
N0241HE,0.0767776439638805,0.5321548055751923,0.32074784932489153,0.05672022166251304,0.013599479473522535
N0241HF,0.8391208125712643,0.14351929917940054,0.009927183746709792,0.0050533676442760505,0.0023793368583494086
N0242HE,0.7045225299122269,0.273186712497023,0.01534206728497865,0.00458324942347953,0.002365440882291914
N0242HF,0.7359567655870906,0.23463162710781824,0.019240132496469203,0.007633264867402829,0.0025382099412192155
N0243HE,0.452498821496916,0.3974048965120313,0.10575009368253926,0.03447039177529671,0.009875796533216696
N0245HE,0.1051764604120774,0.45740961049423756,0.30842966390382576,0.09778288790234353,0.031201377287515653
N0245HF,0.015210482164170012,0.0707419396117692,0.39286460726405714,0.4159844824015176,0.10519848855848608
N0251HE,0.30326340358831544,0.6052184768751889,0.07104582059655713,0.015516730451581598,0.004955568488356923
N0255HF,0.73151309460415,0.2447337134448882,0.017438505616905343,0.004565927534793976,0.0017487587992624132
N0258HE,0.7578335200901246,0.22117719595488597,0.015003204909218141,0.00433847779837418,0.0016476012473970985
N0258HF,0.2332938600220213,0.5376291013004806,0.15441481298320722,0.060479570277475636,0.014182655416815307
N0259HF,0.3639854308803222,0.4430268339087606,0.14105615483416692,0.042004580025231594,0.009927000351518703
N0260HF,0.7674076775080976,0.2102136697605915,0.01627912756080195,0.004431153546063252,0.0016683716244457179
N0263HE,0.8334081003531884,0.1544093420030686,0.007856627980088012,0.0029279014131158394,0.0013980282505391402
N0263HF,0.7575774800135224,0.2305311117533618,0.008181614682819959,0.0024813358073307893,0.0012284577429648525
N0264HF,0.20218539202050906,0.5633248666470749,0.17790309011994662,0.04733855299672037,0.00924809821574897
N0267HE,0.094826574667724,0.8055892373320541,0.08849282940447638,0.008959604788822111,0.002131753806923498
N0268HF,0.3472922581963755,0.4973785560024229,0.10209758852119119,0.0405878129478709,0.01264378433213959
N0270HE,0.7835359431574699,0.1939410045404218,0.015137788782253869,0.004906092951096166,0.0024791705687581423
N0272HE,0.6146039084966911,0.3273854953312589,0.0442020734161878,0.010603014675996034,0.003205508079866298
N0274HE,0.12928335424389573,0.5105547057664286,0.27438103475580555,0.06769298554611326,0.018087919687756974
N0278HE,0.4965033187804909,0.39299162893751455,0.0767135840129937,0.025695453191645106,0.008096015077355679
N0279HF,0.6406008185770583,0.3222411511638331,0.02777225050851783,0.007188107672283414,0.0021976720783073466
N0283HE,0.6028378317233918,0.3429582402109703,0.038579546566066936,0.011714683994576518,0.0039096975049944084
N0286HE,0.8893364744375368,0.10541194798398217,0.0032672544794521245,0.0013024142940230117,0.0006819088050056719
N0287HE,0.40794484670740827,0.5189542012637125,0.050042783157098494,0.015719387128385977,0.007338781743394701
N0288HE,0.7343844033070795,0.23672969385806947,0.02202221543920415,0.005228973798259014,0.0016347135973877962
N0292HE,0.14909748256645067,0.674830638576149,0.15089424737346221,0.019453167089598666,0.005724464394339575
N0294HF,0.6910881715124357,0.27803309844682267,0.02364982017189209,0.005484716238440783,0.0017441936304086574
N0295HF,0.8586735194488778,0.1301599734018,0.007882124166507572,0.0022671822092172897,0.0010172007735973813
N0296HE,0.3510831943148059,0.5231612151480737,0.09467820322817981,0.02475944955520047,0.00631793775374017
N0299HF,0.3370118771302805,0.6307683048491951,0.02659015231665931,0.004109872565035312,0.0015197931388297287
N0301HF,0.7848687454462995,0.1969608942245646,0.01200962960211276,0.004375108995684698,0.001785621731338426
N0302HE,0.6577256143627668,0.30769003978445125,0.022557114343550778,0.008926063641300046,0.0031011678679312075
N0303HF,0.6633467275082812,0.29930893068829817,0.02497772209640369,0.008554255612923604,0.0038123640940935207
N0304HF,0.509117997884647,0.42262016343794545,0.05158732647658402,0.012868551653239167,0.003805960547584432
N0305HF,0.16681035244207115,0.5809562599257823,0.20988601948168611,0.033572936456556776,0.008774431693903715
N0306HF,0.8251582180066972,0.16106338325899558,0.009126760121400089,0.0032611576649867616,0.0013904809479204385
N0307HF,0.0501432960883168,0.9281940839569758,0.018944991103952417,0.0020209234444535503,0.0006967054063013972
N0309HF,0.09755752986090285,0.45189140191501254,0.3185317114223317,0.11161315761493613,0.020406199186816677
N0311HF,0.17089033259680853,0.7496755346225699,0.07186475842244017,0.0058453867076829445,0.001723987650498536
N0312HE,0.6064936581758927,0.35136679824009687,0.03243892101471038,0.007215932796921167,0.0024846897723788614
N0313HE,0.7268343938074351,0.24142033116423828,0.023394360126680593,0.006228447822275502,0.0021224670793704692
N0316HE,0.8397191239493618,0.15131699250338693,0.005816654487272986,0.002002061603719309,0.001145167456259259
N0319HE,0.7021957416001225,0.26464180733750897,0.021811464436424326,0.007954093162060156,0.003396893463883847
N0320HE,0.8686160225094252,0.12055282758533166,0.006776913271027582,0.002602555387587392,0.0014516812466281767
N0323HF,0.4629465435196337,0.4450921480134656,0.06920295825102428,0.017456879768000595,0.00530147044787588
N0327HE,0.7258156667149314,0.24462486641227205,0.020430835680373766,0.0068794980653403585,0.0022491331270825437
N0327HF,0.7688986871644344,0.20467894545497245,0.01823767693881333,0.005930466425214401,0.00225422401656532
N0330HE,0.638443663607488,0.32979274042215617,0.022221886969705302,0.006984785952917097,0.0025569230477333047
N0330HF,0.8144924255706766,0.16469602681729406,0.01422161647114944,0.004405888923756625,0.0021840422171232354
N0332HE,0.8353600722332832,0.15211303852435828,0.008399633705015206,0.0029843017633123447,0.0011429537740309664
N0332HF,0.34118226404109364,0.5921575980322951,0.05043768539496585,0.012171192751809284,0.004051259779836213
N0333HE,0.07661196443939329,0.374397723543421,0.3291966607442743,0.18383409576433715,0.03595955550857434
N0334HE,0.21816001072011176,0.4592231791912706,0.20420049928987036,0.08690925428475321,0.031507056513994026
N0334HF,0.8765606818175857,0.11287869959931678,0.00677570068664906,0.0024371840360420454,0.0013477338604063033
N0336HE,0.8922320422825243,0.10297900374694562,0.0031520510229282907,0.001103470722035629,0.000533432225566278
N0338HF,0.2792950336747587,0.5139618282753247,0.13728163604763205,0.051850016587131884,0.017611485415152638
N0343HF,0.7772417348062477,0.20591752231310972,0.013424083203939507,0.0025094238300030756,0.0009072358467000337
N0344HF,0.7233882538048059,0.25855016840454764,0.014405913420570553,0.0026681483836491593,0.0009875159864267714
N0345HE,0.7666212885716136,0.21132800383470976,0.013097569866658073,0.005822953608418221,0.003130184118600251
N0345HF,0.6560862226010762,0.3172443440581172,0.0210557373670758,0.003998052112954921,0.0016156438607759023
N0346HF,0.8633554833979968,0.11484987168586658,0.012984735636761956,0.0056889611087585735,0.0031209481706160904
N0348HF,0.05560500756447605,0.9245848316161549,0.017135178474122666,0.0019449251007535595,0.0007300572444928166
N0349HE,0.8357550448611955,0.14842998047815195,0.01069699795143739,0.0037280307770776165,0.0013899459321375994
N0349HF,0.6585934849573776,0.3168986488468455,0.01919390943902018,0.003789283078943865,0.0015246736778128454
N0351HE,0.4778073321579357,0.41488027263387683,0.07641689482981684,0.024224427503255465,0.0066710728751152555
N0351HF,0.7197824704961319,0.261831128392043,0.014810766241645526,0.0025526334438678226,0.0010230014263118434
N0353HF,0.7393963911568908,0.24081051259169833,0.015424003843976849,0.003193639040087319,0.0011754533673467365
N0354HF,0.8400083405809635,0.14730849238377333,0.009561443418817659,0.002250820725039668,0.0008709028914057471
N0355HE,0.38838867776557245,0.4929418525879131,0.09260689115993508,0.020450865197205334,0.005611713289373927
N0356HE,0.7044794658070578,0.2748655770535281,0.0141096003782761,0.0043977860315836574,0.0021475707295542114
N0356HF,0.7695916240858598,0.1771311691862307,0.02954657330109548,0.015211296237709846,0.008519337189104218
N0357HE,0.4051570283091185,0.504206662192564,0.07448452625042122,0.012983890678050114,0.00316789256984608
N0358HF,0.5092485097036108,0.45274950188903873,0.030935946931350135,0.005141042977143534,0.0019249984988567517
N0360HE,0.7356882558232669,0.24915345815772535,0.010784949898589958,0.0031330698600076723,0.0012402662604100762
N0361HE,0.933172595889555,0.06337582962560336,0.0021976978763415286,0.000836307686723343,0.00041756892177675
N0363HE,0.8123485247513864,0.1720381647892262,0.011076778783836774,0.003227361497319419,0.0013091701782311969
N0363HF,0.09140743018467934,0.31997686251718815,0.31883563756625727,0.21203985634273978,0.05774021338913553
N0364HF,0.060614666772392425,0.3033390747456954,0.32444681849857243,0.250351418006696,0.06124802197664374
N0365HE,0.17606014117799623,0.3931004993725217,0.260399180449003,0.13951839297327967,0.03092178602719959
N0365HF,0.11154640706047832,0.5725511445595945,0.27472508311363686,0.03349993848387819,0.007677426782412097
N0366HE,0.404919766275619,0.5322530980440516,0.04770565882451198,0.01108470381581236,0.004036773040005119
N0367HE,0.3949170501174366,0.49542899565217996,0.06924647668510316,0.03184970111975377,0.008557776425526516
N0367HF,0.12391948136982829,0.5340690523641121,0.2873449209996787,0.046130891129331726,0.008535654137049282
N0369HF,0.536960592708772,0.3882208752531172,0.04582087389561813,0.01876125133982836,0.010236406802664197
N0370HF,0.7785903171112235,0.20125146304176625,0.013843971919285913,0.004517808555021092,0.001796439372703264
N0372HE,0.8546896611400244,0.13685977611210887,0.0065140618199006515,0.0014436363189427894,0.0004928646090234924
N0374HE,0.016478837962943374,0.10272243669202671,0.37245048051273316,0.4703102082795184,0.038038036552778286
N0377HE,0.8880069778761939,0.10281233346432528,0.005526004591230853,0.0024389264227489453,0.0012157576455008017
N0378HF,0.7968430549156166,0.18782598853714044,0.011785713456237072,0.002548767823927393,0.0009964752670786105
N0380HF,0.678116048388603,0.30113649918886426,0.01659528286561708,0.0031422459433711166,0.001009923613544578
N0381HE,0.8188796821641665,0.16447890358249023,0.012599583128219533,0.00283006205878241,0.0012117690663413804
N0382HE,0.680221194189063,0.2930107081568501,0.01658342825328405,0.007232858912885387,0.002951810487917458
N0382HF,0.47167523085101626,0.472111577389786,0.04300788042205121,0.00981349844590053,0.0033918128912461564
N0383HE,0.8996944572515497,0.09156289427897044,0.005292017393454558,0.0022767580985133635,0.0011738729775119005
N0384HF,0.3226335680675789,0.5423188151169961,0.09655503604926252,0.03051899028279164,0.007973590483370815
N0385HC,0.15370846456484813,0.6151367831713717,0.1928628850080546,0.029197223481468616,0.009094643774257042
N0385HE,0.826522621702322,0.16410118717445873,0.006365247770972984,0.002044693421623931,0.0009662499306223182
N0387HF,0.029195700916501015,0.9243377782708236,0.040555820412263535,0.004723414275002261,0.0011872861254095866
N0388HE,0.9083223700538795,0.08527570040436303,0.004015877218180369,0.001510098235679555,0.0008759540878975642
N0389HD,0.025905704806027864,0.9069185266616083,0.06160379557246902,0.004344920592788569,0.001227052367106175
N0389HE,0.7690170847434837,0.21557898024182504,0.010428369946766545,0.003400595998289486,0.0015749690696350977
N0390HE,0.1909242855395149,0.4881073109029906,0.18876935899709335,0.09421493232368153,0.037984112236719644
N0391HE,0.3152106885833493,0.572258211306192,0.08991468775678817,0.016480009344839806,0.006136403008830772
N0392HE,0.6890244223546114,0.2936840023780157,0.013437618859558052,0.00270800135905396,0.0011459550487608508
N0393HF,0.3194429834484763,0.46863211361114254,0.14648652808518078,0.05066580942291281,0.014772565432287504
N0394HE,0.6759870689115954,0.3036571875916172,0.015870068250604018,0.0032409532136647434,0.0012447220325185618
N0395HF,0.5737520591591483,0.3916945760395386,0.026903224802175885,0.005687593015590207,0.001962546983547017
N0397HE,0.6397530105550264,0.33579824242449213,0.018627813197746097,0.004146023506355233,0.0016749103163800933
N0400HF,0.150921846379306,0.548181921161891,0.21369233684791725,0.07632844203242375,0.010875453578462028
N0401HF,0.21072320038108483,0.45761859055116955,0.1995360600265333,0.1031424800801368,0.028979668961075518
N0402HF,0.37451910412087436,0.5428765252623498,0.06296423104338111,0.01465647890421542,0.004983660669179342
N0403HF,0.8440230947174421,0.1486466808418177,0.004793511943992074,0.0016415920639517763,0.0008951204327965756
N0405HE,0.6819722883571979,0.2756812364738935,0.03069131923363195,0.008419601811883606,0.0032355541233928557
N0406HE,0.21901400063899268,0.5778168510984301,0.1620568638534628,0.03206759045182697,0.009044693957287582
N0406HF,0.5184710043397818,0.4487161119586207,0.021729541044875626,0.007587763476230092,0.0034955791804918207
N0408HE,0.7187238380385231,0.2685265817663179,0.009059900112822592,0.002526974656127861,0.001162705426208505
N0408HF,0.2110887647899991,0.5156119953029259,0.2028919500670893,0.05255830851825486,0.0178489813217308
N0409HF,0.16550446456683093,0.5973775552902959,0.16638826886853456,0.05422144089909657,0.016508270375242055
N0411HF,0.10243598109171112,0.6184324293017492,0.24604216731785908,0.02741155247104588,0.00567786981763464
N0412HE,0.489548109275884,0.4217742118803603,0.06434897762911625,0.019249643729978828,0.005079057484660624
N0413HE,0.9099855629695284,0.08401956751033698,0.003598319666299158,0.0016104249393400886,0.0007861249144952315
N0413HF,0.35786006832674705,0.5855961202145188,0.0463108066055014,0.007469017398176785,0.002763987455055939
N0414HE,0.8755734190101832,0.1161457831065115,0.005277818657563037,0.002064127154756253,0.0009388520709860072
N0414HF,0.0333825873004367,0.7532512052480695,0.1919737329847907,0.016515111621748256,0.0048773628449547005
N0415HF,0.6754138524397584,0.27493761618861573,0.033155605820723175,0.011669107496880387,0.004823818054022326
N0416HE,0.6336214896082928,0.3323732878678243,0.025444679201036213,0.0060241071469278335,0.002536436175918872
N0417HF,0.3059027483408968,0.5168453246198773,0.12168807779478814,0.04557187137069536,0.009991977873742407
N0419HF,0.10178404943418466,0.41989408380202475,0.2698923206019194,0.1586333301215194,0.04979621604035177
N0422HF,0.7264854162140758,0.25332161644382856,0.013648895279976656,0.0044316758146804285,0.0021123962474385136
N0423HF,0.5823847226022691,0.3547915673241101,0.040219181260027936,0.015759042211256975,0.006845486602335815
N0424HE,0.3812483798452715,0.5141204939052211,0.08492647142557416,0.016063369423395295,0.0036412854005379892
N0425HE,0.38550620382361783,0.5426158722917352,0.05739158817652973,0.010814067619717701,0.0036722680883994495
N0425HF,0.15667913345804552,0.5149702450914526,0.24300811875211834,0.07085323392086114,0.014489268777522333
N0426HE,0.541006645939855,0.422361595208956,0.024020561054146145,0.009175147400746698,0.0034360503962963676
N0429HE,0.8546773295049972,0.13245907168726448,0.008470057997683264,0.0031694705774201874,0.0012240702326348064
N0430HE,0.6735467413966582,0.30131492565360196,0.01933823144572541,0.004361542933563082,0.0014385585704513556
N0430HF,0.10713826413711984,0.3616522164729427,0.31672453086333463,0.17358376716943985,0.04090122135716304
N0431HE,0.4430394242297699,0.5008596935760636,0.04086057533173634,0.010971106381407202,0.0042692004810227484
N0431HF,0.034394129918260186,0.44943669198680275,0.4674709288622779,0.0419410028849698,0.0067572463476893345
N0432HD,0.634721539303961,0.3219108738212858,0.03241928694539562,0.008214827174815708,0.0027334727545418767
N0432HE,0.36829027703049366,0.5536375916800824,0.0570041856230867,0.015724648435759846,0.005343297230577449
N0433HF,0.03847149361872735,0.2583242898199705,0.537591871448992,0.15123951924111861,0.014372825871191524
N0434HE,0.8520803323738908,0.13829578609152468,0.006155483223538258,0.0024002743788906896,0.001068123932155505
N0435HF,0.8834869863886989,0.10761463649845474,0.005591581279428547,0.0022603293019260186,0.0010464665314916675
N0437HE,0.6847308062886491,0.2927113559061646,0.01717052424855172,0.003968278073967877,0.0014190354826666663
N0438HF,0.04162773471215854,0.755635723026121,0.18766920705105772,0.011853715877180414,0.003213619333482294
N0439HE,0.8721313043703237,0.12020753916211975,0.004601879859105191,0.002067780080996642,0.0009914965274547753
N0440HF,0.22217215077321292,0.47572592202597547,0.2109454510923531,0.0714403734464352,0.019716102662023408
N0441HF,0.4436880694507666,0.5040851632551508,0.043979435775636525,0.00610384004089436,0.0021434914775517633
N0442HE,0.06604590131986343,0.26269922066151435,0.3397625936063008,0.28320672327515456,0.04828556113716671
N0444HE,0.8465240002152074,0.14409449398248514,0.006226117597462121,0.002134009175488974,0.0010213790293563457
N0446HF,0.7987638799347213,0.18882907801616722,0.009307688225343778,0.00219542956412183,0.0009039242596458514
N0447HF,0.04261088232044434,0.8424698232008556,0.10436238721153199,0.008587443844209107,0.0019694634229590093
N0450HE,0.6468352307886069,0.32335777420605927,0.022497903547351466,0.00518349742365572,0.0021255940343266173
N0450HF,0.024068048886037714,0.09470405658802089,0.29319870931802383,0.4350101000196166,0.15301908518830087
N0452HE,0.2889841949088056,0.5959091062581595,0.0820349081264745,0.025690568168028373,0.0073812225385320954
N0452HF,0.3290397481814775,0.5602835292279978,0.078781662343117,0.022016820353812826,0.009878239893594768
N0453HE,0.8602965114711454,0.1314207598212264,0.004951876698653266,0.002155906249890875,0.0011749457590840803
N0455HF,0.1450648678166306,0.786137141353672,0.06026046011586761,0.006556354389200618,0.0019811763246293016
N0456HE,0.683535599049762,0.26814971174664465,0.03344034481473714,0.011304391747712897,0.0035699526411433367
N0457HE,0.04547781021241713,0.8592504301349079,0.08596648604015986,0.007196905445900773,0.002108368166614285
N0458HE,0.9341028254457321,0.05933083910585292,0.004077970596252264,0.0015848181143508528,0.0009035467378119078
N0459HF,0.13000586048810706,0.49957774741802086,0.27746223161481604,0.0773318615750429,0.015622298904013149
N0460HE,0.7831685590766986,0.20843390070845208,0.006079139353773335,0.0015997975656008676,0.0007186032954749719
N0461HE,0.2931779106006369,0.6057756925029352,0.07936002681460166,0.01610311744514877,0.005583252636677506
N0462HE,0.7708346554206942,0.20733296349184935,0.016505503215288445,0.0038589747276305555,0.0014679031445374634
N0464HE,0.7590580824002829,0.22484727327941342,0.01160038550296663,0.0031625674480850437,0.0013316913692519427
N0465HE,0.8040027314410914,0.18636218330434096,0.006683587031956223,0.0019830066220719628,0.0009684916005396092
N0465HF,0.29059100448925557,0.42500835399462805,0.20387592105993857,0.06459801522717801,0.015926705228999773
N0467HE,0.131045954837171,0.4213971428697694,0.28493300897535445,0.13089360380437015,0.031730289513335015
N0467HF,0.9251553560895249,0.06815927891822933,0.00399422800898959,0.0016970239073308972,0.0009941130759253615
N0468HF,0.030449859702526793,0.09972969351362095,0.33765595181945157,0.39748017035970745,0.13468432460469318
N0470HF,0.828743244448283,0.1600931806873513,0.008015790845175527,0.0021931825152844324,0.0009546015039057215
N0471HF,0.4925275018310916,0.4252855941983821,0.06232822638587665,0.01568528536607053,0.004173392218579134
N0472HE,0.7334380636857654,0.2527035589751291,0.009118278600712964,0.003331983391569736,0.0014081153468228657
N0472HF,0.23779643304909004,0.5899442932040221,0.13632909150146882,0.027998883250761886,0.00793129899465719
N0475HE,0.08589941527939297,0.7078806479455395,0.18859272099828528,0.01474614945679186,0.002881066319990429
N0475HF,0.6385529767322107,0.312368036779227,0.03345780858802456,0.011395556767400212,0.004225621133137467
N0478HF,0.7753862698315278,0.21265130978901578,0.007605180403178908,0.002900542392784834,0.0014566975834926462
N0479HE,0.2738918585096518,0.6053279128096875,0.1001571589826054,0.01609370742328269,0.004529362274772587
N0480HE,0.1252439525803076,0.4434241614632464,0.24243298809953248,0.13805255092905563,0.050846346927857944
N0483HE,0.6811947456154898,0.2957564556594302,0.017699180401555204,0.003925049946787907,0.0014245683767370077
N0483HF,0.12072116873588076,0.6617317847060123,0.19165795039096317,0.020776989842688554,0.00511210632445515
N0485HE,0.4907409945406818,0.47690720590380653,0.026736987865075425,0.004195983008545229,0.0014188286818910462
N0486HE,0.12091978379622259,0.8505103589741104,0.023403666038934765,0.0037329514136085957,0.001433239777123674
N0486HF,0.7882987591832746,0.19351079910461635,0.01333526685979767,0.0034642952990666027,0.001390879553244736
N0487HE,0.8283079785235821,0.1581892246789284,0.009325190291617177,0.0029136260689312165,0.0012639804369411517
N0487HF,0.617158257471288,0.3225508071744759,0.041624112954166834,0.014189076262944736,0.004477746137124492
N0488HE,0.027774104622580287,0.9251218805040393,0.04166955762467184,0.004204482291212861,0.0012299749574958062
N0491HE,0.8215352804270539,0.16504398681822946,0.008516775473182914,0.003319698436780449,0.0015842588447531458
N0491HF,0.8160301180789956,0.170235428647355,0.009934018318827306,0.0027147771325179092,0.0010856578223041008
N0492HF,0.902086415882254,0.09239134846096622,0.0035611078121887156,0.0013322521899543653,0.0006288756546367141
N0495HF,0.35322856633100497,0.5674226664991248,0.06447823130572018,0.011146913363503545,0.0037236225006465435
N0496HE,0.061550228107926486,0.16577551076747937,0.36560822419206274,0.2921062473688534,0.11495978956367799
