ncode,proba_0,proba_1,proba_2,proba_3,proba_4
N4541HD,0.6951540232975723,0.28169060756785996,0.017144265623042904,0.004787143745447151,0.0012239597660777199
N4397HD,0.018946214044956847,0.3277813350936918,0.4130802159066145,0.2077197517179487,0.032472483236788335
N4544HD,0.8853347137347419,0.11053429191051257,0.0029488018214727553,0.0009142934848375853,0.00026789904843512455
N4545HD,0.04573942871874122,0.23063913237603506,0.3665832400586908,0.23355401973408152,0.12348417911245142
N4546HD,0.18787544996618052,0.7302027596157247,0.07708182218401771,0.004244434201943959,0.0005955340321331429
N4550HD,0.8863684047664574,0.1094009646593609,0.002911820954534633,0.0009417953352676925,0.0003770142843794461
N4551HD,0.5855184608897606,0.39820199415285346,0.013340719104337833,0.002399302343125435,0.0005395235099226544
N4554HD,0.033726467773240926,0.22668688557826602,0.6872021276417983,0.04623618208086775,0.006148336925826936
N4555HD,0.38003208257829724,0.5201405243855218,0.08572097499704033,0.011863192856129698,0.002243225183010932
N4556HD,0.4526519249633186,0.42916620100507274,0.07633041268511005,0.0350972877487247,0.006754173597773922
N4563HD,0.31128107025200996,0.5793845640408792,0.08412824717284313,0.021125975303389742,0.004080143230877855
N4567HD,0.8944322449234061,0.09930201227462893,0.003931791722442377,0.0017390389858525717,0.0005949120936697382
N4561HD,0.8714764738950184,0.1231053400161702,0.004065719897361476,0.00105532961201239,0.00029713657943744706
N4571HD,0.32195545252876645,0.567643085965001,0.08666762885143456,0.018933721964222786,0.004800110690575238
N4574HD,0.9515614164234178,0.046349280589574444,0.001421355320412458,0.0004946412300256264,0.00017330643656952868
N4575HD,0.46653556924375034,0.5100020382349163,0.020367501324735002,0.0023985310218935228,0.0006963601747048986
N4579HD,0.3058803553910483,0.6232964498418146,0.05501982433251714,0.012069003201918218,0.003734367232701685
N4581HD,0.18158751151902797,0.6711049103479203,0.1381380262277581,0.008223685461112379,0.0009458664441812031
N4584HD,0.18144892410880378,0.7116007169515812,0.10090493351870604,0.005380896307045657,0.0006645291138633968
N4578HD,0.7447727862304302,0.2425035463238822,0.010729798073837211,0.0014762611506962963,0.0005176082211541528
N4590HD,0.20455815839215802,0.7669881754037321,0.025858143433128433,0.002053965570138855,0.0005415572008427008
N4593HD,0.0075196663840787,0.053107848900018725,0.35102970613899337,0.5493285956562146,0.03901418292069461
N4151HD,0.09154420626733707,0.381304660542154,0.3091299591286285,0.17041163245285443,0.04760954160902603
N4594HD,0.8114882992278215,0.18232915985988682,0.004628182919913128,0.0011995911400989258,0.00035476685227970293
N4600HD,0.26941335434142705,0.5072617883292505,0.20049636216624833,0.020600666026228984,0.0022278291368450433
N4605HD,0.04709091126607442,0.25360315530262545,0.6089975056916589,0.08702403070443719,0.0032843970352040013
N4612HD,0.33799211696265624,0.5934830613750101,0.05599910830283081,0.010035074670755283,0.002490638688747762
N1701HC,0.3085727566636702,0.5873834198245439,0.08397669700036871,0.016249547758429926,0.003817578752987118
N3705HD,0.005476027464644024,0.03629892727387548,0.20563838910637056,0.3883374948769968,0.3642491612781131
N4589HD,0.6253531584604115,0.32716225224329326,0.035170807521030086,0.009570170610433741,0.0027436111648313733
N4339HD,0.9183715787536224,0.07825589558136184,0.002535936692500348,0.0006490335190039089,0.00018755545351162276
N4615HD,0.04725344978579651,0.22555046177672244,0.3170253740660278,0.29947982598839895,0.11069088838305428
N4618HD,0.904393657305393,0.09018399907441321,0.003854316473367664,0.0012614202208152052,0.00030660692601096437
N4624HD,0.4097215549045664,0.5797374101881352,0.009058371383377008,0.00113246182305467,0.0003502017008665634
N4626HD,0.7146889825805823,0.2632413069508398,0.016878382034810586,0.004309971318375743,0.0008813571153915438
N4628HD,0.0822322646122642,0.7675420291643421,0.13083224839936108,0.015540038998178383,0.0038534188258543536
N4638HD,0.12583086621844294,0.475544071914815,0.18998021912985316,0.16104557516118584,0.04759926757570312
N4639HD,0.7543715287935366,0.22878778804379965,0.013071479046926801,0.0026140340734220045,0.0011551700423148425
N4642HD,0.8917286809897054,0.10480534536819971,0.002386332754738439,0.00084021244523178,0.00023942844212463795
N4646HD,0.9402426622984225,0.05748688349682841,0.0015785180383981667,0.0005049107783686093,0.00018702538798223776
N4631HD,0.847978132494843,0.14267621254238227,0.006838149023626542,0.002132798503729099,0.0003747074354190718
N4656HD,0.019783924731152706,0.15209931738557825,0.5251861405054591,0.25521775058079393,0.047712866797016036
N4658HD,0.8630311221761815,0.13000620212586841,0.004871972722247214,0.001632079918871536,0.000458623056831392
N4661HD,0.8599579780107978,0.13344317398956157,0.004754319522106657,0.0013758433815743015,0.00046868509595972117
N4665HD,0.8103773961922048,0.17844318195190656,0.008277792887069023,0.002442511288780113,0.00045911768003938287
N4667HD,0.8555207266208968,0.14014602264886694,0.0033308677745660527,0.0007684751036026373,0.00023390785206755635
N4669HD,0.7069134781074395,0.27910450754259797,0.010335084827966436,0.0029333088011114766,0.0007136207208846442
N4673HD,0.18359520155329198,0.6751049283604854,0.11411831265741135,0.01721577130423486,0.009965786124576237
N0760HD,0.09979071530529268,0.7866654764318802,0.10275505360960359,0.008517565557455739,0.0022711890957677625
N4672HD,0.5793962481601874,0.34346087166327127,0.055148095857240564,0.018109186870841606,0.0038855974484589915
N2593HD,0.9006981430956968,0.09456716652859869,0.0033246640014202244,0.0011335560891391505,0.00027647028514520315
N4677HD,0.2799461331409072,0.6278366788484293,0.08007827879950356,0.010015935893564067,0.0021229733175958474
N4680HD,0.04308515406140178,0.3726078920885212,0.4565272112003436,0.11904439337292809,0.00873534927680517
N4688HD,0.004387455014217295,0.02766519132034549,0.22884212994194944,0.5828060541675667,0.15629916955592107
N4689HD,0.8897191335181592,0.1058060310425377,0.0033668659503156683,0.0008812956629659569,0.00022667382602151797
N4691HD,0.16708215883571567,0.5798802191326906,0.18575653601690903,0.049945652450834446,0.017335433563850148
N4692HD,0.5184565764758148,0.43201065469223626,0.03713872452288045,0.008336409521335096,0.00405763478773351
N4694HD,0.009085113968142822,0.11860998815282298,0.6731827398319266,0.18547153743529757,0.013650620611810093
N4695HD,0.16096879163735384,0.7504449381804628,0.08082106868595601,0.006546044855539152,0.00121915664068834
N4699HD,0.4064628022305663,0.5264781161384458,0.05027508506256773,0.013089960423854389,0.0036940361445658913
N4703HD,0.4043604895530758,0.45065329496839,0.08375136461387439,0.04522463898407488,0.016010211880584976
N4704HD,0.003908153888012423,0.02365527609797463,0.36985072297344973,0.5784766902956108,0.02410915674495248
N4708HD,0.9270578460423736,0.0700558834860568,0.0018655713833155914,0.0007780412581631724,0.00024265783009096403
N4714HD,0.5819845763083705,0.3787860278766806,0.02860293774440449,0.007203672745974694,0.0034227853245696474
N4721HD,0.13187299348745757,0.7376904120516276,0.10901486127720093,0.017493623113682393,0.003928110070031436
N4722HD,0.8525836500903627,0.14180069742169565,0.004046627620076818,0.0012436753544430076,0.00032534951342163925
N4724HD,0.16055070445252825,0.7714135161354767,0.06289587853867283,0.004135730367070598,0.0010041705062516359
N4726HD,0.049327724990452286,0.89201401176475,0.05506227392575858,0.0026981491593659657,0.0008978401596732514
N4735HD,0.6556861471431228,0.33383764029163854,0.007964117721906265,0.0018929669287667719,0.0006191279145657873
N4063HD,0.6416189997479896,0.3328609252620111,0.018035121764915448,0.005671398649023955,0.0018135545760598988
N4712HD,0.7746622325413067,0.21423148680094,0.00850094128128688,0.002048528737765183,0.0005568106387010434
N4738HD,0.290112028157879,0.6347270458949258,0.05770078285351755,0.013030242252738435,0.004429900840939154
N4740HD,0.014109058516846552,0.0932598147340596,0.41348634475581264,0.4280133710096624,0.05113141098361882
N4742HD,0.008627627493613208,0.034504125763422294,0.3905019430485495,0.4772094538418414,0.08915684985257369
N4745HD,0.7929346557187614,0.19414744206398554,0.009478042648086155,0.0027426028336059553,0.0006972567355609848
N4747HD,0.7775938859067604,0.20091504087285836,0.014929703451935672,0.004699508015137549,0.0018618617533079206
N4750HD,0.6678830087159209,0.29856728926172144,0.023963812413915507,0.007518687010979298,0.0020672025974629005
N4752HD,0.012495784956787492,0.23596270719488763,0.4742496751777481,0.2443775097228978,0.03291432294767908
N4754HD,0.525213000099877,0.4602310683535702,0.012619314669676045,0.0014474763696893098,0.0004891405071875629
N4755HD,0.2922178840965021,0.5838457806826479,0.09528842869919714,0.021326932641601314,0.007320973880051442
N4756HD,0.4565750902336524,0.5060718355511403,0.02725813441390661,0.008346049969169241,0.001748889832131402
N4757HD,0.8655100298318142,0.12744787578726552,0.005515569383918229,0.0012452882212678547,0.00028123677573387354
N4759HD,0.25542502153419666,0.6749013255437436,0.06139060315113346,0.006662949273798453,0.0016201004971277144
N4762HD,0.25411338283249557,0.6795227612005798,0.05503644311073045,0.008851995434339323,0.0024754174218550268
N4763HD,0.6057889835694493,0.3606392825217113,0.025060164589912327,0.005993387908986965,0.00251818140994002
N4767HD,0.7976732421370636,0.18759928024729106,0.010224266048165493,0.0036951496575042325,0.0008080619099757202
N4769HD,0.021240835504216612,0.13306215243410993,0.708562446110778,0.12565516913985889,0.011479396811036598
N4770HD,0.7870114847243146,0.19433262843363397,0.013697025647460614,0.004192339881380458,0.0007665213132102417
N4676HD,0.37578435644098973,0.5204153083461429,0.07876000476547462,0.021202706315753862,0.0038376241316389298
N4614HD,0.44917221633012744,0.48560516902371315,0.055556835751928976,0.007147020973933456,0.0025187579202970664
N4774HD,0.3068306323409218,0.5752131311366626,0.09069152504118635,0.02147591877092905,0.00578879271030017
N4778HD,0.051970956646525596,0.48188183914013116,0.3224645322904789,0.11719782869236166,0.026484843230502726
N4780HD,0.008853894462177679,0.045248259076168106,0.27105866528565314,0.37893048376039173,0.29590869741560927
N4783HD,0.5940911430279413,0.3804185611152232,0.02099298787132245,0.003553477998802595,0.0009438299867104349
N4789HD,0.7640407318976573,0.21290237329345882,0.015917072650483557,0.005308971384129565,0.0018308507742707588
N4792HD,0.38387405013129805,0.6052161237110347,0.009394678849820119,0.0012290716978539515,0.0002860756099932205
N4793HD,0.03712238672465552,0.78692223718143,0.1571961550868884,0.013773204254042807,0.004986016752983297
N4794HD,0.004343717420566987,0.03261140771250741,0.3025909129660491,0.628127196206079,0.032326765694797366
N4799HD,0.5973389788801529,0.3827993044296991,0.016610196765980818,0.0025796677922026597,0.0006718521319645337
N4800HD,0.9199109421751132,0.07556253532487238,0.003108500014208725,0.0010740268837319351,0.00034399560207371173
N4808HD,0.0727524985831545,0.906214119028344,0.019239980000246695,0.0014283142996032745,0.0003650880886514731
N4809HD,0.5556107469786704,0.4031883325798217,0.03056047082776385,0.0077442543590631775,0.0028961952546809793
N4634HD,0.7623828383763416,0.21908845695850618,0.01361007238580272,0.0041814498275871805,0.0007371824517623533
N4784HD,0.866128622423389,0.12703086782464748,0.005030752841066238,0.0013240668540948162,0.00048569005680253554
N4815HD,0.8846378396699505,0.1116256821706563,0.0026481913314538347,0.0008262312212948516,0.00026205560664442287
N4816HD,0.7367155610305076,0.2403476643071473,0.01722905667488623,0.004967100682285787,0.000740617305173161
N4817HD,0.4545556859739236,0.4933751609864334,0.044604821728193626,0.006347983163507922,0.001116348147941595
N4818HD,0.9046978016495612,0.09139678371645767,0.002649447905867709,0.0009658413258441086,0.0002901254022693965
N4821HD,0.03305302701790551,0.9296829513453411,0.034685658781365786,0.002164214759906301,0.00041414809548126545
N4830HD,0.8790398363816865,0.11224416141029617,0.006410177772675679,0.001926106619840778,0.0003797178155009174
N4748HD,0.8832371227579331,0.11156874119241268,0.003499761578531017,0.0013739155417782287,0.00032045892934491984
N4684HD,0.8324751429799148,0.16042310189857392,0.0055167490927622,0.0012189537307068878,0.0003660522980423064
N0389HD,0.05217736514296489,0.9171915676386051,0.02854254957250515,0.0017408764951374733,0.000347641150787376
N4796HD,0.4569637601029381,0.4980612494843578,0.0370139366271036,0.006069385558036558,0.0018916682275639952
N4834HD,0.005094750506590009,0.02986186523276097,0.45499447824039163,0.49187836812465674,0.018170537895600584
N4835HD,0.06529733775497881,0.9075407139909291,0.02492367389150208,0.0018754064484068525,0.0003628679141832285
N4837HD,0.474636558002472,0.5132918138187407,0.010499859934987442,0.0011836539785057818,0.0003881142652939645
N4838HD,0.0736066381125389,0.9089413163093095,0.016002241158273846,0.001117433922073515,0.0003323704978042941
N4839HD,0.032011276302624965,0.33576586970154104,0.5899919859259471,0.037594496864368804,0.004636371205517992
N4842HD,0.7614366159270473,0.21887120244687644,0.014331616885166558,0.004444082889450488,0.0009164818514591284
N4844HD,0.91475740274994,0.08225179453790554,0.0021661025931817733,0.0005914238266870848,0.00023327629228587273
N4846HD,0.1523989039374163,0.5240598841390682,0.23080279519564434,0.07238001094073378,0.020358405787137365
N4847HD,0.8231128698479805,0.16965430355696956,0.00567907076589986,0.0011956559318399747,0.00035809989731018553
N4849HD,0.3291336436340734,0.6055476659505751,0.05087354425277123,0.01081678242346453,0.0036283637391158106
N4852HD,0.01945634970436134,0.441977329464038,0.5118370704195276,0.02386594661494842,0.002863303797124541
N4853HD,0.4757249376592008,0.4987936118964435,0.021027170750912115,0.003669563609318629,0.0007847160841248796
N4856HD,0.8091826035533705,0.18385779890911347,0.005359649426276783,0.0012467514480881557,0.0003531966631511368
N4858HD,0.8607133514411213,0.13443341139435716,0.0034045225904957553,0.0010509392410968388,0.0003977753329289252
N4860HD,0.3442925920747256,0.6164900485591485,0.03286344452595843,0.0050274902608492536,0.001326424579318202
N4861HD,0.9008352025437179,0.09577949629759018,0.0025543918514712555,0.0006551808164189987,0.00017572849080147313
N4863HD,0.41610407455367704,0.5687044670461778,0.012996624188752868,0.0016522864930302533,0.0005425477183619142
N4864HD,0.7429303951483298,0.24480562123060437,0.009432695260003265,0.0023520279076867114,0.00047926045337573367
N4866HD,0.8262421975871369,0.16239365061724145,0.00816216816288678,0.0024390977970442235,0.0007628858356908039
N4012HD,0.7909761804014535,0.19974230156379558,0.007558462310520509,0.0013567134538904808,0.00036634227033986304
N4825HD,0.35255669936702655,0.5629715062475821,0.06272400227698442,0.01631774605739553,0.005430046051011319
N4875HD,0.055330088815525307,0.6506753868554805,0.23831400520087895,0.043718270206137604,0.011962248921977519
N4878HD,0.03535957506273999,0.3120536915227435,0.4706401664294199,0.12993457644036643,0.05201199054473028
N4883HD,0.014756937982495614,0.32839220034684363,0.5796803631238943,0.07379922693958874,0.0033712716071777698
N4884HD,0.6114259241152181,0.3537898979789744,0.029393672525234792,0.00451028213730026,0.0008802232432724956
N4887HD,0.2240864269701556,0.731728865091094,0.03908768227554468,0.004349815778996525,0.0007472098842091472
N4891HD,0.6247138593318389,0.33011053095442766,0.036583031553936066,0.007346627201813547,0.0012459509579839181
N4892HD,0.147409697615683,0.8221695079815506,0.027179520289214207,0.0026786079992922205,0.0005626661142599554
N4895HD,0.7985010541926058,0.18853968611280883,0.00913670173430265,0.0032004329077442036,0.0006221250525385469
N4899HD,0.8048763325500911,0.18833230908544396,0.005612000341413696,0.0008256170647045367,0.0003537409583467887
N4898HD,0.45508873793016086,0.5015321348050802,0.036917387738489724,0.005312322140344954,0.0011494173859242086
N4902HD,0.5668959949016935,0.3620894650688327,0.04643253576048636,0.018584686091020163,0.005997318177967285
N4904HD,0.03838654450614885,0.24032224882389888,0.5452746883823134,0.1509721645950927,0.025044353692546113
N4906HD,0.7180494603445051,0.269905420792551,0.009556004375387119,0.002065281385965506,0.0004238331015913301
N4909HD,0.7716344363446365,0.21403487492261103,0.011103311665082693,0.002269848848065858,0.0009575282196039724
N4912HD,0.7029575539926192,0.27113545010155266,0.021231776603027594,0.0038332292836222442,0.0008419900191783406
N4913HD,0.683196980027502,0.29429430574663845,0.018193528246354312,0.0037198083147584157,0.0005953776647470706
N4914HD,0.09347319075502905,0.5340169988601823,0.3493979962068248,0.021239891028504012,0.0018719231494598713
N4908HD,0.8715308432167667,0.12467880915663726,0.002888524423708744,0.0006851143656810265,0.00021670883720639788
N4937HD,0.8548217798911341,0.13999367579687752,0.004058142794081377,0.0008409394468022878,0.0002854620711050239
N4938HD,0.9034832929530148,0.09230972924354452,0.003189560889029746,0.0007669852868611001,0.00025043162754993505
N4949HD,0.8862757090382377,0.10790375959079243,0.004312820115703597,0.0012200340503157067,0.00028767720495053177
N4952HD,0.8128067887999753,0.1779299690559324,0.006787887649533364,0.001863633463059348,0.0006117210314997092
N4954HD,0.4438716035253774,0.528054522199339,0.02362272672901293,0.0037044791643511517,0.0007466683819194828
N7917HB,0.8940100938790354,0.10150022805843092,0.003357736161044722,0.0008786439261296877,0.0002532979753592862
N4951HD,0.7212825117760671,0.26945158774428263,0.0072093427904098535,0.0015707112353126283,0.0004858464539277416
N0385HC,0.11132452114980511,0.6298174396659816,0.2284025960955871,0.023709784609384926,0.006745658479241267
N3920HD,0.4703825394737227,0.47655664499338585,0.042911932163121676,0.008635578704597014,0.0015133046651727828
N9498GW,0.7255773384914189,0.2609262888344411,0.010640612738144307,0.0021719946665375504,0.0006837652694583878
N4961HD,0.8898645855172495,0.10528932425759553,0.0039528739696639845,0.0006964069546082734,0.00019680930088267188
N4965HD,0.17676793310142055,0.3968946734418249,0.3581517789509923,0.05955574129125248,0.008629873214509842
N4967HD,0.6074966991997716,0.34061197490706735,0.03651547217388206,0.012525843997642835,0.002850009721636307
N4968HD,0.47068338033501217,0.42775596967088686,0.06699791468290334,0.02627774214975413,0.008284993161443467
N4973HD,0.7508236997216775,0.2316296437432619,0.01348813772744154,0.0033704236164831857,0.0006880951911359436
N4976HD,0.018901056406435357,0.5126342965035011,0.43328644743871864,0.03137499366950033,0.003803205981844616
N4977HD,0.3081509406330466,0.6656605641004048,0.023805208247773643,0.0019740848163780915,0.00040920220239685145
N4978HD,0.6808899726453812,0.29186129144352513,0.019510321572272626,0.006118714941401746,0.0016196993974191482
N4982HD,0.2645727248476238,0.5983275046384854,0.10360981163726292,0.02649481812835053,0.006995140748277551
N4983HD,0.34325906430194864,0.5190881544225502,0.09564401533592456,0.03530406581355193,0.006704700126024603
N4984HD,0.8725510436443924,0.1230251773785694,0.00340369828716115,0.0007443486612482757,0.00027573202862862925
N4992HD,0.011586749261738501,0.1656570215597243,0.4378858432894647,0.3469689377660378,0.03790144812303471
N5000HD,0.6093451806510566,0.33972225320937577,0.03880037271924516,0.009942250901815669,0.0021899425185068593
N5006HD,0.48575725460580677,0.487928563237821,0.021451404578832496,0.0037906325376848037,0.0010721450398549263
N5007HD,0.6829382112713864,0.268124339198815,0.03672148870981705,0.010339730709279338,0.0018762301107022308
N5008HD,0.17962625770359167,0.7575728962120486,0.05723641173125417,0.004782462590179889,0.0007819717629255822
N5011HD,0.2603960857978316,0.6957340615275441,0.03605723778497105,0.006158903943343903,0.001653710946309345
N5020HD,0.6222879705283552,0.3484344220272054,0.022718603589455218,0.005211583436319071,0.0013474204186652995
N5024HD,0.7903748654399477,0.19573141937624655,0.010179663923915068,0.0030104122943647254,0.0007036389655260125
N4826HD,0.861154977415685,0.13151358711373157,0.005692776055024501,0.0012624820386144613,0.0003761773769445233
N5032HD,0.838615041373899,0.15130374247763845,0.00758528529948121,0.0019770398761071823,0.0005188909728741294
N5041HD,0.8474432877852716,0.14636026738369964,0.004425837209957948,0.0013448738071337766,0.0004257338139371179
N5043HD,0.9030470114742053,0.08940663222363426,0.005755659006172805,0.0012460987642790267,0.0005445985317085847
N5044HD,0.24999489388948998,0.5800329873096937,0.1355496752035832,0.02765866890313679,0.006763774694096308
N5045HD,0.806273397801139,0.1846512080466739,0.007564813496406492,0.0011693663790102334,0.00034121427677034514
N5004HD,0.8682016618252202,0.12434022609417597,0.005201860079193995,0.0016347484422284929,0.0006215035591813671
N5055HD,0.6555386552270027,0.30477348937465787,0.028470873800583635,0.009242634244009992,0.001974347353745754
N5056HD,0.10520552081985517,0.3703014209509107,0.3229915975470207,0.13718765844355849,0.06431380223865492
N5057HD,0.7151083115173061,0.2710056510508,0.0107946339814903,0.0025108851840745026,0.0005805182663290743
N5059HD,0.4921715627668061,0.4395434845701722,0.050632326562095244,0.014605410488509668,0.003047215612416693
N5061HD,0.38383252666551365,0.5623432284766915,0.04671664906285763,0.005574706845388349,0.0015328889495488662
N5018HD,0.9032847843848757,0.09328161660000053,0.0026273126585746793,0.0006291364873597078,0.00017714986918936605
N4896HD,0.6872098786341341,0.2828173182402365,0.02339802404033056,0.0053073054191331015,0.0012674736661657622
N5064HD,0.721506828874897,0.24940353667553603,0.021848644939385656,0.006161751793712237,0.0010792377164690176
N5065HD,0.4381936656308571,0.5285272404519962,0.027260425808456203,0.005031386768398038,0.00098728134029252
N5067HD,0.2349754237978763,0.6033719051432942,0.11806165983181087,0.03224170132705401,0.011349309899964561
N5070HD,0.06343542628499269,0.5908943388501956,0.3216922300194626,0.02150658696790341,0.0024714178774456904
N5071HD,0.19315430586044652,0.6990087205344274,0.10131547944098718,0.005692856721257025,0.0008286374428818218
N5072HD,0.169096065321205,0.7326272551591198,0.09214869765648276,0.00529598544886345,0.0008319964143290771
N5074HD,0.8098413384655716,0.17589222225678303,0.010645013438764372,0.0026846563171670597,0.0009367695217138742
N5075HD,0.9500659216092914,0.047663643643614556,0.0015533265062496022,0.000542872914748677,0.00017423532609595649
N4923HD,0.8019031658833287,0.17549512585539817,0.01587494721297822,0.005251318125830215,0.0014754429224648087
N5076HD,0.7281168298575778,0.2546472374748049,0.013126566123785143,0.003528527916770287,0.000580838627061874
N5079HD,0.013562042158689872,0.0968127091209397,0.5082969582629424,0.35170897314475885,0.02961931731266914
N5080HD,0.5741840074833174,0.4035650555587194,0.016260952264808195,0.004421763089755733,0.0015682216033991953
N5082HD,0.7585306936643835,0.2175336505542232,0.017201047606570555,0.005134527927815376,0.0016000802470074456
N5083HD,0.6511545225254416,0.306796407834431,0.031639318277720464,0.008665160393661433,0.0017445909687455903
N5085HD,0.17796142986730645,0.7163414856315936,0.09156193741140856,0.01179545337094183,0.0023396937187496773
N5051HD,0.37849735203574153,0.6032298850457456,0.01649471295619653,0.001377785860426137,0.0004002641018902663
N5039HD,0.06041979153279674,0.3486233392730667,0.4059510366816869,0.14486458893679693,0.04014124357565264
N5088HD,0.8824629154121545,0.11403493688588481,0.0026236744446894774,0.0006583814958438368,0.0002200917614273517
N5091HD,0.057868597960058096,0.9247070321525653,0.016316041225400413,0.0008641983185240612,0.00024413034345191956
N5093HD,0.05882293867814263,0.35230784351498884,0.32260978700526194,0.2044686056524671,0.06179082514913948
N5100HD,0.009117018253112103,0.04863119974116216,0.3373965586357881,0.569898209414363,0.03495701395557462
N5103HD,0.07054301889973441,0.3898795112769126,0.37806581961959274,0.12723770949947857,0.03427394070428161
N5104HD,0.939941026298428,0.05719526682970452,0.0020456452949724055,0.0005807751631345331,0.0002372864137603615
N5105HD,0.783262210451162,0.20414992114316183,0.008656595068016784,0.0029892865758936013,0.0009419867617657414
N5106HD,0.6996468841212661,0.2764157560146059,0.01769222072590825,0.0051873981839686955,0.0010577409542510193
N5109HD,0.5667747809061963,0.4214153581796568,0.010205942830598412,0.0012554991383642632,0.0003484189451842089
N5112HD,0.48183126919692226,0.4653098240036925,0.038049394755747874,0.012559282333953186,0.0022502297096840666
N5115HD,0.8362201299559422,0.15324575576802535,0.007653506292623745,0.0023602168610607163,0.0005203911223477406
N5120HD,0.012197585144209976,0.08635779633217487,0.3662763732964725,0.46993617169132,0.06523207353582268
N5121HD,0.5939132506380858,0.37879599025207367,0.018500743202988817,0.007203875987865101,0.0015861399189866835
N5122HD,0.45664228069643215,0.4475401552623005,0.061634837358097286,0.027841835061145404,0.006340891622024484
N8305HB,0.7706450426280461,0.21929524449471843,0.00805835643016378,0.0016615949980923156,0.00033976144897949367
N5126HD,0.029858972226624734,0.13072975821258304,0.3985295755474162,0.33170510241910195,0.10917659159427427
N5128HD,0.9098806826329314,0.08658401370178058,0.0022841420965367025,0.0009942252463300116,0.0002569363224213365
N5133HD,0.010553184302257643,0.08474434197362772,0.5428930430138664,0.3432043396058729,0.018605091104375252
N5135HD,0.8010048798314167,0.18581158775069825,0.010022239637398752,0.0025561063611345444,0.0006051864193520652
N5143HD,0.7968377226662967,0.19354149538211488,0.00778738437283764,0.0014018274461422514,0.0004315701326083878
N5144HD,0.1894461045132979,0.7281743839596739,0.06691283971151131,0.012907779569275763,0.0025588922462411374
N5149HD,0.264369690281118,0.5793332326068164,0.11618366313484302,0.032966668096503456,0.007146745880719169
N5152HD,0.3832070347476246,0.5712242391733772,0.038322681894681604,0.0060684589405368555,0.0011775852437798503
N4394HD,0.1808464435844135,0.5928521839628016,0.18447510720941476,0.031114065421387806,0.010712199821982281
N5029HD,0.23017022394694137,0.6796820966699576,0.07291537862490649,0.01241865935763854,0.004813641400555939
N4368HD,0.941519260498424,0.05610623861033197,0.001679334770902073,0.0005122018068181426,0.00018296431352391124
N5013HD,0.328859871383397,0.5644153129200148,0.08131312512061875,0.018784194712819426,0.006627495863150096
N5153HD,0.4622204087387697,0.45061071142402354,0.06721050917461922,0.015557234731524006,0.004401135931063687
N5157HD,0.8745550088566253,0.12031025103750594,0.0039974790383513975,0.0008067385636384355,0.00033052250387911544
N5170HD,0.5558187469667484,0.40296573926280527,0.031643815254410075,0.007993800312239459,0.0015778982037967235
N5172HD,0.8365533961447323,0.15122278498881941,0.008974138187743754,0.0024806512809257765,0.0007690293977785966
N5173HD,0.6872317586102468,0.2777248351644718,0.026013685012583977,0.006913405366450432,0.0021163158462471454
N5147HD,0.6656155231252817,0.31535700395733124,0.01484561728891227,0.0030644707146008925,0.001117384913873901
N5178HD,0.7104769981813981,0.26329668873722917,0.01994808943516609,0.005543469314935006,0.0007347543312716428
N5180HD,0.5308369084842263,0.43530099191686783,0.02591216974752684,0.006415029084489572,0.0015349007668895712
N5181HD,0.4679141828448654,0.4417889844396656,0.07447850625606071,0.012625791310995676,0.0031925351484127238
N5182HD,0.8892301292258357,0.10683398941524085,0.0029102696127315734,0.0007616727771336017,0.0002639389690582656
N5183HD,0.06882148024833921,0.911803845052281,0.01815024567469676,0.0009359422388636673,0.00028848678581951744
N5185HD,0.13992446091322913,0.33790679429835324,0.4008893109250337,0.10179818120083656,0.019481252662547483
N5187HD,0.2649943004593123,0.5586358393706388,0.14189998494044623,0.027152924777525678,0.007316950452076967
N5188HD,0.19424455000251736,0.48348895162137656,0.1832027947693486,0.11424274939232991,0.02482095421442764
N5190HD,0.00410210184604034,0.02936265241024373,0.2994989712024354,0.6206353649979967,0.046400909543283866
N5192HD,0.39219841233913894,0.5970773605889218,0.009169080917003062,0.001201330934977778,0.0003538152199584311
N5193HD,0.625845047088214,0.33581504748298785,0.030581146163249483,0.006125665639887925,0.0016330936256608974
N5197HD,0.8941911538180602,0.09964412158317079,0.004813748239679264,0.0010931176480347882,0.0002578587110548388
N5198HD,0.22603146084477505,0.5005474759052101,0.17870397698816143,0.07618332861088974,0.018533757650963538
N5199HD,0.7333409192128979,0.23652357371449834,0.02408612693239095,0.004845048425759829,0.0012043317144530342
N5200HD,0.7987883440794327,0.18440775809404908,0.013117897700664504,0.0030414281883226206,0.0006445719375311251
N5203HD,0.021661844575267084,0.13196288993088587,0.38500364033316137,0.3115027177900059,0.1498689073706798
N5209HD,0.012136304262834926,0.0571716756260982,0.40635181472973075,0.478627989231591,0.045712216149745084
N5212HD,0.7920380119764322,0.1988619118665581,0.00744111575924266,0.0012871139585226208,0.00037184643924425924
N5215HD,0.52511518067209,0.42927875712475,0.035182200749712296,0.008348373171125427,0.0020754882823224323
N3574HD,0.815319908206927,0.17568147609247445,0.006325108307927681,0.002162699627433939,0.0005108077652368089
N4760HD,0.0870527904556704,0.5739278115084776,0.2751211438769666,0.047841974720004475,0.01605627943888094
N5225HD,0.7962176192597192,0.1938928651962338,0.007554825795878803,0.00189827383809275,0.0004364159100753675
N5226HD,0.612850593655606,0.33564245082182936,0.03893308960149149,0.01038233595458949,0.0021915299664836407
N5227HD,0.6551904859486264,0.3106235428222048,0.026314959016423643,0.006118913801880307,0.0017520984108650107
N5233HD,0.009101058676614149,0.05370266996331178,0.28538743794580274,0.3486200729756507,0.30318876043862064
N5238HD,0.7831086388392227,0.19723472157227606,0.014023573286775741,0.00443351319299957,0.0011995531087260877
N5241HD,0.8094257471123429,0.17673414906324655,0.010797261445971118,0.0025009365383923776,0.0005419058400470785
N5243HD,0.007133038071769772,0.10721387398040244,0.4912949044135309,0.3649582025834165,0.029399980950880297
N5246HD,0.828233336645662,0.1604550694383642,0.008480509810508808,0.0024188221654918955,0.00041226193997316254
N5247HD,0.005256100462797846,0.029958370558014525,0.44343657774201883,0.5012256831129461,0.020123268124222674
N5248HD,0.7685536755115217,0.20757677847467762,0.017273795874180813,0.005511451898051541,0.0010842982415683127
N5253HD,0.5981641065828444,0.36982116309746893,0.02327862698538137,0.005988132220868019,0.0027479711134374306
N5257HD,0.023185128761713667,0.144441292227286,0.3593569132428994,0.3070680662063742,0.1659485995617268
N5259HD,0.006734689884665574,0.03502862771788949,0.30087864567435907,0.3973566283750592,0.26000140834802676
N5262HD,0.07050162751762266,0.4487815984817112,0.45467829787039993,0.023720521087880694,0.002317955042385369
N5266HD,0.2755695100918493,0.6721516623362778,0.04676333446818798,0.004344721570454309,0.0011707715332303476
N5270HD,0.6670358240950667,0.30310194842514193,0.02291868188455138,0.005710976622941815,0.001232568972298229
N5271HD,0.46412833063874326,0.48300917643169106,0.04056302629813464,0.010487296960975945,0.001812169670455063
N5273HD,0.8037759328650357,0.18418829403367298,0.008679138553203958,0.0026809135676580174,0.0006757209804293776
N5274HD,0.8254093693518652,0.1639465968363458,0.007681337681991346,0.0023296761713389015,0.0006330199584588592
N5211HD,0.4570811216248627,0.4508628503409704,0.06374830781181887,0.02250410076077376,0.005803619461574121
N4843HD,0.6382959699348355,0.33208746061533895,0.022391631437105784,0.005341071303512594,0.0018838667092070608
N5287HD,0.6295179177906135,0.3346320926190649,0.026541138639633886,0.007286879980472229,0.002021970970215237
N5286HD,0.08104763925508768,0.3029698366339032,0.39269838694373566,0.15754989333510205,0.06573424383217144
N5292HD,0.02515790605314821,0.15442007077786457,0.3671018709097444,0.2956626881539934,0.1576574641052495
N5294HD,0.863256420343601,0.13153091781895365,0.003834229085203949,0.0010388152386771486,0.0003396175135642196
N5296HD,0.31122550698807905,0.46123398164314716,0.14484253669354313,0.06393014558125983,0.01876782909397088
N5298HD,0.6981932036778026,0.2736093839647204,0.019553055030790887,0.007136987439460739,0.0015073698872253146
N5303HD,0.7850083051280179,0.20674362482846975,0.005820297153439047,0.0019329493012756503,0.0004948235887976698
N5305HD,0.20270578259145375,0.6716153253730545,0.1000792969670922,0.019148868608601908,0.006450726459797541
N5306HD,0.8114114974121596,0.1729064022661048,0.011959314915459743,0.003129574274275706,0.0005932111320001326
N5307HD,0.05693519949001772,0.5401459260271507,0.30619029936873937,0.07912018849106003,0.017608386623032178
N5311HD,0.36877539765851375,0.581722846009383,0.04334316963997346,0.005286921651455094,0.0008716650406747541
N5314HD,0.7881159598710937,0.2003293984403602,0.007865297473777033,0.0028333599851036342,0.000855984229665443
N5073HD,0.11671837109140172,0.48221541792818695,0.28936684049309147,0.08335504169786712,0.02834432878945272
N5277HD,0.04461734024233611,0.1708414867537833,0.38603825653743556,0.2888158850156197,0.10968703145082548
N4885HD,0.9275518222056597,0.0686042636876598,0.0027187152233511982,0.0008939708816982245,0.00023122800163104988
N5318HD,0.0379288908394136,0.5103557471499591,0.37293647937577223,0.06299284009960561,0.015786042535249494
N5321HD,0.7020796928746519,0.2804098650356403,0.01265764019406093,0.003981841441347313,0.0008709604542996447
N5323HD,0.9265994207764771,0.07056247168887671,0.00206361591500768,0.00055050252155881,0.0002239890980796817
N5324HD,0.6372028465429046,0.30871241614406164,0.03970339045260198,0.011580823083721742,0.002800523776709936
N5326HD,0.7879858120464126,0.20314476416357835,0.006586682561492858,0.0016784184240344038,0.0006043228044819726
N5327HD,0.6396410056384636,0.34568661391823213,0.01079855624556847,0.0030056722967812845,0.0008681519009545595
N5329HD,0.08447617007256045,0.7742281531884082,0.12643260322770822,0.010879372117158488,0.003983701394164651
N5331HD,0.7995392116321646,0.18083233600195303,0.015111096254754226,0.003723763346738777,0.0007935927643893704
N5332HD,0.7858103174550043,0.19521305949508855,0.014081235564788741,0.004134479461424677,0.0007609080236936147
N5333HD,0.8317711649954277,0.16016999371641083,0.006062580665505117,0.0015775729535357898,0.0004186876691205589
N5334HD,0.03391896337298392,0.9427891199614465,0.021667296182719863,0.0012813689381866568,0.0003432515446630809
N5338HD,0.04891190917130461,0.27342054192136234,0.3765288913902696,0.2050243577754813,0.09611429974158227
N5339HD,0.017383561725788636,0.18446715848891357,0.4965427041720838,0.27733066060860095,0.024275915004612996
N3820HD,0.02090789722832037,0.108405804948889,0.3015369372700299,0.37594888044898067,0.19320048010378002
N5342HD,0.8183805854610173,0.17149220714527913,0.007722464559999976,0.0019778828583847095,0.0004268599753188553
N5345HD,0.6460438346120282,0.31548931607610403,0.029316438302976297,0.007629309062124159,0.0015211019467670918
N5346HD,0.7799520326758214,0.21118638990793118,0.00644974007554508,0.001940638527219287,0.0004711988134831674
N5348HD,0.06540292673656244,0.30683347817749757,0.23784655574229813,0.3041772032676652,0.08573983607597667
N5351HD,0.684606773608352,0.2777167855137498,0.030708702385688368,0.006141224563456486,0.0008265139287535087
N5354HD,0.0037952413772069458,0.02488820491903035,0.36868756257060026,0.5836191698634524,0.019009821269710087
N5355HD,0.5388148251522359,0.4429297369091519,0.014605058254883497,0.002678773782222514,0.0009716059015061021
N5362HD,0.8901104924847283,0.10707883128708302,0.002057108606972146,0.0005096532150547958,0.0002439144061617201
N5364HD,0.7339542216284678,0.2448460894234296,0.016020635958895895,0.004175201995173007,0.001003850994033691
N1264HD,0.04265022528781329,0.9175256465117411,0.036292236335622965,0.0029271492645395578,0.0006047426002831438
N4985HD,0.3393064244712335,0.5642369933057505,0.07637690611265333,0.016155371779452837,0.003924304330909832
N5368HD,0.0030052564176317703,0.019242625812100612,0.20909112111173708,0.6778328919405568,0.09082810471797377
N5371HD,0.8222207356346027,0.168688225580379,0.006866143428280801,0.0017149203684535127,0.0005099749882840137
N5372HD,0.7521653494573476,0.23237891215401332,0.011625382093182828,0.0031050564491940484,0.0007252998462622844
N5373HD,0.44188776829143717,0.5445160877373117,0.011816998830369442,0.0013450048872592942,0.0004341402536223996
N5374HD,0.32789414911715803,0.649122860524601,0.0200791272668725,0.002295044664103488,0.0006088184272651601
N5377HD,0.5643333218002821,0.4181012648163519,0.015520318447719207,0.0015390900712943453,0.0005060048643524592
N5379HD,0.7724522177742854,0.21046492133735542,0.012729448825328851,0.0036505450929567754,0.0007028669700733405
N5381HD,0.20156144482824648,0.533221598898193,0.1647627054516153,0.07997878874316712,0.020475462078778227
N5383HD,0.33787908207555123,0.45736370661050135,0.13940783476567636,0.05426775582717194,0.011081620721098941
N5385HD,0.8265415635285357,0.16854883925300695,0.003959198308529488,0.0007165697953408563,0.00023382911458676636
N5387HD,0.0409444051100672,0.35275143211436655,0.4422890717892141,0.10962221304025303,0.05439287794609914
N5388HD,0.06572073610655077,0.28525781603958156,0.31408702764915675,0.2633833278395537,0.07155109236515719
N5389HD,0.017874169410728856,0.5243903974233578,0.43213044844112725,0.023350501744295555,0.002254482980490571
N5391HD,0.6602161756483241,0.30244647423437687,0.02856383930548401,0.0072709951763766335,0.0015025156354382405
N5393HD,0.5011812940995792,0.48150281976818354,0.014983867979800013,0.0018016479759956029,0.000530370176441585
N5395HD,0.6614555209833798,0.286894210916865,0.03691321618965855,0.012495273093763883,0.0022417788163327265
N5397HD,0.7719239553530948,0.2023850870516668,0.01868414936691973,0.005369166327484094,0.0016376419008347365
N5398HD,0.7322760827636305,0.23694200796247533,0.02184464485107116,0.0069473134849971875,0.0019899509378257666
N5386HD,0.03276571859825904,0.3397910852052122,0.5778348395226737,0.046764649580547483,0.002843707093307626
N2483HD,0.8647044820870011,0.12536551939540094,0.007735181472011166,0.001647976162305642,0.0005468408832812725
N5402HD,0.8511985771953621,0.14045114579688617,0.006261611202630321,0.0015209416607000746,0.0005677241444212391
N5404HD,0.6022724679512984,0.33388089877315946,0.045190501067926735,0.015669892653479425,0.0029862395541359367
N5405HD,0.9180080315834612,0.07823133281706744,0.002506441673116183,0.0009381687909658724,0.00031602513538930247
N5407HD,0.32955770506320664,0.6026291992852463,0.052719118682165486,0.011872197401864825,0.0032217795675167464
N5414HD,0.390657214957313,0.5979426077472827,0.009812810650077513,0.0012568463072121752,0.0003305203381148093
N5415HD,0.8816710204436254,0.11313124213673906,0.003951786580989261,0.0009559637248268381,0.00028998711381938226
N5416HD,0.17706088343686624,0.7184555874466044,0.09826811391523896,0.005391789710742079,0.0008236254905483564
N5421HD,0.6294329882345727,0.32001736485145404,0.0370655187859095,0.011397097850259275,0.0020870302778045525
N5430HD,0.8234306138546138,0.1664350508540106,0.007284175247281138,0.0023458568639880256,0.0005043031801064964
N5431HD,0.025169881650401463,0.5400117089003357,0.41363443428819907,0.01976378362158483,0.0014201915394788708
N5432HD,0.7334069367334206,0.24528046603147463,0.015121974588198701,0.005222365405934022,0.0009682572409719913
N5437HD,0.7557871765423634,0.234041553883532,0.007766085527486648,0.0018498209083938615,0.000555363138224021
N4225HD,0.3008755947108155,0.6400539885577672,0.05019723942533728,0.007035876198000068,0.0018373011080800694
N5123HD,0.5377121593730372,0.4257457702710112,0.02709852294688658,0.007295752500268402,0.0021477949087968084
N9187HC,0.0563249081685486,0.2572673328299248,0.2908840975741163,0.3056041536285195,0.08991950779889081
