ncode,proba_0,proba_1,proba_2,proba_3,proba_4
N4541HD,0.7055340774479295,0.27723330913612054,0.01273972663235742,0.003096111879039042,0.0013967749045535813
N4397HD,0.006805125592134162,0.1315479050184072,0.5772883541709075,0.24245456406500948,0.04190405115354173
N4544HD,0.8960053915477496,0.09961646199862728,0.003290029361889774,0.0008320113976758353,0.0002561056940575728
N4545HD,0.03896874982992177,0.30721466612587284,0.4932754084710244,0.10569965910350598,0.05484151646967502
N4546HD,0.20417550394971964,0.7146992727579965,0.07619389913233422,0.004104943559455229,0.0008263806004942115
N4550HD,0.8713056046344634,0.12343004546022383,0.004050967026241447,0.0008307391792620348,0.0003826436998093376
N4551HD,0.6718368375187771,0.3158073213731008,0.009875771805232973,0.0019411068832057854,0.0005389624196833907
N4554HD,0.036795445427225834,0.2535165077519911,0.6624057185418211,0.0427177134503958,0.004564614828566119
N4555HD,0.4138925873943864,0.4912373273094537,0.07963997837525665,0.013206177693784085,0.00202392922711927
N4556HD,0.38757371521615025,0.45025611263432086,0.0997455890973296,0.049971683377985535,0.0124528996742139
N4563HD,0.38445389085564613,0.5109973414471036,0.08487452284564667,0.016417853210499204,0.0032563916411043137
N4567HD,0.893138398858364,0.10123039815395064,0.0036507623058136987,0.0013309391421884695,0.000649501539683089
N4561HD,0.8492656892262791,0.143958540812265,0.004920231830840636,0.0013998852706927148,0.000455652859922564
N4571HD,0.3262191944566286,0.5768938050815082,0.07801305890384728,0.013989745075005507,0.0048841964830103595
N4574HD,0.9538962558082538,0.04449209840221252,0.0010596217066603613,0.00037681904761581594,0.00017520503525745389
N4575HD,0.509351854214896,0.4611253275028836,0.026127383039047703,0.002596133792890379,0.0007993014502823793
N4579HD,0.22549134556734665,0.6518392250940395,0.09867954998671537,0.01922380678530149,0.004766072566596947
N4581HD,0.20188178532427434,0.6510725264723602,0.13332828502297134,0.011949703354159178,0.0017676998262348908
N4584HD,0.19673694042973158,0.725791525099218,0.07311696809060021,0.003511703930396301,0.0008428624500538943
N4578HD,0.8189354404802387,0.17368884156920258,0.005827447453396714,0.00111076130836612,0.00043750918879572497
N4590HD,0.20656124001390852,0.7574054051011015,0.03224321831191754,0.002860176998962806,0.0009299595741095289
N4593HD,0.00800220374945584,0.07120325793082939,0.3482622119459282,0.5055173636485581,0.06701496272522829
N4151HD,0.08439340283650301,0.33949411630599335,0.3026292870557777,0.2166852238204883,0.05679796998123772
N4594HD,0.8241591303980904,0.1701601021253004,0.004168555988272639,0.001079437936996128,0.00043277355134065207
N4600HD,0.2418151868910858,0.5546770298848613,0.18155531713888143,0.019638611454670333,0.0023138546305010144
N4605HD,0.06261644767102784,0.26224184906796016,0.6141899542270555,0.05847172426707908,0.0024800247668774937
N4612HD,0.3566104284600909,0.567514399717654,0.0625500098974105,0.011602937089347001,0.0017222248354975547
N1701HC,0.3071814234031736,0.5808082796950017,0.083173355660333,0.022644452599922475,0.0061924886415692885
N3705HD,0.006902854132165687,0.03404636495520868,0.24825397855778367,0.34281671374916683,0.36798008860567516
N4589HD,0.5812047387376862,0.3801351002208212,0.026152533531058272,0.01057692089994211,0.0019307066104921544
N4339HD,0.9304716878697268,0.0672744846561348,0.0015694424902226315,0.00047960596533916914,0.00020477901857672394
N4615HD,0.0337263335934583,0.24021811209184638,0.3199927873241563,0.3295856439829839,0.07647712300755521
N4618HD,0.9075989596944785,0.08814090032392999,0.00266144155348988,0.0012387792129719046,0.000359919215129728
N4624HD,0.33458772073155946,0.6548784891028165,0.0085661868953692,0.0015984010588848661,0.00036920221137009445
N4626HD,0.7096846284937117,0.26783414128213007,0.01670097602120425,0.004682465655977423,0.001097788546976663
N4628HD,0.0865518213680404,0.7474847312229213,0.14549915636894484,0.016583899442768155,0.0038803915973253575
N4638HD,0.14547052874645122,0.42478232101913505,0.21963537890287121,0.16095985368321625,0.04915191764832634
N4639HD,0.7445196548384303,0.23884004716898785,0.011071267437093855,0.003838341146130759,0.0017306894093571635
N4642HD,0.9013275846064412,0.09498376634869851,0.0025880048579149566,0.0007958562259145727,0.00030478796103055754
N4646HD,0.9482027562107189,0.04998030371423975,0.00121485020067215,0.0004324096263645472,0.0001696802480046922
N4631HD,0.8497436545144217,0.14271127175720247,0.005722128054846253,0.001518874166887737,0.0003040715066418663
N4656HD,0.01620693436044222,0.15776786034801243,0.5680755104815707,0.20331199648332843,0.05463769832664622
N4658HD,0.849999795095151,0.1412618138741609,0.006441686069004803,0.0018131554890812457,0.0004835494726018809
N4661HD,0.8761210444590614,0.1164833067669904,0.004903985077726266,0.0018150967882588263,0.0006765669079631271
N4665HD,0.8200481076357604,0.16821606692152766,0.008821340771421844,0.0024713098212024477,0.00044317485008766607
N4667HD,0.8785029628123816,0.11795827405087038,0.002424387501840643,0.0007479206963190394,0.0003664549385881585
N4669HD,0.7234240840940841,0.2596177570258781,0.010763713937311584,0.004807220667838835,0.001387224274887341
N4673HD,0.1804538355131892,0.646694590358155,0.1426991417303155,0.022027661403916036,0.008124770994424423
N0760HD,0.1424151711007872,0.7104679326098827,0.12940779375023295,0.014504208341522561,0.0032048941975744514
N4672HD,0.6381442887146548,0.30242951848779503,0.043167961986323285,0.01381271698978169,0.002445513821445172
N2593HD,0.9192823880634424,0.0771776259633214,0.002422240368862298,0.0008908930738358502,0.0002268525305381515
N4677HD,0.22292588007782974,0.6753317832796182,0.08848802254742998,0.01064531028958985,0.002609003805532247
N4680HD,0.06965919475117976,0.33505240841281325,0.48358235299160884,0.1010078335913604,0.010698210253037703
N4688HD,0.0031669648485086518,0.026894911834566868,0.16477820516904346,0.6603426274728906,0.14481729067499038
N4689HD,0.8856373524233976,0.11086506855818733,0.002440513949461302,0.000810130369728856,0.00024693469922507474
N4691HD,0.14604253411037993,0.5945955551357457,0.16948436300999298,0.06762459671017322,0.0222529510337082
N4692HD,0.6243881963603847,0.3343572845737768,0.02876423293988793,0.008226745402177965,0.004263540723772451
N4694HD,0.007357676200096982,0.11513836019386658,0.6994454746443038,0.16257409968458572,0.015484389277146859
N4695HD,0.15307636286746135,0.7423276634939668,0.09447986527246734,0.008433213831819789,0.0016828945342846082
N4699HD,0.387863745271139,0.5383797364960132,0.05954646927143528,0.011107197490757538,0.003102851470654902
N4703HD,0.3955535378972027,0.4975214842633537,0.06138612283629776,0.03240249805082481,0.013136356952321075
N4704HD,0.0027896018857610375,0.022202895963295614,0.4054830781027377,0.5368087690333812,0.03271565501482452
N4708HD,0.9263557965422465,0.07098197643938059,0.001801291713911145,0.0006337875125370716,0.00022714779192453967
N4714HD,0.6039059599112299,0.3597043830817527,0.025130149902544176,0.007920108663698732,0.0033393984407743805
N4721HD,0.07947333214460302,0.768826125221323,0.13090380584277547,0.016710330884914058,0.004086405906384511
N4722HD,0.8743679249600383,0.12106703416457824,0.003159416804802052,0.0010638492703291208,0.00034177480025222547
N4724HD,0.24722791080066805,0.712333128456077,0.03738889986638433,0.0020738587921296744,0.0009762020847409037
N4726HD,0.048040170676202136,0.8817566998381267,0.06467402752691198,0.004573620293927486,0.0009554816648318391
N4735HD,0.6050237317495814,0.38880150716091416,0.00465977626680706,0.0010644152161062433,0.00045056960659119107
N4063HD,0.6152327343557795,0.35448616862212395,0.023442280946598202,0.00482772852645519,0.0020110875490431963
N4712HD,0.8087401704341435,0.1826926032540032,0.006448119340501733,0.001611125442834242,0.0005079815285172893
N4738HD,0.33218132809190615,0.6003832373767235,0.049373123936634,0.012988235491842757,0.005074075102893728
N4740HD,0.00903832026086849,0.05646100485579685,0.3787992038896328,0.5122687948385098,0.04343267615519203
N4742HD,0.009875725782856136,0.05486235909781198,0.4044675906700555,0.37213675196905116,0.15865757248022505
N4745HD,0.7812734072805796,0.20393368684868513,0.010990522450884674,0.0029711582171809883,0.0008312252026695838
N4747HD,0.7570465838897138,0.22189391072830522,0.014630561099765457,0.004449705976128865,0.001979238306086625
N4750HD,0.7216079270363494,0.24046040590975296,0.027859855222997294,0.00788520241884736,0.0021866094120531784
N4752HD,0.005950878010371576,0.12959871223623123,0.5400324630108618,0.2968360486087123,0.027581898133823102
N4754HD,0.5337753039690978,0.4546053891037179,0.010094373320971402,0.0011149396465405237,0.00040999395967243607
N4755HD,0.3153838622132381,0.5606961995069104,0.09595267487841037,0.022569963156606275,0.005397300244834691
N4756HD,0.5374130906109938,0.4250566447642426,0.030391824444787403,0.005671979343688932,0.001466460836287231
N4757HD,0.8723431691863011,0.1220727919997251,0.004243965758260948,0.0010831040870103949,0.00025696896870246866
N4759HD,0.16214659463914669,0.7808761182809046,0.05033315042019559,0.004951390639882875,0.0016927460198702996
N4762HD,0.26447568241750175,0.6592045455480229,0.06433140021942602,0.00946589250449433,0.0025224793105550858
N4763HD,0.6637167658790253,0.31146968857781343,0.018124619457748344,0.004718616526562708,0.0019703095588501688
N4767HD,0.8238035710394929,0.16444502777059644,0.008595149849570232,0.0026058081772422437,0.0005504431630982985
N4769HD,0.022684283674291553,0.138837819933563,0.7127817065771068,0.11405693179674337,0.01163925801829535
N4770HD,0.7519349622489799,0.2302472202262372,0.013657414785473344,0.003390871895309776,0.0007695308439997815
N4676HD,0.342115740645915,0.5466160848791601,0.08589960167767065,0.020312819304900132,0.0050557534923542195
N4614HD,0.4577993040221403,0.47295226524620293,0.05561776876241036,0.010748162688259897,0.0028824992809867
N4774HD,0.3238758760876278,0.5574772096869767,0.08909060157743391,0.02384523045232008,0.005711082195641411
N4778HD,0.026999112729070462,0.4297819313604774,0.36043269573338277,0.1330975350559213,0.04968872512114813
N4780HD,0.004983109980264108,0.03550075220915279,0.2643178946502957,0.3767119363262054,0.318486306834082
N4783HD,0.5724599923622904,0.402925250558796,0.020349383740474184,0.0032078512214640856,0.001057522116975271
N4789HD,0.7490746021742439,0.22869745035247985,0.01443397690526667,0.005289914497454754,0.0025040560705548273
N4792HD,0.2977738487135107,0.688197844739841,0.012141410416322674,0.0013478508067954623,0.0005390453235301581
N4793HD,0.0365755154746436,0.7422473838875483,0.20241799068680022,0.015494847302817064,0.0032642626481908486
N4794HD,0.0032953103480802505,0.032046304993258966,0.3084340580429398,0.5933719547467079,0.06285237186901312
N4799HD,0.567937694359507,0.41236111146542836,0.016355141959593745,0.0025422977583132523,0.0008037544571575502
N4800HD,0.919080069139046,0.07818642502584036,0.0018374697116873367,0.0006331351023367758,0.0002629010210892965
N4808HD,0.09480021573440992,0.8843630398081164,0.018938051861214462,0.0014546263328108172,0.00044406626344874374
N4809HD,0.6488496651731723,0.3221101099277373,0.0203745302040124,0.006329046198345993,0.0023366484967318655
N4634HD,0.7711162451449173,0.20985303931051832,0.013823756071745978,0.004222462543161237,0.0009844969296570292
N4784HD,0.8507204279303265,0.1433767573328672,0.004350761852034144,0.0011046080738513374,0.00044744481092088716
N4815HD,0.8666196624782223,0.12770508902238284,0.003966654741008211,0.0013541425814403128,0.00035445117694635035
N4816HD,0.7527708009794749,0.22545229957254925,0.01690525779355184,0.0042210402263230945,0.0006506014281007543
N4817HD,0.29386719997146443,0.6356706139378375,0.06192600370923199,0.007118473042733339,0.0014177093387326876
N4818HD,0.9231866468919816,0.07311460890694693,0.002604477681313243,0.0007919943309085448,0.00030227218884967296
N4821HD,0.03316743443276764,0.9357207345926244,0.02851185504819127,0.0021493076987747317,0.00045066822764207667
N4830HD,0.8508802049472883,0.13863019594938264,0.008344032378763742,0.0017635210316675576,0.00038204569289773774
N4748HD,0.8761667503517672,0.11921395367466997,0.0028975623902393363,0.0012368088745420616,0.00048492470878152546
N4684HD,0.842946732070897,0.15068635694343951,0.00491730776111498,0.0010446482675775107,0.0004049549569709788
N0389HD,0.03241246269816521,0.9383357591391221,0.026814510792040214,0.0020637581330418516,0.0003735092376304435
N4796HD,0.33666940639377013,0.578998366867568,0.07391206946378177,0.008471650600878709,0.0019485066740014029
N4834HD,0.0035410768505114484,0.02444391099399579,0.5182882790611617,0.42997749377528843,0.02374923931904261
N4835HD,0.09253863304050793,0.8901686698067718,0.015654742325433853,0.0012868438405220998,0.0003511109867641533
N4837HD,0.3464812798218317,0.6400018854221875,0.012013005996543476,0.001161305012074537,0.00034252374736280463
N4838HD,0.07398834194739377,0.9028679369800888,0.02121995870802792,0.0014635386566258957,0.00046022370786353466
N4839HD,0.0218225652866329,0.36567566234781057,0.5625554478169917,0.04533200311266581,0.004614321435898916
N4842HD,0.7898313494618725,0.1949232967945428,0.010327930384216154,0.0040348096970702785,0.000882613662298306
N4844HD,0.9307222937878153,0.06722850936423164,0.0014150673617850005,0.0004423812943007283,0.00019174819186731316
N4846HD,0.15271615839415334,0.571111016022503,0.19802617759730212,0.06310178685894195,0.015044861127099594
N4847HD,0.7926109273688351,0.19903173620608197,0.00646557343913584,0.0013237326390918506,0.0005680303468552169
N4849HD,0.24038964058127157,0.7007353381497194,0.04797984144711034,0.00821476233057679,0.0026804174913219792
N4852HD,0.022590684556404377,0.41271570322516216,0.5425617029929154,0.019577809383869667,0.0025540998416484027
N4853HD,0.6496467865830718,0.3293871951813572,0.016524017266608303,0.003527779672866448,0.0009142212960961242
N4856HD,0.8139503662568842,0.1804987884039937,0.0041076678141990074,0.0009916528656647493,0.00045152465925833875
N4858HD,0.8065750810415976,0.1866378304571002,0.004775616378640753,0.0015515783083840486,0.00045989381427755647
N4860HD,0.36765920054068774,0.5937503806493645,0.03299629718140137,0.004272692597414413,0.0013214290311319443
N4861HD,0.8709295030573355,0.12574616537824923,0.002448895532569635,0.0006146951993888632,0.0002607408324568429
N4863HD,0.4892341900494261,0.49890675139167817,0.009848605615496692,0.0015294163827204695,0.00048103656067873804
N4864HD,0.7659086139044342,0.22228484315428737,0.008714518117306077,0.002513743625095807,0.0005782811988763855
N4866HD,0.8164700298023766,0.17286038068192625,0.007793294037907194,0.002082064498020742,0.0007942309797694286
N4012HD,0.7240266166113675,0.2633253658771599,0.010169779648148658,0.0019124984760276775,0.0005657393872962353
N4825HD,0.3112815020741512,0.5817990387365125,0.08128815494173967,0.019733258366830504,0.005898045880766257
N4875HD,0.04748424069489003,0.5556438883260454,0.33214590832705804,0.05562710749112547,0.009098855160881108
N4878HD,0.03337506494733011,0.29645502606961815,0.4323504814734451,0.19706621508227906,0.040753212427327365
N4883HD,0.014685612910082127,0.22288608093840748,0.7111221568183113,0.04880820102771051,0.0024979483054887153
N4884HD,0.6529728585580782,0.31872214912441155,0.024528941680358008,0.002893549619235342,0.0008825010179168442
N4887HD,0.2551488289736856,0.6784494572692112,0.05923399283093938,0.006122226924423909,0.0010454940017398026
N4891HD,0.6645413192410758,0.2980548704768085,0.030044431164709395,0.00624931537073043,0.0011100637466758773
N4892HD,0.16554494983511997,0.7830646461131229,0.04647496237705149,0.003949902799638722,0.0009655388750670176
N4895HD,0.8252013600786022,0.16049589372142728,0.01103641865829077,0.0024994220855018364,0.0007669054561779624
N4899HD,0.7314701237511865,0.2621106478173327,0.0048013665231260855,0.0011794957488757024,0.0004383661594789188
N4898HD,0.474542092104597,0.49216127063685855,0.027472299956829857,0.004831223032413059,0.00099311426930132
N4902HD,0.521118299557627,0.4027933213603464,0.05467091243769108,0.01596385963687642,0.005453607007459127
N4904HD,0.043588063848295736,0.21813936081710417,0.5733156733957666,0.1519215714846366,0.013035330454196808
N4906HD,0.7966517381246605,0.19301846859856187,0.00737957028828664,0.002526930517353108,0.0004232924711379824
N4909HD,0.7406074219470674,0.24396462436201996,0.01108282698620822,0.0031993226602938804,0.0011458040444105482
N4912HD,0.6903266720764584,0.28884521328292495,0.01692228970795314,0.0030752821600800277,0.0008305427725834375
N4913HD,0.7098799928419305,0.2665921178422513,0.019209963832495715,0.003342952403785817,0.0009749730795368602
N4914HD,0.07224229805702956,0.7389464633349864,0.1722644718611583,0.01471000750803548,0.0018367592387902826
N4908HD,0.8875267066345438,0.10927664496372558,0.002376330576527064,0.0005700093311546011,0.00025030849404906894
N4937HD,0.8543199935415663,0.14165415011752044,0.0030603749185905,0.000711253975736167,0.0002542274465865191
N4938HD,0.9162538291909221,0.08080455059066485,0.0021498050533243765,0.0005680853756224041,0.0002237297894663365
N4949HD,0.9021285318276747,0.09326218799034262,0.0032272460178773,0.001080978699801709,0.0003010554643035304
N4952HD,0.8344564657009829,0.15381974157469497,0.008886157768246899,0.00225255301469023,0.0005850819413849832
N4954HD,0.5113993249297928,0.46109341619640787,0.02335685515511225,0.0032900485137745392,0.0008603552049124876
N7917HB,0.8895592237566635,0.10506571676088866,0.003745838108749098,0.0012097622808620893,0.00041945909283660837
N4951HD,0.7578726505638546,0.23386884456478482,0.00658125483222119,0.0013004196188064084,0.0003768304203329722
N0385HC,0.11407805868333097,0.6123319213959768,0.2168120780474874,0.04467792327980716,0.01210001859339774
N3920HD,0.3865159703672063,0.5347250350485537,0.06218915459617951,0.013507315469686127,0.003062524518374268
N9498GW,0.7522924168407388,0.23429108545577293,0.010778851181378103,0.0020032313412263855,0.000634415180883903
N4961HD,0.9099380697101617,0.08717189036575672,0.002124307615645735,0.0005782081593669956,0.00018752414906887687
N4965HD,0.15315636798134488,0.3985067562088997,0.3813884096961536,0.061853046866608176,0.005095419246993592
N4967HD,0.5578422824018293,0.387451337332574,0.03963016237713815,0.010929994733045002,0.004146223155413523
N4968HD,0.22075194508897544,0.5126716221895753,0.17671683549790682,0.0758159875901101,0.014043609633432362
N4973HD,0.7663294397619532,0.21567400426693178,0.013483186186028562,0.003797790203268863,0.000715579581817528
N4976HD,0.012868380292872671,0.3519014448951036,0.5578928784308007,0.07205035563908761,0.0052869407421353735
N4977HD,0.26573605132169853,0.7009379346561753,0.02963231673018259,0.0029138078371031407,0.0007798894548403688
N4978HD,0.661568048468641,0.30497816052713617,0.02407062018137479,0.007448949696328858,0.0019342211265192364
N4982HD,0.3721209736568861,0.5350710112804292,0.07086438031233543,0.016663772323219316,0.005279862427129903
N4983HD,0.04364310450270813,0.21844026822173254,0.4410764390607119,0.2727824407306842,0.024057747484163325
N4984HD,0.8660391719899364,0.1297898348096655,0.003200398211721131,0.000642164375709557,0.00032843061296742746
N4992HD,0.00843685479812522,0.1401092604549753,0.4749099927869722,0.34218732248969363,0.03435656947023358
N5000HD,0.6205288393586228,0.3153570520546234,0.047953852646727524,0.013324543756211813,0.0028357121838144587
N5006HD,0.4208209743587341,0.5537412631208188,0.02040221391608446,0.0038057436413103454,0.0012298049630520775
N5007HD,0.6647881490533363,0.287197517209916,0.035714825717286125,0.0101458686401589,0.0021536393793027296
N5008HD,0.1959885222116233,0.733967214978378,0.062012128286647934,0.006923247428501029,0.0011088870948498459
N5011HD,0.3841403400729694,0.5795250830430273,0.030696568338849956,0.004552215247368644,0.0010857932977845985
N5020HD,0.5981970640185604,0.37715191314705915,0.019400455149441928,0.004164334199377505,0.0010862334855610185
N5024HD,0.795539865595273,0.19222900133832685,0.00984296497599065,0.001983888225526872,0.0004042798648825679
N4826HD,0.8947945554256174,0.0994462627063863,0.0039024906055619944,0.0013731521436088027,0.00048353911882559076
N5032HD,0.8223900895944627,0.16723787455247005,0.008049754543633436,0.0018467205984533626,0.0004755607109804865
N5041HD,0.895746555370105,0.0993635448102997,0.003584195586919863,0.0009341508971106067,0.0003715533355650845
N5043HD,0.9003744252926735,0.09414867239862651,0.004232151748891592,0.0007501794563871001,0.0004945711034213946
N5044HD,0.23664571475859966,0.6132070702511585,0.12108220781173444,0.024198478328758443,0.0048665288497491115
N5045HD,0.8097606210355891,0.18185593020569957,0.006759991948094689,0.001265539636962567,0.0003579171736539571
N5004HD,0.8587944706471033,0.13306442943304553,0.00546983141707214,0.0019377375306874937,0.0007335309720913548
N5055HD,0.6403635262420194,0.31494913782477546,0.03177475111217094,0.010742133718672248,0.002170451102361915
N5056HD,0.1330786122263347,0.3933100165719066,0.28487004467852667,0.14317526278115758,0.04556606374207451
N5057HD,0.7899483984981711,0.19720459033606877,0.009539892608692088,0.0024737508461042303,0.0008333677109641089
N5059HD,0.518396369923875,0.4105833101977637,0.05768030372885402,0.010624032545973801,0.002715983603533508
N5061HD,0.37729030844894706,0.5539420579289546,0.0602773124233938,0.00699604838929755,0.001494272809406896
N5018HD,0.9365471043100869,0.0611858356460567,0.0016417647505730037,0.00043936577936074894,0.00018592951392250266
N4896HD,0.6783431153589703,0.29227847076027613,0.021807039768619127,0.005893670085494826,0.0016777040266395965
N5064HD,0.7304204629615185,0.24602848228875332,0.017895697495883014,0.004479356555017168,0.0011760006988279902
N5065HD,0.5471735534917928,0.4232175908851638,0.024276870513692997,0.004181179495788931,0.001150805613561484
N5067HD,0.223716274689711,0.6005906195330099,0.1290310586201444,0.035854838141956766,0.010807209015177881
N5070HD,0.04192135021470693,0.4687346337725412,0.44475545324572696,0.041580722059043985,0.0030078407079809173
N5071HD,0.1764317422119347,0.7365464436208039,0.0820410429305369,0.003967944364854414,0.0010128268718701773
N5072HD,0.1938587474739608,0.741172909229233,0.05898538106747093,0.004840443635623337,0.0011425185937119088
N5074HD,0.7983505508999905,0.18541465861740436,0.011222519493883865,0.004021298289713931,0.000990972699007219
N5075HD,0.9574359059179085,0.04112230901403082,0.0008218052379339026,0.0004209238087564372,0.00019905602137026791
N4923HD,0.8025391236515025,0.1737750136982232,0.016421933234096596,0.0052520816301806,0.002011847785997036
N5076HD,0.7467954690309784,0.2396068915276528,0.010107657938876604,0.002668282849917983,0.0008216986525743956
N5079HD,0.010775552903824039,0.12396691331035199,0.45056596259588866,0.37025847173266874,0.044433099457266624
N5080HD,0.491759768620616,0.48834118651935127,0.016060369861124652,0.0028819204927148065,0.0009567545061933889
N5082HD,0.7326470494994832,0.24120443272278957,0.016002208626844584,0.00741672046571582,0.002729588685166542
N5083HD,0.6884697252610018,0.28244333018005374,0.020664476247590158,0.006878154806801042,0.0015443135045531482
N5085HD,0.15424480172027102,0.6916166049978133,0.13410801575068676,0.01683100248079481,0.00319957505043401
N5051HD,0.3912003894887598,0.5855245781787338,0.02087176730586365,0.0018250260795315907,0.0005782389471110209
N5039HD,0.08024815845981217,0.44593320390463065,0.32045829122504577,0.13261409483410114,0.02074625157641044
N5088HD,0.8972076744220835,0.09986292984546757,0.002097786062127635,0.0005614230024494809,0.00027018666787160904
N5091HD,0.08733396762040369,0.8946258323318519,0.01640309426137826,0.0012973005873096392,0.00033980519905630143
N5093HD,0.0566933891576683,0.32144532364893263,0.31628991141720403,0.20688190076701254,0.0986894750091826
N5100HD,0.005179940374565033,0.04292469470500837,0.23644038319461538,0.6669027955650474,0.04855218616076373
N5103HD,0.08654611711665516,0.40117271634032314,0.3416254010862053,0.13991898753941606,0.03073677791740036
N5104HD,0.9465755306032079,0.05128494670556422,0.0013363373666505885,0.0005635135662977857,0.0002396717582794381
N5105HD,0.8333310819355241,0.15705764565670885,0.005702138547322501,0.0028894529312912857,0.00101968092915333
N5106HD,0.7179283588011605,0.2628926255761486,0.014410370225024836,0.0037051229971571085,0.0010635224005091791
N5109HD,0.31972504472263086,0.6628474744608829,0.015399636300258058,0.00152950524382269,0.0004983392724056531
N5112HD,0.44711620198984775,0.5038147808391846,0.03979501848960336,0.007460488090466075,0.0018135105908982283
N5115HD,0.8671160063999804,0.12315704910028262,0.007306716674701527,0.001863185247762077,0.0005570425772732449
N5120HD,0.009795303169112576,0.09383554402920076,0.43452068009154265,0.3861164612307961,0.07573201147934781
N5121HD,0.5560110866886776,0.4151589024954284,0.020811678053125265,0.005977237332943446,0.00204109542982532
N5122HD,0.44894885771630344,0.42958924953110855,0.08849032241502439,0.026445891302175763,0.006525679035387889
N8305HB,0.7980408235604078,0.1935396101949056,0.0054447552457865984,0.002475120979100259,0.0004996900197994864
N5126HD,0.027021032052610295,0.13920175914100116,0.36358949358655,0.38058534643238856,0.08960236878745005
N5128HD,0.9058055923671761,0.09063375446142784,0.002614859440758483,0.0006959021016280983,0.0002498916290094304
N5133HD,0.005729965403344049,0.0883195076817493,0.5214860032677424,0.35365273205543607,0.030811791591728154
N5135HD,0.8060822325079753,0.1801027835356476,0.010657060117142878,0.002475830619684672,0.0006820932195496159
N5143HD,0.8121395098144369,0.180036386509458,0.00636089289260867,0.0010835327264632827,0.00037967805703302933
N5144HD,0.1910788958922588,0.7180885161023767,0.07377448655024595,0.014027862814654233,0.0030302386404643493
N5149HD,0.24504048551321986,0.6061314779834543,0.10702064842106165,0.03371029651846771,0.008097091563796356
N5152HD,0.2101663455203849,0.7374975123755331,0.04420200646849459,0.006730706393933549,0.001403429241653779
N4394HD,0.25315826789385415,0.5504032824800683,0.16008495942209658,0.029984191840214877,0.006369298363766006
N5029HD,0.2383512264375048,0.63510426007729,0.10058287517227282,0.01895314190513532,0.007008496407797003
N4368HD,0.9354590331352294,0.06196570820387114,0.001553201514049534,0.0007540270651603472,0.0002680300816895405
N5013HD,0.34604917706847677,0.5560374509960043,0.07213326913216048,0.0191920524803225,0.006588050323035991
N5153HD,0.31888636386851094,0.5881817516527305,0.07938092189318793,0.010334870219303512,0.0032160923662672963
N5157HD,0.8779548431017213,0.11788317695599203,0.002962318696154459,0.0007901598240386994,0.00040950142209325596
N5170HD,0.44473202047751703,0.5076055123077554,0.036246487099227294,0.008651560841005785,0.0027644192744946073
N5172HD,0.846070628705357,0.144488625620449,0.0072405751200900125,0.0017369069651659078,0.00046326358893794816
N5173HD,0.7126098286530407,0.25497619607226857,0.02492108638501107,0.005520276060233914,0.001972612829445782
N5147HD,0.6342496198224149,0.34716104805879955,0.015030475717989709,0.002538901823645313,0.0010199545771505632
N5178HD,0.7427946056824537,0.23853833020476556,0.014111869011138003,0.003799887002557481,0.0007553080990852428
N5180HD,0.5503522153399427,0.41842808443666873,0.024750588023910187,0.005388326390735891,0.0010807858087425273
N5181HD,0.4308053945410165,0.47759923938032056,0.06913796034723045,0.018181384126207092,0.004276021605225344
N5182HD,0.9043593150744254,0.0926597799453916,0.0022567383246080656,0.0004527521519416763,0.00027141450363313903
N5183HD,0.09702419889949812,0.8799340588813375,0.02101862247563251,0.0016207223171353974,0.00040239742639637283
N5185HD,0.05894763537337787,0.24098274220216775,0.4570473381856032,0.2166266687712231,0.02639561546762809
N5187HD,0.25929886966171317,0.5759722409222315,0.12355686301618193,0.03390790421461276,0.007264122185260524
N5188HD,0.23076967387023956,0.45370881286520515,0.19673643092219437,0.09270372419724891,0.026081358145111946
N5190HD,0.0028641995686011596,0.025141282272272143,0.2732954146593676,0.6361217538494603,0.06257734965029883
N5192HD,0.33605752948816003,0.649802104736351,0.0125656585160944,0.001174839371884648,0.0003998678875100253
N5193HD,0.6542384061508939,0.3096408071202752,0.02745312265160791,0.006652500209628007,0.0020151638675947677
N5197HD,0.8736601390304584,0.12049104253678063,0.00466014892125353,0.0008902459034302627,0.0002984236080775038
N5198HD,0.25565918851548786,0.47046480937261886,0.18470395581217697,0.07428841284183875,0.01488363345787746
N5199HD,0.7371915841524717,0.2396572265037159,0.018252329294282804,0.0037991957234162887,0.0010996643261132178
N5200HD,0.75136597654465,0.23126988071540375,0.013437970013979145,0.003052566258200702,0.0008736064677664883
N5203HD,0.01876505137469804,0.13578766881841084,0.39642774129451314,0.33857343936135553,0.11044609915102237
N5209HD,0.01158879480001327,0.0626226257440137,0.36202192743513106,0.4970972296023025,0.06666942241853938
N5212HD,0.8185538060133054,0.17332327419561025,0.006610677212794069,0.0010907927265109633,0.00042144985177939074
N5215HD,0.457517986074783,0.49927888646287016,0.03445706264621241,0.006955617068545197,0.001790447747589391
N3574HD,0.8717620685322828,0.12082589335499914,0.004150193432899318,0.002564553387028324,0.0006972912927902682
N4760HD,0.09924086951561627,0.4040922635815194,0.3122122333162799,0.14995357100636278,0.034501062580221675
N5225HD,0.8186310644356775,0.17091424020324691,0.007730928410436036,0.002152085635420573,0.0005716813152190745
N5226HD,0.6112687589107906,0.3360455230605082,0.03945828947274921,0.011516629432648407,0.0017107991233036497
N5227HD,0.6778912868231225,0.29090916916042525,0.023208194277750074,0.005814330151252876,0.0021770195874492465
N5233HD,0.009763047674268508,0.07217201223004079,0.3487159570196682,0.3533697185179882,0.2159792645580343
N5238HD,0.7883425741227242,0.19307894761736968,0.012950754142197016,0.003892419423661019,0.0017353046940479728
N5241HD,0.8021581175643968,0.1819720205892745,0.012085876586077933,0.0030947243324096975,0.0006892609278410465
N5243HD,0.005716970205068534,0.08698138551719879,0.5136587081087104,0.3667248503743425,0.026918085794679768
N5246HD,0.8298971873583121,0.16021962522127173,0.007410943100719876,0.0019519964411728154,0.0005202478785234623
N5247HD,0.004175076745810309,0.022699860910146703,0.38762400096499605,0.5562696894039562,0.029231371975090747
N5248HD,0.7379450447347669,0.23430012134074846,0.020267931850692294,0.006188349313585881,0.0012985527602064745
N5253HD,0.6667924284490936,0.2996130585534691,0.024871956213239906,0.0060412713349963084,0.0026812854492010425
N5257HD,0.020077697888570317,0.1397704465466761,0.3780545170721078,0.3479492976064478,0.11414804088619795
N5259HD,0.007876648491408277,0.059065699678637916,0.2880746122539517,0.3860011040368874,0.2589819355391147
N5262HD,0.07358874748434967,0.5340740089639252,0.3702244364277414,0.01942850304587728,0.0026843040781065297
N5266HD,0.2683361375217804,0.6714721616803105,0.04987202173681077,0.007919147011907698,0.0024005320491907118
N5270HD,0.7058461733646213,0.2719525646648646,0.016921373195716963,0.004469086366797456,0.0008108024079997352
N5271HD,0.5177006476120982,0.43472931924419206,0.039121020544789505,0.006593022292772737,0.0018559903061474456
N5273HD,0.7567625204509556,0.2247415572292597,0.013940209030825334,0.0032624710067632834,0.0012932422821960307
N5274HD,0.8461639076111381,0.14427239885848497,0.007322235903292497,0.0018257057231775941,0.0004157519039069974
N5211HD,0.12440517067631386,0.41995695863021004,0.3567423842584041,0.08977457778560421,0.009120908649467593
N4843HD,0.6040883379572605,0.36903045597470263,0.02003267930217522,0.004996725616908019,0.0018518011489538336
N5287HD,0.6442741517289021,0.31434580692746655,0.02920903932862073,0.010081130465877629,0.0020898715491330273
N5286HD,0.09762027068386704,0.2981406129946497,0.3575373771291507,0.19852928745636902,0.04817245173596335
N5292HD,0.022551708022295128,0.14604195954197569,0.38803260481923285,0.3266027697415771,0.11677095787491919
N5294HD,0.8511068010877829,0.1440461150430004,0.003660197409591512,0.0007707697587881585,0.00041611670083715086
N5296HD,0.23331545735816303,0.47472206036456316,0.19125437695085093,0.081354645199157,0.01935346012726567
N5298HD,0.7157121814934049,0.25280756260068016,0.023050329451493986,0.00692043057536934,0.0015094958790518318
N5303HD,0.8472459149745166,0.14123520215424398,0.008419562136049812,0.0024191866769998813,0.0006801340581896192
N5305HD,0.2015492653674983,0.6570209549113117,0.1114853703748915,0.023651467599899893,0.006292941746398489
N5306HD,0.8061131995553711,0.1790517514937637,0.011796013616384328,0.0025322776424340186,0.000506757692046948
N5307HD,0.056151353058105216,0.5415467439842567,0.3051380501604642,0.07715503859153049,0.020008814205643388
N5311HD,0.3099833654894868,0.6239403881390351,0.05849362287417058,0.006385803591549071,0.0011968199057586447
N5314HD,0.775048188129364,0.2085382699248457,0.01181642743452308,0.00348588851106638,0.001111226000200962
N5073HD,0.14248783177018812,0.4663101060722133,0.2673185953983232,0.09763232354458926,0.026251143214686103
N5277HD,0.04557320177950805,0.19455798985265516,0.3942698991851344,0.278215383770231,0.08738352541247142
N4885HD,0.9328150443879969,0.06429812081465791,0.00200930245874174,0.0006541177455238912,0.00022341459307952946
N5318HD,0.032639130274645115,0.4533597780907639,0.4303337252703346,0.0689229477641911,0.01474441860006538
N5321HD,0.775363631850608,0.20983925675577567,0.011111846650066742,0.003122061497492171,0.0005632032460573804
N5323HD,0.9434941798212071,0.05506487041396395,0.0010323272293728902,0.0002930923510322974,0.00011553018442367737
N5324HD,0.6361521588305661,0.3105188838408582,0.03923517096843071,0.01135405469329321,0.002739731666851828
N5326HD,0.7994350293057944,0.1917169075901249,0.006233015372792037,0.0019146982026966262,0.0007003495285921548
N5327HD,0.7083715822439859,0.2810981279894494,0.007659143012457347,0.0020728709221382083,0.0007982758319691257
N5329HD,0.11924243714401016,0.7147020256338847,0.14313598119148357,0.018895555908717047,0.004024000121904545
N5331HD,0.8379121737817746,0.15125204900362013,0.008265344126735427,0.0020160468679189416,0.0005543862199507414
N5332HD,0.7837951019460171,0.2010164829890451,0.011285860331831389,0.0030639256564753818,0.0008386290766310434
N5333HD,0.7999047720566761,0.19085027438641572,0.007073793849843076,0.0017476564959741513,0.0004235032110909747
N5334HD,0.030191627338044612,0.9510743573042719,0.01694476588347742,0.0013171198681535346,0.0004721296060523483
N5338HD,0.04944536048255266,0.2856653565716272,0.37296529462826905,0.23246726602328005,0.059456722294270965
N5339HD,0.15462222912601864,0.5151684359353846,0.22759660377578278,0.07774241338690606,0.024870317775907928
N3820HD,0.01549755120350862,0.08278343930961166,0.2674687639960941,0.33980079556306875,0.29444944992771677
N5342HD,0.7950398996932871,0.1945657924930734,0.00826468684474747,0.0017679370524245467,0.0003616839164675102
N5345HD,0.6358892972747079,0.32038624077754624,0.03473943644475555,0.007393021311991475,0.0015920041909989226
N5346HD,0.7850802010544281,0.20702880614192323,0.005817452378841286,0.0015941818663007,0.00047935855850668967
N5348HD,0.056505985349037044,0.3191209587624164,0.22320288570733904,0.3096512767609469,0.0915188934202606
N5351HD,0.7197698471078908,0.2535397899110974,0.020409065122053018,0.00538050725609419,0.0009007906028647328
N5354HD,0.00289439578980528,0.014732873582814285,0.3583990819273906,0.5915729240831153,0.03240072461687436
N5355HD,0.5270972667931239,0.46001673943611165,0.010446193077449484,0.0017372318655906906,0.0007025688277242309
N5362HD,0.8803173013411643,0.11645646798367218,0.002398498239189096,0.0005642678951247393,0.0002634645408496455
N5364HD,0.7341719183453361,0.24490947720087644,0.016030751387786608,0.0038741677854551757,0.0010136852805455558
N1264HD,0.03238229529315525,0.9178193129740078,0.04474377609596285,0.0042402474310628815,0.0008143682058110707
N4985HD,0.3415886946327545,0.5811944366652168,0.05578225262345511,0.016856145450646638,0.004578470627926887
N5368HD,0.003264186249181126,0.02443619284568186,0.240947533195146,0.582008691917901,0.1493433957920899
N5371HD,0.8303352766893639,0.16271033907517024,0.005096853966989941,0.0014198238510731004,0.00043770641740277174
N5372HD,0.7417502443967732,0.2436564747031565,0.010875109376762221,0.0030270644425434787,0.0006911070807647579
N5373HD,0.5252036563645806,0.4630073895207392,0.009758894782242298,0.0014504823444162688,0.0005795769880214696
N5374HD,0.4481716783170345,0.5315893709885534,0.018200324254476843,0.0015532747769255472,0.0004853516630097147
N5377HD,0.6467051605604611,0.33873330024617787,0.012448140730709044,0.001587647919082342,0.0005257505435697429
N5379HD,0.7691143981769335,0.2162608915434634,0.011790760718873618,0.002304713778163048,0.0005292357825664352
N5381HD,0.20888777353986204,0.5163101714488306,0.1477698018176353,0.10187461290283951,0.025157640290832676
N5383HD,0.31168748330886276,0.48741583378886777,0.12623808647439227,0.06291295730142027,0.011745639126456955
N5385HD,0.8413862048658469,0.15415409762225712,0.0035456322001462246,0.0006423646601193413,0.00027170065163039633
N5387HD,0.048601400418468894,0.3871745123881209,0.3715600580364369,0.15131737363704556,0.04134665551992772
N5388HD,0.054730868352866266,0.28911900272616287,0.24088925994108523,0.33481288479290316,0.08044798418698236
N5389HD,0.018029147429630125,0.49604744668328105,0.4644638912434231,0.018455353395338325,0.003004161248327402
N5391HD,0.6694544413996385,0.28903424026048385,0.030337309505077483,0.008972928293756512,0.002201080541043564
N5393HD,0.4752279067139539,0.5053921153197195,0.017308832051798492,0.0014955590328425163,0.0005755868816855654
N5395HD,0.6483106377608324,0.29162134461370043,0.04618777266194436,0.011539862876686138,0.002340382086836562
N5397HD,0.7841580047225417,0.19368224631412786,0.016215092574539826,0.00466591782988754,0.00127873855890308
N5398HD,0.7584725451813751,0.21040156364633467,0.023042193954346694,0.006517821771502396,0.001565875446441211
N5386HD,0.04534969284637326,0.5796530928992817,0.3559592161488898,0.016985732079132183,0.002052266026323001
N2483HD,0.8646946332068416,0.12467394212111499,0.007601779879892627,0.002247208395540836,0.000782436396610187
N5402HD,0.8334435603489241,0.15976274964913803,0.004887010664535339,0.0013042378382215392,0.0006024414991809882
N5404HD,0.6060626559974063,0.31205302530247847,0.057674873318415705,0.02043352751263365,0.003775917869065954
N5405HD,0.9196712734420834,0.0765618872130744,0.0024510926281669635,0.000951891171749313,0.0003638555449257024
N5407HD,0.3279223711586215,0.572773346968368,0.078699114506407,0.01549467825147847,0.005110489115125111
N5414HD,0.31830280364431374,0.668759303448511,0.0109123339369899,0.0015602735681478326,0.00046528540203756786
N5415HD,0.8754879964645912,0.11951167468219563,0.0033815566151427067,0.0012860457496857596,0.000332726488384672
N5416HD,0.19056290707304321,0.7699046945240543,0.0358196704303027,0.0030246667963544417,0.0006880611762453641
N5421HD,0.6840140375356647,0.26393367857761696,0.038043067056774446,0.011569071181267333,0.0024401456486766266
N5430HD,0.8140283534346969,0.1757770471852259,0.007824002450363306,0.0020681860432134034,0.0003024108865004548
N5431HD,0.031065088366007187,0.4298833434176155,0.5184272638662833,0.019165807390122896,0.0014584969599709407
N5432HD,0.7213210419932081,0.26347367893938023,0.011312298795979116,0.0031686704409042477,0.0007243098305283419
N5437HD,0.6968494883577017,0.29124913839778,0.00939794545672665,0.0018865297685800777,0.0006168980192115187
N4225HD,0.28872512202203887,0.6298941331598173,0.06616660549279316,0.011830371197144262,0.0033837681282061424
N5123HD,0.5519693346065281,0.41164784797362924,0.027473830318129316,0.0068589700992977435,0.0020500170024156735
N9187HC,0.03031586388442492,0.21312995656129174,0.31760051295667746,0.3241700108330371,0.11478365576456874
N5439HD,0.22289498072432784,0.5980435622850213,0.12813794775431134,0.04260016396368915,0.008323345272650362
