ncode,proba_0,proba_1,proba_2,proba_3,proba_4
N4541HD,0.7456935432399269,0.24182488048416517,0.009425882375221826,0.002356392761726379,0.0006993011389597393
N4397HD,0.006398996577169506,0.11410418987722383,0.4935806603179953,0.3507018341568816,0.03521431907072963
N4544HD,0.9048977998276142,0.09171977411329044,0.0024466294451974627,0.0007632484485024298,0.0001725481653954615
N4545HD,0.03800780506477712,0.3869258182149752,0.38781131592505175,0.13616593501913773,0.05108912577605814
N4546HD,0.23224678643656105,0.6994898577869016,0.062063824845317014,0.005244634042922006,0.0009548968882983812
N4550HD,0.8731103402082246,0.12254966083804533,0.003155293870508281,0.0008960468764838989,0.0002886582067378334
N4551HD,0.699083859833189,0.2892534731669675,0.00926559904900442,0.001891261221923766,0.0005058067289153139
N4554HD,0.03380911682371578,0.25732635463082587,0.641102725902301,0.06304678697142536,0.004715015671731936
N4555HD,0.3251725233689412,0.5639848812510476,0.09909084265514728,0.010226491159712584,0.0015252615651513695
N4556HD,0.3879324561308011,0.43506515812865776,0.11694284409556861,0.04621283001120592,0.013846711633766462
N4563HD,0.3419807934197426,0.5492781232595313,0.08585739851898329,0.018940408974663366,0.003943275827079467
N4567HD,0.9078412509105088,0.08697852002756426,0.0029565754824134663,0.0016789228797578928,0.0005447306997552092
N4561HD,0.8526575665200236,0.14087499235846002,0.004908586957313431,0.001176147604952053,0.0003827065592509133
N4571HD,0.321580571880492,0.5646549646615144,0.09321316069968862,0.016151346424851144,0.004399956333453784
N4574HD,0.9564048512194533,0.04192662600510789,0.0011209813189533967,0.0003875132393591951,0.00016002821712632478
N4575HD,0.500836667736229,0.4731522773259002,0.02310186566928054,0.0023999178958096774,0.0005092713727805773
N4579HD,0.23516362030921553,0.6810658328111704,0.06608038413816678,0.013304978750314746,0.0043851839911325016
N4581HD,0.18543972312689994,0.6962978998938464,0.1076306955690422,0.009426186221073787,0.001205495189137722
N4584HD,0.21938600079993895,0.7130854718587061,0.06311278277396933,0.0036606116696329544,0.000755132897752742
N4578HD,0.7860701288858866,0.2051172360766703,0.006964839540282492,0.001409606793727962,0.0004381887034328006
N4590HD,0.14633407028058315,0.8122726397321298,0.03765831464452988,0.00288792414280671,0.0008470511999505451
N4593HD,0.006562222595495789,0.06270497298867575,0.40819505722712407,0.48356746160907393,0.03897028557963056
N4151HD,0.09727176527348504,0.3640957229950872,0.2899073863602976,0.18470491617726345,0.06402020919386665
N4594HD,0.8337080086469637,0.16068470114818512,0.004288576903078074,0.0010447153013985295,0.00027399800037458146
N4600HD,0.7361000842268496,0.24679158354476066,0.013415882963050591,0.0029490602289518114,0.0007433890363872383
N4605HD,0.035713447315269056,0.22967297765404113,0.6474244063356007,0.08431903785661392,0.0028701308384751914
N4612HD,0.3063110613878364,0.631455414612613,0.05002008251455706,0.01056418666461577,0.0016492548203776505
N1701HC,0.34143415516508774,0.5628080194585487,0.07556931003397915,0.015566022254381114,0.0046224930880032645
N3705HD,0.002899489667043646,0.02383161967759121,0.18362758120403547,0.34723500763895726,0.44240630181237245
N4589HD,0.6141941250638737,0.3406471701786461,0.033202175189792515,0.009626975228568023,0.0023295543391197064
N4339HD,0.928535728139252,0.0689679823673262,0.0017194410013922148,0.0005323617304555204,0.0002444867615741221
N4615HD,0.03675769301872508,0.21140891600157907,0.3044099270541252,0.351592568084137,0.09583089584143356
N4618HD,0.9088627309765425,0.08744497705393496,0.0025656256346802777,0.000848649470634124,0.0002780168642081907
N4624HD,0.5129248358930925,0.4757480926034178,0.009676153068427262,0.0013073035548574407,0.0003436148802050003
N4626HD,0.767102100830305,0.21308907582970832,0.014593261425407704,0.004413405166136877,0.0008021567484422303
N4628HD,0.10008583593015294,0.7152542772758101,0.15859512735756218,0.02079918302814666,0.005265576408328091
N4638HD,0.11879591593838537,0.4461466091609139,0.23544409107309297,0.15590647054773135,0.043706913279876525
N4639HD,0.7611672470905442,0.22260699832057204,0.012133406623629795,0.0031176442874238887,0.0009747036778303207
N4642HD,0.9093174943992032,0.0874783568209828,0.0022754625609878584,0.0007071150756764999,0.00022157114314968053
N4646HD,0.9490059281359452,0.04928653241930403,0.0011574073889323887,0.00036617520721244864,0.00018395684860609112
N4631HD,0.8304205330908183,0.1602572735467054,0.0069830230498797085,0.002013627948511197,0.00032554236408523126
N4656HD,0.01702925433741048,0.1579629546521862,0.5336548059708442,0.23045547423097063,0.06089751080858841
N4658HD,0.8584580077223567,0.13258053905184758,0.007271574812894611,0.0013437527524353978,0.0003461256604657776
N4661HD,0.8660027744467736,0.12732375015821795,0.004868042839970656,0.0013663513917646398,0.0004390811632730843
N4665HD,0.8142056781149692,0.1759660801173569,0.007492447951122571,0.0019085259432570611,0.0004272678732944378
N4667HD,0.8695678464484969,0.12716371422540484,0.0024203086978987864,0.000601840208941871,0.00024629041925764236
N4669HD,0.7768132985002348,0.21313827732659427,0.00715667360131222,0.002044567457407632,0.0008471831144511003
N4673HD,0.18951064976226636,0.652251954685598,0.13005802814159986,0.021076475239029602,0.007102892171506036
N0760HD,0.09495093921413963,0.7714703837988443,0.117669497023663,0.013240250169194789,0.002668929794158245
N4672HD,0.5135254825392476,0.41205720581710487,0.05664957439913123,0.015460880984096825,0.002306856260419491
N2593HD,0.9171787663594548,0.08010160805407439,0.0019459695546870635,0.0005722919129936272,0.00020136411879001975
N4677HD,0.2040551222823894,0.6897063741995266,0.0925009530660366,0.011051875226391335,0.0026856752256561437
N4680HD,0.1345835895356381,0.5078259011103088,0.2945570432701021,0.05640858477749658,0.0066248813064544035
N4688HD,0.0039064294852822245,0.027493880101698873,0.2171382441347164,0.5902088262040917,0.16125262007421093
N4689HD,0.8966003420554552,0.10001786926778433,0.002474884155238184,0.0006678569650570925,0.0002390475564650528
N4691HD,0.08828734314331693,0.5432432264136228,0.24736700074176135,0.10186124530330866,0.019241184397990465
N4692HD,0.5627993978218979,0.40044137621845305,0.027666894230736302,0.0059004221544120845,0.003191909574500653
N4694HD,0.00774871972486059,0.09753002846544287,0.6905811001292802,0.19051406495351433,0.013626086726901961
N4695HD,0.1404294884886463,0.7677912586007912,0.0834815411432285,0.00710273861234223,0.0011949731549916423
N4699HD,0.4157841860057071,0.49726366699910174,0.06940058946172122,0.01456540066471899,0.002986156868750946
N4703HD,0.3790409654931888,0.4954230512825855,0.07384799613385196,0.036336666263207223,0.015351320827166351
N4704HD,0.003129958509534378,0.018791119242974236,0.3458496504255764,0.608900046076536,0.023329225745378896
N4708HD,0.9357940897088667,0.06205244130495709,0.0014722296706783371,0.0005297440897694645,0.00015149522572840954
N4714HD,0.6227977073594863,0.3515765920399315,0.017696171317270176,0.005406499778680689,0.0025230295046311906
N4721HD,0.11698578143868736,0.7061793420603966,0.15326408042607942,0.01937032539955353,0.0042004706752833115
N4722HD,0.832211256623058,0.16221915162054396,0.003972252876175926,0.0013798361130858948,0.00021750276713613725
N4724HD,0.16425470522513788,0.798719990393858,0.03359459967080922,0.002831896230201147,0.0005988084799936669
N4726HD,0.056558086997135666,0.8766566751970906,0.06084323295188162,0.004619746004031249,0.0013222588498608588
N4735HD,0.6461860257585637,0.3463208915423752,0.00542195687169435,0.0015881153241261285,0.00048301050324072787
N4063HD,0.5895622643904456,0.38013024139817053,0.02437417301935197,0.004616320872873654,0.0013170003191581717
N4712HD,0.8064961337393656,0.18386504404226073,0.007279236584575367,0.0017571947940013268,0.0006023908397968584
N4738HD,0.3137898314124073,0.5874333735975147,0.07813198048670053,0.015118639448572583,0.005526175054804879
N4740HD,0.008884931969739553,0.05333082411822335,0.3610988833631742,0.5365615111295954,0.040123849419267534
N4742HD,0.011488362348275907,0.03922551146410456,0.35239311854818356,0.4685166301695883,0.12837637746984776
N4745HD,0.7985771397683354,0.18661572898426299,0.011795174350943372,0.002413741814673141,0.0005982150817847322
N4747HD,0.7496241184001353,0.22839263280718614,0.015322270408681948,0.0043815531998419414,0.0022794251841548024
N4750HD,0.719967509263558,0.2507716199909693,0.020534275039241556,0.007551980730219188,0.0011746149760118465
N4752HD,0.006928917882667525,0.12576642502718388,0.48876444214585907,0.3466378691155037,0.0319023458287857
N4754HD,0.5964881170227213,0.39233893185915153,0.009590754685614242,0.001242293623715063,0.0003399028087977992
N4755HD,0.33080762004023,0.5187660124883344,0.11697221619214936,0.027497602268941643,0.00595654901034463
N4756HD,0.5065995346210772,0.45417124376930884,0.030639923212457787,0.007000584485408878,0.0015887139117473652
N4757HD,0.8576283887581244,0.13541798827564644,0.005346810190289997,0.0013191860807433696,0.0002876266951956175
N4759HD,0.16466066740346985,0.7624235510315786,0.06539032788420521,0.006219788597056709,0.0013056650836895311
N4762HD,0.34311611065112535,0.557362883164362,0.08775939855361642,0.009644526740232263,0.0021170808906640403
N4763HD,0.6173327657815303,0.3563056843669319,0.018240251832969845,0.005726424746098887,0.0023948732724690938
N4767HD,0.8102054426487714,0.17561349695847955,0.01093022956091302,0.0026289857402195076,0.0006218450916165359
N4769HD,0.01977523843865585,0.12246109502718923,0.6486988171635055,0.19539414661834065,0.013670702752308684
N4770HD,0.7457802316566866,0.2365370941803612,0.01352329378255144,0.0035066068174324744,0.0006527735629681547
N4676HD,0.19203836085673961,0.7182321769613396,0.06965129797877131,0.01598827347903713,0.0040898907241121865
N4614HD,0.4746254829197475,0.4453085508614321,0.06472942035156383,0.010295726978354066,0.005040818888902552
N4774HD,0.29176754943886835,0.5707338530375967,0.11003826196700951,0.020937297964164592,0.006523037592360891
N4778HD,0.02787374561220424,0.35279817638372607,0.41499099149796637,0.17465980441035683,0.0296772820957465
N4780HD,0.005025424124343026,0.03167818477555408,0.2691249181856053,0.3228500514151685,0.37132142149932923
N4783HD,0.585204629916174,0.39055343439989043,0.020619445413046566,0.0029782520040516638,0.0006442382668373632
N4789HD,0.7950366110315416,0.1849078872427064,0.013883388126996434,0.003974965584000595,0.0021971480147550426
N4792HD,0.48010394442766824,0.508363188395652,0.010180420836110518,0.001113131674390399,0.0002393146661787499
N4793HD,0.03768143303375159,0.7735371924050335,0.16477866185613282,0.019861249121831886,0.0041414635832503766
N4794HD,0.00386501125469801,0.03411878092326271,0.3059273558067281,0.5904307804434784,0.06565807157183272
N4799HD,0.5405584941579659,0.43931564107867577,0.0167912191566827,0.0027775765539284833,0.0005570690527471262
N4800HD,0.9361113809805109,0.06106933493619055,0.0019214160581579936,0.0006515789571465594,0.00024628906799404433
N4808HD,0.11691667168482327,0.852472913815576,0.026919080014498498,0.0030443394567346957,0.000646995028367546
N4809HD,0.6083686190267776,0.3666281488180483,0.018523273819786596,0.004784735472066917,0.0016952228633206464
N4634HD,0.7040325434958983,0.26789722431716506,0.022388354321962258,0.004760045418855678,0.0009218324461188292
N4784HD,0.8621835088269564,0.13201610586099766,0.004188287533275098,0.001162740756387157,0.0004493570223835686
N4815HD,0.8998081010801803,0.09670718260192941,0.00234374004907596,0.0008647945244845112,0.00027618174432994107
N4816HD,0.7388615679981532,0.2347803486623915,0.021236066817822252,0.004106156693854368,0.0010158598277787171
N4817HD,0.30572031134341593,0.6499831884290614,0.03693666907087563,0.00640793774786356,0.000951893408783448
N4818HD,0.9085223507102494,0.0879418563009042,0.0024535637416988323,0.0007848368819147301,0.00029739236523275203
N4821HD,0.03568902670321183,0.9221959648036104,0.03808797521615575,0.0033933759350630735,0.0006336573419588499
N4830HD,0.8888647404379972,0.10455144358924179,0.004908014016843928,0.0014010798276109426,0.0002747221283059514
N4748HD,0.8714646210144538,0.12369124447087988,0.0034759138640556835,0.0010554797235511949,0.0003127409270593401
N4684HD,0.8306449824052023,0.1635679041096079,0.004391015849177524,0.0011140931034303743,0.000282004532581948
N0389HD,0.02964201701840891,0.9386293430675674,0.029116080705792274,0.0020222247865944376,0.0005903344216370442
N4796HD,0.3688080047514895,0.5606361780999987,0.05828309639686252,0.010189363332871895,0.0020833574187774065
N4834HD,0.003930516981399964,0.025703071735868745,0.4135454546623729,0.5222646356046639,0.03455632101569451
N4835HD,0.07293243110455443,0.9031747781402162,0.021730548949494895,0.0017223948774749292,0.00043984692825945257
N4837HD,0.5200092504676092,0.4657370231608244,0.012505951477299498,0.0014125395844435391,0.0003352353098233402
N4838HD,0.07660195663970565,0.9032864980035158,0.018261489313164486,0.0013661560867125277,0.0004838999569016747
N4839HD,0.018948582270672792,0.24680635321643657,0.6738928401050669,0.0550782590929523,0.005273965314871408
N4842HD,0.7414949243165001,0.23955178622678522,0.014874616316892198,0.003188023863726848,0.0008906492760957827
N4844HD,0.9299160734610152,0.06765223038302283,0.0017485999681442596,0.0005312013291394242,0.00015189485867827794
N4846HD,0.15965929698433123,0.528131555914788,0.24235150061476338,0.053272123783203035,0.016585522702914354
N4847HD,0.8160858171552187,0.17689494369225608,0.005636599037054802,0.001050102512813172,0.00033253760265719654
N4849HD,0.5004580992847962,0.45846970583332036,0.03226317712745381,0.006411259402588206,0.0023977583518411364
N4852HD,0.015305303681407032,0.348746947625684,0.5990407575630049,0.0344011216517414,0.0025058694781627225
N4853HD,0.6625286269393326,0.31862485169684107,0.01534305323320055,0.0027107837122180758,0.0007926844184078535
N4856HD,0.8085799240185506,0.18591352384386264,0.004091104882821561,0.0010916990564560484,0.0003237481983092989
N4858HD,0.8183466700622667,0.17546856187835214,0.004434281347914745,0.0012561143336555065,0.000494372377810919
N4860HD,0.25143580464405557,0.6997524852111584,0.04200075813391594,0.005460932040366434,0.0013500199705036753
N4861HD,0.9070231850628301,0.09044095910929549,0.0018422134885313923,0.0005141446265731083,0.00017949771277004622
N4863HD,0.5237982544178535,0.46495382940876845,0.008952255669922034,0.0016995143244848486,0.0005961461789711793
N4864HD,0.7585243429955795,0.23226395612678621,0.007355349468429645,0.0014550508945553797,0.00040130051464929133
N4866HD,0.7977924584583388,0.18812478481983166,0.010096153551022675,0.003072683071860508,0.0009139200989462634
N4012HD,0.7465425723385669,0.24156481453475498,0.009122868721735799,0.0023199966893200493,0.0004497477156222702
N4825HD,0.3516442594074856,0.5474294195835818,0.07790312001307727,0.01798650212533131,0.005036698870523829
N4875HD,0.04546094183121523,0.6621548274177751,0.24411626713817028,0.03955356707801296,0.008714396534826519
N4878HD,0.03358331172658251,0.26826161733548576,0.4080777332690958,0.2513110905002041,0.03876624716863168
N4883HD,0.00980797781076136,0.2025422272173458,0.7214093288792133,0.062313146867511375,0.003927319225168165
N4884HD,0.6478073128827816,0.3246338195625949,0.022206602743027347,0.004397217513891302,0.0009550472977048622
N4887HD,0.2592341367495066,0.7027399575989194,0.03378059240417103,0.0035541233897909245,0.0006911898576120438
N4891HD,0.5872099640246994,0.36709830866025717,0.037040970692328395,0.007373504090016924,0.001277252532698127
N4892HD,0.18924713198550752,0.7681327963464056,0.03896841321412046,0.003023581404412044,0.0006280770495544118
N4895HD,0.8263320657407035,0.1617002112875158,0.008867149761987294,0.0024587758606423645,0.0006417973491510145
N4899HD,0.7327242782661759,0.2601068423625188,0.005777264162935225,0.0010500951203168138,0.0003415200880533473
N4898HD,0.3654600912890987,0.5857410982833634,0.04075282888526028,0.005722898087216453,0.0023230834550610952
N4902HD,0.540230336838546,0.39952342479495423,0.04142536856354624,0.014114435896038113,0.004706433906915296
N4904HD,0.04125367170974271,0.17218142860763858,0.5478131254667324,0.22117383243603841,0.01757794177984792
N4906HD,0.8066332569814257,0.18398745290259522,0.0074183121891312955,0.0015171197084803253,0.0004438582183672159
N4909HD,0.7591789266758582,0.22614247041566987,0.010948404266681613,0.002807481801666312,0.0009227168401241848
N4912HD,0.6528486549664028,0.3202369319301538,0.02095578298262636,0.005027047682186463,0.0009315824386307173
N4913HD,0.7035483667353369,0.2741915362604729,0.01807568977428066,0.0034397131072279783,0.0007446941226816008
N4914HD,0.06942727996654158,0.7189615200603754,0.19314044943775516,0.016730626367047034,0.001740124168280844
N4908HD,0.8613353356046279,0.13538869026042538,0.002491848917243948,0.0005767695259838501,0.0002073556917185914
N4937HD,0.8709821257823313,0.12582797602183546,0.0022203936873339196,0.0007498405249328615,0.00021966398356627447
N4938HD,0.8999728278434402,0.09643958130762963,0.0027573591687182933,0.0006818308162392421,0.00014840086397282132
N4949HD,0.9182770319980783,0.07721560053237865,0.003007821500820752,0.0011694952794795948,0.0003300506892427643
N4952HD,0.8433631919719755,0.14806629280996395,0.005898968017464303,0.002040988325628783,0.0006305588749672403
N4954HD,0.6700206663731142,0.3059629292937374,0.018930750241385894,0.004213166234713799,0.0008724878570487474
N7917HB,0.9016812695156224,0.09420012718238373,0.0031290557192839496,0.0006916231318689523,0.00029792445084088955
N4951HD,0.6887531456182879,0.3020928843353114,0.007184470514283095,0.0015395732690834498,0.0004299262630341156
N0385HC,0.12074653373436359,0.5854183602758593,0.24543334716167578,0.03747894212422918,0.0109228167038721
N3920HD,0.2479494564712708,0.6730928014813921,0.06698783464788717,0.009913066839275432,0.002056840560174533
N9498GW,0.7201728682695369,0.2647603199733586,0.011697885543967973,0.0026584791238028396,0.0007104470893336884
N4961HD,0.9014203103987397,0.09444696114558043,0.0031883751010416002,0.0007249473750204602,0.00021940597961779405
N4965HD,0.1694153247547798,0.44917306058452394,0.29152500437207335,0.0824769055661848,0.007409704722438363
N4967HD,0.5850916148792056,0.3652760096809832,0.03355260276607229,0.013403809126067468,0.0026759635476714485
N4968HD,0.4310804811374844,0.46674179795686244,0.06874136284048706,0.02760973661431825,0.005826621450847931
N4973HD,0.7455370892655169,0.23519026601257612,0.015870392543291062,0.0027520234461901128,0.0006502287324258513
N4976HD,0.01484270607010906,0.41232049463533443,0.5224888027757888,0.0451811650008878,0.005166831517879803
N4977HD,0.27357636149465864,0.6969957445043037,0.02602009266316514,0.0027401483411794397,0.0006676529966929361
N4978HD,0.693002195990648,0.2771329620187845,0.022457901567795587,0.0059848852614150195,0.001422055161356833
N4982HD,0.35154399574642875,0.4937760426624048,0.12091339030288117,0.02783166744298445,0.005934903845300688
N4983HD,0.04733170210665565,0.30752342543220346,0.3325400807826281,0.28344396479137124,0.029160826887141483
N4984HD,0.8383874463578643,0.15568529139697782,0.004397618309368652,0.001219871155186158,0.0003097727806030017
N4992HD,0.012587362373855226,0.20202485690777852,0.4733833625114454,0.2876028461257788,0.024401572081141843
N5000HD,0.5545601146870667,0.3758258487914835,0.053745391470700433,0.012013383812131555,0.003855261238617833
N5006HD,0.42520213708949095,0.5431035411453976,0.027972003798429766,0.003025247124312518,0.0006970708423691647
N5007HD,0.6713462465390301,0.28387128390122124,0.03208010494460746,0.01116382759603456,0.0015385370191066828
N5008HD,0.1766198878753656,0.7426947927211012,0.07219486055874988,0.007229356316211999,0.001261102528571627
N5011HD,0.3094332756214439,0.6482851955329078,0.03677388721111602,0.004244330702310181,0.001263310932222074
N5020HD,0.6147496057382159,0.3577699529245377,0.021642519483139236,0.004613482244146677,0.0012244396099604109
N5024HD,0.8012962815006861,0.18458112640299662,0.01104920382482031,0.0024749404878461694,0.0005984477836507841
N4826HD,0.8710076256882492,0.12276153874481013,0.004396948603733597,0.0014243038529232293,0.00040958311028365714
N5032HD,0.8407841660762018,0.15021302023150532,0.0071379056182203264,0.0015255887991783303,0.00033931927489432083
N5041HD,0.9021329519540194,0.09403335162878594,0.0028865383338232877,0.0006617848214165264,0.0002853732619546256
N5043HD,0.8955240851081763,0.09847338717263801,0.0044708518068038074,0.001154546221572071,0.0003771296908099923
N5044HD,0.2825010906808126,0.5881607421873019,0.09966603679975938,0.02350976137860239,0.006162368953523829
N5045HD,0.79723325631187,0.19460729270873947,0.0064514380525363775,0.0013713967225509338,0.0003366162043032759
N5004HD,0.8892778635019939,0.10387648435438258,0.004602954068784907,0.0017481705843966115,0.0004945274904420478
N5055HD,0.553249705440467,0.3845692381796414,0.04345252171714576,0.015766664379763592,0.002961870282982208
N5056HD,0.10673958102220164,0.43240981395856126,0.2565906302499632,0.15109659052746438,0.05316338424180946
N5057HD,0.7723300252050873,0.21756805636578708,0.007930858341510987,0.001728659024323922,0.0004424010632905241
N5059HD,0.4779566595081143,0.44807435077699526,0.05838356709082199,0.012367783831386777,0.003217638792681725
N5061HD,0.6950815174102791,0.2833855312443511,0.017560382940612032,0.0032423331107721016,0.0007302352939855519
N5018HD,0.9204193199017568,0.07718739092862097,0.001633071242519058,0.0005689311477732695,0.00019128677932982768
N4896HD,0.6543387871811194,0.30986040269330706,0.029464128771681072,0.005142630830841721,0.0011940505230507877
N5064HD,0.7467024900900768,0.22612842942557648,0.021250096518422162,0.004873247852897559,0.0010457361130270513
N5065HD,0.5734526998156061,0.39788698010422113,0.02343654553428432,0.004296144491820078,0.0009276300540684235
N5067HD,0.2507183672495501,0.563584322723932,0.1315110178751353,0.04223667386821771,0.011949618283165046
N5070HD,0.037351547532249944,0.5626399747588499,0.3770673635634641,0.020532149322270366,0.002408964823165786
N5071HD,0.24607209099438904,0.670320718858507,0.07565941726995634,0.006815387874153575,0.0011323850029941551
N5072HD,0.24101365727107596,0.6949041944873783,0.05781470475201041,0.005446717078083373,0.0008207264114518746
N5074HD,0.8166166339632326,0.17082071562806453,0.010005562445263318,0.0017366807330844952,0.0008204072303551966
N5075HD,0.9526172778326355,0.045864695880118704,0.000967773422818173,0.0003828773755094739,0.00016737548891810022
N4923HD,0.7855160762918579,0.19866272180411196,0.011127701689253953,0.0037572769948851876,0.0009362232198910634
N5076HD,0.7502498949488645,0.23317580466352406,0.012871317603356993,0.002996176870927629,0.0007068059133266753
N5079HD,0.008555148703517134,0.10694085546959263,0.4380799147950889,0.3895574955311585,0.056866585500642795
N5080HD,0.4912855326008118,0.488076629907176,0.016174714814253928,0.0034060056677049483,0.001057117010053272
N5082HD,0.74740340537531,0.2304646403199078,0.016459022087180572,0.0045860783035706065,0.00108685391403098
N5083HD,0.6453305426730443,0.3145783203188018,0.03131739321544512,0.007282295648471413,0.0014914481442371648
N5085HD,0.136926148345215,0.7131504394725742,0.13311137311147223,0.014330447073447623,0.0024815919972908575
N5051HD,0.4266260118213368,0.544673489327989,0.026663151755422894,0.0016259076308059897,0.0004114394644453757
N5039HD,0.04969553378532386,0.3097407111685965,0.4121957527137283,0.19416230315038385,0.03420569918196746
N5088HD,0.9089117064454175,0.08871313579090065,0.0016453179076474003,0.0005516958188035733,0.0001781440372307732
N5091HD,0.06601422808285698,0.9181999797801222,0.014215186933040596,0.0013296281510332601,0.00024097705294701244
N5093HD,0.029790614011419133,0.27780215115291307,0.4186043335046381,0.21654896079267774,0.057253940538351845
N5100HD,0.007776031924025055,0.05413146262402217,0.37234562252227216,0.4904573742159995,0.0752895087136811
N5103HD,0.07582102391671809,0.4172294414982845,0.34415559734807183,0.1209976844554261,0.04179625278149937
N5104HD,0.9416179407069764,0.05621598031668789,0.001449864737625455,0.0005366529455946298,0.00017956129311550155
N5105HD,0.8103307061579763,0.18066078141979522,0.006077759770290721,0.002126560166621793,0.0008041924853159746
N5106HD,0.7408534299562273,0.23371029355034006,0.020120880169153366,0.004174377728821948,0.0011410185954571716
N5109HD,0.4717661082855435,0.5144651327621708,0.0117195669506555,0.001605630102555781,0.00044356189907437894
N5112HD,0.4472170971771416,0.5031817943367203,0.040993122939494475,0.0069712294517160125,0.0016367560949276784
N5115HD,0.8495412293127113,0.1392765979576773,0.008796919288055443,0.0018861297545577863,0.0004991236869981602
N5120HD,0.009198342155598187,0.08788147044280177,0.37735534433621776,0.4414193687908754,0.08414547427450686
N5121HD,0.5038251254551777,0.4636505197233367,0.026038061510816685,0.004942150794732098,0.0015441425159368558
N5122HD,0.4151349797434592,0.4542317407631565,0.09394722678305449,0.030765950186552118,0.005920102523777772
N8305HB,0.8672202063671954,0.12658145606197263,0.004793736056935495,0.0010898502751263172,0.00031475123877019876
N5126HD,0.02624206622149092,0.11946153897195269,0.40979931788979,0.36099339720214546,0.08350367971462093
N5128HD,0.9020221361610208,0.09423630093994026,0.0026783583998737873,0.0007416237608199147,0.0003215807383452327
N5133HD,0.008251802987139921,0.09600511270847228,0.4296026482714103,0.41680526044502475,0.04933517558795275
N5135HD,0.8006021622705579,0.18401595956746425,0.012285304001933279,0.00257847923997391,0.0005180949200707047
N5143HD,0.7978826156524677,0.1932654734695937,0.0071494101670940315,0.001342427183060768,0.0003600735277837227
N5144HD,0.2048843470667404,0.7166883807610942,0.06317414929336344,0.012581922753424154,0.0026712001253777033
N5149HD,0.2533929984384585,0.5981743674869313,0.11438102633925906,0.02701875815488716,0.007032849580464065
N5152HD,0.3195030849740472,0.6332215812717182,0.042203134929713615,0.00414528943312706,0.0009269093913938278
N4394HD,0.1574782310913923,0.6378040344164877,0.16994531324462894,0.029640729963213753,0.005131691284277361
N5029HD,0.2103358808003252,0.6632897644737615,0.1039873646010277,0.017069435635941776,0.005317554488943928
N4368HD,0.944813537902923,0.05304947069555241,0.0013735252103193982,0.0005390916420864216,0.00022437454911861218
N5013HD,0.3973191763445479,0.5003693033664887,0.07545566209643052,0.018248820341208928,0.00860703785132393
N5153HD,0.2935923603012554,0.6054036444928707,0.08503023522288305,0.012611858624220634,0.0033619013587703637
N5157HD,0.8735674471636774,0.12267676713472452,0.0026537381270521653,0.0008157702456974699,0.00028627732884850326
N5170HD,0.6180550840204064,0.34707092021173636,0.02737602524610727,0.005857735040238825,0.001640235481511034
N5172HD,0.8462636232210256,0.14390869276339965,0.007706889088374936,0.0017550856155757525,0.0003657093116243128
N5173HD,0.6539135320132106,0.3012836641852415,0.03398433277660024,0.008420384039999108,0.00239808698494851
N5147HD,0.6343194282798156,0.3502349161046031,0.012121589937118031,0.0024813312468186907,0.0008427344316444118
N5178HD,0.6905440530703996,0.2749748342101673,0.028531866625216097,0.0049983421978119025,0.0009509038964051547
N5180HD,0.5562998256393166,0.4105065879634424,0.02578185262302345,0.0062888020008480105,0.001122931773369574
N5181HD,0.22640848615435782,0.6620693036632624,0.09031166631269769,0.017508594729925938,0.0037019491397560656
N5182HD,0.904744969389889,0.09246439357648423,0.001893986617456364,0.000624153846141425,0.00027249657002899585
N5183HD,0.10161179726672855,0.8737742968572914,0.022518789627080413,0.001696902856750966,0.00039821339214876557
N5185HD,0.08584620747735283,0.2561578658263536,0.4302804348863941,0.2003821904512366,0.02733330135866301
N5187HD,0.20917821113549534,0.5952775647737106,0.15726119324394336,0.029599228710079025,0.00868380213677154
N5188HD,0.19317254938291903,0.4115991792445367,0.2290897296418043,0.13500932486464579,0.03112921686609417
N5190HD,0.004620126344090369,0.04010175192453073,0.34623588194672816,0.5659671905397464,0.04307504924490434
N5192HD,0.5084176627560256,0.47993629809178356,0.010244054706032173,0.0010836882124732653,0.00031829623368537815
N5193HD,0.6265571987880021,0.32720712513534145,0.03852914169194937,0.005946130559797832,0.0017604038249091685
N5197HD,0.8815042935385564,0.11152305165784768,0.005460434488921593,0.001196245422420323,0.0003159748922540095
N5198HD,0.20562660251509693,0.49975949752444127,0.19420681958506214,0.08835081619636771,0.012056264179031865
N5199HD,0.7006385486765456,0.2640948459656828,0.02938978517011628,0.004256000774286286,0.0016208194133689301
N5200HD,0.7955881860342873,0.18758893334677532,0.013263150355281823,0.0026663622956192047,0.0008933679680366071
N5203HD,0.017734640522509268,0.11300871138832572,0.35330008993502704,0.40340071030517455,0.11255584784896346
N5209HD,0.0091507281153898,0.0715647594994307,0.4266311997978812,0.43140369576192844,0.061249616825369925
N5212HD,0.8136191606035255,0.177136876856699,0.007298693800896416,0.0016176753510642905,0.0003275933878147252
N5215HD,0.51492074114921,0.4469213096769265,0.031020013313506015,0.005513560553182351,0.0016243753071750555
N3574HD,0.8678971012919732,0.12598335522960644,0.003988433803055556,0.001595081154103633,0.0005360285212611236
N4760HD,0.09425293515379056,0.5103348690093045,0.3068206796578924,0.0713994196163926,0.017192096562620062
N5225HD,0.8021450526003022,0.18936115351647367,0.0069729966877709205,0.0012436544455697687,0.0002771427498834541
N5226HD,0.661879269258758,0.2873344799168107,0.03827021399685309,0.010326746902992904,0.002189289924585424
N5227HD,0.6155736293701938,0.356727387268158,0.02122527447710137,0.005270582432151235,0.0012031264523957273
N5233HD,0.009910299454135374,0.06864249825940766,0.3482964626444996,0.35454165329589266,0.21860908634606477
N5238HD,0.8168193439216982,0.16881167407270325,0.010319956562977656,0.002803400688475126,0.0012456247541457557
N5241HD,0.7891187232588229,0.1966451825140674,0.010753701484279694,0.00270093825935546,0.0007814544834745501
N5243HD,0.009374458862217916,0.131038548287176,0.47248376726814084,0.35752521303167656,0.029578012550788818
N5246HD,0.869590391993253,0.12372098796075834,0.004581117932929144,0.0016163475681605565,0.0004911545448989392
N5247HD,0.003984287630712945,0.019818289334663907,0.30241694277117326,0.6537104793848363,0.02007000087861367
N5248HD,0.7252014345009375,0.24884004728443715,0.019826321352386527,0.004882094094979066,0.0012501027672595453
N5253HD,0.5833665915876368,0.39223280414551037,0.018522684800753593,0.00404124491789916,0.0018366745482000777
N5257HD,0.019413674465836916,0.12321851482052597,0.3815816583044634,0.36274714570454936,0.11303900670462436
N5259HD,0.0071776826410013365,0.04147090147705869,0.33983951439589494,0.36955824287670536,0.2419536586093396
N5262HD,0.07424429972801365,0.5042256272049336,0.3853719068406258,0.033002555071463255,0.003155611154963716
N5266HD,0.23863250331871735,0.6769748733100127,0.0731446737731418,0.00966514150022991,0.0015828080978982863
N5270HD,0.6911936284055249,0.2847984028451205,0.018492846492009718,0.004352275125827673,0.0011628471315172605
N5271HD,0.3790432491875442,0.5597550581121308,0.052682184768385265,0.006847164831282235,0.0016723431006576207
N5273HD,0.7791114930203177,0.20610183152098996,0.011287638956622313,0.0027217984694125658,0.0007772380326575272
N5274HD,0.8625827871166406,0.12908767615093267,0.006144634829506644,0.0017478754027203903,0.00043702650019975024
N5211HD,0.11674610519493996,0.4236779902766488,0.31680310275868795,0.12733331761584557,0.015439484153877739
N4843HD,0.5787458744148274,0.39296175330431626,0.02122765983891334,0.0052694547556729745,0.0017952576862699545
N5287HD,0.6325503689549506,0.3196870549038612,0.03841055647918591,0.007420899772018973,0.0019311198899832325
N5286HD,0.09093996560962775,0.28993316407928366,0.33577049210388366,0.20278895765149052,0.0805674205557145
N5292HD,0.01916042315182946,0.12498957681485187,0.3884532084879445,0.35351659944942443,0.11388019209594984
N5294HD,0.8812532684948226,0.11410847033331911,0.0034291661014558814,0.0009577410788789297,0.0002513539915235202
N5296HD,0.2903334732387564,0.45364221900242846,0.16591118597438315,0.06914849509725388,0.02096462668717801
N5298HD,0.7393573827362477,0.23506087668353606,0.01942659705667374,0.005144737915561289,0.001010405607981198
N5303HD,0.842320889841307,0.1481229473430744,0.007132624761968551,0.001986893946283841,0.0004366441073661935
N5305HD,0.20448449521983095,0.6389898862029499,0.12664957829251963,0.02249179825989459,0.007384242024804781
N5306HD,0.8079711352014237,0.1801439367967562,0.009280018099072503,0.002104310037480167,0.0005005998652674685
N5307HD,0.05839122907234448,0.551346491342864,0.2884048296260456,0.08610999026114967,0.015747459697596167
N5311HD,0.31713364263013744,0.6122975674787143,0.06169419736050394,0.007539088355233489,0.00133550417541087
N5314HD,0.7634740756923204,0.2203262985008878,0.011788679940156518,0.0035621035600950737,0.0008488423065400718
N5073HD,0.152385880650729,0.46439572424786413,0.26725629673658446,0.08988021499467093,0.026081883370151396
N5277HD,0.04464912532016766,0.2093001411166767,0.35864021195628576,0.27352033714501867,0.1138901844618511
N4885HD,0.9311762367206876,0.06603446178642527,0.0019835791725422124,0.0005902315032688756,0.00021549081707604453
N5318HD,0.03522744393007968,0.42344535834421565,0.41375869534973586,0.10994813506187703,0.017620367314091886
N5321HD,0.7505675375592508,0.23130264295130154,0.013916364937486936,0.0035045651949499462,0.0007088893570107597
N5323HD,0.9379988814797042,0.060055700017733804,0.0014310519496032066,0.0004076232089497827,0.00010674334400905924
N5324HD,0.6110201217390051,0.3309140667441215,0.04332269940896081,0.01212527209814852,0.002617840009764086
N5326HD,0.816305943361656,0.17418291356554225,0.007073990749292085,0.0018938767450402414,0.0005432755784696484
N5327HD,0.6808893014449161,0.3092300714485707,0.007191525122329909,0.0019978531748899575,0.0006912488092932145
N5329HD,0.10600287187752208,0.7346325261743415,0.13902271010014464,0.015383834432289047,0.0049580574157028256
N5331HD,0.7832289740729748,0.19981418480831234,0.012830108192723596,0.003521527454168556,0.00060520547182073
N5332HD,0.7684648718641891,0.21495141714789673,0.012809036821761184,0.003042436658246536,0.0007322375079062995
N5333HD,0.8267467459323772,0.16721449756198875,0.004640025680204476,0.001066760112870902,0.00033197071255874514
N5334HD,0.034017565931991914,0.9400420636070967,0.02387625166457189,0.001647782832650837,0.00041633596368866797
N5338HD,0.03893895813413873,0.2220022413113373,0.38902077046629646,0.2574654250688349,0.09257260501939259
N5339HD,0.01965273413491558,0.10285077801631275,0.478506148120468,0.36084200841626685,0.038148331312036855
N3820HD,0.016549334371413645,0.0863819509529899,0.3050783688508046,0.3332097259743547,0.25878061985043727
N5342HD,0.8546602081282086,0.13750861353795985,0.006434843847613121,0.001136777604236936,0.00025955688198147416
N5345HD,0.6627916987237935,0.2961286808590891,0.031048834441945204,0.007584174152788891,0.0024466118223833233
N5346HD,0.8522474035576866,0.14272640780343795,0.0037610110495184153,0.000999554919510638,0.0002656226698463432
N5348HD,0.05827570155419994,0.3445444142813006,0.22245658611926578,0.28574153716162665,0.08898176088360696
N5351HD,0.7102504438143465,0.26284126898345445,0.021897576797956068,0.004267820398604152,0.0007428900056389746
N5354HD,0.0025902963420475775,0.016849054147019146,0.28550625333759533,0.6641163192926374,0.030938076880700566
N5355HD,0.5155854872402369,0.46647914008465285,0.01436399998786799,0.0026725633816269793,0.0008988093056152883
N5362HD,0.9034711347169809,0.09380006455284352,0.001973409364212571,0.0005355260096153233,0.0002198653563476188
N5364HD,0.7593742480312268,0.22080618078018385,0.015172525483747595,0.0038016186752530567,0.0008454270295888777
N1264HD,0.024179400724807083,0.9224557394664135,0.050655637026550814,0.002150891821362877,0.0005583309608656741
N4985HD,0.3385971876309041,0.5699586645795933,0.07143988104393847,0.015403594096191514,0.004600672649372728
N5368HD,0.003690730608131373,0.018810638010618577,0.21599103051254728,0.6604896895103621,0.10101791135834054
N5371HD,0.8263530990028823,0.16514929731014838,0.006432409388152364,0.0016499495112046382,0.0004152447876119799
N5372HD,0.7578915195467171,0.2245427197760189,0.01407432477506519,0.0027077880522454307,0.0007836478499534601
N5373HD,0.5785196544028651,0.4114601013490627,0.008141732941673795,0.001474469722615103,0.00040404158378314677
N5374HD,0.5750864708330173,0.4076196072265984,0.014702793277334189,0.0021330804225902114,0.00045804824045999313
N5377HD,0.6624326021476956,0.3223241037031906,0.01320856714155589,0.0016620292397238664,0.0003726977678339987
N5379HD,0.7837088574965897,0.19994313296587896,0.012364802943842016,0.003354594629805016,0.0006286119638842816
N5381HD,0.22442939118635538,0.4752753106409969,0.16838642219300679,0.11063440364736728,0.021274472332273666
N5383HD,0.3058178297229672,0.43210407474140855,0.16327993078365804,0.0828449103461775,0.015953254405788868
N5385HD,0.8516620317983988,0.14535457072699323,0.002262865683402611,0.0005866616512612208,0.00013387013994401925
N5387HD,0.049414508725972174,0.3291412984575525,0.37456884003202406,0.20627257669611973,0.04060277608833143
N5388HD,0.05263926060460362,0.2806198359748903,0.27361468323953986,0.30859408554487294,0.08453213463609321
N5389HD,0.013357901801240359,0.38157145687136534,0.5663621536215617,0.036072939368500805,0.0026355483373317885
N5391HD,0.6808688976421741,0.28806142340293367,0.021883269335191396,0.007670090837045946,0.0015163187826549341
N5393HD,0.47335748431600616,0.49874079733988463,0.02497378964000909,0.002272664510201996,0.0006552641938980355
N5395HD,0.6494260435542537,0.2970221879981652,0.03948568983923145,0.011919390285591568,0.002146688322758041
N5397HD,0.7542975597091567,0.2197917290763939,0.017792285151859877,0.006830094338944973,0.0012883317236443673
N5398HD,0.7567684773127836,0.21508327147956394,0.020662140996383704,0.005893705096206671,0.0015924051150621138
N5386HD,0.06285706321649684,0.5973042700033164,0.31453258619330526,0.023169515643851193,0.0021365649430303713
N2483HD,0.8734074655480414,0.11861559401637095,0.005990892208124791,0.0014846780410636244,0.0005013701863991449
N5402HD,0.8228430277245969,0.16910088843531476,0.005938009530563976,0.0015547830372230603,0.0005632912723013153
N5404HD,0.6377032500908199,0.30008104569720967,0.041872566634942494,0.017834116571186703,0.002509021005841276
N5405HD,0.9255118033097293,0.07166953297040375,0.0019822472773958445,0.0006124990331417201,0.00022391740932949978
N5407HD,0.33463183168866556,0.5722535279820249,0.07076374065278802,0.018543323218158766,0.0038075764583628048
N5414HD,0.5207269385841174,0.4694860585077054,0.008379829548392082,0.0011396244387610554,0.0002675489210239818
N5415HD,0.8672471895873678,0.12760732100889138,0.0038549618975400584,0.0010028615886712533,0.0002876659175296478
N5416HD,0.16354655211155855,0.772634162388814,0.05928588162473781,0.0037949123560926555,0.00073849151879707
N5421HD,0.7032845298986066,0.2572442878629197,0.027403587224864658,0.009709615520932942,0.0023579794926761283
N5430HD,0.8239908676648131,0.16569731140950344,0.00799104201035322,0.001913953399489313,0.00040682551584094167
N5431HD,0.022008645224178634,0.4498802957748561,0.5039222480453746,0.02225802959482799,0.0019307813607626592
N5432HD,0.7655412720413393,0.2189849460677562,0.011884200884090444,0.003063401954037122,0.0005261790527770134
N5437HD,0.7177751314671339,0.26971201631424646,0.010025755154879842,0.0019909559127176354,0.0004961411510223895
N4225HD,0.4501858733091895,0.5004696166513964,0.03978672979968181,0.007940326648564661,0.0016174535911676852
N5123HD,0.5735486497534786,0.40192876009282785,0.01773851150709235,0.0051142101977544995,0.0016698684488465718
N9187HC,0.03733942802953753,0.22593206048589817,0.3216528354002494,0.29482362790919026,0.12025204817512462
