ncode,proba_0,proba_1,proba_2,proba_3,proba_4
N4541HD,0.7285584987637774,0.25493235964958183,0.012338981103078055,0.0030255811765160703,0.0011445793070466086
N4397HD,0.013032965219636867,0.18525226307931061,0.5074541550171865,0.25382560686899364,0.040435009814872476
N4544HD,0.8908665184633144,0.10564287594732383,0.0026574045475407826,0.0006154997059380575,0.0002177013358829886
N4545HD,0.03821212833503655,0.3203974959361786,0.4242992332205261,0.157107038519884,0.059984103988374664
N4546HD,0.22115504181477444,0.6841359013198766,0.086576064157324,0.006978660659276728,0.0011543320487482208
N4550HD,0.870290154703982,0.12490058407345866,0.003796780167384261,0.0007125614383636811,0.00029991961681146687
N4551HD,0.6742277826073505,0.31670904715674214,0.0072252974196410505,0.001429243674300065,0.00040862914196619063
N4554HD,0.03679566920159723,0.2761648288651458,0.6188939725259753,0.06286187757154808,0.0052836518357335
N4555HD,0.445701015381854,0.48989640919977623,0.053171325862750855,0.009500669420321399,0.0017305801352974048
N4556HD,0.2686821884218549,0.46980786235835814,0.17995155477171468,0.06935921476592927,0.01219917968214311
N4563HD,0.32751105463832053,0.564338763534752,0.08697964886733117,0.01677323766317676,0.004397295296419528
N4567HD,0.885822906949391,0.10874620162353331,0.00342281413563058,0.0014606311534000457,0.0005474461380450247
N4561HD,0.8614138548555775,0.131617674536924,0.0056571031779148895,0.0009494974275222434,0.00036187000206128005
N4571HD,0.356488869697698,0.53689021301146,0.08370955761555429,0.01673792401775218,0.006173435657535514
N4574HD,0.9553354385494256,0.04318200331152921,0.001025047522114564,0.00032325697637741757,0.00013425364055305968
N4575HD,0.7448289342916199,0.23469039780911063,0.017222242413300715,0.002546009555524005,0.0007124159304446182
N4579HD,0.22021593968116757,0.7016382771466965,0.06454623950441889,0.010415754711543317,0.0031837889561737837
N4581HD,0.1654713466561265,0.6689811579465575,0.1499486260176171,0.013957739361353458,0.001641130018345578
N4584HD,0.18583924088024467,0.7307310304590111,0.07697808278669979,0.005235550462926487,0.0012160954111179074
N4578HD,0.7826857933229504,0.20676055400451107,0.008953647529937615,0.0011880502211791548,0.00041195492142175066
N4590HD,0.20509477834388856,0.7638281010500432,0.026325798569611963,0.0038472192420518202,0.0009041027944044508
N4593HD,0.00955758349627692,0.07906358646014686,0.3058921151966239,0.5463291629958591,0.05915755185109315
N4151HD,0.09399562873019848,0.3916977526070232,0.29817109934648445,0.16399179903001623,0.0521437202862777
N4594HD,0.8373543211361459,0.15626992239238316,0.004901871608243128,0.0010468737639562455,0.00042701109927162123
N4600HD,0.22610743655034657,0.5744067496617963,0.1778857034721707,0.019647445387427437,0.0019526649282590822
N4605HD,0.05260361389941779,0.2716454739825498,0.5830040186733256,0.0890675908157343,0.003679302628972625
N4612HD,0.384723614946751,0.5506631536244407,0.053756967598569336,0.00841565405391641,0.0024406097763225052
N1701HC,0.3087294281022698,0.5438919260636133,0.11470923345760062,0.027081655825040855,0.005587756551475432
N3705HD,0.005831316894761095,0.038927071047899026,0.1991892746210825,0.4435119239718556,0.3125404134644018
N4589HD,0.6402260578120443,0.31921830603535617,0.030026312364497456,0.008101825869373067,0.002427497918728875
N4339HD,0.9311197486715953,0.06603427631009508,0.002127410069561386,0.0005085279235539074,0.0002100370251942235
N4615HD,0.04020943469093187,0.217892796547347,0.28353631040372723,0.3625968829204123,0.09576457543758167
N4618HD,0.9206607217985233,0.07583350413300739,0.002448431949850607,0.0008095064692231684,0.0002478356493957268
N4624HD,0.42457616602221226,0.5676826430100856,0.006605692393308984,0.0008620125052298319,0.0002734860691633352
N4626HD,0.7586140139134355,0.21994636784116128,0.016058811025407998,0.004529240888453639,0.0008515663315415859
N4628HD,0.12237822962593493,0.7186544972572689,0.13925940317336966,0.01396201286255722,0.005745857080869199
N4638HD,0.13577719976690172,0.5040268910188067,0.21207939157395198,0.11010239925071225,0.03801411838962739
N4639HD,0.7937545894373157,0.1891544544684603,0.013594216556182571,0.002537710949215164,0.0009590285888263124
N4642HD,0.9051827809646658,0.09210542093473746,0.0018993866223385907,0.0005876872351935175,0.0002247242430648786
N4646HD,0.9553259952199603,0.04308256647259212,0.0010989638742001284,0.00035513157984403516,0.00013734285340332494
N4631HD,0.840031392789825,0.15092786046415088,0.006773472477140406,0.001880403093562189,0.00038687117532153393
N4656HD,0.022169176173752546,0.22349506356594762,0.5010158710202423,0.1995414697135783,0.05377841952647929
N4658HD,0.8553118912682707,0.13431257254096268,0.00805027180595187,0.0018348853446065046,0.0004903790402082428
N4661HD,0.874200493783775,0.11871542575724574,0.004766498487762892,0.001647590615580497,0.0006699913556356665
N4665HD,0.8485753866593946,0.14175744919497124,0.007408803307425535,0.001763989494981206,0.0004943713432273217
N4667HD,0.8759800526994209,0.12003895163461595,0.0030054318142668096,0.0006690791142843335,0.00030648473741213124
N4669HD,0.695082044266907,0.29150508936499386,0.010465393454261628,0.0021434426623024626,0.0008040302515349949
N4673HD,0.18673759945413135,0.6725260761015632,0.11456724177687735,0.019920909307908054,0.006248173359520032
N0760HD,0.1062186674437954,0.7985464088878704,0.08291952694399328,0.009760320354153064,0.0025550763701878637
N4672HD,0.5619601604698942,0.3616400214572764,0.05873486797064703,0.015474468642839556,0.002190481459342792
N2593HD,0.8870351294241062,0.10970071683465708,0.0020932469967393226,0.000857614907857346,0.0003132918366400134
N4677HD,0.2419336414546951,0.6607884674294137,0.08518067661393834,0.00990337977074122,0.0021938347312114286
N4680HD,0.12784355288076227,0.3847284169849006,0.32784344831344064,0.14335667255082138,0.016227909270075128
N4688HD,0.004600871977979422,0.03635092003266486,0.15189713421099027,0.593244916508992,0.2139061572693734
N4689HD,0.9050827770855634,0.09131199623993536,0.0026875196131021053,0.000694850759471993,0.00022285630192701874
N4691HD,0.2285067526559262,0.535905012026567,0.15499162755293772,0.06492563416989783,0.015670973594671303
N4692HD,0.5960041038224065,0.3643325736386228,0.029448102553881857,0.007382197552327974,0.0028330224327607397
N4694HD,0.010634198763983613,0.1339518891245894,0.6616270099442854,0.17655859581530306,0.01722830635183857
N4695HD,0.2728529632831895,0.6512013037218759,0.06845759547838863,0.005955204824778789,0.0015329326917673193
N4699HD,0.41475368987656547,0.5203889358848768,0.04716431194886492,0.013786291442104815,0.003906770847587968
N4703HD,0.46248676130163935,0.43254812224238315,0.067440240309068,0.026924825411509465,0.010600050735399867
N4704HD,0.003603593113851159,0.024195344508601023,0.30178217537091173,0.6420422058678399,0.028376681138796114
N4708HD,0.9369407413192947,0.06104636086972377,0.0013359303398457704,0.0004969347613842144,0.0001800327097515204
N4714HD,0.5979897620986022,0.36796687451213667,0.025415116877322678,0.0064778768204592375,0.0021503696914790755
N4721HD,0.0825938476596126,0.7832019089661756,0.11385424326715442,0.016980688100901146,0.0033693120061561166
N4722HD,0.8577803181833412,0.13621631043091736,0.004428917084197241,0.0012954432745901356,0.00027901102695408693
N4724HD,0.21368308588988874,0.7394268670025835,0.041658584054849866,0.004385042163422722,0.0008464208892551853
N4726HD,0.0558901248965754,0.8843723614494015,0.055411763729363066,0.0034775724270061535,0.0008481774976542086
N4735HD,0.6585521409047921,0.3332199167835929,0.006421091242817277,0.0012575914960671556,0.0005492595727305844
N4063HD,0.6316771547864807,0.335540681711033,0.02476360966445418,0.005292801735577832,0.0027257521024545003
N4712HD,0.7483397267252166,0.24304883668289465,0.006894992801246948,0.0012825224325749506,0.00043392135806677917
N4738HD,0.3141488314490393,0.6081179068904649,0.06226145586295607,0.012079470644181486,0.003392335153358252
N4740HD,0.01901687227858522,0.1623839026556667,0.45765813644046244,0.3285064388163296,0.03243464980895604
N4742HD,0.012338107781815686,0.08859099137686134,0.33798342544567533,0.42080159968967173,0.140285875705976
N4745HD,0.7991013596168689,0.1839200580568911,0.012651254336205696,0.0032939502135982076,0.001033377776436046
N4747HD,0.7407304550113328,0.23448965100098312,0.018324954429125503,0.004662381238322256,0.0017925583202363267
N4750HD,0.6833730788775079,0.27789958067675874,0.028974578347886408,0.007920973118816451,0.0018317889790305155
N4752HD,0.015525005979857266,0.23364072461221067,0.4941068955993249,0.22684215126287585,0.0298852225457312
N4754HD,0.6015141641496291,0.3878999979494327,0.00872688167716789,0.0014532227293963323,0.00040573349437388403
N4755HD,0.32683814848003245,0.5234442445913986,0.1174269566604125,0.026061552696020084,0.006229097572136373
N4756HD,0.5358806951508921,0.43149729004466836,0.02662253477766626,0.004810302058673868,0.0011891779680994325
N4757HD,0.8726777323711475,0.12032546815959222,0.005577573680532894,0.0011452952011565577,0.0002739305875709017
N4759HD,0.25023059768360834,0.6919598402151063,0.04950521484355834,0.0063325057668361,0.0019718414908907788
N4762HD,0.30925496205271896,0.6215463706424827,0.05964720622835638,0.007766156182141574,0.0017853048943002403
N4763HD,0.6634536858591399,0.31196931351977014,0.017925340034900036,0.004745340944768209,0.0019063196414217207
N4767HD,0.7998126088139493,0.18557253854599923,0.011329271117752239,0.002628724827942457,0.0006568566943565806
N4769HD,0.021154937713334723,0.136750086912644,0.6773263058624963,0.15193237024304365,0.012836299268481233
N4770HD,0.7724286671199141,0.20513520117903553,0.017762717912688852,0.003706437613007588,0.0009669761753538211
N4676HD,0.3139279189727976,0.6123350045218525,0.055301772395234455,0.013674099763698612,0.004761204346416752
N4614HD,0.4731480162124751,0.45561280371801866,0.05748085207041692,0.010950001361622066,0.0028083266374672395
N4774HD,0.3129025226680307,0.5576167186436513,0.09892555804454936,0.02397049476148528,0.0065847058822833485
N4778HD,0.03976240807152671,0.4227610818611341,0.3649324117355485,0.1408422933628828,0.03170180496890775
N4780HD,0.005944776742948661,0.03919101364904252,0.24483080587193207,0.4141004366499178,0.29593296708615907
N4783HD,0.6103627435386879,0.3640655944115708,0.021327829281612084,0.003361277428999963,0.0008825553391291717
N4789HD,0.7743932311776934,0.20420142130873056,0.01605224902253525,0.0037820162269603438,0.0015710822640804254
N4792HD,0.4262554803632718,0.5642929941635577,0.008199108225445432,0.0009297799643050631,0.00032263728342007443
N4793HD,0.047125544092136526,0.7380469172061956,0.18876112778111406,0.019509985421381017,0.0065564254991729
N4794HD,0.005901987603984526,0.05092808405827723,0.3325818948914323,0.5321306749772406,0.0784573584690654
N4799HD,0.5853988066134478,0.3938670105080677,0.016679483522291934,0.0031809065686443524,0.0008737927875481964
N4800HD,0.9171666348360339,0.07976643792859742,0.002063344795886837,0.0006764060149873713,0.0003271764244946447
N4808HD,0.06917652488300999,0.9131381549953709,0.016289711682899086,0.001089407703770411,0.0003062007349494075
N4809HD,0.6182996087554473,0.35034811882148864,0.02371727667616432,0.005628929725027574,0.0020060660218722153
N4634HD,0.7606464442045894,0.21783146861310404,0.016691533304638417,0.0037351390822857253,0.001095414795382515
N4784HD,0.8222851475577283,0.17026310989429827,0.005382564421241216,0.0014641959433855905,0.0006049821833467025
N4815HD,0.8960945043220715,0.09997268521172269,0.0029302366812413677,0.0007407653804132759,0.0002618084045511689
N4816HD,0.7251758078469935,0.24790658141831365,0.02137535004660424,0.004736177958192064,0.0008060827298964888
N4817HD,0.2469345537051956,0.7061535183008474,0.040745651137300304,0.004937904661314228,0.001228372195342489
N4818HD,0.9082906822607623,0.08816556047797487,0.0026139175889504573,0.0006853659173015644,0.0002444737550109736
N4821HD,0.03081766351764057,0.9407472980757713,0.025731320915227764,0.0022238089857742564,0.0004799085055860048
N4830HD,0.852962538564668,0.13787867106804955,0.007426152707350018,0.001420030255508555,0.0003126074044240755
N4748HD,0.8925084532576384,0.10270136028248297,0.0032851295102056285,0.0012098797453807904,0.00029517720429241305
N4684HD,0.752400915691073,0.23089086031920097,0.013782980880089871,0.002121014765471,0.0008042283441650586
N0389HD,0.04117542192291204,0.9282988975399272,0.028555180512522114,0.001607938926454439,0.00036256109818404684
N4796HD,0.3641309357133573,0.5763927793636218,0.048433478787565674,0.008741892304858528,0.0023009138305968187
N4834HD,0.005944432399069391,0.035017764079892405,0.3517943907836456,0.5774002435964283,0.029843169140964316
N4835HD,0.053881545327210574,0.928229403401669,0.016366037463620017,0.0011817160624967053,0.00034129774500360336
N4837HD,0.5528444526380893,0.43486946062126375,0.010808753749618996,0.0010934406229524015,0.0003838923680755957
N4838HD,0.06880265983813605,0.9124060958274732,0.01740643989426275,0.0010230218060175997,0.00036178263411042996
N4839HD,0.0263810291852155,0.4138371439422215,0.5047255427838245,0.050296352996823154,0.0047599310919152595
N4842HD,0.773745809366576,0.20730559433937232,0.0139800128714801,0.004093919175218904,0.0008746642473526184
N4844HD,0.9391673948645113,0.058437318091191,0.0017540369530403444,0.00048296836254157745,0.00015828172871606056
N4846HD,0.160432921148101,0.5526653589465325,0.23012545791210315,0.04344057216174909,0.013335689831514284
N4847HD,0.8439386580423731,0.15062977407911965,0.004134612050026394,0.0009183781953315609,0.000378577633149222
N4849HD,0.27072329233368897,0.6592575772801553,0.05386586053336833,0.012927837909301762,0.0032254319434854755
N4852HD,0.016750829021351964,0.318377209194389,0.6401253315910064,0.02221243205749248,0.0025341981357601437
N4853HD,0.6500741577880081,0.33330256768789546,0.013125786676208989,0.002706908706300141,0.0007905791415872075
N4856HD,0.7813562836656779,0.2121172234180931,0.005033665065849389,0.0010687708229299364,0.0004240570274496949
N4858HD,0.787267910544955,0.20431341663072566,0.006426999679924069,0.001478386920700594,0.0005132862236945672
N4860HD,0.22143417024260414,0.7338791818126656,0.03880512773745447,0.004670428732955877,0.001211091474319989
N4861HD,0.9001800427017426,0.09742826269458783,0.0017376743928632884,0.0004437593899088723,0.0002102608208973717
N4863HD,0.49005180826467776,0.4997162990603454,0.008834507501715126,0.0010700250198288632,0.0003273601534329398
N4864HD,0.7942316088786786,0.1988686619886993,0.005527261497947193,0.0010607839851764936,0.00031168364949832675
N4866HD,0.8274995010319386,0.15908655570460534,0.010185918948565176,0.0023456102889824353,0.0008824140259085892
N4012HD,0.8102736238627865,0.17946896306276078,0.008288379674921312,0.0016109578245929487,0.0003580755749384669
N4825HD,0.37641713165194945,0.5309770057581524,0.07034457630274886,0.01694337492163346,0.005317911365515815
N4875HD,0.07282677104079208,0.6310384932856056,0.2247077048627786,0.05485374935869695,0.01657328145212677
N4878HD,0.026313310925721565,0.17923003386008093,0.418468707661116,0.2832362894005374,0.0927516581525442
N4883HD,0.011777407406760077,0.2959854413618999,0.6088620930016335,0.07968396986035464,0.0036910883693517336
N4884HD,0.6423976797630279,0.32622438633712275,0.02772269593938997,0.0028116939003857027,0.0008435440600737185
N4887HD,0.3161789700734226,0.6393359285736827,0.03898836034936955,0.004508691925802285,0.0009880490777228446
N4891HD,0.6313051654258869,0.3248508128669607,0.035204317915786536,0.007031503304320535,0.001608200487045467
N4892HD,0.1758481350652187,0.7676383579097699,0.05144320418004793,0.004148079658853553,0.0009222231861099847
N4895HD,0.8321488285801926,0.15436126002751777,0.009740320641331087,0.002942136010751986,0.0008074547402068378
N4899HD,0.8144251245925922,0.1796176357247208,0.004826075822969484,0.0007796962736839766,0.00035146758603342356
N4898HD,0.4047810489541047,0.5480138185097783,0.0385968256997952,0.006887389511791416,0.0017209173245304448
N4902HD,0.48533823745808136,0.4306568363151726,0.05394176881954264,0.022791619205179435,0.007271538202024039
N4904HD,0.07417950117642635,0.27758456177383145,0.3714176880278216,0.24539020388554633,0.031428045136374316
N4906HD,0.8083368726231521,0.18515784573567048,0.005174334919428759,0.0010843335619792579,0.00024661315976929975
N4909HD,0.7771492322718763,0.2089876854069394,0.010314495969254038,0.0026296785338356396,0.0009189078180945896
N4912HD,0.6775536829573479,0.29123141545618636,0.025183191382287716,0.00463139791974628,0.0014003122844318512
N4913HD,0.6842957936821328,0.2942872078716245,0.017284474236316478,0.003344035478207968,0.0007884887317183017
N4914HD,0.09553337867516973,0.7319144441743634,0.1563725132098437,0.014558618149659051,0.0016210457909641236
N4908HD,0.8780680512830027,0.11893339498987986,0.0023605739514984555,0.00047240894227670133,0.00016557083334229144
N4937HD,0.8935804736010124,0.10334995702041475,0.002310137496927354,0.0005700038900899381,0.00018942799155539835
N4938HD,0.9059950501129064,0.09078170511877084,0.0024701181667500967,0.0005502575005125745,0.00020286910106019537
N4949HD,0.8918967307934539,0.10344814932064468,0.0032597341335447766,0.0010914184323275306,0.0003039673200293526
N4952HD,0.8254265049897987,0.16386480401095102,0.00782750851604048,0.0022112160235544555,0.0006699664596553455
N4954HD,0.4713216699136847,0.5026255560794702,0.021844367913122702,0.003506084823428745,0.0007023212702936623
N7917HB,0.8935661733242788,0.10254026283744275,0.0030064404457087086,0.0006894403036992577,0.0001976830888704845
N4951HD,0.7424299529472362,0.2514132324696785,0.004893986353795506,0.0009360569431142252,0.00032677128617561994
N0385HC,0.11239952672087042,0.6447456912874665,0.20234446988727064,0.03095949233154384,0.009550819772848685
N3920HD,0.3152857349396254,0.6138014991324556,0.06286896592439853,0.006503779179368983,0.001540020824151545
N9498GW,0.776087534152759,0.20833624311379342,0.012781514387121261,0.002020537275642872,0.0007741710706834058
N4961HD,0.8877062239863874,0.10867587544830801,0.002655058853806898,0.0007095465330070888,0.0002532951784908103
N4965HD,0.18374717046570363,0.40190269478315305,0.33096142985636656,0.07675312080495192,0.006635584089824704
N4967HD,0.5642018382707333,0.3688030184789284,0.04887475003272434,0.014495289403655477,0.003625103813958608
N4968HD,0.41167486923993585,0.47200581576954864,0.07945806483872377,0.030827359245082533,0.006033890906709355
N4973HD,0.7577514867930129,0.22037441105890196,0.01719582236300225,0.0037999828421614403,0.0008782969429215065
N4976HD,0.022723443823080162,0.46643548486608677,0.4380451745466195,0.06663934448124384,0.006156552282969554
N4977HD,0.29123483599163197,0.6824043063766319,0.024012201670049103,0.0018309657408300233,0.0005176902208571816
N4978HD,0.7069280949490241,0.26517917120446305,0.020764076931931053,0.005751967003238242,0.0013766899113435635
N4982HD,0.29729999694347875,0.5696336980985593,0.10238453095218719,0.024006959690923254,0.006674814314851448
N4983HD,0.05734986622953016,0.2944809163484306,0.3791942019819462,0.24525662591100306,0.023718389529090004
N4984HD,0.8813481516060416,0.11416209442271416,0.003448871641169302,0.0007994068111369447,0.00024147551893812156
N4992HD,0.01088492441214743,0.1648114820996391,0.42474342662549525,0.34207996873208324,0.05748019813063492
N5000HD,0.6310597005133303,0.3174437162344811,0.03964391160790021,0.009668794513182062,0.00218387713110638
N5006HD,0.4891850524616496,0.48439260135675666,0.02098851490296194,0.0043445642785638,0.0010892670000680054
N5007HD,0.6716014930041064,0.28953099611404476,0.029432100204990232,0.008007932150931287,0.001427478525927262
N5008HD,0.16250352769001905,0.7751270981012539,0.05590855365491657,0.005346884020534106,0.00111393653327635
N5011HD,0.2429313074166951,0.7227798293779453,0.02995216711619221,0.0035366546558105337,0.0008000414333569127
N5020HD,0.5894033429094632,0.37857965763683155,0.026375226466801578,0.004346880483390446,0.001294892503513375
N5024HD,0.7943931126058699,0.18898027666126924,0.012703669716154907,0.0031513266616412985,0.0007716143550646049
N4826HD,0.8744851483096301,0.11913926712014146,0.004684226478032727,0.0013548142043269575,0.000336543887868847
N5032HD,0.8485666809521663,0.13956919010981708,0.008868441448735482,0.0022983515050847424,0.0006973359841964816
N5041HD,0.890214797506927,0.10515490197209806,0.0033519035855309968,0.0009449492170915196,0.0003334477183525123
N5043HD,0.9115605214722515,0.08239758044078034,0.004707448353258717,0.0009201052288645116,0.0004143445048450425
N5044HD,0.2591685225736263,0.5875475249036137,0.1161567128864975,0.028147967288671093,0.008979272347591227
N5045HD,0.7868236288972414,0.20419118008520237,0.007070027053582981,0.001509306603491285,0.0004058573604820109
N5004HD,0.8999442551765059,0.09329841121351214,0.00441003587288459,0.001664334093483181,0.0006829636436143955
N5055HD,0.650369682981298,0.3031962496336922,0.03517612401287043,0.009225872617863366,0.0020320707542760383
N5056HD,0.09743643959595502,0.38965344710602484,0.27619802232235013,0.16127422946549114,0.07543786151017885
N5057HD,0.7505126182489775,0.23941216690802616,0.00797258484739456,0.001676151077324595,0.0004264789182771755
N5059HD,0.5211006430486115,0.3964194745399372,0.062059289627483666,0.016955751051064404,0.0034648417329032543
N5061HD,0.41200302463261246,0.5319026696835937,0.04777589208612967,0.006771073247122136,0.0015473403505420998
N5018HD,0.929203317171597,0.06809295017635059,0.0020642323872763664,0.0004578974131342065,0.00018160285164190923
N4896HD,0.7032353078426945,0.27546074446817426,0.016958390594123122,0.0035062813084233294,0.0008392757865846774
N5064HD,0.7422326477900427,0.23368197457536075,0.018375742012629565,0.004653553599777985,0.00105608202218903
N5065HD,0.538718781734463,0.43613136943735736,0.020600869283138402,0.0035902022478090296,0.0009587772972322612
N5067HD,0.21961190948962106,0.5880010158167707,0.1429573760766118,0.04067772929508321,0.008751969321913272
N5070HD,0.058791556369464516,0.5892395025941893,0.3118081817634937,0.03666831788454407,0.003492441388308445
N5071HD,0.1941853570090921,0.7167929597680527,0.0826517717001171,0.005312526568769533,0.001057384953968836
N5072HD,0.22829858945860787,0.6832592937907714,0.08076212516669468,0.006254189751467186,0.0014258018324589594
N5074HD,0.8326075139236041,0.15453345495965673,0.009760168287732993,0.0023502406098581774,0.000748622219148053
N5075HD,0.9547731017486086,0.04372843741449405,0.0009658221757678391,0.0003957113645635756,0.00013692729656613004
N4923HD,0.789381077054964,0.18999307228256282,0.014187253639996698,0.005139875858472792,0.001298721164003751
N5076HD,0.7475248283238456,0.23507282809457217,0.013765376574164752,0.002929078720350735,0.0007078882870666802
N5079HD,0.007646157392382611,0.08096418282664124,0.2649792144933973,0.5778409970394891,0.06856944824808975
N5080HD,0.525422175573004,0.4521428661157354,0.01790251815042242,0.0034786273007455125,0.0010538128600926751
N5082HD,0.7989385366492703,0.18328645031449226,0.012168102352245497,0.004020840312301964,0.0015860703716899344
N5083HD,0.6636828255557348,0.2934412713200677,0.031026638021299544,0.009930614713001662,0.0019186503898963624
N5085HD,0.14278313631557576,0.7531423834441916,0.09076765983146615,0.01080254011733701,0.0025042802914295227
N5051HD,0.40968028267926015,0.5651609047138538,0.02255614011416703,0.0020224033956017903,0.0005802690971171276
N5039HD,0.08757346560530374,0.4481873514074439,0.3156680801057026,0.12055146461779698,0.028019638263752877
N5088HD,0.912511942835255,0.08474956219530762,0.0020287587435847934,0.0005560121670293921,0.00015372405882310177
N5091HD,0.0553583684950945,0.9312136537685733,0.012244229123623222,0.000929081605319448,0.0002546670073892504
N5093HD,0.0822755258978787,0.3533878074714981,0.29397470802889025,0.21081510889351637,0.059546849708216554
N5100HD,0.008908146226214816,0.059851717800087426,0.32432748795876104,0.5517032519304012,0.05520939608453547
N5103HD,0.0767195464831956,0.42110390122539415,0.36197854096456195,0.11138700085964252,0.028811010467205724
N5104HD,0.9529825767494892,0.04531460342504333,0.0011430608238385811,0.00039794798765065473,0.0001618110139784242
N5105HD,0.7372226277553509,0.24768814728749325,0.010693654950410787,0.0030320168999684455,0.001363553106776585
N5106HD,0.703114137161489,0.2669447277853378,0.022721105729445586,0.005870224150957588,0.0013498051727700707
N5109HD,0.4152688823715749,0.5689349405877776,0.013950394802934243,0.0013928170054917195,0.00045296523222159167
N5112HD,0.5016410900614297,0.4405157385349237,0.047041223736594404,0.008702033940095706,0.0020999137269564674
N5115HD,0.8634052265528305,0.1269482221198826,0.007718851524159974,0.0014512604411777055,0.0004764393619491938
N5120HD,0.012342172611249699,0.10187343611796061,0.34060817772077795,0.4549409511142065,0.09023526243580525
N5121HD,0.5625565703525782,0.4169106404207407,0.014382825465494027,0.004486586601660382,0.0016633771595267858
N5122HD,0.38498618841548876,0.4704099580332611,0.10392454691457864,0.033730309843451406,0.006948996793220054
N8305HB,0.8342064453236429,0.16108713364809993,0.003687646659137543,0.0007758793961456706,0.00024289497297388655
N5126HD,0.12727209498831163,0.43630436252987587,0.2664475740603059,0.13905523402605388,0.030920734395452735
N5128HD,0.8903015892574403,0.10633193487775326,0.00250479417139126,0.0005849774202924218,0.0002767042731228787
N5133HD,0.007741312415482324,0.07499664882913255,0.3292289623429614,0.545246522084072,0.042786554328351656
N5135HD,0.785494651124852,0.19947520787375492,0.011576864555407266,0.002660067673562009,0.0007932087724237971
N5143HD,0.8173510731349759,0.17307158423669833,0.007868134443632293,0.0013514451860767635,0.0003577629986166317
N5144HD,0.2511069196780372,0.6613548713397533,0.06959335980909265,0.014748012679284368,0.0031968364938323728
N5149HD,0.23577518081685206,0.5967799718781746,0.13350951870179628,0.027908283827844712,0.006027044775332268
N5152HD,0.34299382877988466,0.6154961570864191,0.0352880066800421,0.0051137215264850985,0.0011082859271689487
N4394HD,0.20045171450596092,0.588994425527933,0.16967236522597676,0.03225347747904908,0.008628017261080288
N5029HD,0.18654291368924947,0.7091908720743104,0.08338737120596451,0.016740531392727114,0.004138311637748551
N4368HD,0.9394555099572249,0.05835529350054189,0.0014632322549655013,0.000543617143413547,0.0001823471438542578
N5013HD,0.33963323369428955,0.5553335593356307,0.08004824012273713,0.01851898018762281,0.00646598665971982
N5153HD,0.30189387124172024,0.6107807688589316,0.07462063971162226,0.009632942578756899,0.00307177760896895
N5157HD,0.8877852421461003,0.10795720835949359,0.0032036800793315847,0.0006853048635340108,0.00036856455154067353
N5170HD,0.5786101472533358,0.3875746034521259,0.026275598766844127,0.0057659441622598855,0.001773706365434345
N5172HD,0.8568681241998751,0.13225410563828638,0.008145103358335216,0.002056076476575673,0.0006765903269276631
N5173HD,0.6372625402577403,0.31134631596523166,0.03955929043940018,0.009061088111445363,0.0027707652261824804
N5147HD,0.5824915015422124,0.3928731324856826,0.019184557039973953,0.003928649868256295,0.0015221590638747169
N5178HD,0.6767482022937474,0.2969765521357099,0.02046111218938104,0.004580243681329315,0.0012338896998323678
N5180HD,0.5697790696363337,0.4009988065614724,0.02293688254582775,0.00493088972558676,0.0013543515307793312
N5181HD,0.411274087589801,0.506501353390853,0.0652386336808194,0.013340113099449014,0.0036458122390775768
N5182HD,0.9013159289810477,0.09500518309360556,0.0026129479043848565,0.0007578157943002692,0.0003081242266615965
N5183HD,0.0691929219228012,0.9095294541493831,0.019831767895330275,0.0011223211906233271,0.00032353484186225005
N5185HD,0.06015987545248749,0.2568360827979582,0.3461875632229768,0.2960324992924214,0.04078397923415612
N5187HD,0.2803531361588492,0.5756059356510778,0.11310107177203681,0.02418460499566366,0.0067552514223725
N5188HD,0.19576110058964813,0.48451779811095314,0.18587534612002718,0.10279573265785846,0.031050022521513093
N5190HD,0.005010519735704142,0.046772886486422714,0.29769529777241055,0.586073658086513,0.06444763791894959
N5192HD,0.4166987808600586,0.5744200899204535,0.007681743558315494,0.000917804477609112,0.00028158118356324613
N5193HD,0.6768482284005293,0.2815830475856716,0.033279185952075414,0.006154510920702697,0.0021350271410210393
N5197HD,0.8746469474549653,0.11779503970016542,0.005703332364977254,0.0014598121899694393,0.0003948682899223908
N5198HD,0.2153139671448254,0.5495550948268613,0.1653038147172034,0.05518130497661438,0.014645818334495516
N5199HD,0.7542065431606169,0.22147115516787882,0.019586092711586452,0.003731736072600049,0.0010044728873178567
N5200HD,0.7974295448887684,0.18588814578014803,0.012387321202707009,0.003312118790877525,0.0009828693374991158
N5203HD,0.020694303252790616,0.12445747799857657,0.30513589792038676,0.42213626768099755,0.12757605314724857
N5209HD,0.013703469233558082,0.10021542075086685,0.4646535432381088,0.370576351121603,0.05085121565586319
N5212HD,0.8312244826715761,0.16008101900949936,0.007078582009984245,0.0012470464392078874,0.0003688698697323311
N5215HD,0.5043117189341604,0.45523195425147017,0.03315364917375147,0.005918542652286936,0.0013841349883310866
N3574HD,0.8492718645914776,0.14280639824902885,0.00490992764786217,0.0019926711934592513,0.0010191383181718933
N4760HD,0.09399048661269414,0.49172405962903876,0.34468938175777364,0.05572075470932855,0.013875317291164823
N5225HD,0.8498085740514979,0.14367217221033599,0.004744313447759034,0.0014093689617772824,0.00036557132862978335
N5226HD,0.6064357136359316,0.33309773020999073,0.04538488047881348,0.012707861434395439,0.002373814240868847
N5227HD,0.6338422316757568,0.33204637621591765,0.02710739507166206,0.005499219653307565,0.0015047773833559656
N5233HD,0.007257749378730642,0.061981183950172596,0.2812987067818072,0.4093089009461327,0.24015345894315682
N5238HD,0.7713188281737016,0.2093231742680328,0.013878607920445438,0.0042527615811256084,0.001226628056694491
N5241HD,0.8187720490824325,0.1672757238901363,0.010426420549782626,0.0029560810450790912,0.0005697254325695046
N5243HD,0.008977808321106543,0.09853116504684577,0.4197158474815374,0.4268433121263538,0.04593186702415656
N5246HD,0.8148743544863726,0.1759839598777006,0.0067167818347838755,0.0018258115912392937,0.000599092209903536
N5247HD,0.006604065697884771,0.039835394963778775,0.4001180400928268,0.5279699671527291,0.02547253209278043
N5248HD,0.7547358084448321,0.22372995794609568,0.016708411253646506,0.003940770495543064,0.0008850518598825674
N5253HD,0.6256299778524904,0.347080589058171,0.020705878792212123,0.004649715144026887,0.0019338391530993957
N5257HD,0.023659433661303856,0.14985663806656102,0.3192777586540371,0.37612840371271655,0.13107776590538134
N5259HD,0.009616479052809667,0.06421397531185638,0.2768084011401634,0.3650648739615834,0.28429627053358714
N5262HD,0.06973815941601133,0.6218571408548392,0.28250556309810737,0.023100673836527943,0.0027984627945141357
N5266HD,0.2897037529398204,0.6414991528029186,0.0596153795117497,0.007295319641978696,0.0018863951035324575
N5270HD,0.6789916346392935,0.29544793140964604,0.02013362025481397,0.004095532576181672,0.0013312811200647014
N5271HD,0.45942644675302957,0.4904486796003581,0.040800912395081254,0.007568859993404968,0.0017551012581261554
N5273HD,0.8176591279226916,0.1679737454816076,0.011140514793808762,0.002342414112019057,0.000884197689873058
N5274HD,0.8204895244584262,0.16688067050555455,0.01001712101054264,0.0019760982803990186,0.0006365857450777759
N5211HD,0.11991775273150684,0.38224484504312994,0.37955295990649757,0.10346672834623305,0.014817713972632715
N4843HD,0.6408528900316537,0.32860759116455107,0.021509013801934346,0.006599648213299384,0.0024308567885616226
N5287HD,0.6784170569498126,0.2814234008023743,0.031619058708920386,0.00696496369240662,0.0015755198464861302
N5286HD,0.0941684199063736,0.3212085002667862,0.3519688326507199,0.18063971666386178,0.05201453051225855
N5292HD,0.02402575200338603,0.14149379790702693,0.31481689605957713,0.38482529797583637,0.1348382560541735
N5294HD,0.8829484217202187,0.11164670754238765,0.004160813478016422,0.0009106899184750487,0.0003333673409021141
N5296HD,0.33257893259660365,0.44026907037488905,0.1564791827274625,0.054806097903213224,0.015866716397831656
N5298HD,0.7004053411920436,0.2729592937299741,0.019644929900520126,0.005609432889936388,0.0013810022875258728
N5303HD,0.7827092918789534,0.2047165221737886,0.009544257849773549,0.0025016023429271467,0.0005283257545571692
N5305HD,0.24360729793843713,0.6268208616088798,0.10378536150073053,0.01987975745071656,0.005906721501235932
N5306HD,0.8332321957278919,0.15359983322212425,0.010450222070096108,0.002203758115183882,0.0005139908647037977
N5307HD,0.06140820017186796,0.5156198813533113,0.34848818573006624,0.05851858830527472,0.015965144439479783
N5311HD,0.3579525093804561,0.5847495401131717,0.04965727890465088,0.006324030864711839,0.0013166407370096126
N5314HD,0.7816126684621613,0.20447949700885348,0.010610711746899778,0.0024713486649527833,0.0008257741171326179
N5073HD,0.1388201117418657,0.49072501705708915,0.25539627907192647,0.08804010024012911,0.02701849188898958
N5277HD,0.05166865799825306,0.21968103792767582,0.38053873741667404,0.24273016896001898,0.1053813976973781
N4885HD,0.9257685993974463,0.07069268452097899,0.0025455231843735686,0.0007122607187473872,0.00028093217845375623
N5318HD,0.03787146388615858,0.48174948916855254,0.3648925110137317,0.0986104735378918,0.016876062393665403
N5321HD,0.7331968297644917,0.24771987226327238,0.014595759691340597,0.0036588959133455026,0.0008286423675496779
N5323HD,0.9409410338360417,0.05727361966069175,0.0013145900547905937,0.000330272342609927,0.00014048410586616695
N5324HD,0.6087895924458592,0.32977895955566056,0.04542469103546715,0.012592402157821956,0.00341435480519117
N5326HD,0.8238323779903242,0.16726426454995494,0.0067483808200154705,0.0015809756023603624,0.0005740010373450768
N5327HD,0.7073720961694189,0.2788587670928294,0.010931820720875557,0.0021882573592221606,0.000649058657653975
N5329HD,0.09629108850317306,0.7607884345357607,0.1245892922016477,0.015074326638157887,0.003256858121260562
N5331HD,0.8128733053190234,0.17116980307905796,0.012256618746053636,0.0028513950576174014,0.0008488777982477458
N5332HD,0.8187669507169836,0.16374194015207819,0.0141518696218959,0.002630092530943616,0.0007091469780986662
N5333HD,0.8291471597103881,0.1654320476468485,0.004214810649738038,0.000907846798865041,0.00029813519416021947
N5334HD,0.03168820207655646,0.9490958889849855,0.017660708400335796,0.0012630121160381916,0.0002921884220839635
N5338HD,0.04619295960982013,0.28706049247847437,0.3264218008952011,0.2711205087795805,0.06920423823692398
N5339HD,0.018332401820972,0.13023891928407297,0.4676934556758765,0.35371126202194875,0.0300239611971297
N3820HD,0.017101956098488896,0.08961663628958157,0.26057479402422506,0.38783336369439336,0.24487324989331108
N5342HD,0.8283089869185422,0.16368321299339122,0.006170995290393902,0.0014671342422077163,0.00036967055546496987
N5345HD,0.6938334137900504,0.2717606019171703,0.026109416173972565,0.006888440415356539,0.0014081277034503322
N5346HD,0.767391080677343,0.22504573629343877,0.005682574766848227,0.0014940741540638454,0.0003865341083063154
N5348HD,0.06259059624062592,0.32344241322279327,0.26511249145916116,0.2630121125447503,0.08584238653266922
N5351HD,0.718167295340314,0.2579026745971562,0.018925999937598588,0.003987778701773723,0.0010162514231574005
N5354HD,0.0036544914938936696,0.02387903966658452,0.2609423168804632,0.6796327767690195,0.03189137519003925
N5355HD,0.4310524670385734,0.5458108062462049,0.01922457143643372,0.0028275193167695933,0.0010846359620183706
N5362HD,0.9178981838629615,0.07893781208583181,0.002389526764415443,0.0005692049019973647,0.0002052723847938076
N5364HD,0.7486095442497155,0.23129474518422086,0.01575723474393421,0.0035014935418819656,0.0008369822802473881
N1264HD,0.02812650821130062,0.9400285947179928,0.02920991312376904,0.0021959056806946306,0.00043907826624302434
N4985HD,0.32317378775447697,0.5815727050724734,0.07321591817499026,0.01642947995351206,0.005608109044547407
N5368HD,0.003512066488230282,0.02139727698878532,0.20172874916109446,0.6095888025958582,0.16377310476603157
N5371HD,0.7949514135675959,0.19581643943638274,0.007340334464821561,0.0013798961780073745,0.0005119163531921521
N5372HD,0.7954778405460746,0.18954529667986572,0.012202722277803514,0.0020109067979075146,0.0007632336983485934
N5373HD,0.5201569221394912,0.47165139405603085,0.0070576361354365135,0.0008137863354623644,0.00032026133357910424
N5374HD,0.47904569959081555,0.5051540359566359,0.01368925646315339,0.0016223721762241507,0.0004886358131709832
N5377HD,0.6766641331300404,0.30881190558632654,0.012552450865222458,0.0014920125040332748,0.0004794979143772925
N5379HD,0.7627171501756695,0.21690247343095737,0.015117269836323733,0.004524712250824796,0.0007383943062247752
N5381HD,0.21088880614087963,0.4759347945612233,0.20543351173529414,0.08086542875116202,0.02687745881144075
N5383HD,0.3292983357171709,0.3968181016476583,0.1920071966887818,0.0711424743686015,0.010733891577787643
N5385HD,0.8800645319429476,0.11699770077689685,0.00227747350598152,0.00046780202253834957,0.00019249175163546165
N5387HD,0.053322923487679766,0.40632130290789753,0.3736667406557631,0.12585258153747514,0.04083645141118454
N5388HD,0.05432069913134763,0.2738380420610788,0.28584842884847095,0.30171853431319123,0.08427429564591143
N5389HD,0.017988937847314375,0.49745565567783223,0.4608818730195302,0.021957407401913064,0.0017161260534100608
N5391HD,0.6849830221232937,0.27739403588705175,0.02799819671196301,0.007256107238610806,0.0023686380390807987
N5393HD,0.4777271651183797,0.5048163303692239,0.015632199658990792,0.0012570649702713043,0.0005672398831343472
N5395HD,0.6633904099646017,0.2838277747030676,0.04007999589643521,0.010061096436338112,0.0026407229995573604
N5397HD,0.7629672404720095,0.20904169630162134,0.021077563410511427,0.005683929854890215,0.0012295699609676499
N5398HD,0.7133987336262855,0.25380955144214257,0.024380979514233358,0.0064745693175431804,0.001936166099795433
N5386HD,0.06201651784120946,0.5784668180296073,0.32783318748899154,0.0288423632200037,0.0028411134201878673
N2483HD,0.8667668571026429,0.1267970905369744,0.004579144005243026,0.001327990266091419,0.0005289180890481952
N5402HD,0.8531618597975236,0.13860955002962314,0.006026315311517786,0.0014707173728120658,0.0007315574885233378
N5404HD,0.6031014421674684,0.32550497916926563,0.05240339461412469,0.01559293528572705,0.0033972487634142696
N5405HD,0.9259205285995673,0.07081316676371875,0.002181536082231943,0.0007909909453596362,0.0002937776091223399
N5407HD,0.3082388873469084,0.5719015738455749,0.0962323764307835,0.01854777858011396,0.005079383796619286
N5414HD,0.4467517749291287,0.5442097879617995,0.007908890007534544,0.0008517722647105988,0.0002777748368265259
N5415HD,0.8758702075326243,0.11905253681471972,0.003918203549742241,0.000834885747868017,0.00032416635504578403
N5416HD,0.18982579637618865,0.7521901047412212,0.05404418186387267,0.003179233784522438,0.0007606832341952039
N5421HD,0.6819865441796203,0.26683435214987977,0.038765832853528366,0.009910654296755132,0.0025026165202163986
N5430HD,0.8511621161908335,0.13686001434939124,0.008625551949964278,0.0028618142447374493,0.0004905032650735542
N5431HD,0.022660525195130572,0.442028784475198,0.5145959167773289,0.018987095140142636,0.0017276784121998455
N5432HD,0.7275468099708734,0.25047382950594765,0.017263071383702474,0.0038598080569641376,0.0008564810825124395
N5437HD,0.781361643872006,0.2047202997911807,0.011824019233926666,0.0015836828379030754,0.000510354264983555
N4225HD,0.2861399895274505,0.6597972095499961,0.044750900240312225,0.007545207807605211,0.0017666928746358963
N5123HD,0.5132807456392593,0.45175376282314966,0.026967774571496027,0.006223922606144742,0.0017737943599501309
N9187HC,0.03575988717373757,0.20045497151984468,0.3477733074866767,0.3212427949454177,0.09476903887432342
