ncode,proba_0,proba_1,proba_2,proba_3,proba_4
N4541HD,0.7527388278792416,0.22772385852368462,0.013642480991362067,0.004493616133043327,0.0014012164726683026
N4397HD,0.014372470902061027,0.18804720078971665,0.5537433077898835,0.21177331456596846,0.03206370595237048
N4544HD,0.8906633653725105,0.10503009091160621,0.0032354833348730732,0.0008105257002648357,0.0002605346807454828
N4545HD,0.051046459506213726,0.4033386989069484,0.37532451282618545,0.11498785146431427,0.05530247729633807
N4546HD,0.2890671134421966,0.689443077586431,0.019785962249164832,0.0012398856507140964,0.00046396107149344537
N4550HD,0.8768497952566933,0.11904944033151114,0.002874662107283552,0.0008826023602804139,0.00034349994423161487
N4551HD,0.7149085154105221,0.27174632897496964,0.010272944049345624,0.0025058452301699352,0.0005663663349927254
N4554HD,0.025818347640446014,0.20865760238611672,0.7000596364041486,0.06122677345228376,0.004237640117004913
N4555HD,0.23626838354980056,0.5905306050912912,0.1540813167553844,0.016704772540379494,0.0024149220631443347
N4556HD,0.38581209006513184,0.4604709925062923,0.09941592895841905,0.04517721018907271,0.00912377828108428
N4563HD,0.35924193237519,0.5283419772574234,0.08962187100637925,0.019136486318020948,0.0036577330429863448
N4567HD,0.8929238358506126,0.10173092917538591,0.0035269474734044323,0.0013214913459786547,0.0004967961546184673
N4561HD,0.8302118978729212,0.1627220717486913,0.004913619700519065,0.0016391676455040673,0.0005132430323644479
N4571HD,0.35968646249546715,0.5345761812903335,0.08334247475990844,0.017132815819416537,0.0052620656348744506
N4574HD,0.9529658807236471,0.04492133218984014,0.0013780662791122711,0.0005557594725269229,0.0001789613348735567
N4575HD,0.45758348875778504,0.5116046728117843,0.027044569242842174,0.0029465680209545507,0.0008207011666339595
N4579HD,0.3754055870457035,0.5484772416556749,0.057739026443119415,0.012876491270009003,0.005501653585493141
N4581HD,0.2891995191289225,0.6600098215164828,0.0461396046847812,0.003790859664349573,0.0008601950054639092
N4584HD,0.29636572271863,0.6761787883927249,0.025366794164879643,0.0015672310131002194,0.0005214637106651926
N4578HD,0.8146010908894765,0.17722672740814768,0.006389832708151112,0.0013597729630797687,0.0004225760311448355
N4590HD,0.21405417665289586,0.7464369782621317,0.034787654888071444,0.0038036736476329746,0.0009175165492681955
N4593HD,0.008222304775257615,0.04616280409331705,0.30524217281359195,0.598960156204419,0.04141256211341427
N4151HD,0.08600710112824202,0.32130698456890266,0.3026697908155439,0.23602387492899812,0.05399224855831326
N4594HD,0.817576488625105,0.17633701801810323,0.004702988441988258,0.0010660569071544478,0.00031744800764897327
N4600HD,0.2507829972163405,0.540598054010314,0.18498825149617992,0.021504306378404715,0.002126390898760772
N4605HD,0.057645634897958806,0.2618178840000063,0.577163719482389,0.09979223211591637,0.003580529503729405
N4612HD,0.3328083953467649,0.5974411555571578,0.05629927046257955,0.010946284885254983,0.0025048937482428026
N1701HC,0.2353159398162117,0.6068966357245641,0.12726966338177137,0.0221800990221717,0.008337662055281213
N3705HD,0.005456194155072254,0.02868389557220402,0.25190206212521166,0.3523725499839676,0.36158529816354446
N4589HD,0.6032892391710368,0.35145713859977473,0.03320312368764109,0.009655233838226931,0.0023952647033206095
N4339HD,0.9121561867458866,0.0848437821639008,0.002033292121513157,0.0007201985545327763,0.00024654041416660315
N4615HD,0.027990961509139416,0.21659276875320416,0.29488838372952186,0.347783073569345,0.11274481243878938
N4618HD,0.9101128279982851,0.08539898613458904,0.002763400995681992,0.0013017258475841319,0.00042305902385957733
N4624HD,0.5326877352896077,0.45684970560633675,0.009268269272083386,0.0008365243295931396,0.000357765502378996
N4626HD,0.6954620905147989,0.27940685183422836,0.017956470953104937,0.0060438583499847764,0.0011307283478828795
N4628HD,0.09344542011287058,0.7522080490708952,0.135499715685285,0.015140319473879263,0.003706495657070061
N4638HD,0.11065111847706112,0.47341876575916236,0.2558703249429224,0.1128696190953113,0.04719017172554278
N4639HD,0.765283830057393,0.20932318325641994,0.018879682033839683,0.004972340762943347,0.0015409638894039975
N4642HD,0.900753801907895,0.09506706225156346,0.0028774667859372623,0.000962580951933186,0.00033908810267101533
N4646HD,0.9416971988963524,0.056140670949227284,0.0013319600556537896,0.0006168512619920204,0.00021331883677455692
N4631HD,0.830194717271931,0.15974487798854362,0.007685821113489487,0.0019166592133400026,0.00045792441269595674
N4656HD,0.016795100347693305,0.1607148540035631,0.5235080220691323,0.25239027286099786,0.04659175071861348
N4658HD,0.8482246507489416,0.14161778477069237,0.007779806755902918,0.0019394119735623389,0.00043834575090080365
N4661HD,0.8381521040632186,0.1542534139944771,0.005085208280381317,0.001976733074703853,0.000532540587219162
N4665HD,0.8261548534648626,0.16235419034973197,0.008643251231791627,0.0022860790933007863,0.0005616258603129482
N4667HD,0.853696401805063,0.1414954347231875,0.0035407097507427886,0.000837927455770871,0.000429526265235699
N4669HD,0.7111564206944367,0.277189169052291,0.008195499997425934,0.0024448844898676833,0.0010140257659788435
N4673HD,0.22223662843403627,0.5519215609249127,0.17066168708991736,0.04097650617380651,0.014203617377327216
N0760HD,0.09805756354128338,0.7959193208569203,0.0932517608146624,0.009936834914330188,0.0028345198728037405
N4672HD,0.5670398600503662,0.35413383443691826,0.0535592589083446,0.021706134743307973,0.0035609118610629236
N2593HD,0.9112333778191399,0.085007048775123,0.002533350419080526,0.0009304680058935579,0.00029575498076282324
N4677HD,0.22978902177730542,0.6707283249797733,0.08463453829092052,0.011863821326756202,0.0029842936252444515
N4680HD,0.0676147964065667,0.3898791109447838,0.37592890018666647,0.1577962718240376,0.008780920637945439
N4688HD,0.0042195391463342325,0.020583037151223477,0.19537871161724582,0.632710020767953,0.14710869131724352
N4689HD,0.8961533569271412,0.09990508930426384,0.0028982210586994874,0.0007907248554173239,0.00025260785447798345
N4691HD,0.2095580312055239,0.543408811873895,0.1791468009988747,0.0524695977385429,0.015416758183163485
N4692HD,0.585330637430883,0.3694487868100626,0.030936710646981974,0.009798736930910502,0.004485128181162124
N4694HD,0.010809104454130448,0.11559322408627436,0.6116765173044448,0.24870789593377002,0.013213258221380362
N4695HD,0.1334667070186645,0.7591842931644721,0.09888200619504804,0.006889607663068265,0.001577385958747034
N4699HD,0.3973220710302102,0.5228605976120775,0.06231285060778083,0.013791580614284244,0.003712900135647146
N4703HD,0.3626593111607312,0.5007149183488099,0.08472386248203354,0.03871924961664349,0.01318265839178189
N4704HD,0.004104730636095002,0.014046629742975277,0.42789839087520765,0.5297190364864394,0.02423121225928276
N4708HD,0.9275476887743039,0.06977682370389499,0.0017040460154889782,0.0006958565300257051,0.00027558497628627323
N4714HD,0.6257371779261022,0.3339030710344716,0.027161629067058955,0.00889277064859412,0.00430535132377322
N4721HD,0.101370990071629,0.7318540956251635,0.14120455725666659,0.020786448286587503,0.004783908759953616
N4722HD,0.8452289900357884,0.1487046445070246,0.0044565757466808265,0.0012100599359347998,0.0003997297745712884
N4724HD,0.1616421031772145,0.7985230285383902,0.03509373894280049,0.00396103212792294,0.0007800972136719469
N4726HD,0.043617412628605905,0.8999444766441717,0.0528862012806534,0.002867931851253569,0.000683977595315391
N4735HD,0.6827069644498639,0.30824909048301197,0.006738103091667479,0.0017193869372361175,0.0005864550382206479
N4063HD,0.7006805731376298,0.2789113992066307,0.014600665042249225,0.0043250064430080054,0.0014823561704823958
N4712HD,0.8172102515348998,0.17436319534506814,0.00647520356160399,0.0014579205278876825,0.0004934290305404135
N4738HD,0.2971684665179426,0.6101838801002745,0.06924872054157813,0.01723011497012831,0.006168817870076415
N4740HD,0.019968950542933923,0.08171473396281538,0.36681606381621373,0.4395970783078327,0.09190317337020433
N4742HD,0.013885188151421741,0.0425950970631793,0.4812834628606874,0.3752322405467691,0.08700401137794253
N4745HD,0.7800178241239131,0.20305150933712468,0.012849866401295996,0.003207148489248518,0.0008736516484177727
N4747HD,0.7919707966976155,0.18006187704157947,0.019353464013387445,0.006224011801898371,0.0023898504455192645
N4750HD,0.6913202765056367,0.2707508327054548,0.026670344396996844,0.009152995232710069,0.002105551159201699
N4752HD,0.011069038301646012,0.17811727728968754,0.5650149097562008,0.22195029080427497,0.023848483848190632
N4754HD,0.7670622666742308,0.22294815586017533,0.008011556140520442,0.0014375084222582185,0.0005405129028150169
N4755HD,0.28607798094935855,0.5467729305277479,0.1246325182324274,0.032689108590739986,0.009827461699726188
N4756HD,0.5230444109289241,0.4355276745204606,0.03302576401763224,0.006776203542185953,0.0016259469907971393
N4757HD,0.8771687652740899,0.11515642484930606,0.006155876071659645,0.0011683639786077165,0.0003505698263366007
N4759HD,0.17204124263321172,0.7599349075050515,0.05856371818178968,0.007765245048231123,0.0016948866317162345
N4762HD,0.25103586608873557,0.6663004062259289,0.07005227459343363,0.00963078375273695,0.0029806693391649804
N4763HD,0.6275407399891407,0.3367431949643216,0.025722536590143216,0.006653355464580201,0.0033401729918144715
N4767HD,0.7998138889984002,0.18178476191012635,0.013311294818238544,0.004034511055147442,0.001055543218087631
N4769HD,0.02517901085619452,0.16469085685669638,0.6606117385262953,0.13594087165180557,0.013577522109008235
N4770HD,0.7954901841904485,0.18648444331353442,0.012351280480604002,0.004556360576393084,0.0011177314390200567
N4676HD,0.5117296430768382,0.40650548390657204,0.055030398671193054,0.020340823474176477,0.006393650871220091
N4614HD,0.6271832756411669,0.2924981568307062,0.05905915469450652,0.01716936040630509,0.004090052427315299
N4774HD,0.31781782956183335,0.5712374093186774,0.08666707769081956,0.020163084504966067,0.004114598923703604
N4778HD,0.03438986113473001,0.4316017848444929,0.3779117131751899,0.12196220658880318,0.034134434256783974
N4780HD,0.00503153257000887,0.04037793079441815,0.30656102136714036,0.3663857050677946,0.28164381020063806
N4783HD,0.553784128260639,0.415445040426282,0.025420253016359216,0.004109650068313404,0.0012409282284064791
N4789HD,0.7990094488856798,0.17961992948817154,0.014308591862850804,0.004852168852429666,0.0022098609108682147
N4792HD,0.5285688230761698,0.4608717094109634,0.009300885764822416,0.0009474509816136019,0.0003111307664308176
N4793HD,0.047233882235290986,0.7925649865125077,0.14578450875433807,0.011394623091716925,0.0030219994061463956
N4794HD,0.0038948852925285013,0.02096212489052861,0.3061174234886704,0.6116103081015338,0.05741525822673872
N4799HD,0.5971676567369496,0.3795188760095129,0.0190746223976292,0.0032542916552890256,0.0009845532006192267
N4800HD,0.9235270507332517,0.07290985734582303,0.0023152564983768475,0.000961459710582128,0.0002863757119662847
N4808HD,0.1393707191487271,0.8260068018526936,0.03204524490758367,0.0019794084720590713,0.0005978256189365538
N4809HD,0.634840963508546,0.33337837535273107,0.021289990701649178,0.007199730368728323,0.0032909400683454187
N4634HD,0.770097643608282,0.2051550308611785,0.018910359543870613,0.0048601956852787,0.000976770301390167
N4784HD,0.8294956980177907,0.16329832126869398,0.0054353703657604,0.0012036643529416268,0.0005669459948131982
N4815HD,0.8863282644136253,0.10846019569579218,0.0034698174515310825,0.0013390838285123124,0.00040263861053897965
N4816HD,0.7181117461958704,0.25431101011585294,0.020568885632590076,0.005714519815130613,0.0012938382405557679
N4817HD,0.5165098329768635,0.4384320042000502,0.03790162085724415,0.005525476818982874,0.0016310651468593276
N4818HD,0.8975086041406598,0.09728905170220833,0.0035595066333022375,0.0012927361144580028,0.00035010140937172566
N4821HD,0.04025856055463541,0.9195418927097401,0.037144916275139224,0.0024972999467047464,0.0005573305137806447
N4830HD,0.871633289284722,0.11986768213930026,0.006375243322405044,0.0017595785272713574,0.0003642067263012458
N4748HD,0.8484352966894884,0.1431136944692292,0.006298547907913111,0.0015645911343536462,0.0005878697990156007
N4684HD,0.8226607087729597,0.16984513138019858,0.005940467446172915,0.001109604973715879,0.00044408742695277
N0389HD,0.03602561672289839,0.923958070360385,0.03716601941872692,0.0023753752904802374,0.00047491820750935644
N4796HD,0.3859902783879164,0.5497285802751419,0.05142110941388062,0.009050585120540819,0.0038094468025202397
N4834HD,0.004594285160021482,0.02332510746187678,0.552510586924633,0.40058258021507576,0.01898744023839307
N4835HD,0.06157663380345641,0.9133636296349436,0.023299513566995753,0.001432073114304802,0.0003281498802993853
N4837HD,0.5470829329233572,0.4394656490456338,0.011710722571864595,0.001235762875021265,0.0005049325841231875
N4838HD,0.07458910469640798,0.9050177892812232,0.01865189146296376,0.0013661035104420803,0.00037511104896286417
N4839HD,0.01746394287266646,0.2283752585624774,0.6971098893916055,0.053007746182847475,0.004043162990403094
N4842HD,0.7650910058592264,0.2141657545952833,0.015017320731894589,0.0045837480041481405,0.0011421708094477639
N4844HD,0.9215051328858653,0.07551962832657846,0.0022045467613697974,0.0005580010480436867,0.0002126909781426774
N4846HD,0.15107825746851167,0.5159011145030288,0.24041657865499283,0.07288617482781846,0.019717874545648315
N4847HD,0.8624753655792259,0.13193891308494674,0.004100517628759351,0.001035635864058192,0.0004495678430097966
N4849HD,0.4514981022705863,0.4957132841715531,0.039774990223148794,0.00964206205157556,0.0033715612831363615
N4852HD,0.014782242792142866,0.29884488412950855,0.6542427300215201,0.030456665285526825,0.0016734777713017337
N4853HD,0.6805872534665384,0.30148910916273375,0.014422618864586555,0.0026469903003600655,0.0008540282057811953
N4856HD,0.8339065330616453,0.16155895761515238,0.003098390302436335,0.0011085952994296633,0.0003275237213365554
N4858HD,0.8483048491622205,0.14513112721378899,0.004545133010738377,0.001548570827803409,0.00047031978544861296
N4860HD,0.22636246183852599,0.7248845565352773,0.04180028852372054,0.005196550445859541,0.0017561426566166094
N4861HD,0.90432953307759,0.09244774221112212,0.0022910634351429857,0.0006286886258104209,0.0003029726503343591
N4863HD,0.5138085791209834,0.47514266552751816,0.008939611655978386,0.0015529463185033135,0.0005561973770166742
N4864HD,0.6807723425829462,0.3073668715638506,0.009226717770092594,0.0021614110545972332,0.00047265702851324637
N4866HD,0.8591411182583836,0.1313046459915716,0.0071367280583032175,0.0017295782246730756,0.0006879294670684638
N4012HD,0.7592988546571087,0.2297882961626361,0.00856544329512062,0.0018289032721892807,0.0005185026129454561
N4825HD,0.343562983734744,0.5719292842180271,0.06079585857677039,0.01716496441095525,0.0065469090595033225
N4875HD,0.06151952682008273,0.6133365074062672,0.2626327354295117,0.05065179821744343,0.01185943212669501
N4878HD,0.03334286190429002,0.24130576457317593,0.4321002121711805,0.24309802732383912,0.05015313402751433
N4883HD,0.012651177593759246,0.21137155330066035,0.6945326804235711,0.07727521554315442,0.004169373138854917
N4884HD,0.6188071855906501,0.3446570956707003,0.03203334057606447,0.003405625003082081,0.0010967531595031934
N4887HD,0.2700258426989758,0.6761136621439877,0.04825722071200657,0.004723120198110818,0.0008801542469191655
N4891HD,0.5895335565869302,0.37006729328367627,0.03219141889913938,0.006765570963707128,0.0014421602665470076
N4892HD,0.13427412400456226,0.8263289353370094,0.03617152914159024,0.002588498479056572,0.0006369130377813504
N4895HD,0.814641561283431,0.1729103800786764,0.008840933479398442,0.002739823373279012,0.0008673017852151399
N4899HD,0.7671262950678037,0.2262314912355831,0.00549871495080845,0.0008214705733275942,0.00032202817247712663
N4898HD,0.44569282715150094,0.508262917362572,0.03896739529432251,0.00528007537602104,0.0017967848155836983
N4902HD,0.5426318896933083,0.36504455103884464,0.06065580907162584,0.021385444199185966,0.01028230599703516
N4904HD,0.04988052514098578,0.25301679376724556,0.5456415296115199,0.13990694204965387,0.011554209430594747
N4906HD,0.8008536911282366,0.19012613885805185,0.006874385709742793,0.0016672774902199883,0.00047850681374902424
N4909HD,0.6887735782434861,0.27844483404096576,0.024413242925498783,0.00642104518272369,0.0019472996073254382
N4912HD,0.6902305694207593,0.28551689663164803,0.01958114963768009,0.003658048518794385,0.0010133357911180443
N4913HD,0.6727051680836619,0.30210004553078273,0.019104606717975404,0.004916427745843367,0.0011737519217366334
N4914HD,0.11925124135612451,0.7199307497907254,0.14613139050942783,0.01276206200309557,0.0019245563406267414
N4908HD,0.8836797666617915,0.11270260039026346,0.0028779166219913316,0.0005098425039805059,0.00022987382197299175
N4937HD,0.8923087636283075,0.10400470506168027,0.002911404204930657,0.0005524221220343837,0.0002227049830472126
N4938HD,0.9068139764744122,0.08918956782477412,0.0030606118526591785,0.0007208768372282387,0.0002149670109262428
N4949HD,0.8973320595574072,0.09720006441689799,0.0037022204892972485,0.0013460796838440066,0.0004195758525534532
N4952HD,0.8106247845777534,0.17771735613725967,0.008089277799856085,0.002668743205891175,0.0008998382792395003
N4954HD,0.46617611355983923,0.5019060025902897,0.026485407241389824,0.004350504017526747,0.0010819725909544137
N7917HB,0.8963200103912596,0.09919615090809024,0.003116160303897127,0.0010366511675731014,0.0003310272291799119
N4951HD,0.7676952947956642,0.22487425521067367,0.0060554250850037945,0.0010548909143064456,0.00032013399435187304
N0385HC,0.13952786495303232,0.4994708267194353,0.275005174162284,0.06475402127441586,0.021242112890832554
N3920HD,0.2724767469021161,0.6452236637591925,0.06695330623720676,0.01200043075456077,0.0033458523469239608
N9498GW,0.728953793351779,0.2539834087253341,0.013318708474538905,0.0026796567473442367,0.001064432701003824
N4961HD,0.9042667112072836,0.09212767085791335,0.0026181893346482756,0.000771237912684876,0.0002161906874699417
N4965HD,0.17260664031772038,0.3304575518618187,0.42384243044165093,0.06606811399098364,0.007025263387826376
N4967HD,0.5944780191933259,0.33922286701974025,0.04583195823939312,0.016356607489562438,0.004110548057978441
N4968HD,0.4294880722813393,0.46577402112062577,0.0700556993669568,0.02562316131274915,0.00905904591832898
N4973HD,0.7794294485530112,0.20219228783238213,0.014407596779252295,0.0030539796227171995,0.000916687212637156
N4976HD,0.022622743495266273,0.47509595506434116,0.4578391877937199,0.03959894972805315,0.004843163918619527
N4977HD,0.44750746573149947,0.5261909195299775,0.023663892097473316,0.002155967868018306,0.00048175477303145404
N4978HD,0.7220986694746211,0.2502745689186169,0.01919498514110351,0.00665237206737628,0.0017794043982821773
N4982HD,0.33528432689704907,0.5540328013373322,0.08324901101026023,0.022260088044132535,0.00517377271122593
N4983HD,0.07449034255227273,0.2699472456581468,0.40984890328743095,0.21308401471230895,0.032629493789840446
N4984HD,0.8710266483830669,0.123459667975162,0.004081756112993098,0.0010662032682881447,0.0003657242604899556
N4992HD,0.018897433082838484,0.2157256914390524,0.3911961529216445,0.32268845675233404,0.051492265804130626
N5000HD,0.5625028236912979,0.37265970100657647,0.04862342952322992,0.01249089852046466,0.003723147258431174
N5006HD,0.4983572059300689,0.47465228299286033,0.021615017313768765,0.003998045594817968,0.001377448168484067
N5007HD,0.6985010727743747,0.2558903072343648,0.035361225920545025,0.008078552373952337,0.0021688416967633566
N5008HD,0.2907369095854126,0.6370918199877238,0.06402916314617314,0.00659319995125797,0.001548907329432539
N5011HD,0.24344298182843332,0.7142610091522362,0.03582916817388976,0.005183877931566694,0.0012829629138740419
N5020HD,0.590281742013041,0.3789165253320761,0.02365984182855697,0.005161194484397141,0.0019806963419289067
N5024HD,0.7814824919185139,0.20472700702461138,0.010376189279624158,0.002872434684054535,0.0005418770931959399
N4826HD,0.87624745414955,0.11670808145331776,0.0045750214062143055,0.0019785935119107432,0.0004908494790073397
N5032HD,0.8419623407478702,0.14515698815102399,0.009067177781434092,0.0030446501053583317,0.0007688432143132884
N5041HD,0.8787015383679566,0.11653942476197439,0.0034025706267853634,0.0010581629333931946,0.00029830330989051416
N5043HD,0.8994151799551859,0.09388343987791098,0.005241011789050978,0.0010371461349319658,0.0004232222429202824
N5044HD,0.25091805379525267,0.6094704633574143,0.10271394276953671,0.029485961851225574,0.007411578226570632
N5045HD,0.8091397286745378,0.17956968201675808,0.009395460388817814,0.0013928887403106425,0.000502240179575698
N5004HD,0.8798748166112862,0.11302451665072158,0.00474697478318122,0.0017950238950426133,0.0005586680597684094
N5055HD,0.585886111568238,0.3616492476778892,0.03522708331464661,0.01348095817769703,0.003756599261529201
N5056HD,0.12789717136403417,0.31635306993876816,0.33874677770850614,0.15299908290795622,0.06400389808073535
N5057HD,0.7431322649832466,0.24278458357307237,0.01083402442576712,0.0025740037287198857,0.0006751232891940614
N5059HD,0.4663790242444056,0.4539377369421856,0.06502148892100167,0.01146552452417548,0.0031962253682318227
N5061HD,0.383260980727061,0.5485787580034648,0.05832183864945376,0.007224698602733374,0.002613724017287
N5018HD,0.9020489567112397,0.094628684438737,0.002356961010864257,0.000670573314547968,0.000294824524610901
N4896HD,0.7605821051855601,0.2232102615262537,0.011829151223252808,0.0033868292105436724,0.0009916528543895864
N5064HD,0.7241969915638758,0.25091314773213674,0.018053606040416007,0.005694021140511305,0.0011422335230599685
N5065HD,0.6096608385962303,0.3683997345435066,0.01869515565957391,0.0025094615662193216,0.000734809634469894
N5067HD,0.23796402901815802,0.5810895827074636,0.13047629277250716,0.04193674076883384,0.008533354733037455
N5070HD,0.05100650717467525,0.555589898622647,0.36777638815247443,0.02328430382141462,0.0023429022287888538
N5071HD,0.2590515347600767,0.7166046906525794,0.02138967837619207,0.002356699712008478,0.0005973964991434438
N5072HD,0.3174830737331892,0.6545112634458479,0.02526572854128235,0.002113772328520134,0.0006261619511604837
N5074HD,0.8184446659249686,0.16723843866769994,0.010568583730623547,0.0026696173451095334,0.0010786943315983504
N5075HD,0.9438643212650121,0.05410908942325081,0.0013211048897944736,0.0005121952538588226,0.00019328916808371906
N4923HD,0.7949999819522285,0.1819292616011019,0.016318716905124514,0.00529031802017476,0.0014617215213704904
N5076HD,0.7913133103749036,0.19272497655194748,0.011901755173141456,0.003113980978231109,0.0009459769217764195
N5079HD,0.013233840392429154,0.09361475766352648,0.4263291141172867,0.4341582691611789,0.03266401866557889
N5080HD,0.5635213809341074,0.41076499158314816,0.01956993445642045,0.004708143964668852,0.001435549061655127
N5082HD,0.7679535666849546,0.20734274263580965,0.016377539468494996,0.005885122891818385,0.0024410283189223764
N5083HD,0.6613668879120546,0.2928187065839935,0.031438246314920176,0.011635280491438397,0.0027408786975932323
N5085HD,0.16123411120761427,0.7280828675273249,0.09354187337059074,0.013641506110098657,0.0034996417843715447
N5051HD,0.3098952475643615,0.663592599752008,0.023757705029011894,0.0021367173333595325,0.0006177303212590982
N5039HD,0.09596382404801418,0.4710249653058965,0.3149806481412193,0.09291207312440035,0.0251184893804696
N5088HD,0.9075409619529858,0.08946834323716292,0.00218019461546885,0.0005828958659557489,0.000227604328426532
N5091HD,0.04633073617826421,0.9370448875465593,0.015451389534144273,0.0009632383048147221,0.00020974843621723586
N5093HD,0.01796356628214111,0.20825621960944563,0.4679024020969487,0.2456714840850466,0.060206327926417925
N5100HD,0.007699765561398726,0.03859603309734037,0.39596440556434753,0.5251180487734133,0.03262174700350004
N5103HD,0.07596655002628565,0.41985313731241775,0.3499305254075566,0.12185896739995174,0.0323908198537884
N5104HD,0.9432627469353808,0.05466267268066936,0.0013795842888174696,0.0005280224819324934,0.00016697361320004676
N5105HD,0.8083633578817878,0.18051448900530637,0.007752033199821072,0.002435303875506318,0.0009348160375783165
N5106HD,0.7226677999388741,0.24966231431281286,0.020469233597196088,0.005620857134731141,0.0015797950163859206
N5109HD,0.4628334194801815,0.5190327115401066,0.015673733327931684,0.001930923914952946,0.000529211736827366
N5112HD,0.4638151557492115,0.48411930488860516,0.04194266947695325,0.007757641573041672,0.0023652283121882835
N5115HD,0.8466857265919021,0.14005145198484964,0.010587707024565424,0.0021581721411818707,0.0005169422575009596
N5120HD,0.012379028996942057,0.08817549856363875,0.41754627496992963,0.41518655921787906,0.06671263825161033
N5121HD,0.6499000882599284,0.32625613742199516,0.018161948364886434,0.004224292580498604,0.0014575333726916297
N5122HD,0.44869661644233455,0.436194554103153,0.08546502752969781,0.02277013153627002,0.006873670388544759
N8305HB,0.8202110523729836,0.1726080136639934,0.005111054541830769,0.0015785060362022753,0.0004913733849897249
N5126HD,0.031126765538303028,0.1312879741593076,0.38520617808222674,0.37844277344711186,0.07393630877305082
N5128HD,0.8899995964237123,0.10628883845378237,0.0024477165000249715,0.0009205658784141419,0.0003432827440660301
N5133HD,0.008363640574014043,0.06179414229566262,0.4343084171508948,0.44874866148504505,0.046785138494383594
N5135HD,0.7769579950705738,0.20784857573929177,0.011732734045137269,0.002671970945269698,0.0007887241997276554
N5143HD,0.820375854099396,0.17113955896900554,0.007026032403931132,0.0010812707124660706,0.00037728381520129954
N5144HD,0.30134027212935105,0.609834636467903,0.07005009853299947,0.015382649996903915,0.003392342872842575
N5149HD,0.21256098874595783,0.6362051247380007,0.11483064304945806,0.030462144458596817,0.005941099007986633
N5152HD,0.28911954361824865,0.6504734676654376,0.05221290846515658,0.006566671663408796,0.001627408587748328
N4394HD,0.17509738577159992,0.6119574289743116,0.16578598570770056,0.04004979958368425,0.007109399962703541
N5029HD,0.18242843468476735,0.6908180940747115,0.09530565068486342,0.024790493828932062,0.006657326726725558
N4368HD,0.9435594068237497,0.05419911371376192,0.0013570082664782935,0.0006269538149758643,0.00025751738103430753
N5013HD,0.30644040105505477,0.5657284318933545,0.09398607575587554,0.025061474624144285,0.008783616671570831
N5153HD,0.3030199193818711,0.6229451467301289,0.06116631631104864,0.009530769602054833,0.003337847974896423
N5157HD,0.8641126410126618,0.13069187007917785,0.004067926450852252,0.0007947790331743224,0.0003327834241337848
N5170HD,0.6396616604736379,0.3213563228390079,0.029275645536614246,0.007242647344323645,0.002463723806416195
N5172HD,0.7382805435175837,0.2287405007592583,0.025007780359472973,0.006151260984507836,0.0018199143791773245
N5173HD,0.6214557787727272,0.3277734419602631,0.038030295003581675,0.010032194711369322,0.002708289552058681
N5147HD,0.6271147660821702,0.3522957110057199,0.015747210529502637,0.0034982213113716617,0.0013440910712356688
N5178HD,0.7254200434698708,0.24885016764455878,0.02041943185756463,0.0042370800295883655,0.0010732769984175639
N5180HD,0.5916733854805272,0.37970979816390715,0.022210588849760213,0.005078872478013462,0.001327355027791966
N5181HD,0.4336317095124268,0.4729146966402717,0.0730080477152641,0.014713154470000381,0.005732391662036772
N5182HD,0.8841785981056403,0.11097535744993449,0.0038694708165268234,0.0006776438712660684,0.0002989297566323331
N5183HD,0.11056960882853419,0.8655806630314115,0.021727142170727385,0.0017015989872400258,0.00042098698208706026
N5185HD,0.06797065694143399,0.2063008739657449,0.4490437171806129,0.24725953934922365,0.029425212562984495
N5187HD,0.2673208438006908,0.5652641695706284,0.13280130223509387,0.028246443773420848,0.006367240620166059
N5188HD,0.17470340560024863,0.4188125573975022,0.22591043574220965,0.14565685153365687,0.034916749726382576
N5190HD,0.003764378768013167,0.021353041375699804,0.3495480016765807,0.581731873443591,0.04360270473611531
N5192HD,0.5279475618955,0.4605178042932606,0.010226680317113242,0.0009068949762117925,0.00040105851791436204
N5193HD,0.5933717995083143,0.3607121391616215,0.03391841495913878,0.00831084064906619,0.00368680572185923
N5197HD,0.8822654343702434,0.11000272340815744,0.005982878857018336,0.0013705456659676397,0.0003784176986130889
N5198HD,0.2207512234421282,0.5084872835681797,0.17751777013677122,0.07550842203801104,0.017735300814909843
N5199HD,0.7658010860602436,0.2086411846580063,0.021030427517033098,0.0035821567207722786,0.0009451450439447167
N5200HD,0.7958581168739396,0.1861895741935215,0.014369281158685899,0.002783760895243682,0.0007992668786094144
N5203HD,0.01401389565538798,0.10990751911013534,0.34432686742688146,0.3659913296999656,0.16576038810762952
N5209HD,0.011866611175408584,0.04046116022307389,0.36180278120329806,0.5406530680787079,0.04521637931951152
N5212HD,0.7912175076749632,0.1981665574405952,0.008791635816735857,0.0013036023181176584,0.0005206967495880734
N5215HD,0.5208127387880293,0.4249924455573121,0.04490718554608118,0.007710708474315238,0.0015769216342622799
N3574HD,0.8777534261911387,0.11625124037427656,0.003979654473618946,0.0013982430584350478,0.0006174359025308253
N4760HD,0.10924334599012661,0.5175046741168569,0.2806121050350622,0.07400386979000458,0.018636005067949782
N5225HD,0.8031200384173759,0.18655669914506168,0.0077724387148026645,0.001943003356915059,0.00060782036584468
N5226HD,0.6816632263135248,0.2760316186221367,0.032108273784183905,0.008389817299789925,0.0018070639803645944
N5227HD,0.6362171502738123,0.3275179998570368,0.025628998110292813,0.008469831937477227,0.0021660198213809107
N5233HD,0.010627666750697472,0.07926236945303895,0.3335197350250735,0.30529675475875134,0.2712934740124387
N5238HD,0.7931298167008659,0.18844879699007738,0.012626139262875964,0.004128869356179145,0.0016663776900016684
N5241HD,0.7704811195908027,0.2083208460127127,0.015558605859342683,0.004586336072581207,0.0010530924645606738
N5243HD,0.008145012857338296,0.09845757554313095,0.5497569851691455,0.3170420741232667,0.026598352307118545
N5246HD,0.523358603727816,0.44682333609083175,0.025114622986257554,0.0036725478059413566,0.0010308893891533245
N5247HD,0.005254241506018982,0.021627592644495073,0.39983238788096737,0.5538978017308924,0.01938797623762622
N5248HD,0.6971338672401272,0.27286164048602163,0.023832555391219666,0.0051268635781153244,0.0010450733045162708
N5253HD,0.6563039377570073,0.3160834977251225,0.01973533515460627,0.005560619573166528,0.0023166097900973416
N5257HD,0.014266977927130916,0.11057037796860897,0.34061420979747875,0.34549708545174873,0.1890513488550328
N5259HD,0.02872559704440844,0.1514490127402473,0.39181175437366417,0.24727623350698763,0.18073740233469257
N5262HD,0.08532033892581208,0.6197880648400149,0.2744331650821913,0.018379772176090794,0.002078658975891018
N5266HD,0.2698956997408122,0.6579670504768202,0.06361511452153223,0.006892718364823887,0.001629416896011398
N5270HD,0.6783555549274715,0.2946282768800012,0.019546384443884738,0.005999647770702343,0.0014701359779404424
N5271HD,0.635187418422489,0.33475771392063647,0.023900590892310055,0.0047219697584688905,0.0014323070060956054
N5273HD,0.8059622875754032,0.18143868154398926,0.008902424944868438,0.002565327423903409,0.0011312785118357987
N5274HD,0.8509097216602053,0.13938467154552386,0.006830464312021304,0.002271577576796123,0.0006035649054533748
N5211HD,0.13284098949942758,0.4446436824159434,0.33161598207572096,0.07771492828613721,0.01318441772277082
N4843HD,0.6406165376165154,0.3363162793757342,0.0155362852217725,0.00550842000598068,0.0020224777799972347
N5287HD,0.6381864657874624,0.31365309195619906,0.035639018290896544,0.010062446665640816,0.0024589772998013324
N5286HD,0.1095034839616048,0.2728860423080146,0.3440018531474893,0.19595888099621198,0.07764973958667927
N5292HD,0.015562076627444067,0.1232541693283001,0.3579918704327785,0.3258031118509341,0.1773887717605432
N5294HD,0.8699550139974459,0.12482000082059298,0.0038033124477968843,0.001033446538318445,0.0003882261958458879
N5296HD,0.32032817537465597,0.4402168847480005,0.145472974409855,0.0681788865103234,0.02580307895716497
N5298HD,0.6775712386549873,0.2891042813040396,0.0243077199814932,0.00732712044046293,0.0016896396190171595
N5303HD,0.8122395489497591,0.17628774490752006,0.008229119837545847,0.0025145290996839804,0.0007290572054909735
N5305HD,0.2274565595073548,0.5971136080049544,0.1394036570474939,0.027059747780521518,0.00896642765967545
N5306HD,0.7970721526678919,0.18708585734138297,0.012199854396687937,0.0029082000566239188,0.0007339355374132854
N5307HD,0.09687655723890581,0.5849948212648645,0.241382347429932,0.06167735448248772,0.015068919583809957
N5311HD,0.30820023272741387,0.6281590364456512,0.05682895915977466,0.005427689823884017,0.0013840818432762452
N5314HD,0.7983517328104572,0.18593649425151534,0.010658563476869855,0.003880062064205967,0.00117314739695157
N5073HD,0.12424429661341702,0.42710275133909503,0.30784046733930454,0.11375578475729133,0.027056699950892212
N5277HD,0.04407508290315777,0.21347459104790525,0.4064073523765964,0.22640721665694508,0.10963575701539531
N4885HD,0.9296904669696056,0.0669114757406922,0.0024569861153882215,0.0006451833808373247,0.00029588779347665195
N5318HD,0.042606897458221514,0.33400701547865463,0.4756157538929085,0.12233405665148651,0.025436276518728686
N5321HD,0.7235049535775752,0.2540015722925471,0.01672301231140433,0.004923056245323378,0.0008474055731498518
N5323HD,0.9255279688134843,0.07192730183313384,0.001922438985030136,0.0004437234187297323,0.00017856694962209538
N5324HD,0.6405905437849818,0.30694609461455447,0.038764147703029196,0.011194005717973498,0.0025052081794610065
N5326HD,0.8021898079110935,0.18713632348491388,0.007317994304066506,0.002574337654993738,0.0007815366449324457
N5327HD,0.7213663213833221,0.2681909205908983,0.007795362942370423,0.001997895926216172,0.000649499157192976
N5329HD,0.11515997166499975,0.7358206893314393,0.12916102977685104,0.014966326123151947,0.004891983103558033
N5331HD,0.8149188748611235,0.16906353214870612,0.013305574546189388,0.0021007270440020214,0.0006112913999789816
N5332HD,0.7904996293439361,0.19103431050700637,0.014031588527512443,0.0036842973216426925,0.0007501742999023647
N5333HD,0.8233108678704381,0.16949821644221447,0.005492166058997067,0.0011667451769316287,0.000532004451418942
N5334HD,0.03674163369123263,0.9351718476202049,0.026297347317673993,0.0014182324008946156,0.0003709389699936202
N5338HD,0.04858359285569222,0.28955250968301705,0.3432958678579601,0.22061812414572105,0.09794990545760963
N5339HD,0.028445171186653215,0.1337698108644896,0.5037802861488723,0.3046381963033765,0.02936653549660822
N3820HD,0.01646376480141619,0.08825129862218767,0.2866216873883424,0.3260849838156395,0.2825782653724143
N5342HD,0.8595101480714138,0.1308860314111637,0.007016902882282739,0.001984512816732183,0.0006024048184073179
N5345HD,0.6930571558016496,0.26921082054506607,0.02769922409852218,0.007871804690264094,0.0021609948644980563
N5346HD,0.7629005570447737,0.2275274009605221,0.00692412292955212,0.0021650089241054753,0.00048291014104653727
N5348HD,0.046873204012570606,0.28523447094894416,0.3333070159249162,0.24664946151182746,0.08793584760174157
N5351HD,0.7509781559456836,0.22400208355952603,0.018965482365405944,0.005079608692104849,0.0009746694372794134
N5354HD,0.0030346919310766654,0.01395784608983615,0.39131850435056575,0.5669085617231764,0.02478039590534502
N5355HD,0.5321082352590537,0.4528869579624265,0.012178563991708113,0.0020423808410142226,0.0007838619457974517
N5362HD,0.8980514249277111,0.09903695613954912,0.0021497008455514726,0.0005056123737554622,0.0002563057134325555
N5364HD,0.7614437577605608,0.21742365213123638,0.015520976512515829,0.004559446016385978,0.0010521675793008463
N1264HD,0.04602490832042523,0.9005125061170199,0.04819955373386765,0.004249192873255417,0.0010138389554315615
N4985HD,0.3543743005153408,0.5620299669687798,0.0651836417354032,0.014043493459174874,0.004368597321301236
N5368HD,0.0032725962648437208,0.014181310508331288,0.2013090059482434,0.7087308845684387,0.07250620271014294
N5371HD,0.8170762441026271,0.1734214761427583,0.007277403292783318,0.001713850671895108,0.0005110257899360428
N5372HD,0.7355811265759933,0.24781402168108768,0.01274809247925549,0.0028863857454443386,0.0009703735182191711
N5373HD,0.545970534678076,0.4435865919229705,0.008635653281956996,0.0013568012466468004,0.00045041887034968486
N5374HD,0.478535456314829,0.49983734235107685,0.019051468267049006,0.0020507292129205903,0.0005250038541244303
N5377HD,0.6475533326081768,0.3377814615845783,0.012663423636219332,0.0014469911518446227,0.0005547910191809849
N5379HD,0.7744163265415485,0.20807971385769714,0.012911919833805373,0.003913751146139492,0.000678288620809549
N5381HD,0.18775611012218568,0.528652477230026,0.16773700481587112,0.08945909096512378,0.026395316866793604
N5383HD,0.3737135170677835,0.3786558533691442,0.1657880891582249,0.06924370256424939,0.012598837840598152
N5385HD,0.866272652147337,0.13050573643505844,0.002531200969612505,0.0005049416840719906,0.00018546876392003446
N5387HD,0.06955159574432161,0.3779738219102252,0.3527942005011428,0.1603370164035848,0.03934336544072553
N5388HD,0.04093503464931192,0.27530251329939026,0.3670043703159724,0.23625263617417286,0.08050544556115263
N5389HD,0.014185461641725851,0.34710448803579225,0.6012344846647146,0.0349987771708905,0.0024767884868769066
N5391HD,0.667714351433948,0.29471398449921715,0.0267960391273158,0.008455024513518278,0.0023206004260007255
N5393HD,0.5276074294747858,0.45255451071395725,0.017344198839531835,0.0018496418866035755,0.0006442190851214633
N5395HD,0.6640482732156896,0.2898647681684557,0.03244790158336843,0.011195884890604241,0.002443172141881997
N5397HD,0.7580014651908451,0.20942683584185504,0.023756341167239483,0.0065097556987553755,0.002305602101304879
N5398HD,0.7071795634756827,0.25770501698311954,0.02571372438570948,0.007152763084260007,0.002248932071228163
N5386HD,0.07587829103256312,0.5291172654473654,0.35817926121246885,0.03370417113728296,0.0031210111703197318
N2483HD,0.8307524338987939,0.15769690641761575,0.008245446396139937,0.002568313849351034,0.0007368994380993246
N5402HD,0.8501186149596072,0.14212075672901597,0.005593526980970008,0.0016283552533194027,0.000538746077087564
N5404HD,0.5469587090937491,0.37293671733724765,0.05728104030240636,0.01864661976772085,0.004176913498875958
N5405HD,0.9170682960150299,0.07960863557307585,0.002217325889872376,0.0007634867677008794,0.0003422557543208729
N5407HD,0.30325605318082316,0.6105534079027723,0.06776169932086593,0.014351359604888946,0.004077479990649526
N5414HD,0.5230962517915636,0.4671522694984649,0.008218991789188883,0.0011554153710221283,0.0003770715497604632
N5415HD,0.8512149189288664,0.14267963570436257,0.003926260732775724,0.0016232581160179067,0.0005559265179773193
N5416HD,0.19737019635055508,0.7442629495249841,0.05284401053546411,0.004386522443712881,0.001136321145283982
N5421HD,0.6825377798085449,0.2736301686756807,0.03195797802526215,0.009417604300712899,0.0024564691897994884
N5430HD,0.8338750674373692,0.1555081864883144,0.007925914534153509,0.002180668278506631,0.0005101632616563312
N5431HD,0.020867719787843648,0.4705447415007964,0.48841695063517093,0.018665698016667526,0.001504890059521525
N5432HD,0.7419867524784388,0.23750765830634868,0.014437978268373758,0.005327869683898488,0.0007397412629404033
N5437HD,0.7499099506625114,0.23451077565704784,0.013102105803774263,0.0018740491246789551,0.0006031187519877901
N4225HD,0.4170424783806471,0.5261083788425006,0.04370005090251058,0.010801477611885798,0.0023476142624558184
N5123HD,0.5193765726675262,0.4470171533337565,0.023644677307641283,0.007634115675720964,0.00232748101535493
N9187HC,0.03142398625556914,0.20499491418733232,0.3244675632482149,0.2816794142160142,0.15743412209286947
N5439HD,0.23859845595178766,0.6149532021718351,0.11257357384522733,0.02710749640430462,0.006767271626845245
