ncode,proba_0,proba_1,proba_2,proba_3,proba_4
N0001HE,0.8660791381935207,0.12985955730251958,0.002977941352049987,0.0007882864011956295,0.0002950767507141892
N0002HE,0.15740098063283997,0.8184719546978988,0.022052098574084925,0.0016503022507447277,0.00042466384443158573
N0004HF,0.6349988963842874,0.34827060516037284,0.013422698896828223,0.0026712684018483828,0.0006365311566631031
N0005HE,0.004120138687013373,0.023377629745606417,0.3908838562011933,0.5625494029938719,0.019068972372315023
N0006HF,0.05761695077556277,0.5951228852707928,0.2983612797290053,0.04242794398206302,0.006470940242576308
N0007HE,0.26985708322365204,0.6465182159725877,0.0714425947712198,0.009842824976445067,0.0023392810560954333
N0009HE,0.8422027732325927,0.1490411092922999,0.006993576766027651,0.0013735741372104151,0.0003889665718693383
N0009HF,0.6350688522762,0.3160600897331029,0.03597715854857445,0.010859464601734736,0.002034434840387898
N0012HE,0.7199914668602626,0.25280335268964466,0.021618929603565363,0.004449459359496249,0.0011367914870310735
N0013HF,0.7274157716721582,0.24748729636974648,0.018575668237566862,0.005115469992899885,0.0014057937276286043
N0014HF,0.5988677024600425,0.3792205313846231,0.01818712379465482,0.0029061693043759803,0.0008184730563035626
N0016HE,0.8906256627162289,0.10599510801540676,0.002535906444741348,0.000619111567081783,0.00022421125654118037
N0017HE,0.7908963970748969,0.19696561481727307,0.008949350830223617,0.002595619375023997,0.0005930179025823684
N0018HF,0.7334529070255387,0.24645253381930296,0.015110004656605789,0.004061484473651163,0.0009230700249014611
N0021HF,0.7280485925848874,0.25993508602763854,0.009787362225089098,0.0017582638131378257,0.0004706953492471883
N0022HE,0.8103163432514714,0.17769504639795136,0.00860845547742251,0.002564096714050095,0.0008160581591044943
N0024HE,0.5475529305042235,0.3925020087378089,0.04893171927562691,0.009037052655368978,0.00197628882697183
N0025HE,0.42561802027474316,0.41369205004083653,0.11550788389350734,0.038764379909777,0.00641766588113594
N0025HF,0.03923814471016644,0.371160188222443,0.5435099520105005,0.04267223215076809,0.003419482906121883
N0026HE,0.10856898964955479,0.43080933513561226,0.4232616810174671,0.033603825990700296,0.003756168206665536
N0026HF,0.7042246423228464,0.27905147488981974,0.013022572047768646,0.002995781940710411,0.0007055287988547501
N0027HE,0.737932304300757,0.2363987994225658,0.018559923708193517,0.0059836812166956235,0.001125291351788045
N0027HF,0.007464164329613318,0.0949825392294245,0.4634965876565986,0.3982459042160902,0.035810804568273374
N0029HF,0.06074040874930516,0.20257747561219808,0.30279310317129393,0.3462424651600907,0.08764654730711217
N0032HF,0.39550752215738016,0.46245959720900964,0.09504591458700487,0.03878004314079535,0.008206922905809915
N0034HE,0.5459165217549706,0.3468926173250675,0.0778603474679341,0.024299019977860575,0.005031493474167377
N0035HF,0.8181109852281102,0.16893476057869555,0.009200967715452788,0.0030723019920806433,0.0006809844856609031
N0037HE,0.12061027862223628,0.4379940069283739,0.2621615405799599,0.1414985047603955,0.0377356691090344
N0039HE,0.12933460177258999,0.7911093522692241,0.07391361959569716,0.004748051600851734,0.00089437476163708
N0040HE,0.3038206547195885,0.5945658223772371,0.07802069601559317,0.01857914230796828,0.005013684579612902
N0042HE,0.1502545975694523,0.459692972361278,0.21976372299761993,0.1230498014057783,0.04723890566587145
N0044HE,0.5311288803175906,0.4155196221409397,0.0398109353663903,0.010848143527921496,0.002692418647157872
N0045HF,0.17675257526902588,0.7855878530344456,0.03296533814659935,0.0037134579990061463,0.0009807755509229797
N0046HE,0.09951137925678812,0.7471246028796095,0.14493867563282087,0.007065260143598952,0.0013600820871824684
N0047HE,0.6312759030676578,0.3252034536621218,0.03208146565138418,0.009498366688089357,0.0019408109307469362
N0047HF,0.7567525837449656,0.21985200430037022,0.018435903388718176,0.004202741739234628,0.000756766826711499
N0048HF,0.700874447160521,0.265843295872363,0.025522559192392907,0.006234810400319272,0.0015248873744037174
N0053HF,0.9396330650667849,0.058401482771171166,0.0013853486289973356,0.00042329557043115486,0.0001568079626154895
N0054HE,0.18385135874304487,0.7285306630372671,0.08175485531409035,0.0048407987774867645,0.0010223241281109726
N0058HE,0.3737514933606313,0.5194375627305468,0.0888126060686448,0.014382064045204934,0.0036162737949721768
N0058HF,0.832768242557953,0.15507923810965385,0.009072308024635557,0.002571757824699154,0.000508453483058408
N0059HE,0.09524108730410194,0.3732055555373719,0.2775262953563281,0.19143372733874864,0.06259333446344947
N0059HF,0.3800350514185037,0.5228558399372214,0.06721634837765035,0.02200384688840073,0.007888913378223807
N0060HE,0.030001288321123466,0.18116906539649913,0.35509588681229,0.34226017825419935,0.09147358121588804
N0064HE,0.46173827956569047,0.4464102471324778,0.06533257823854607,0.02153253068502286,0.004986364378262933
N0066HE,0.6106027184854866,0.3307459763728103,0.04177973958060528,0.014133828303731144,0.002737737257366559
N0068HF,0.055518302230421424,0.26544175523934926,0.29736517793648604,0.30086926715700196,0.08080549743674126
N0069HE,0.6573812224446229,0.3266927080245888,0.01189335203630996,0.003115840885682057,0.0009168766087961839
N0069HF,0.039174635948512816,0.3088768249405484,0.5828322692391555,0.06436586934180685,0.0047504005299764136
N0070HE,0.09536356758310913,0.3747490212059499,0.29527782669909763,0.1861128293067948,0.048496755205048606
N0071HF,0.3854629264680526,0.5295670910286155,0.06583508447615466,0.015340221406968974,0.0037946766202082574
N0074HE,0.1546230603475671,0.3834324937322513,0.37673049799742314,0.07765677417017205,0.007557173752586412
N0076HE,0.06097676682292189,0.30777895426457913,0.3029787202301536,0.24935137274066105,0.07891418594168428
N0076HF,0.8979910260101788,0.09719102247462097,0.0036833213360622312,0.000866386250925082,0.00026824392821285156
N0077HE,0.005177895814412434,0.026258082131252653,0.24929197567201208,0.39064205448678646,0.32862999189553627
N0077HF,0.7064154216878217,0.2718710540135175,0.01758739602304051,0.0034279265194749184,0.0006982017561453155
N0078HF,0.7233739667504006,0.2577824146751443,0.015327738870289468,0.002894169861798167,0.0006217098423674282
N0079HE,0.6534499862565699,0.3277597833772229,0.014716236115641232,0.002979669793754719,0.001094324456811232
N0079HF,0.8431532603686447,0.1512755655463613,0.004212169252503991,0.0009482110048359253,0.0004107938276541088
N0080HE,0.31031807091435726,0.6216129713402616,0.05946315183794283,0.0071042723056376446,0.0015015336018007067
N0082HE,0.3203210886748547,0.630382140086578,0.043778171232578086,0.004556808704381547,0.0009617913016075685
N0084HE,0.8881593887158822,0.10847164990744387,0.0024565710829894294,0.0006564636882390198,0.0002559266054456059
N0086HF,0.20734860097253693,0.7377421180225298,0.050701511001659295,0.003368605107477502,0.000839164895796471
N0089HF,0.18856009795076656,0.7678821234209932,0.03907994940238972,0.003742829094925143,0.0007350001309254894
N0094HE,0.3831536273246216,0.4682538949374152,0.10317093255401974,0.0363529235328076,0.00906862165113577
N0095HE,0.1093892788831587,0.7764335605014463,0.10535299477097873,0.007639305505189589,0.0011848603392267132
N0096HF,0.8322581285100726,0.15876974204575361,0.006375830896698973,0.0020006076918475274,0.000595690855627333
N0099HF,0.22022900428911846,0.5595225010174644,0.1992631145183886,0.018409985114926024,0.0025753950601025686
N0101HF,0.7409955293038156,0.2488450080085432,0.008054334969621199,0.0015780213953785617,0.0005271063226413888
N0102HE,0.18177440317893084,0.7544455036391652,0.054500066213362876,0.007575994927096566,0.0017040320414445035
N0103HF,0.009891079591002567,0.06672598895487157,0.27128823180706174,0.3931483360230688,0.25894636362399526
N0105HF,0.9024101506832916,0.09156857065364575,0.004534707897908151,0.001060297130414205,0.00042627363474042674
N0108HE,0.3371750746025136,0.5691302866982184,0.0717386069943438,0.0173487737863169,0.004607257918607239
N0109HE,0.08968076028458746,0.7345709294153638,0.15571272929072105,0.01632739519454027,0.003708185814787392
N0110HE,0.08367694831108588,0.3875118147659009,0.29762612283793966,0.1885589819956688,0.042626132089404786
N0111HF,0.8308086298929563,0.16239331755270509,0.005472285116628821,0.0009846588232035648,0.00034110861450624717
N0113HF,0.7607008327833028,0.2302001438439909,0.007665724303292806,0.0011186700757949823,0.00031462899361858255
N0114HF,0.1925334484625259,0.7317849245853062,0.06528762258176542,0.008960532934845096,0.0014334714355574178
N0115HE,0.6553979811066942,0.30563926350932735,0.030719373643437197,0.00675651728138124,0.001486864459159987
N0117HF,0.8271196995742013,0.16631392801875117,0.004753176529382384,0.0013291080502415282,0.00048408782742364345
N0119HE,0.7357226935876824,0.2514133977498567,0.010536132763395621,0.0018612914456562577,0.00046648445340892865
N0119HF,0.873651897117608,0.1190051485803604,0.005152092369404429,0.0016935107596595066,0.0004973511729677125
N0123HE,0.4233680715562483,0.4353473826572142,0.10325641172083552,0.03046912431971934,0.0075590097459826925
N0124HE,0.06809503069156067,0.7082339859337242,0.1882240736951884,0.02641243815328872,0.009034471526237806
N0125HE,0.7884595012736719,0.20551592762397788,0.004822912414801285,0.0008865146862831064,0.0003151440012657868
N0125HF,0.3142788841893401,0.6286414018072805,0.04912606274633756,0.006351968874542671,0.0016016823824992795
N0127HE,0.016339389289603205,0.11625584582632513,0.35464559114290506,0.3698162025516364,0.14294297118953014
N0127HF,0.7909456288743419,0.20119252214551464,0.0063238520976253735,0.0011785025563119732,0.00035949432620600375
N0130HE,0.9199553714350012,0.07714086822879997,0.0021058161246576687,0.0005846984757275417,0.00021324573581360464
N0132HF,0.27727399394413876,0.6855366842948973,0.032675149063831246,0.0034954836650160116,0.0010186890321164511
N0133HE,0.6183444568862907,0.3638109402387326,0.014878178971119876,0.0023258007964489054,0.0006406231074078082
N0136HE,0.75692249740984,0.22743166946501342,0.011819561331246908,0.003069664298662533,0.0007566074952372757
N0136HF,0.8175267703120372,0.16449364556669266,0.013358019833347567,0.003835894108698448,0.0007856701792240551
N0138HE,0.036571900547655044,0.25163170810141133,0.44011499113934793,0.2239229020453349,0.04775849816625077
N0140HE,0.7385318496141269,0.23189267802768998,0.02064080491938428,0.006383553555698113,0.0025511138831006306
N0140HF,0.7977603233339668,0.18616871225398013,0.012378323480138372,0.0030933772695986737,0.0005992636623159621
N0141HE,0.026022729675434886,0.8925366758750032,0.07749992445127721,0.0033521190292644895,0.000588550969020344
N0142HE,0.7544452895122727,0.2211406041432072,0.019036920106088418,0.004286122469302823,0.0010910637691288624
N0142HF,0.8558018080301171,0.1393364042484218,0.003592263126334904,0.0008966144382601231,0.00037291015686619273
N0145HE,0.9076691438755764,0.08970436575479732,0.0018957603679318302,0.000525984079231831,0.00020474592246258087
N0147HE,0.8583460547499197,0.12808747591124497,0.008736836906256705,0.0035074634824334905,0.0013221689501451803
N0149HF,0.09530157971067973,0.878414652983199,0.024124595331686784,0.0017279519725478935,0.00043122000188650946
N0150HE,0.21268111169643533,0.45725663406845696,0.2189172530159146,0.09096982782849734,0.02017517339069585
N0151HE,0.05013365451695986,0.2537765250907325,0.5579360924342498,0.12423177428194385,0.013921953676114027
N0152HE,0.6760358396725048,0.29145877749943666,0.0239253528054183,0.007068671768560073,0.0015113582540801712
N0153HE,0.5907531686334855,0.3438167765201567,0.04898106376173047,0.014252898405487126,0.0021960926791402017
N0153HF,0.7023970055652132,0.26883780772808,0.02219494978481596,0.005352045731211365,0.0012181911906794527
N0157HE,0.8032409161685223,0.18177990536063762,0.010728786659654571,0.0033263328400907205,0.0009240589710948733
N0158HF,0.6817321166369132,0.2859263694991806,0.023223562015172828,0.007464226519026338,0.0016537253297070054
N0159HE,0.333500096457757,0.5239164567477063,0.10364120947784254,0.031012239083953435,0.007929998232740727
N0159HF,0.24504828696783446,0.5941713266191593,0.12108778795660927,0.03138230640208432,0.008310292054312602
N0160HE,0.877508347037683,0.11664316183306409,0.004297892532527192,0.0011315390515021916,0.0004190595452234347
N0161HE,0.8901461452085971,0.10503384868394568,0.0033485848194399494,0.0011163128694973426,0.0003551084185197988
N0161HF,0.8993975498664112,0.09452589054514704,0.0041748271786201325,0.0013843908892459795,0.0005173415205756476
N0163HF,0.028189537143823985,0.11627263446344831,0.2756995334701884,0.3517681758181739,0.22807011910436553
N0164HF,0.1405243870341395,0.38058083782674357,0.28785977806310825,0.1369914720727125,0.0540435250032961
N0166HE,0.7283878137925914,0.24874725951865048,0.017158389847937935,0.004598085036539633,0.0011084518042804438
N0167HE,0.27458334536857787,0.604854808659845,0.09557580210518977,0.01979719004868117,0.005188853817706292
N0168HE,0.03976369472347767,0.9341420613600169,0.024071563934196002,0.0016273158061029171,0.0003953641762064442
N0170HF,0.9249771312384396,0.07288212398969195,0.0015602378978435963,0.00042140621074234305,0.00015910066328246093
N0171HC,0.842763502592609,0.15036697558444354,0.0049753972733810594,0.0014399058341090676,0.0004542187154573705
N0171HF,0.6905223300871589,0.2944227387016121,0.012677132080153622,0.0019058963291540645,0.0004719028019213426
N0173HE,0.45490332400059863,0.5120429513017826,0.027086877596669952,0.004657787088908285,0.0013090600120406115
N0175HE,0.21506383390287792,0.45025352140904784,0.1990081231764471,0.09808369745199592,0.03759082405963114
N0176HD,0.5852298628692616,0.3982188331626191,0.013469521499562967,0.002347726942881212,0.0007340555256750567
N0176HE,0.9134778195120445,0.07915127674606975,0.004752267313323211,0.001953718525607953,0.0006649179029546041
N0181HE,0.5952945223740815,0.3803172039508643,0.020820000942401096,0.0029202944262985376,0.0006479783063545741
N0185HF,0.45335335596861687,0.5374536652649483,0.00784511348424419,0.0010064577701825758,0.00034140751200805065
N0186HE,0.7737887462666497,0.21461855491974652,0.008716005353865418,0.0022129291946019506,0.0006637642651363901
N0188HF,0.17542707200365976,0.734755262301251,0.08367258142044878,0.005212994911248719,0.0009320893633917495
N0189HE,0.738186778647631,0.2349026957785747,0.020690430982692735,0.005184798527560782,0.0010352960635407447
N0190HD,0.2214208117369842,0.6035265137482474,0.1383532536653809,0.027831796934715037,0.008867623914672544
N0192HF,0.28020119107242697,0.5703882259245677,0.1184884314833508,0.02645442524312302,0.004467726276531501
N0193HF,0.1903247182245417,0.4696201601618369,0.19877836869609813,0.11368330529854227,0.02759344761898101
N0194HF,0.004276794019131679,0.03148070311334765,0.2590610659633707,0.5585033253827348,0.14667811152141513
N0195HF,0.24351166465687935,0.6011002687613944,0.11312713525161507,0.033432685951697946,0.008828245378413228
N0197HE,0.03168403443070696,0.946696965001568,0.0199363020049094,0.001378648076346701,0.0003040504864688593
N0198HF,0.4409653221750337,0.548693507642813,0.008871599502222043,0.0011244965412981335,0.00034507413863312474
N0200HF,0.7717849948682372,0.20318624601839458,0.015501178481592937,0.007041476162816014,0.0024861044689594974
N0203HE,0.058268803255129856,0.6752305767742756,0.24430420996852967,0.017701597729498954,0.004494812272566024
N0205HE,0.6656091136726113,0.3054110346942489,0.022099918635637286,0.005698361653067452,0.0011815713444350562
N0205HF,0.8439209076402436,0.15064288116182284,0.0040245641160769775,0.0010751312418190106,0.0003365158400374655
N0210HF,0.30763797546356697,0.5974462443656323,0.07581789066471119,0.0143725108292302,0.004725378676859123
N0212HE,0.468066644991063,0.4717784037186795,0.04782139213050702,0.009232829732876317,0.0031007294268741454
N0213HE,0.788433930650118,0.19629367718025442,0.011047019846561102,0.0034166681771987256,0.0008087041458676853
N0215HF,0.5783590543236439,0.39042593776544743,0.025747329142474684,0.004306161516258478,0.0011615172521755948
N0216HF,0.4633397833795626,0.5084337121180784,0.024110144948601187,0.0033047902567659242,0.0008115692969918407
N0217HE,0.018246793802572374,0.3759295385501411,0.5726772765783013,0.030227242245187812,0.0029191488237974694
N0219HF,0.8129640365034811,0.17358713749607285,0.00971953213039067,0.003068542122346805,0.0006607517477084394
N0220HE,0.05538482873078739,0.9255888393096157,0.017519092633361384,0.0012119558096227278,0.0002952835166127788
N0221HE,0.7055121212808314,0.27175669111203515,0.016642018437611407,0.004699561937299318,0.0013896072322227067
N0222HE,0.8382829726578823,0.14820602240237898,0.009967109098176979,0.002767964232671674,0.0007759316088900385
N0222HF,0.5165840730028818,0.46487877125240545,0.015611825465922666,0.002356927315414541,0.0005684029633756147
N0223HF,0.15940237465151214,0.7915861026927764,0.04503272588704981,0.0032532436195850598,0.0007255531490766376
N0224HF,0.2675878389125782,0.4977264745056555,0.1932956793264781,0.035908739233456846,0.005481268021831321
N0225HE,0.8926097209818898,0.10187169622434282,0.003955620906835288,0.0011359400855252592,0.0004270218014067309
N0226HE,0.023529328703316775,0.13455300686844687,0.422642132754609,0.26499301206705794,0.15428251960656933
N0227GZ,0.8729473781031281,0.11945293659146106,0.005933376881273644,0.001266626945539665,0.00039968147859757415
N0227HF,0.886067500492764,0.11036209207661982,0.0026423205350550073,0.0006331907276485263,0.0002948961679126437
N0228HE,0.32029543592896215,0.48472429714210713,0.13068099575035147,0.05239021072818893,0.011909060450390382
N0229HE,0.70241820901383,0.28017494592999614,0.014245634615745722,0.002472953195594425,0.0006882572448336984
N0229HF,0.8372830262107808,0.1548086816871875,0.005814843080084094,0.0015832294003142277,0.0005102196216332713
N0230HF,0.32555707609057666,0.5706519222346337,0.08244659855951388,0.016954415294004828,0.0043899878212709156
N0231HE,0.413675244647449,0.5683563542495353,0.015313999713497386,0.002159541724797861,0.000494859664720458
N0233HF,0.7499674956495752,0.22713129180883151,0.01744472991522078,0.004350674459089255,0.0011058081672833187
N0235HE,0.46674652014630497,0.42753177683589944,0.07889276399520828,0.021373416683643738,0.005455522338943655
N0237HE,0.6448631561461433,0.33149832288271824,0.018517421849516123,0.00364649174920612,0.0014746073724160493
N0239HF,0.23881328100110558,0.6856180549132959,0.06424996189044216,0.008814068723359197,0.002504633471797235
N0240HE,0.7888829991498756,0.19241448089673172,0.014137022949962701,0.003788433252605296,0.0007770637508247556
N0240HF,0.9220557359070334,0.07502612469564088,0.0020866878965087278,0.0006233248504780933,0.00020812665033904089
N0241HE,0.048403729626328766,0.5986703719084335,0.309217482302559,0.036709892378744544,0.006998523783934095
N0241HF,0.8824928701627434,0.11029204668728392,0.004789275184488431,0.0018866386755311208,0.0005391692899530221
N0242HE,0.6563302829286164,0.32237118370015383,0.01624373786927442,0.003538596612194712,0.0015161988897604696
N0242HF,0.7561069786425167,0.2254677516954699,0.013327546815755075,0.004160062553987548,0.000937660292270737
N0243HE,0.48187602610857194,0.3914082423549521,0.09473092886918377,0.02712505734101852,0.004859745326273666
N0245HE,0.06237632886851863,0.3695776621350659,0.45494886791444955,0.0993676024776716,0.013729538604294409
N0245HF,0.009013258605285278,0.051788562329576446,0.3141862574232704,0.512224391858697,0.11278752978317094
N0251HE,0.3663000954025408,0.5538733395722809,0.06260898753143948,0.013714864292128764,0.0035027132016100825
N0255HF,0.7935582738594494,0.19161404398046472,0.011186589013010124,0.0029141867697876347,0.0007269063772881183
N0258HE,0.7619007125650332,0.21967910783660888,0.013849100974399087,0.003736791678693578,0.0008342869452652732
N0258HF,0.12913581678436523,0.430769756491953,0.24227903852831467,0.15458944256146978,0.04322594563389736
N0259HF,0.28301925561572205,0.4677538920512633,0.17509756958194164,0.058915821412581115,0.015213461338491918
N0260HF,0.7614773957609826,0.2155337245061372,0.017201379228991096,0.0046590061417904,0.001128494362098729
N0263HE,0.869776833941561,0.12499698761916574,0.0037532423784737146,0.001099235666352338,0.0003737003944473328
N0263HF,0.7142600604742098,0.2764548849234907,0.007478719206659587,0.0014199235011947801,0.0003864118944451296
N0264HF,0.2016532045188577,0.6226243270880476,0.13328371623462937,0.03614806943403169,0.006290682724433723
N0267HE,0.07371894765932738,0.870335850792847,0.05232843232298416,0.0030145661818242625,0.0006022030430171694
N0268HF,0.3136280383047705,0.5589584993714904,0.08675707427093692,0.03202556852654205,0.00863081952626004
N0270HE,0.7961431742690268,0.18582215959662837,0.013560398896271328,0.0031763725699530823,0.0012978946681204348
N0272HE,0.5318995602483436,0.38875090634262716,0.05888299581976093,0.015544825651340877,0.0049217119379273725
N0274HE,0.07987064322755515,0.37836932752166363,0.42675345394819997,0.10007875902777463,0.014927816274806669
N0278HE,0.5857168160102048,0.34698409608646946,0.05024618081773108,0.014549988543129711,0.0025029185424650575
N0279HF,0.6415282141847098,0.3272232657208686,0.024072195462429096,0.005846554700449631,0.0013297699315428803
N0283HE,0.5793202820587664,0.3804705029296274,0.029232865066607945,0.008855821733664306,0.002120528211333947
N0286HE,0.8860043403927136,0.11036782123237657,0.0026213168280127762,0.0007203556656143002,0.00028616588128271305
N0287HE,0.47510627816611234,0.4917719894694719,0.025646334690593603,0.00556932481051488,0.0019060728633072642
N0288HE,0.7574254665518405,0.2190082999831345,0.018307276488653983,0.004360656048656335,0.0008983009277147121
N0292HE,0.14288254713286713,0.7648927083749835,0.08291447681045089,0.007140418380458061,0.0021698493012403965
N0294HF,0.7180745642774166,0.2552395982079855,0.0199613598554566,0.005649630883969368,0.0010748467751719973
N0295HF,0.8455146839172374,0.14472375588621963,0.00726177583917296,0.00199981608538626,0.0004999682719839477
N0296HE,0.40975639485150506,0.5115962437008156,0.06000837160859769,0.01580739680321148,0.0028315930358702003
N0299HF,0.2659103782676788,0.7113779943847993,0.020167264436825642,0.0020255438008340548,0.0005188191098623071
N0301HF,0.7961172340436258,0.19313246653393018,0.0079406150739792,0.00223009635401196,0.0005795879944529904
N0302HE,0.7386508275333866,0.23477150404468086,0.01910845658386494,0.006101336198219864,0.0013678756398476373
N0303HF,0.6027210718586563,0.36407102519194734,0.025385838246513727,0.005872783794581473,0.001949280908301159
N0304HF,0.5287688567076596,0.36532176732112115,0.08407051725293015,0.01859658210477427,0.003242276613514841
N0305HF,0.033673416911422026,0.17214581270926516,0.4080882010432254,0.34706718822108995,0.03902538111499752
N0306HF,0.8714308642076904,0.1219090634358612,0.005045434296063457,0.0012707459631458046,0.0003438920972390879
N0307HF,0.06883916106188273,0.9161913906380127,0.013757126238874437,0.0009603548884435226,0.0002519671727866855
N0309HF,0.041354194885370184,0.18700797253558726,0.4275882877662188,0.295238031475768,0.048811513337055655
N0311HF,0.19125272450278694,0.7819786568253833,0.024374629068706143,0.0019051668802059958,0.0004888227229176105
N0312HE,0.6129363435347913,0.3532811694179257,0.02478602132878226,0.007270039265704782,0.001726426452795966
N0313HE,0.7752015918276094,0.20639482717018884,0.013657985336029809,0.003884802395127426,0.0008607932710445164
N0316HE,0.8288991230031366,0.16339756741604944,0.005789798894798109,0.0014733141003278004,0.0004401965856880365
N0319HE,0.7195145115996391,0.25822469959728556,0.015916268505384253,0.004910353586831626,0.001434166710859478
N0320HE,0.8793729679767376,0.1136330837691506,0.005029222942828977,0.0014948926601490733,0.0004698326511338399
N0323HF,0.38957752768343823,0.4568549200497408,0.11359591548621857,0.0327007649291031,0.007270871851499265
N0327HE,0.7875279296349256,0.19620720968248914,0.012051461730183644,0.003442617654587441,0.0007707812978143142
N0327HF,0.6901495737515358,0.2750036295801854,0.025614772056875068,0.007226299967377205,0.0020057246440263617
N0330HE,0.551377247705236,0.4162529162336536,0.024917526124678305,0.006061413227721206,0.0013908967087109063
N0330HF,0.7582589541832043,0.21674273581914244,0.018740483103689958,0.004780689820787346,0.0014771370731759743
N0332HE,0.8206007139733502,0.16924594591499156,0.007193127694392546,0.00247119304674637,0.0004890193705192655
N0332HF,0.34357755505661114,0.6028746762016015,0.04414421875428294,0.007631653626168732,0.001771896361335577
N0333HE,0.029960667502629906,0.20183586486819521,0.4743527482226312,0.24586992209421482,0.04798079731232886
N0334HE,0.38800291036066226,0.4484902609153808,0.12029798975557353,0.03496170282393991,0.008247136144443444
N0334HF,0.9119825492026946,0.08361206845451795,0.0031436746475888436,0.0009628045395453956,0.000298903155653076
N0336HE,0.8794587057517912,0.11721925329133356,0.0024972470470025878,0.0006043474286654482,0.0002204464812072004
N0338HF,0.15966114452757285,0.5105741475769956,0.19627521329452752,0.0937708246099827,0.03971866999092133
N0343HF,0.8320522338022982,0.15567908318649687,0.00961965127145634,0.002182426915970464,0.00046660482377812267
N0344HF,0.7278874291200624,0.25450705201756313,0.014327040697034818,0.0026555698460924517,0.0006229083192470545
N0345HE,0.8012449888652551,0.18628007089827767,0.008229782527985188,0.0031684586852791575,0.001076699023202885
N0345HF,0.7250464727547569,0.2573583144449859,0.014827755499524056,0.002195494658312057,0.0005719626424210734
N0346HF,0.8897845302188809,0.1030434770785876,0.005364699822577146,0.0012764764911274069,0.0005308163888269277
N0348HF,0.06976752536208547,0.9152196299299099,0.013790513972277554,0.0009804971986221275,0.00024183353710503105
N0349HE,0.8531915799678197,0.13778114843293152,0.006674214450105834,0.0019626334877003047,0.0003904236614424725
N0349HF,0.731122936062394,0.25405445995269077,0.012274052059047389,0.002044998565177213,0.0005035533606906985
N0351HE,0.3926881860543895,0.4634553588536206,0.09952482241406578,0.03637180492161647,0.007959827756307757
N0351HF,0.7403973794767422,0.244407119723041,0.012637494669983342,0.002056451079618173,0.0005015550506153134
N0353HF,0.7738431389227726,0.20805526412764602,0.014042688818453095,0.0032212259648159705,0.0008376821663123845
N0354HF,0.8264992445130467,0.1603332628377067,0.009620427148570471,0.0029830890259097734,0.0005639764747662148
N0355HE,0.2874991872991096,0.5311283220962763,0.14241571972870937,0.033061189390561393,0.005895581485343405
N0356HE,0.7357127333349597,0.2479626785078572,0.012803030567766552,0.002761995332531686,0.0007595622568848227
N0356HF,0.7945411110382811,0.1784626158198324,0.01693470749595432,0.007466003042825781,0.0025955626031065504
N0357HE,0.3801595348633512,0.555233530367919,0.05363441143436137,0.009179033252563555,0.0017934900818049094
N0358HF,0.26017892308801394,0.5093507993973991,0.21306677776724947,0.01515161014609949,0.0022518896012380116
N0360HE,0.7216665606379402,0.2619832600545926,0.012395861204223821,0.003235175784673249,0.0007191423185702103
N0361HE,0.9335007443673691,0.06453972988911634,0.0013873812823009216,0.000406892625374583,0.00016525183583900824
N0363HE,0.7683508236847627,0.21631774133757734,0.011477201597772902,0.003128079857969296,0.000726153521917801
N0363HF,0.0903731085961478,0.2830540389802011,0.32274832501755474,0.23680095367408316,0.06702357373201334
N0364HF,0.05908453005874779,0.31058220056960534,0.3348549846967497,0.2281494486349655,0.06732883603993166
N0365HE,0.47924276013525385,0.38740324615676697,0.09329571710584614,0.0349255992665094,0.005132677335623705
N0365HF,0.044190876827572154,0.25520905770655816,0.602353601680571,0.09091731719239796,0.007329146592900762
N0366HE,0.33034655373838656,0.5719625363203772,0.07598408928550235,0.01661836180964441,0.005088458846089511
N0367HE,0.4592838121988967,0.43991282113168817,0.06367546331105303,0.030818769669810803,0.006309133688551301
N0367HF,0.22303901798861822,0.6784186035432535,0.08279969922447963,0.013126654368204423,0.0026160248754442637
N0369HF,0.6691999921628579,0.3135216409265764,0.013793404739170656,0.002548339429343628,0.0009366227420514349
N0370HF,0.7225445778052875,0.25772511363966255,0.015098393068125706,0.003722258136271795,0.0009096573506524525
N0372HE,0.8530527677828766,0.13807268836796954,0.006976181650164906,0.0015727321384612035,0.0003256300605277671
N0374HE,0.0061892745202236565,0.04528883940200896,0.2739364112886138,0.6145539851405643,0.0600314896485893
N0377HE,0.8930924500003373,0.10203788397589184,0.0033271499732750987,0.001161710556200715,0.00038080549429501503
N0378HF,0.7773229293296666,0.20655364050821268,0.012631736444496658,0.002779736166505265,0.0007119575511187819
N0380HF,0.6724573858890107,0.30644207943365176,0.018011668829675358,0.0024376579326080986,0.0006512079150542041
N0381HE,0.8563537837753357,0.13593225024670583,0.006242723334435777,0.0011612181673746906,0.00031002447614790095
N0382HE,0.7294870542004699,0.25502897525398327,0.010876496992493875,0.003604666421680772,0.0010028071313720626
N0382HF,0.4560995075229157,0.49471933480257907,0.03938129013049803,0.008033170274166094,0.0017666972698411928
N0383HE,0.8520765499402732,0.13863502579505985,0.006843663324853075,0.0017931229303994277,0.0006516380094144251
N0384HF,0.3296707549178243,0.6026160886212614,0.05513472508641656,0.00985547231680922,0.002722959057688515
N0385HC,0.11664186666612904,0.617332240507295,0.21881147357622618,0.03617644881910435,0.011037970431245622
N0385HE,0.7943007493754253,0.19762786604198634,0.006401809428986552,0.0012759217641192216,0.0003936533894826514
N0387HF,0.03438158910227739,0.9468953034765502,0.0173465530010006,0.0011089137611265678,0.0002676406590452622
N0388HE,0.9003947651828488,0.09448833386051433,0.003614402450867088,0.0011229821070994047,0.00037951639867019174
N0389HD,0.038527884091565275,0.9282694199869063,0.030931425136335115,0.0018443270751163838,0.00042694371007703216
N0389HE,0.7898421373845765,0.20221432109879314,0.006371877273916085,0.0011858298325169592,0.00038583441019724856
N0390HE,0.2392217190890482,0.49844176327380146,0.163696216727209,0.0719183725273926,0.026721928382548776
N0391HE,0.34699358203679104,0.5346285512372773,0.09224552030997843,0.02047326575786878,0.0056590806580844736
N0392HE,0.726304805580037,0.26204690303009376,0.00943764614238766,0.0017312834296773559,0.000479361817804289
N0393HF,0.2998593846825219,0.48555179980095353,0.14506067829630254,0.05746592387879075,0.01206221334143135
N0394HE,0.7396898730182123,0.24827956787436958,0.009858578523700392,0.001675529569956321,0.000496451013761415
N0395HF,0.5761341815045119,0.38583458891076033,0.03139190272893574,0.00530784057192035,0.0013314862838716868
N0397HE,0.6905422268994319,0.29343473851299134,0.013042600564089185,0.002425165290012614,0.0005552687334749116
N0400HF,0.10598090888111997,0.4617423759885521,0.2979240395014525,0.1200868927666027,0.014265782862272721
N0401HF,0.15124719577957677,0.45438124135388475,0.22163209762908495,0.13969338832761863,0.03304607690983495
N0402HF,0.45620664485128604,0.4875759231524034,0.045178498818954436,0.008717385847795703,0.0023215473295604533
N0403HF,0.8507911260287775,0.14451895224987105,0.003586602611120803,0.0007450113865439967,0.00035830772368646203
N0405HE,0.5737743067362374,0.34978623051895286,0.05488807480529541,0.017065485442913114,0.004485902496601303
N0406HE,0.26681949812045763,0.6592279547657517,0.06368407234664657,0.008432279307147034,0.001836195459997219
N0406HF,0.6418987000657115,0.334381971183438,0.01917978798122607,0.003502482387731639,0.0010370583818928106
N0408HE,0.7487595664456945,0.2440901918420034,0.005605744725964136,0.001187860358420534,0.00035663662791736683
N0408HF,0.19009922017953612,0.6082666707811302,0.14041734839656933,0.04877275438224043,0.012444006260523976
N0409HF,0.18300053980914066,0.531223573410477,0.1922773646244224,0.07656478510843759,0.01693373704752238
N0411HF,0.1594506843087879,0.7472768092785713,0.08186920158180845,0.009228429805537773,0.0021748750252945743
N0412HE,0.47331647365926016,0.42451372480271266,0.07586156537540387,0.021745041251285614,0.0045631949113377375
N0413HE,0.9155369653375841,0.08134066326265602,0.0022022229943247425,0.0006434861556455322,0.00027666224978959
N0413HF,0.3146990815726139,0.6440322654515276,0.03502359864483916,0.005019265326882756,0.0012257890041367252
N0414HE,0.8350643175583603,0.15548239703502803,0.006759688462984604,0.0022085099928506346,0.00048508695077651196
N0414HF,0.030598061289074198,0.8935979276344325,0.07169540650479149,0.0032031040830252018,0.0009055004886766192
N0415HF,0.706554540756292,0.2602327618195389,0.025640804628981877,0.006362034860859117,0.001209857934328136
N0416HE,0.6157090630928287,0.357965872075834,0.02046719970239571,0.004736232985411979,0.0011216321435296198
N0417HF,0.3261960774584786,0.5071115096271135,0.10849523018827215,0.04693549238543946,0.011261690340696306
N0419HF,0.01675906295186437,0.10822850730881757,0.28408397002936886,0.47976684804164044,0.11116161166830878
N0422HF,0.6702474438243978,0.31068664740640595,0.015041040472826176,0.003052217603673728,0.0009726506926963181
N0423HF,0.6475888668304915,0.3062437885511774,0.0322965556171117,0.011071894194519934,0.002798894806699531
N0424HE,0.4005569642239638,0.5133430827253163,0.06878231839154522,0.014587394176018568,0.0027302404831561454
N0425HE,0.3743450122968847,0.547996376894131,0.06096300131417737,0.013393860490324608,0.003301749004482156
N0425HF,0.2707961177520565,0.6057736638773659,0.09730390071406311,0.021278457065018564,0.0048478605914960456
N0426HE,0.5739646449115168,0.4035069868382847,0.017425358636643847,0.0038968348342855097,0.0012061747792692042
N0429HE,0.798795332478613,0.1865764257753096,0.011193248765046519,0.0027850054973223835,0.000649987483708452
N0430HE,0.6287644038487109,0.34716982839168564,0.020353230939402552,0.0029538448265179823,0.0007586919936830434
N0430HF,0.08860799970181626,0.3783455555142746,0.2934963704506768,0.19044239484216371,0.04910767949106872
N0431HE,0.491332192048187,0.4732715740479517,0.029577012418002886,0.004587529104609481,0.001231692381248881
N0431HF,0.02261935211882546,0.5900437996481598,0.36405462127289184,0.02119362909819165,0.0020885978619312002
N0432HD,0.549155508945349,0.3825400363212086,0.049906628613699336,0.014797953066569735,0.0035998730531732583
N0432HE,0.3573077799522339,0.5593644087553085,0.06530192820895558,0.014728556586244038,0.003297326497258263
N0433HF,0.014156514801857017,0.1313835600664382,0.6773152852082835,0.16697937445895786,0.010165265464463424
N0434HE,0.8038548107100123,0.1870930479581182,0.006904902454358703,0.001724329182729614,0.00042290969478114913
N0435HF,0.882105423321347,0.11133432727089065,0.004700754900341655,0.0014092936695066908,0.0004502008379140621
N0437HE,0.6718434444445391,0.2953160331439985,0.02567242216813504,0.005872930579979591,0.0012951696633478466
N0438HF,0.02455692162323573,0.40223748033262446,0.5358408739928066,0.03336195107035963,0.004002772980973745
N0439HE,0.9010920168755069,0.09513617758931556,0.0025832671069157724,0.000929366238887089,0.0002591721893747685
N0440HF,0.1578092142405771,0.470633426385755,0.2375412743592933,0.10518728958797104,0.028828795426403604
N0441HF,0.4454661903838444,0.5174737041617757,0.03239919644796461,0.0037504728336011316,0.0009104361728141722
N0442HE,0.08386033868741678,0.35539248085441905,0.25949507124024307,0.24118381930259059,0.060068289915330544
N0444HE,0.8232539426036407,0.16872767580704043,0.005869721274634457,0.0016706407339689712,0.0004780195807154492
N0446HF,0.7583964050100963,0.23034518010110375,0.009289523273473273,0.0015426419744810082,0.00042624964084567944
N0447HF,0.020228941303695007,0.5458892630964989,0.41137007527175634,0.020630395353809183,0.0018813249742405998
N0450HE,0.7097273877736208,0.2662043737583778,0.018526698882019604,0.004648091664895891,0.0008934479210858718
N0450HF,0.0064692428834401145,0.031777630199528714,0.16792786947162844,0.5253880628452189,0.268437194600184
N0452HE,0.36040447111325014,0.5651975774835037,0.058920897588283026,0.01205770768285928,0.003419346132103796
N0452HF,0.35879462490223535,0.5595195137506204,0.06532787306042442,0.012688317829643742,0.0036696704570760236
N0453HE,0.8699611363360227,0.12480840576844379,0.0037244897160505024,0.0011364098424543132,0.00036955833702875096
N0455HF,0.1394886088521496,0.8275306589886,0.029838290469435435,0.002392204173699514,0.0007502375161153301
N0456HE,0.5630651779466603,0.35825622033165216,0.060207989797147664,0.015310204864836646,0.00316040705970315
N0457HE,0.07489629516469612,0.8686166302063194,0.05073189821343767,0.0047979486063378565,0.0009572278092089062
N0458HE,0.9097869828129133,0.08453415311811195,0.004176818236876288,0.0010574839048219267,0.0004445619272766792
N0459HF,0.04074016059503261,0.1992310870405444,0.4322050150500366,0.28673651594355004,0.04108722137083636
N0460HE,0.6443442696167555,0.3482665569466872,0.006191997601851925,0.0008605088625553883,0.00033666697215005247
N0461HE,0.24329280916919468,0.6170546632740161,0.10956404843923258,0.023388056923270912,0.006700422194285641
N0462HE,0.6748147921794894,0.2900095565881239,0.027514110672180892,0.006237054192286461,0.0014244863679194887
N0464HE,0.8066389664659933,0.18589012336043548,0.006034226123532972,0.0011395052620031345,0.00029717878803501446
N0465HE,0.7398970341303795,0.2519146216492988,0.006512811167862698,0.0013176626278992567,0.00035787042455972374
N0465HF,0.3385290350643766,0.379627959056609,0.1945296109434244,0.07538361561831693,0.011929779317273013
N0467HE,0.1535007094930459,0.4516588438160598,0.24151982359934068,0.12061894643672115,0.032701676654832555
N0467HF,0.9297737605282862,0.06710318241915726,0.0022061638020119253,0.0006508927727283493,0.0002660004778163458
N0468HF,0.009071599562402857,0.04997008647717426,0.2824421195602981,0.3867857962809495,0.2717303981191753
N0470HF,0.8118307574405568,0.1783211236100279,0.007913767186225457,0.0014935370244659907,0.000440814738723837
N0471HF,0.5220870768115369,0.42756315307440496,0.0414110658956536,0.007427586797273763,0.0015111174211306783
N0472HE,0.6968560357534681,0.2931867068575234,0.007548903798638586,0.0018928940010932596,0.0005154595892767525
N0472HF,0.16376427757083806,0.557354321412596,0.20856855253913179,0.05653828054095188,0.013774567936482282
N0475HE,0.1414849278776843,0.7642852074324638,0.08699752491703328,0.00590320338887005,0.0013291363839486006
N0475HF,0.6981572596948953,0.2690822695027387,0.024394918657589488,0.006660054129526531,0.0017054980152500835
N0478HF,0.7458636390172232,0.24651894758299503,0.006153316507857006,0.001086534017453026,0.0003775628744717972
N0479HE,0.23187881188492607,0.6823144393553199,0.07418661796130488,0.009761086200727286,0.0018590445977217846
N0480HE,0.13206785535417487,0.45434041322883223,0.2290802324227555,0.14610286255991198,0.038408636434325426
N0483HE,0.6486586964685528,0.3267109777809527,0.0199514741232471,0.0037867057589978615,0.0008921458682495905
N0483HF,0.2105344934860741,0.6998172212069514,0.07785570891707086,0.009836547068406597,0.0019560293214969716
N0485HE,0.5364788907188793,0.44121481855793593,0.019620941944596584,0.002011462155157701,0.0006738866234305048
N0486HE,0.18707811622212325,0.7853954956180615,0.025071647005656405,0.002003220244842536,0.0004515209093163717
N0486HF,0.7296856671762495,0.2424178921789057,0.02178315692436004,0.00488133685338555,0.0012319468670992778
N0487HE,0.7982277645103221,0.18760884933560334,0.010865277810271277,0.0025906374874572085,0.000707470856346124
N0487HF,0.6856547671310904,0.27882385750410255,0.026968507359037754,0.00677667798510081,0.0017761900206685471
N0488HE,0.04737875763457543,0.9219915219984658,0.0279342747973018,0.0022453660231777466,0.00045007954647905405
N0491HE,0.8164731423882333,0.1767676764417634,0.004659036372275554,0.0015062044634017026,0.0005939403343260709
N0491HF,0.8191291957747,0.17002894260294374,0.007838739549260457,0.002499855600019994,0.0005032664730758387
N0492HF,0.8964809999409619,0.100025031460141,0.002599019565097871,0.0006634731277507553,0.00023147590604847532
