ncode,proba_0,proba_1,proba_2,proba_3,proba_4
N4541HD,0.34362570876887416,0.6053972710204105,0.04564519528140332,0.004907916518383517,0.00042390841092859933
N4397HD,0.04889525947251429,0.16914850659208996,0.3115309601031641,0.4490873358589444,0.021337937973287317
N4544HD,0.8577117895264192,0.1362680810730174,0.0052030701495316,0.0007119837042960329,0.0001050755467356867
N4545HD,0.08782492420600174,0.40782566900194167,0.4164996680471725,0.08292057964708739,0.004929159097796846
N4546HD,0.7429675630174056,0.24958413762545076,0.006629402865092624,0.000688110291570503,0.0001307862004805642
N4550HD,0.8675178738589582,0.12507295092308612,0.006537807951311148,0.0007985777970153236,7.278946962942931e-05
N4551HD,0.7844790946008453,0.20745937556471689,0.007447022842609034,0.0005247918977279008,8.971509410083031e-05
N4554HD,0.1667075170682676,0.158371096199883,0.6725554478319369,0.0019299713448936561,0.0004359675550188913
N4555HD,0.7151756057041859,0.2312972477807553,0.051892538159941805,0.0014905261921262984,0.0001440821629903525
N4556HD,0.23661382317631982,0.558453208737458,0.13906291021253683,0.06532894418707784,0.0005411136866075338
N4563HD,0.41862188302946124,0.5216377551584582,0.058078581676519435,0.0015098064872910003,0.0001519736482701367
N4567HD,0.8883765209995224,0.09119782343833693,0.017661962558151098,0.0026053856662397396,0.00015830733774998944
N4561HD,0.7342349870836155,0.2616752456881347,0.0024963234426596237,0.0014866660694766286,0.00010677771611363825
N4571HD,0.14860729281844348,0.7417022140116223,0.09586440831327993,0.01323933616565554,0.0005867486909986556
N4574HD,0.9860135625352793,0.012324568428232928,0.0014651763834922207,0.0001770877002579142,1.9604952737833715e-05
N4575HD,0.5661018675749194,0.41681489108472475,0.016041609604617875,0.0009246864067480101,0.00011694532898984872
N4579HD,0.189959668506632,0.48997289607682354,0.29463733884470855,0.02225719985728297,0.0031728967145529816
N4581HD,0.7932162245097687,0.19975105684051997,0.006272108153034605,0.0006468456761278051,0.00011376482054902799
N4584HD,0.7560759983271546,0.23847969648600745,0.004787567955196325,0.0005365035963990338,0.00012023363524252911
N4578HD,0.7071475379892692,0.2824162539425487,0.009397614401321877,0.0009122930976261355,0.0001263005692340388
N4590HD,0.14943591127871617,0.8445282646154331,0.005611406953045612,0.00037576050550498726,4.865664730033162e-05
N4593HD,0.013297494893227093,0.05663924649808477,0.2921124319054505,0.6358776006921408,0.0020732260110967473
N4151HD,0.13763254703836178,0.6960803949081859,0.1319235559476214,0.03397067591725006,0.00039282618858088115
N4594HD,0.6702243336022023,0.32379758208871895,0.004943167176958166,0.0008905790327298408,0.00014433809939050588
N4600HD,0.7207647123206502,0.21363051789979695,0.06444292963994615,0.0010480881988361905,0.00011375194077048788
N4605HD,0.04840963098800309,0.04116405638054447,0.8561308848912013,0.054243974890822895,5.1452849428313225e-05
N4612HD,0.5133917735836889,0.44585143687128814,0.037697613000942626,0.0029160603589368636,0.0001431161851433887
N1701HC,0.24644761412778252,0.600682019705829,0.11972224046161596,0.03142663348969348,0.0017214922150789417
N3705HD,0.003904417271765572,0.028084722209340374,0.06208485622927457,0.2264756128649309,0.6794503914246885
N4589HD,0.636235672127516,0.3422622624374659,0.018790660246971253,0.0023996228396937274,0.0003117823483531307
N4339HD,0.8756234958358073,0.12096007762319522,0.0030941876553314887,0.00027700327294768914,4.523561271832851e-05
N4615HD,0.030968968323729057,0.11757903624468224,0.33840608832719044,0.4989916391122416,0.014054267992156758
N4618HD,0.8717036807278316,0.11348677114405166,0.013681062095929893,0.0010504017873913588,7.808424479552183e-05
N4624HD,0.2667744319636839,0.730286999550653,0.0023021512637494803,0.0005826547079336395,5.3762513979943e-05
N4626HD,0.5510196697189554,0.40780662353987923,0.037898329240027014,0.003114504296365193,0.0001608732047732978
N4628HD,0.2271394447410375,0.6481837090360278,0.10596396900378188,0.017495638199647646,0.0012172390195049876
N4638HD,0.04150066210084422,0.2074785400293825,0.3901184581240065,0.34161272841403395,0.019289611331732934
N4639HD,0.5343109256396927,0.40262014845346306,0.054851776300431754,0.007842754433303786,0.00037439517310855307
N4642HD,0.9078017551861063,0.08718784396026225,0.004058953794521822,0.0008405748398108799,0.00011087221929883103
N4646HD,0.9808718890217636,0.016785842274490106,0.0017181877938616437,0.0006003063595045358,2.377455038012933e-05
N4631HD,0.7291418157656377,0.2659442105492509,0.0042686057427246465,0.0005219743673804591,0.00012339357500625817
N4656HD,0.03909552172742857,0.17335609871925275,0.6693002553666434,0.06148076402928626,0.05676736015738913
N4658HD,0.7733951335774254,0.21761165036984015,0.007437066593044307,0.0014830582016701064,7.309125802002089e-05
N4661HD,0.8178060399689677,0.17194524407403894,0.008157932033163609,0.001986161506789391,0.00010462241704033533
N4665HD,0.8715698611000343,0.12316029213396881,0.004626687826057852,0.000559621743031602,8.353719690749248e-05
N4667HD,0.6696888763662119,0.31748304897638535,0.012109459312801139,0.0006111587517871371,0.00010745659281456023
N4669HD,0.5629407880820656,0.4199324950524551,0.015037259817371267,0.001936759031922278,0.00015269801618570357
N4673HD,0.2844013285453499,0.6109027963194894,0.0750704841894782,0.02829588946433922,0.0013295014813432917
N0760HD,0.33068275405940506,0.5596018636017331,0.10222598948479943,0.005368666700178904,0.0021207261538834367
N4672HD,0.5883197983456253,0.34679671527997613,0.05891534579141814,0.005752754172755162,0.00021538641022520407
N2593HD,0.801909121075158,0.19387740226367603,0.0035426274341030513,0.0005574529135236253,0.00011339631353918275
N4677HD,0.615174939199575,0.350950018138186,0.015856935665273793,0.01787792697464962,0.00014018002231549543
N4680HD,0.4902380035215061,0.4151616633163214,0.0895086034895767,0.004637847690959226,0.00045388198163661244
N4688HD,0.04105563723600721,0.173416017415739,0.18107988314782641,0.5871739285059032,0.017274533694524155
N4689HD,0.8027685372987142,0.19158554615391954,0.005064523048921705,0.0005092309171567464,7.216258128787107e-05
N4691HD,0.1856828733121542,0.6743765183189159,0.12657668993531723,0.010338209836423225,0.003025708597189575
N4692HD,0.7646397485399846,0.16963021195446953,0.057367682243338686,0.007352745684691197,0.0010096115775159876
N4694HD,0.13485790743017412,0.44344655731200694,0.38589621763851956,0.03431620286208335,0.0014831147572160809
N4695HD,0.2636283616493784,0.7019690492106797,0.032948577207639995,0.0013263115380932632,0.00012770039420842522
N4699HD,0.4971671286870707,0.4390609351409231,0.056791538069168604,0.006203678524729515,0.0007767195781081618
N4703HD,0.6240055610332127,0.2452343147939945,0.11435278991283868,0.015587343557815,0.000819990702139239
N4704HD,0.009140493257185417,0.020107215986052526,0.5802255856077064,0.38436752136342317,0.006159183785632398
N4708HD,0.9082506501993775,0.08723043467174436,0.0035830084060000543,0.0008697233159461415,6.61834069320465e-05
N4714HD,0.6963604037410495,0.23879517449007268,0.0489262033578308,0.011423673433653117,0.00449454497739404
N4721HD,0.11734403119504194,0.7706723198754112,0.09851705507401605,0.008606064996788013,0.004860528858742719
N4722HD,0.8057900272550736,0.18287206888076457,0.010026614086663421,0.0011962977521950118,0.00011499202530344251
N4724HD,0.560813550752086,0.4183381990155801,0.01924428271996489,0.001486319498881506,0.00011764801348741889
N4726HD,0.05537171515893318,0.8677097734803637,0.07575724184052957,0.0010760075243066438,8.526199586705013e-05
N4735HD,0.7133263514544197,0.27151536731367903,0.012414948932166889,0.002537076154003544,0.00020625614573082664
N4063HD,0.791650649352935,0.10094370929057864,0.03286329232008751,0.07055418335378062,0.0039881656826182945
N4712HD,0.7643751604932537,0.22579530125766778,0.007445276661320994,0.002260645675882402,0.00012361591187496273
N4738HD,0.14003610374857448,0.7280205105456707,0.11356650103506732,0.018082508620336862,0.00029437605035060704
N4740HD,0.10000202165590259,0.4145514863672579,0.40576323030877043,0.07762331072679421,0.0020599509412747665
N4742HD,0.02308029973974577,0.05183189962952876,0.11957370659297976,0.7697268732175455,0.035787220820200194
N4745HD,0.8108668302923224,0.18136578941443188,0.006028766093500828,0.0016325889245149372,0.0001060252752299999
N4747HD,0.9207321385444914,0.07258215529308694,0.004411996320051385,0.002104736531181875,0.00016897331118833974
N4750HD,0.7062259046345396,0.2646892507088743,0.023718438932996175,0.004786970978491358,0.000579434745098615
N4752HD,0.030336642218586552,0.15238229560121988,0.2769693004237383,0.4904143620723814,0.04989739968407378
N4754HD,0.8110637773842548,0.18236431098160258,0.006014066619143912,0.0004449893119736152,0.00011285570302522732
N4755HD,0.24769676840805896,0.6359404862747157,0.09233368885832823,0.02305297929497043,0.0009760771639268028
N4756HD,0.5322087890009418,0.4436415826974129,0.022178818819483276,0.0017848694982171385,0.00018593998394484442
N4757HD,0.8681771361338334,0.12730256135267384,0.0040446788200563044,0.0004079967304940058,6.762696294238678e-05
N4759HD,0.24590627243045057,0.7045244837044947,0.04430925118561076,0.00505690865513508,0.00020308402430892943
N4762HD,0.720123810481408,0.2548715889110575,0.023876780914617656,0.0009467878481252317,0.0001810318447914197
N4763HD,0.7252185611693918,0.21851533737684462,0.038535217915279835,0.016678936601523635,0.0010519469369603763
N4767HD,0.7660544299322349,0.2095612098825407,0.019246517771099814,0.004923471881992021,0.00021437053213271538
N4769HD,0.05458949746834467,0.17021655612283643,0.7669005623027455,0.008019661893040824,0.0002737222130326279
N4770HD,0.8061012224024523,0.18486514782071972,0.007435951158032403,0.0014531441077974291,0.00014453451099807085
N4676HD,0.3423642071779,0.6055241013424325,0.04414896715636779,0.007421545900487878,0.0005411784228118857
N4614HD,0.609624730885132,0.34671086144484947,0.03888507415964549,0.004419214498786776,0.00036011901158600895
N4774HD,0.21473647731632703,0.6159055173094482,0.1357728152564437,0.03321900627831042,0.0003661838394704461
N4778HD,0.08875953212634671,0.4526464087799996,0.2742230791421219,0.1399986411006941,0.04437233885083774
N4780HD,0.0023921953113453004,0.01268866290844043,0.09622636505519959,0.20360398561239929,0.6850887911126154
N4783HD,0.673270132078431,0.2982850256552343,0.025547616375563905,0.0025300771597750226,0.00036714873099570735
N4789HD,0.8598607815259512,0.13043592568488582,0.008302474787167622,0.0012368934117284224,0.00016392459026688905
N4792HD,0.48921400223632033,0.5034276186390007,0.006637813886305729,0.0006308816174088949,8.968362096459524e-05
N4793HD,0.047914280773027944,0.8699699466005103,0.08024381353280939,0.0017291687221092531,0.000142790371543309
N4794HD,0.00022713520326741256,0.0008651673443157874,0.0005787053816775922,0.9983189258435049,1.006622723435105e-05
N4799HD,0.4936754833793713,0.47781604361150437,0.02695259881256734,0.0013186868243225771,0.00023718737223462908
N4800HD,0.9767110873871747,0.02057974888989029,0.0024161216739977255,0.00026107421726293554,3.196783167448922e-05
N4808HD,0.09297528843893113,0.9023485049186003,0.004288631651794451,0.00031179467741868886,7.578031325542179e-05
N4809HD,0.7214378175250062,0.2187058174252568,0.05233368623963955,0.007144624487560187,0.00037805432253716
N4634HD,0.5429694644295322,0.41081867031677105,0.03877465857101116,0.0071962338984464,0.00024097278423932278
N4784HD,0.9348789860489213,0.058270592554561615,0.005942139839321231,0.0008149571724237557,9.332438477225086e-05
N4815HD,0.8538503672101259,0.1387514835960818,0.006707059536471491,0.0006098036236003177,8.128603372069137e-05
N4816HD,0.8208847217572848,0.16666618967092844,0.01041593059509245,0.0019128020893404232,0.00012035588735377327
N4817HD,0.5426365248840214,0.42987957868735965,0.025283162755488423,0.002031339149902798,0.00016939452322774164
N4818HD,0.8294394262982848,0.16038604693102854,0.009073273854111273,0.000989245596867982,0.000112007319707218
N4821HD,0.016927990300512917,0.9786341272354284,0.004043724688293984,0.0003446425529919902,4.9515222772660686e-05
N4830HD,0.8697592577359093,0.12282633444610504,0.006252783903722575,0.0010644320142306667,9.719190003244615e-05
N4748HD,0.8558108751620959,0.13833630606327305,0.005005928864963803,0.0007456799714534759,0.00010120993821356023
N4684HD,0.7050318683825727,0.2889377606601865,0.0053403052665346095,0.0005996599731408526,9.040571756519881e-05
N0389HD,0.00986828245817882,0.9662049122495437,0.0236760320063279,0.00021022800985191816,4.0545276097431504e-05
N4796HD,0.5165262108372566,0.4315825646215667,0.048276696294528666,0.0032284923614874024,0.0003860358851606338
N4834HD,0.005547476318461597,0.014501400042368828,0.386216156369006,0.5914665523235928,0.0022684149465707687
N4835HD,0.0858825345920522,0.9091598645938911,0.004559536972399084,0.0003526845670995364,4.537927455810275e-05
N4837HD,0.33239833561526355,0.6621380353487125,0.004732535261847273,0.000582436947656878,0.00014865682651985998
N4838HD,0.07521768015443996,0.9211325849353736,0.0032328316576652008,0.00036024559193812675,5.6657660583071394e-05
N4839HD,0.02282983878885789,0.5701332177711478,0.3978689431592291,0.008875827435704935,0.00029217284506031463
N4842HD,0.7521858156355105,0.22222237055063088,0.024496080792523068,0.0010053807044326701,9.035231690292784e-05
N4844HD,0.9545816501081462,0.042176784558520565,0.0029158595137402043,0.0002881706464352401,3.753517315797926e-05
N4846HD,0.12610868329555092,0.6447737363630722,0.2040632916838249,0.024258548157917236,0.0007957404996344916
N4847HD,0.7325549503484677,0.2554952650182238,0.01103966086166264,0.0008012567377787914,0.00010886703386698617
N4849HD,0.37225425778080123,0.5838775373876867,0.0392649827590595,0.003814955084794489,0.00078826698765803
N4852HD,0.03401136501077242,0.3784438182896088,0.5750968192692076,0.01231158777216591,0.00013640965824513845
N4853HD,0.53065456748008,0.4396061533995638,0.02685903006688731,0.002630720818183908,0.0002495282352848548
N4856HD,0.7967536875016157,0.1977550103570995,0.00477838831187503,0.0006226659063991009,9.02479230106632e-05
N4858HD,0.679253190972552,0.301829002197449,0.017653102579864702,0.0011501368305495464,0.00011456741958477447
N4860HD,0.3705883110083239,0.5629927682860112,0.05922435766114755,0.006340556180405464,0.0008540068641119837
N4861HD,0.873602611534351,0.1224391242695461,0.0033509839195908406,0.0005324127162091232,7.486756030265067e-05
N4863HD,0.5136929911306725,0.4821025517212041,0.003190444890429736,0.0008144400870394318,0.00019957217065420167
N4864HD,0.7641533349386511,0.20208856771289285,0.03210161074511719,0.001561578411783891,9.490819155500094e-05
N4866HD,0.8255230781489985,0.16153889473689242,0.011359119691338732,0.0013960438067815155,0.0001828636159887148
N4012HD,0.5376012510757059,0.4393679981417355,0.02172779305011996,0.001145554789405189,0.00015740294303354688
N4825HD,0.47488471081604194,0.44987529811517174,0.06289505056530369,0.010821925118703118,0.0015230153847792635
N4875HD,0.1132733621551789,0.4258618568200252,0.4124012764461215,0.04568447343422036,0.002779031144453983
N4878HD,0.09251955927135794,0.4536547038440546,0.3396570249444803,0.09779312615500899,0.016375585785098182
N4883HD,0.023257426214480407,0.20641083968186824,0.7606723653603875,0.009524299176994233,0.00013506956626957128
N4884HD,0.56292298170307,0.41907842329543626,0.01663456802027125,0.0012032357432622913,0.00016079123796024968
N4887HD,0.33350711035421116,0.6625541762031811,0.003636948151283181,0.00025806230210413835,4.370298922055408e-05
N4891HD,0.5364507859914556,0.4471861973886484,0.014430664463393422,0.0017755717168265262,0.00015678043967597152
N4892HD,0.2746151221621003,0.7159420456172917,0.008447493903848054,0.0009044276483806186,9.091066837935315e-05
N4895HD,0.9054217971354828,0.08330002679293468,0.010658006004985728,0.0005693666844582865,5.0803382138494765e-05
N4899HD,0.7480850902437209,0.24761418362646972,0.0035799159595893606,0.0006304721033322184,9.033806688788161e-05
N4898HD,0.4648860376514274,0.5012305037327056,0.0316826388658043,0.002030191760079857,0.00017062798998281615
N4902HD,0.5458344036177332,0.4123757988029621,0.03428048966606895,0.0072904036248165925,0.00021890428841910172
N4904HD,0.20399354987102744,0.7061491864397942,0.07762355598790398,0.0108192038428513,0.0014145038584232876
N4906HD,0.7901566076478144,0.20085190315057375,0.008150041230445732,0.0007440011735477705,9.744679761841865e-05
N4909HD,0.7007927236582009,0.2760647073356543,0.021565561229433584,0.0013956951009942381,0.00018131267571690977
N4912HD,0.5594763690199205,0.3867461055549202,0.052430620279144795,0.0011654588285507465,0.00018144631746351428
N4913HD,0.8136485955198357,0.18234801074288937,0.003101380656791925,0.0008287425144199119,7.327056606306337e-05
N4914HD,0.056705346102793486,0.4136030737666856,0.5287853196091223,0.0008575997222423393,4.866079915629601e-05
N4908HD,0.811138224483951,0.18403146440567056,0.004171829865770778,0.000583668095822858,7.48131487847513e-05
N4937HD,0.7552347595122211,0.2353722823494738,0.00838986241598733,0.000834514504894591,0.00016858121742322895
N4938HD,0.7637580264072754,0.22658491861908642,0.009010741404185814,0.0005691295692717385,7.718400018050092e-05
N4949HD,0.9554191215594012,0.038941142460427715,0.004828235550849428,0.0007336962018800766,7.780422744147786e-05
N4952HD,0.7723696575374611,0.21513292722481472,0.011636030009587432,0.0007130232858649963,0.00014836194227175927
N4954HD,0.47688754154205387,0.5084407618406518,0.013207668788876437,0.001322877160468369,0.0001411506679495663
N7917HB,0.9132543880449957,0.08300471405001265,0.003204455324172516,0.0004830712068311478,5.337137398784358e-05
N4951HD,0.7082039766662973,0.28756498014270704,0.0035646281552147,0.0005774032837515473,8.901175202941531e-05
N0385HC,0.13714727977789376,0.5430914807036181,0.2607587394408377,0.05284984068085361,0.00615265939679673
N3920HD,0.5211122394468418,0.4434562084320826,0.03299567110425576,0.002089200760346552,0.00034668025647330324
N9498GW,0.6727186255046466,0.3134936001477834,0.012416574768842111,0.0012180931930937636,0.00015310638563412115
N4961HD,0.8652970606903312,0.13142295631721493,0.0027446252593803654,0.0004524587114100948,8.289902166345791e-05
N4965HD,0.4963044072287704,0.47165165919280333,0.02964737769548005,0.002155675881750238,0.00024088000119612784
N4967HD,0.4617571509916943,0.4981870417026493,0.03181690294684869,0.0076230837026650565,0.0006158206561427249
N4968HD,0.2636540472247553,0.4043078027057326,0.24089158211365364,0.09066459781109343,0.0004819701447649796
N4973HD,0.7413095455384902,0.2459680724213231,0.010829533378934244,0.0017347649198255683,0.00015808374142698355
N4976HD,0.014372935791635887,0.39208258061357776,0.57511206947297,0.017930222815226392,0.0005021913065900126
N4977HD,0.8919082633236316,0.1044301007569886,0.0031674652844463367,0.0004222891377479891,7.188149718546737e-05
N4978HD,0.7837048722259135,0.20336601860137996,0.010608252057016323,0.0022329875369655524,8.78695787246938e-05
N4982HD,0.1701510371350365,0.6259099228217057,0.1521125147842587,0.048894297148852336,0.0029322281101469305
N4983HD,0.14126177473390994,0.7277904643989267,0.06722828813177588,0.06175532578574151,0.0019641469496459287
N4984HD,0.8089655255886895,0.17651247675462114,0.013479366320564519,0.0009205451987776115,0.0001220861373471304
N4992HD,0.04545161852862369,0.3493506656112018,0.26993019644459026,0.3092508694715837,0.026016649944000672
N5000HD,0.5546623610343318,0.4203607665523586,0.022907446336443274,0.0017909126436496607,0.0002785134332167421
N5006HD,0.4227324309896272,0.5396696215978123,0.0328038780015816,0.004223685269010211,0.0005703841419686683
N5007HD,0.8209721373380864,0.16618405239763345,0.011603274236717125,0.0010673857856755983,0.00017315024188728815
N5008HD,0.5482897644066215,0.3878748674746833,0.05867962168872639,0.004584882481407477,0.0005708639485615255
N5011HD,0.666880116271051,0.3227515130622716,0.008806829218849658,0.001391697373198277,0.00016984407462945138
N5020HD,0.5266982899902976,0.43038765419377245,0.03727990477560618,0.005051767873761075,0.0005823831665627625
N5024HD,0.7858930438317104,0.2074955687400403,0.005565868700229653,0.0009026641684809576,0.00014285455953885734
N4826HD,0.7677579928351457,0.22933069753543434,0.002403724158398843,0.00044930792561232585,5.82775454088257e-05
N5032HD,0.8528421643865293,0.1414368770267228,0.00450437954906873,0.0010937368551075714,0.00012284218257144298
N5041HD,0.7653684633156046,0.227135996782004,0.006664661084502701,0.0007427733378545072,8.810548003417339e-05
N5043HD,0.9594240611172138,0.03797786432433722,0.0020767568260057776,0.0004475850986347465,7.37326338084783e-05
N5044HD,0.14339076563413355,0.6750131208022495,0.16173570817677246,0.018639110228775516,0.0012212951580691288
N5045HD,0.7403978122786592,0.25085017178297264,0.008110226668985216,0.0005594652767039834,8.23239926789734e-05
N5004HD,0.849944175826386,0.13061367673096094,0.015053603419313492,0.0038907496197543925,0.0004977944035851632
N5055HD,0.481465433811533,0.44521148292562623,0.06514792647471562,0.007810943145274799,0.000364213642850431
N5056HD,0.19828369835233564,0.5162646277780103,0.24698275513874351,0.035713294079492953,0.0027556246514176637
N5057HD,0.8460729663723543,0.14756767819312747,0.005595667687129192,0.0006760911019964624,8.759664539271699e-05
N5059HD,0.6126111026966035,0.32580662681557876,0.05697441552644138,0.003931207782481413,0.0006766471788951463
N5061HD,0.6979017431928357,0.2853953604035443,0.015086271682029365,0.001359354989065779,0.0002572697325248088
N5018HD,0.8400629870776067,0.1519446506448436,0.007292509634406606,0.0006192660375874257,8.058660555576547e-05
N4896HD,0.6957016023856838,0.2837283516733021,0.01663048472677423,0.0035350576556596545,0.000404503558580109
N5064HD,0.7604378054101144,0.23091939079504623,0.007413031711387406,0.0011380300393144694,9.174204413754334e-05
N5065HD,0.7567831444848975,0.2171291650537156,0.02340283958063047,0.002487283617549081,0.00019756726320734278
N5067HD,0.14402362166427668,0.6281457238907283,0.2012909911682705,0.022645392036458524,0.0038942712402659685
N5070HD,0.01758307156329431,0.3632450739809814,0.6002365379834362,0.018830046267874215,0.00010527020441388147
N5071HD,0.7043412682160585,0.2858872517697931,0.008375663358969604,0.001254539252125522,0.00014127740305331922
N5072HD,0.8003089657747403,0.19253494501453108,0.006136461539347448,0.0009533103524590203,6.63173189222078e-05
N5074HD,0.6065334169166373,0.3486039456536158,0.04062497518937031,0.004026198374512221,0.0002114638658642221
N5075HD,0.9656113008543723,0.0307828483472327,0.00307510194302694,0.0004836980594549466,4.7050795913063895e-05
N4923HD,0.7224175520213068,0.2649179773246587,0.010530057408430675,0.0018908262028938826,0.00024358704270992037
N5076HD,0.7965270693336015,0.19818459596803656,0.004736038437117514,0.0004796841121398814,7.261214910453405e-05
N5079HD,0.19699347101727158,0.5015782168876007,0.22453789975104693,0.06862996450217329,0.008260447841907406
N5080HD,0.4114239882356561,0.5405742854858391,0.0391892558800051,0.008440036748863428,0.000372433649636228
N5082HD,0.4401600325894869,0.4937611081554616,0.058171476942171785,0.007527638668990143,0.0003797436438898002
N5083HD,0.6118302497723122,0.36852779251763357,0.017072794667865793,0.0023178018134215137,0.00025136122876696183
N5085HD,0.7125451144474398,0.2705531087483154,0.015154351155831485,0.0015787884869183657,0.00016863716149465854
N5051HD,0.20817963165299233,0.7853047423619258,0.006241339737331363,0.00022853688036537454,4.574936738514482e-05
N5039HD,0.053961320679911544,0.3279471385476122,0.48345715585130533,0.13285600684139484,0.0017783780797759362
N5088HD,0.9462166442610727,0.048898848461509915,0.004576609857763249,0.00026364149111948493,4.4255928534512045e-05
N5091HD,0.11095904026112889,0.8825223998843736,0.005777204261930508,0.0006609232787922823,8.043231377473148e-05
N5093HD,0.06007342014613452,0.2427241119093192,0.5204398265469782,0.14720460700292615,0.029558034394641976
N5100HD,0.0437896642748828,0.09298295312479075,0.09285236030390769,0.7672948822355407,0.0030801400608781826
N5103HD,0.08614008004532808,0.43346778645407213,0.34810611474162895,0.12617733738647186,0.0061086813724989895
N5104HD,0.9865162313588348,0.010524260592889996,0.002738818768797317,0.0001736066139196705,4.7082665558205215e-05
N5105HD,0.8372655275467893,0.11256992776715294,0.04489083415524034,0.005155933105030065,0.00011777742578752624
N5106HD,0.6121987085427452,0.37941042955552534,0.007558067998216865,0.0007346828079604982,9.811109555199496e-05
N5109HD,0.7375707401402971,0.2556071344378923,0.005923498881785314,0.0007971868754174582,0.00010143966460794218
N5112HD,0.41139867078134096,0.3536527400583337,0.2248185489315656,0.007976125463510208,0.002153914765249654
N5115HD,0.9027393592680111,0.09150752188721682,0.00505201431664466,0.0006161843861127509,8.492014201466341e-05
N5120HD,0.10115235235412535,0.3688939520600355,0.41578526975791813,0.10900892471286777,0.0051595011150533466
N5121HD,0.5087908468264232,0.461242129086267,0.028091891250429137,0.0014452104322366902,0.0004299224046440332
N5122HD,0.516614799061173,0.4138830667642088,0.06294617024036234,0.005993981740675986,0.0005619821935798681
N8305HB,0.8212868886698785,0.17280736350616155,0.005035614171024985,0.0007823940750647281,8.773957787028235e-05
N5126HD,0.11436394221865799,0.5906745760012508,0.19198903281117288,0.09777529286500755,0.005197156103910789
N5128HD,0.8515780740441962,0.137555665971544,0.009955348970148754,0.0008258509880108331,8.50600261001683e-05
N5133HD,0.11944271969362455,0.620810870320713,0.2062248922402174,0.05187167835614557,0.0016498393892995392
N5135HD,0.8118307699427222,0.1813800076843884,0.00556152959081668,0.0010071132086097077,0.00022057957346290424
N5143HD,0.8666526081862342,0.12864857447408837,0.004264103925796521,0.0003800859550566122,5.462745882429102e-05
N5144HD,0.31966931688696776,0.6200241484703138,0.05645228211268311,0.0036042227671115087,0.0002500297629235781
N5149HD,0.28336127758595653,0.6212970316477184,0.07140165904746883,0.020794297023974066,0.003145734694882294
N5152HD,0.5818007176426067,0.37927102869219204,0.035539037781251726,0.0031513188726339895,0.0002378970113155019
N4394HD,0.39767065425340803,0.49925294351174426,0.09948754354631487,0.0033039366361367947,0.00028492205239588543
N5029HD,0.3285529422071449,0.5523821960215599,0.09904170857856065,0.01928620244957159,0.0007369507431629555
N4368HD,0.8924937322323464,0.10522261999236901,0.0017711047194394487,0.0004733030968049279,3.92399590401393e-05
N5013HD,0.1125882389159565,0.7488082996021505,0.13138800645512635,0.00667859055613939,0.000536864470627157
N5153HD,0.5694115391323537,0.3575106628725597,0.06649487330893918,0.006010831519417663,0.000572093166729909
N5157HD,0.7989383518801442,0.18828309228166468,0.011807206931191892,0.0008658579614411408,0.00010549094555813664
N5170HD,0.6143115692981823,0.3346979430312957,0.048538744315563646,0.001996484776103372,0.00045525857885486513
N5172HD,0.746068669782743,0.23119508183195536,0.019806053725364803,0.002753761193593657,0.0001764334663431791
N5173HD,0.6620304323988293,0.27881642702291065,0.05610158728667573,0.0028167181866150526,0.00023483510496925591
N5147HD,0.2747948729397063,0.6345047834847064,0.07180906485567196,0.01848461376559674,0.0004066649543186554
N5178HD,0.8356407170341752,0.1576734754410574,0.006133615748759025,0.00046939114160503775,8.280063440332014e-05
N5180HD,0.7029975796000618,0.27519203212152676,0.019053405463893884,0.002420755883326172,0.00033622693119135164
N5181HD,0.2473019123506307,0.6311927282193558,0.11585064272198424,0.005171539585932525,0.0004831771220966453
N5182HD,0.8133561091205914,0.17485916955507333,0.011257411277039208,0.00045179067714910207,7.551937014675477e-05
N5183HD,0.05827403783912916,0.9341775031815578,0.007124693210691722,0.0003613826700271442,6.238309859401541e-05
N5185HD,0.37214600295169986,0.5736595976145682,0.03987597054408149,0.013928067279468494,0.0003903616101820141
N5187HD,0.34386183230215517,0.5277710102407339,0.10593925722192454,0.021462173689404895,0.0009657265457814932
N5188HD,0.12692853992303296,0.6252724352827104,0.19149669763794858,0.055433564064707785,0.0008687630916003891
N5190HD,0.0058488045159953966,0.029891453464195642,0.1867088077105057,0.7774168474317403,0.00013408687756287903
N5192HD,0.402459557691849,0.5912187286449152,0.005558905601797325,0.0006664024706576029,9.64055907808039e-05
N5193HD,0.6553337005212935,0.3222095913579088,0.01898055493153979,0.003101390988086273,0.00037476220117177325
N5197HD,0.9079222903596678,0.08780392037375594,0.0037893717072660436,0.0004185416996664244,6.587585964393136e-05
N5198HD,0.48196908035939345,0.4394358838835405,0.05504756695108415,0.022789041745393805,0.0007584270605880143
N5199HD,0.7171306504308637,0.26585765329309896,0.014972817559147731,0.001897897992321977,0.00014098072456749454
N5200HD,0.727550742951411,0.24886825726909037,0.021403114664254038,0.0019975578474574433,0.00018032726778733656
N5203HD,0.05710224162593396,0.27666787214455724,0.27124453613497246,0.39156881530073095,0.0034165347938055193
N5209HD,0.11325663950939094,0.34414901700030764,0.2689312657084568,0.27161394168063574,0.0020491361012088013
N5212HD,0.7373390666780979,0.2557629341594568,0.006205536566195194,0.0005996180320183837,9.284456423174552e-05
N5215HD,0.5191764257614617,0.4485803386912183,0.028236002640969208,0.0034517785295567144,0.0005554543767938708
N3574HD,0.810724604625567,0.18122214604300274,0.00654858929655561,0.0013931587535520884,0.0001115012813225518
N4760HD,0.11269864469486734,0.5455941183982584,0.2802746238237374,0.060945682434608836,0.00048693064852802013
N5225HD,0.8427869480387541,0.1515691007627093,0.005031795570968563,0.0005433895698606548,6.876605770729468e-05
N5226HD,0.6736308329797378,0.2971393754507519,0.026289668079938353,0.002749731253704477,0.00019039223586751408
N5227HD,0.7152622445090865,0.24175911148344761,0.04150107719915509,0.001189227582232579,0.0002883392260782727
N5233HD,0.019321585986044904,0.12119599403130374,0.46439512074900674,0.36933042450040043,0.025756874733244096
N5238HD,0.8933620774205205,0.09922764844501324,0.005503107368902811,0.0017933616146161315,0.00011380515094723987
N5241HD,0.8788556696639763,0.11498638022893284,0.004695365928752381,0.001332910830979006,0.00012967334735938221
N5243HD,0.033986037102812366,0.20854473052215836,0.12556139554011236,0.6278973055192139,0.0040105313157030266
N5246HD,0.6532788740998762,0.30985568862397245,0.03415830198566385,0.0022961825595550177,0.0004109527309323539
N5247HD,0.0035746615217724406,0.008846735127643017,0.2778953997485751,0.704516894955748,0.005166308646261449
N5248HD,0.7017830656943062,0.2691764674666543,0.02639797533914589,0.002529932951193222,0.00011255854870044485
N5253HD,0.6992074827827413,0.25179809356159977,0.04527735041739404,0.0032797329729645783,0.00043734026530033897
N5257HD,0.05710224162593396,0.27666787214455724,0.27124453613497246,0.39156881530073095,0.0034165347938055193
N5259HD,0.08485409832196719,0.28119674493760205,0.5101983583487758,0.11971258326083695,0.004038215130818042
N5262HD,0.313026822539346,0.6068277471097588,0.07263859425135688,0.0072877143087928704,0.00021912179074549205
N5266HD,0.8186226575680987,0.1650615469103393,0.015008971999371463,0.0010485748743037195,0.00025824864788693354
N5270HD,0.6820053914150851,0.30693008897639584,0.009771293762940204,0.0011323170989086615,0.00016090874667022763
N5271HD,0.44934610936119396,0.46204938090203207,0.0848323552942725,0.003097592938352828,0.0006745615041486654
N5273HD,0.562115018643813,0.39450180585761696,0.03963704472568745,0.0035213039424659438,0.0002248268304166857
N5274HD,0.8067319994849874,0.16927579521036956,0.022051764756259005,0.0018052103496852454,0.0001352301986988605
N5211HD,0.31911532520428043,0.45916854632735576,0.20567393685470217,0.01562518015195329,0.00041701146170819393
N4843HD,0.7765422209044276,0.15821862141560303,0.031234897338395528,0.029369481390453592,0.004634778951120232
N5287HD,0.5951221640373927,0.3566752302295865,0.045998482863652844,0.001911159004688661,0.0002929638646794426
N5286HD,0.16209549671002427,0.37559589778539276,0.4370750496400834,0.023385299781698503,0.0018482560828008412
N5292HD,0.05710224162593396,0.27666787214455724,0.27124453613497246,0.39156881530073095,0.0034165347938055193
N5294HD,0.9124288693806757,0.07396006763158976,0.012893477201338434,0.0006480418585492632,6.954392784671815e-05
N5296HD,0.27287323345792963,0.5689902794749704,0.1253334279552403,0.03167745165786897,0.0011256074539906648
N5298HD,0.7487087043639262,0.23669807893279146,0.012584474141383419,0.001901003389260389,0.00010773917263846794
N5303HD,0.8122072874181153,0.17600539358833148,0.010591992864439704,0.0009888815828829648,0.00020644454623047268
N5305HD,0.33259698100640755,0.5431364361775654,0.1089281329540834,0.014790807863492014,0.0005476419984517415
N5306HD,0.851720887264184,0.14145615350513344,0.006012908405723936,0.0007077864848776265,0.00010226434008097545
N5307HD,0.09394851743816465,0.48914676980460486,0.3557871696906088,0.052853106481988286,0.008264436584633258
N5311HD,0.6819290351190972,0.2793937105136668,0.030116233909917422,0.007948467235054161,0.000612553222264511
N5314HD,0.6348447289442669,0.341068009964993,0.01725234112104508,0.006517191339267658,0.00031772863042735
N5073HD,0.07870449154306454,0.3975491366797738,0.18224552234520244,0.3367516826882473,0.004749166743712039
N5277HD,0.07152871209520767,0.30403711193972344,0.2846529245424028,0.33542941423931816,0.004351837183347996
N4885HD,0.979368151169425,0.016776126944719222,0.003405253276985905,0.0004081822653315272,4.228634353835127e-05
N5318HD,0.05350268658315671,0.5143755651517784,0.41387483080252846,0.01756333865559336,0.0006835788069430188
N5321HD,0.7622564819739966,0.22884282317376642,0.007915114333555592,0.0008931825985771147,9.239792010439697e-05
N5323HD,0.9409633866369371,0.05645914466236336,0.0022044154400102985,0.0003407707475646881,3.228251312452349e-05
N5324HD,0.677801022754996,0.29601874070401735,0.021217349547960847,0.0047861653047126885,0.0001767216883131579
N5326HD,0.5886014162685425,0.38951193619618085,0.01879958844009606,0.002870552101625524,0.00021650699355505931
N5327HD,0.5525269417437787,0.42566026937829415,0.020012302144493056,0.001569518908400245,0.00023096782503379413
N5329HD,0.17814033062098084,0.7086519639155507,0.09000278959365836,0.021663396095197143,0.0015415197746129513
N5331HD,0.8089011207071083,0.17815578379749805,0.012009445806990414,0.0007959339818610049,0.00013771570654235295
N5332HD,0.836983673653076,0.1553138571312721,0.00617176350368064,0.0013916197942238397,0.00013908591774729374
N5333HD,0.7962016346973741,0.19709790410833442,0.005737455745436375,0.0008098238748564194,0.00015318157399860175
N5334HD,0.0344670671601208,0.9629454637621334,0.002119497998291534,0.0003545797624432135,0.00011339131701090375
N5338HD,0.033025269006678855,0.2535719656606655,0.40821598711529106,0.290410770137035,0.014776008080329755
N5339HD,0.008180179611062106,0.034137733604592914,0.8777767759824089,0.07965093438480961,0.0002543764171262993
N3820HD,0.06254911054480763,0.2949368202041536,0.49264004060175465,0.1137827523886795,0.036091276260604696
N5342HD,0.6298299892105662,0.35726256138590573,0.011284941196378583,0.0014479920882933756,0.0001745161188561291
N5345HD,0.7502464272302725,0.2331931111834777,0.014112242864786491,0.0022711849474099204,0.0001770337740534037
N5346HD,0.667904879593253,0.3240381095938835,0.007344800164947799,0.0006066792348244597,0.00010553141309120213
N5348HD,0.09798559355998558,0.32719446506439787,0.18107144720794127,0.38437160122203207,0.009376892945643266
N5351HD,0.6825958597759733,0.2995390919979141,0.01604906191174653,0.0017272430104023247,8.8743303963773e-05
N5354HD,0.010375241855402048,0.021496201390247657,0.5472588353613623,0.41989547718508213,0.0009742442079058389
N5355HD,0.32022856687657697,0.628513910143325,0.04650974145064308,0.00443401433010438,0.00031376719935036093
N5362HD,0.9190484541907832,0.07634991979072495,0.0039698711242141796,0.0005714056739235608,6.034922035398993e-05
N5364HD,0.793026742735251,0.19494140748141572,0.010558799994963678,0.0012601906052352573,0.00021285918313441272
N1264HD,0.009339907422676933,0.9594716773011732,0.03076352244996393,0.00039282027431917604,3.2072551866598346e-05
N4985HD,0.2977114165159766,0.6258875578332416,0.06395440904315737,0.01099059951614723,0.0014560170914770256
N5368HD,0.12519809685838698,0.26761578554653936,0.18153087065758478,0.4223410364632214,0.0033142104742673265
N5371HD,0.5854573237942505,0.40209754648048773,0.011669485072980433,0.0006712411717929767,0.00010440348048832477
N5372HD,0.7567832490886436,0.23768065366751034,0.005026127516974296,0.0004336231582342448,7.634656863759825e-05
N5373HD,0.4661053284918156,0.5292014117337449,0.003972479979882891,0.0006318682688262759,8.891152573034773e-05
N5374HD,0.866185424538246,0.1291590497471306,0.0038107089252326053,0.000763367343695744,8.144944569524728e-05
N5377HD,0.8285039180897571,0.16144530631473833,0.00936458441727389,0.0006282825727124672,5.79086055181825e-05
N5379HD,0.7963868175697566,0.18936507711902487,0.012994607747385676,0.0011217075823673182,0.00013178998146558645
N5381HD,0.1672476666841719,0.4969951211966623,0.17336053723184414,0.1605830097995026,0.0018136650878192927
N5383HD,0.23595471989671918,0.4309497818663343,0.23206075371700946,0.10037555970044423,0.0006591848194930312
N5385HD,0.7669882595178099,0.22839469207899646,0.004106434764283731,0.0004332274439304228,7.738619497947706e-05
N5387HD,0.03711469428944673,0.3886253047852566,0.39852641044409337,0.1720474641593205,0.0036861263218828633
N5388HD,0.08899903519706158,0.3684157211233607,0.38024241654350666,0.15799457292270577,0.004348254213365326
N5389HD,0.021978468610915184,0.6899694618800729,0.2765171284325983,0.011421868198658975,0.00011307287775472154
N5391HD,0.7136038866406569,0.2674724637211758,0.017338892474638684,0.0014602444843514984,0.00012451267917711154
N5393HD,0.6925968555923045,0.29714552733946653,0.009220546200002342,0.0009253681356362558,0.00011170273259034103
N5395HD,0.7995507016151077,0.1856591226727855,0.012065421496681338,0.0025423980524529083,0.00018235616297237133
N5397HD,0.6081876029681227,0.3716612914388549,0.017851077381018172,0.0020417052716972936,0.00025832294030700995
N5398HD,0.5897776128511184,0.372270845606243,0.03221913380498497,0.005576359875865111,0.0001560478617885287
N5386HD,0.11473967523484374,0.23269418673994996,0.6518839699517026,0.0006297185915951728,5.244948190851346e-05
N2483HD,0.7426422459386047,0.24185527644146274,0.013886355571931967,0.001475441230631072,0.0001406808173695583
N5402HD,0.7578548516148266,0.2298213911910623,0.010630745635320791,0.0015325984779783715,0.00016041308081195683
N5404HD,0.7667191972269084,0.18999301229923654,0.03683368003658531,0.00588258782978817,0.0005715226074814978
N5405HD,0.78377929851343,0.20488551560261814,0.009710655367262688,0.0014757593928477423,0.0001487711238414034
N5407HD,0.39663996880564023,0.47867119659760643,0.08415526299062219,0.039107442315288746,0.0014261292908422547
N5414HD,0.49370729152872667,0.502298318458114,0.0034901047102687322,0.0004421962078152176,6.208909507536878e-05
N5415HD,0.8171084631909208,0.1793028897974379,0.002649575220019178,0.0008508102352790726,8.826155634312051e-05
N5416HD,0.6918237455803247,0.29652707177348653,0.010837729689885833,0.0006965598369030146,0.00011489311939993478
N5421HD,0.6956458863435584,0.2837669860179371,0.01587072551775257,0.004444437866182611,0.0002719642545692776
N5430HD,0.8384802348370475,0.15457584094200744,0.005418505023115592,0.001449812088885896,7.560710894375354e-05
N5431HD,0.02435851283211185,0.052677689149717606,0.9101931908910723,0.01274173328686879,2.887384022954412e-05
N5432HD,0.6520648860079035,0.3409228391843798,0.006004052604571633,0.0008009396682028817,0.00020728253494219336
N5437HD,0.7040837459859318,0.28015584202412713,0.015009259345789887,0.0006472658085796416,0.0001038868355716182
N4225HD,0.42435644290713703,0.47768198186084043,0.08199610282645904,0.015271187320107531,0.0006942850854562333
