ncode,proba_0,proba_1,proba_2,proba_3,proba_4
N4541HD,0.23886778754733434,0.718816279511127,0.03708115517635566,0.004561761542791465,0.0006730162223916761
N4397HD,0.056552152577843066,0.1697771892470372,0.31422272877232055,0.4484302551034345,0.01101767429936463
N4544HD,0.854312708967392,0.13735591053776408,0.0063801342335144656,0.001725110024410301,0.00022613623691909837
N4545HD,0.08652540924802236,0.28218753452067996,0.44986784453136774,0.14425266727157748,0.03716654442835238
N4546HD,0.7659416502345615,0.22149976907613017,0.010799105102436105,0.0014448462857821797,0.0003146293010900964
N4550HD,0.8301217170731674,0.16020740152780533,0.00815275554206807,0.0012388849566910705,0.0002792409002681382
N4551HD,0.7394954876313138,0.2395012562634639,0.019363901851165898,0.0013612695291184754,0.00027808472493796166
N4554HD,0.04248890322869004,0.08255969579543028,0.8722873637077662,0.0020218072403306196,0.0006422300277828292
N4555HD,0.6583803611458819,0.09438460521937807,0.24576090164379752,0.0013166852873052778,0.00015744670363719226
N4556HD,0.362601349583218,0.5238504103387592,0.07594435625440642,0.0359974676720857,0.001606416151530722
N4563HD,0.33916626086720414,0.5738720245472925,0.07690856205746047,0.009423392985253317,0.0006297595427896462
N4567HD,0.8456935009413732,0.12168317437461981,0.0246187717525365,0.007587364025317523,0.00041718890615297186
N4561HD,0.7927762920173119,0.20178204090627197,0.003770454905253399,0.0014368300994045719,0.00023438207175808387
N4571HD,0.19143132872173713,0.6502207493778381,0.14182220039170634,0.01484581224542492,0.0016799092632934912
N4574HD,0.9858798885291858,0.011974761380980112,0.0016888151734469345,0.00038175152564221026,7.478339074491978e-05
N4575HD,0.5902214647982146,0.3808969135587494,0.025748510126992925,0.002166765292271221,0.0009663462237719771
N4579HD,0.21142431995640754,0.532253837606617,0.20739738752321146,0.044091908498216856,0.004832546415547181
N4581HD,0.7551209833878411,0.21934652832595866,0.023050869903038562,0.002189320452742625,0.0002922979304191012
N4584HD,0.6801049690242815,0.31323405331814524,0.005348022269208427,0.0011027052191376315,0.00021025016922710663
N4578HD,0.8092077987107383,0.1775621706890864,0.012037289070745466,0.0010178009251274,0.00017494060430256036
N4590HD,0.21039082176894122,0.7801206165239641,0.008098834581340336,0.0011359696886639927,0.00025375743709037064
N4593HD,0.023605304809053627,0.08426151725530566,0.3510681391374939,0.5259418966839451,0.015123142114201772
N4151HD,0.13853909044213755,0.43883054134394595,0.3084835795505793,0.07404618422046454,0.04010060444287292
N4594HD,0.7530596413815982,0.2385491103954807,0.006980065659655946,0.0011803548917739709,0.0002308276714911514
N4600HD,0.7050083260366593,0.17991077648625806,0.1135363477957017,0.0012606322234575593,0.0002839174579232785
N4605HD,0.25579088510348047,0.1085084349581323,0.5191595029763191,0.11636607737302353,0.00017509958904467874
N4612HD,0.49132186668488426,0.4808765185277262,0.023894964767965616,0.003490211788098097,0.00041643823132571
N1701HC,0.24198019091954043,0.5221797352850795,0.16615319860611905,0.054727597424008,0.014959277765253099
N3705HD,0.011886572287246936,0.035715679937928776,0.1555239645316765,0.13102772546100752,0.6658460577821402
N4589HD,0.6621039240943545,0.31231254138054776,0.022478894416083067,0.002445024208914687,0.0006596159001001014
N4339HD,0.9246900564958266,0.06947777727293156,0.004904371417071061,0.0007810576911554299,0.0001467371230155747
N4615HD,0.07886044460726409,0.2203180218051637,0.23983574078683723,0.35754663216688537,0.10343916063384948
N4618HD,0.8979750801070792,0.09043471694503395,0.010185581077206334,0.001211871871052133,0.00019274999962819866
N4624HD,0.4556873516324066,0.5375966703056037,0.005139577843828855,0.0013220272887548145,0.0002543729294060447
N4626HD,0.6441138794255611,0.324874829742732,0.025553886226701353,0.005125103659205143,0.00033230094580030233
N4628HD,0.10954985024316959,0.7899364471295895,0.08869180740051318,0.010686719802237059,0.0011351754244908181
N4638HD,0.06307219371911825,0.2981299925731679,0.2553829257767822,0.3730498815342224,0.010365006396709212
N4639HD,0.5953508388000642,0.30508477697124786,0.08392648145091516,0.014735353524542924,0.0009025492532299051
N4642HD,0.819577303720513,0.1678696965743576,0.010199527974558954,0.002000895476317248,0.00035257625425312876
N4646HD,0.9746399250377514,0.021251921272742075,0.003205509887773941,0.00081144019531936,9.120360641328909e-05
N4631HD,0.7227679922626303,0.2685274525207725,0.007267890574744574,0.0012182885274144785,0.0002183761144381702
N4656HD,0.03354952310497267,0.10824620316739857,0.24433307438798318,0.5141405608613411,0.09973063847830453
N4658HD,0.7495328810358965,0.23193223405685842,0.01386865476401205,0.00434086887636769,0.00032536126686533113
N4661HD,0.807730404693761,0.17129038980590586,0.014031072922250469,0.00666688518160486,0.00028124739647785216
N4665HD,0.7953345836737754,0.19510271783492877,0.00795970320159932,0.0013719096117292828,0.00023108567796719363
N4667HD,0.8480065584933066,0.1417564200710231,0.009000015410782748,0.00099047521585926,0.00024653080902810873
N4669HD,0.5703245808825824,0.3954622057861445,0.029526153420571983,0.004299687048906718,0.0003873728617942815
N4673HD,0.22209955989903277,0.5969734642509475,0.140725117995952,0.027850773083868317,0.012351084770199323
N0760HD,0.24260021812887558,0.6187441500966628,0.11482723969550925,0.020874011234375923,0.002954380844576307
N4672HD,0.6265290048488488,0.32878186223148553,0.03365401990845183,0.01036941232914709,0.0006657006820668038
N2593HD,0.8224469131265386,0.17111376470674133,0.004664278587674505,0.0015846366626459981,0.00019040691639951208
N4677HD,0.6545552341655544,0.29439244730762965,0.04430364398393174,0.006285474627312856,0.0004631999155713886
N4680HD,0.4393429641339232,0.4480130897815564,0.10463057164972608,0.006987458918895313,0.0010259155158991351
N4688HD,0.07007814482089895,0.24771822548018918,0.3058418065527311,0.263592685429332,0.11276913771684884
N4689HD,0.8819335100244763,0.11012899290576496,0.006593845478297858,0.0011087948121742263,0.00023485677928668255
N4691HD,0.10890403086571326,0.5794129833393727,0.18825422971362313,0.11386395532457615,0.009564800756714736
N4692HD,0.8123575271070866,0.1459773367221465,0.03159141629203752,0.008590535773681459,0.0014831841050479502
N4694HD,0.11992661467766365,0.3913680170042135,0.39862216959759367,0.08777574996541634,0.0023074487551127507
N4695HD,0.26677551327774723,0.684713228403576,0.042448162695482815,0.005551294632215535,0.0005118009909783626
N4699HD,0.5378798254169026,0.42392112297824397,0.033218746001861546,0.004195217283321182,0.0007850883196707462
N4703HD,0.39742545371637145,0.16608468551298464,0.186989377415084,0.24303639985300005,0.006464083502559911
N4704HD,0.00776407404169612,0.02088835108115226,0.33562697708676875,0.6344418903883065,0.0012787074020763902
N4708HD,0.9117780861753301,0.081954298296081,0.004665255179001132,0.0014614534182242152,0.00014090693136337265
N4714HD,0.7812495234332666,0.1678056736874054,0.03710375115913333,0.011055456552665134,0.002785595167529526
N4721HD,0.22543451297873748,0.7011327217330526,0.0587905069690564,0.009895675799670297,0.004746582519483378
N4722HD,0.8668366181867952,0.11866008761328968,0.013163851777639943,0.0011116324994342507,0.00022780992284096794
N4724HD,0.6319135658243364,0.35137027938895404,0.014684168355119456,0.0017382455360573066,0.0002937408955326963
N4726HD,0.05073995654891983,0.8559709485022591,0.0919847100176479,0.0011395357926344473,0.00016484913853871417
N4735HD,0.600534639589841,0.37837537834545243,0.017535046780834194,0.002900858658102544,0.0006540766257698682
N4063HD,0.7272824348472453,0.2301032209423748,0.028765101414166754,0.010229470590643728,0.0036197722055694268
N4712HD,0.8272898658855061,0.15885832020359925,0.010954857240670378,0.0026463199588734423,0.0002506367113507171
N4738HD,0.2031667941780533,0.7096892944139017,0.07949818823204535,0.006974493120240399,0.0006712300557594017
N4740HD,0.11934166617311308,0.3079430702836904,0.4990222544434813,0.07063959427980104,0.0030534148199141894
N4742HD,0.04715623925648784,0.05612540604771541,0.32579680272260825,0.5353724706665193,0.03554908130666927
N4745HD,0.7659293003461283,0.2211735331414241,0.00832340764261149,0.004325517236981124,0.00024824163285505087
N4747HD,0.8400763088058142,0.13406656299452466,0.02012305805003589,0.004807066185465437,0.0009270039641598089
N4750HD,0.6699029799909277,0.301801079854494,0.021981109849580398,0.0058607605644020256,0.00045406974059572725
N4752HD,0.020431697272946834,0.07362009259293009,0.0996543263103253,0.7918656559099576,0.01442822791384029
N4754HD,0.7698257304077127,0.2204554627102832,0.007238255812284611,0.002148777425876454,0.00033177364384289875
N4755HD,0.17880981378500527,0.5918097067119057,0.20010594421630323,0.027858013801422582,0.0014165214853632628
N4756HD,0.4684738576652172,0.5065521956440168,0.02205459599879595,0.0023934330583443176,0.0005259176336258719
N4757HD,0.8867475565635273,0.10638999359266656,0.005754679667932946,0.000916773223457207,0.00019099695241591116
N4759HD,0.20959301309627507,0.7342190656183241,0.051779758842503236,0.003977639172933504,0.00043052326996424734
N4762HD,0.6832712516736665,0.28680561415901556,0.025991438518954718,0.0031216628384408977,0.0008100328099223051
N4763HD,0.7709441073711859,0.1900118448513289,0.02958130772870564,0.008167699261526485,0.0012950407872531072
N4767HD,0.7047360856590017,0.26291639052704024,0.02501601971819256,0.006660264801042058,0.0006712392947234225
N4769HD,0.07124245890917462,0.11539437338455483,0.7877306890564468,0.025294771161409078,0.0003377074884147065
N4770HD,0.8121948363301357,0.17584835474433835,0.00984707556125432,0.0018680179956449927,0.00024171536862663333
N4676HD,0.4415817009535878,0.5025385991549484,0.046959807875733,0.007803653202029371,0.0011162388137014865
N4614HD,0.6427356564348093,0.2906438393291637,0.03634344811845264,0.029541074845583236,0.0007359812719910537
N4774HD,0.24888568837574646,0.6170207691867974,0.11430421071677374,0.01750166488834452,0.0022876668323378586
N4778HD,0.09546794591462668,0.2941575848993498,0.29565387359039175,0.29294887552690735,0.021771720068724413
N4780HD,0.026652180385517095,0.1092302593521154,0.43831390059504954,0.38577455978540565,0.04002909988191232
N4783HD,0.6741925284988242,0.293471211604352,0.024686118928746306,0.0069862518361886745,0.0006638891318888426
N4789HD,0.8453492125489106,0.14015790880984605,0.010930617035887269,0.003203479129815251,0.0003587824755409101
N4792HD,0.40811511678409945,0.5815109518775013,0.008785287370183109,0.0013210655280588694,0.0002675784401572944
N4793HD,0.05237137325647718,0.7741033655762023,0.16968810638236836,0.0035069330787624664,0.0003302217061895017
N4794HD,0.0025119691555128562,0.01867926030033649,0.012216031313783434,0.9661045256151554,0.00048821361521167537
N4799HD,0.3972213787748047,0.5828762266167757,0.018028598521289733,0.0015084878129955936,0.000365308274134189
N4800HD,0.9619886165574092,0.03087787448269035,0.005574925155248623,0.0014356829912101218,0.0001229008134415412
N4808HD,0.07222408682770375,0.9219387162535106,0.005128134803398891,0.0005968208290479178,0.00011224128633903442
N4809HD,0.7222648866263973,0.23064024419338205,0.036250349340829574,0.010022737528226414,0.0008217823111646245
N4634HD,0.5890285278855362,0.373258812062758,0.031416638232827775,0.005751652581118417,0.0005443692377597176
N4784HD,0.935433035723984,0.05953464992630419,0.0038818681167346954,0.0009967371926316512,0.00015370904034540036
N4815HD,0.8105449084812179,0.180198046262973,0.007227215965556395,0.0017832490753076947,0.0002465802149449883
N4816HD,0.7535390248305509,0.22438773656247019,0.019015961195418696,0.002762938950484978,0.000294338461075082
N4817HD,0.38748618835516196,0.5565433461834839,0.051430678161643165,0.003951681456342844,0.0005881058433680283
N4818HD,0.8156388208285823,0.16824080093910598,0.012303889346661588,0.003487174509777508,0.0003293143758724994
N4821HD,0.019256610483766808,0.9717719578917788,0.007850473306515721,0.0010096914994546793,0.00011126681848406973
N4830HD,0.848298356192458,0.14351380389788085,0.006604522526857733,0.0013747093056101852,0.00020860807719340525
N4748HD,0.8474188843150369,0.14029459853383547,0.009572935946539721,0.0024732078364760064,0.00024037336811202515
N4684HD,0.7151326702118633,0.2709118412301423,0.012338217587591793,0.001322929964238398,0.0002943410061641888
N0389HD,0.009548463743675397,0.9696396330947276,0.02028046766227381,0.00044396464765773146,8.747085166550292e-05
N4796HD,0.49979897379975324,0.4194157395025072,0.07372311813574448,0.006169590902315496,0.0008925776596795346
N4834HD,0.009081135203698446,0.03708833684184575,0.6894578261715234,0.260288442982797,0.00408425880013543
N4835HD,0.11708453674130673,0.8768056096236116,0.005060170035938311,0.0009097135232413165,0.00013997007590181698
N4837HD,0.5037297410894038,0.48986003676303325,0.005395693476528506,0.0008515693771844,0.00016295929385000513
N4838HD,0.0672234436493622,0.9276761245772192,0.004139030525379589,0.0007809698148580353,0.0001804314331811363
N4839HD,0.011379717521401156,0.2794278003738568,0.7038005410843073,0.004988692592110211,0.00040324842832456466
N4842HD,0.746308795466099,0.23271054989128176,0.01882901039811137,0.0017247994859971615,0.0004268447585106141
N4844HD,0.9386208819237363,0.05398800963077262,0.005974593652965138,0.001280126800222132,0.0001363879923038329
N4846HD,0.14222776317204355,0.5208478844608658,0.29830035579094505,0.036756966263614965,0.0018670303125306164
N4847HD,0.7920895425118154,0.19195446067618827,0.013196143905158927,0.002191857911320093,0.0005679949955173362
N4849HD,0.2805313231357679,0.6641029477160703,0.04553358067022243,0.008144765724801377,0.0016873827531380704
N4852HD,0.03132608289463927,0.2921015415172705,0.5702226277857863,0.10560386846494407,0.0007458793373597288
N4853HD,0.4774654943498169,0.499539320761007,0.020915124388953515,0.001810044566324693,0.00027001593389780845
N4856HD,0.736825199869389,0.24920079334276715,0.01164299431972326,0.0016070435166147875,0.0007239689515057331
N4858HD,0.7944476193130396,0.1946329838398912,0.008162122595954389,0.0024932796227628193,0.0002639946283519116
N4860HD,0.3999609894476401,0.5375751145663532,0.05333937332668868,0.007419730675870924,0.001704791983447151
N4861HD,0.840745998300662,0.14941330728031332,0.008643816037596376,0.0010137206068200804,0.00018315777460818901
N4863HD,0.4639366378912203,0.5302130981070025,0.004292606592128565,0.00130908070663491,0.0002485767030138339
N4864HD,0.7502699721502761,0.23446479227672667,0.013005637181676416,0.001996615972592169,0.00026298241872868035
N4866HD,0.8275324045238108,0.15862005841574253,0.01169058170387881,0.001894884514444686,0.0002620708421231497
N4012HD,0.7059257481001049,0.28229687700649564,0.010361432932039989,0.0011839958812190608,0.00023194608014033525
N4825HD,0.32086111516685917,0.5567267490840071,0.09425873928696453,0.024223234885398855,0.003930161576770417
N4875HD,0.10256692700636089,0.44512346926174257,0.37557076844288606,0.07134729041828727,0.005391544870723165
N4878HD,0.07874370620742002,0.2896491607451295,0.46358536937029926,0.1252694669846453,0.042752296692506034
N4883HD,0.014685316074582067,0.18181376659055423,0.766273954840173,0.03675086022756391,0.0004761022671268976
N4884HD,0.7093428622541573,0.2719768762571956,0.016666396214925695,0.0016597017764598187,0.00035416349726151566
N4887HD,0.2076102922324626,0.7860186804370288,0.005570961177733254,0.0006910272749408271,0.00010903887783442555
N4891HD,0.5345024070921466,0.42220016461272697,0.040599891540489694,0.0023556002914196634,0.00034193646321702945
N4892HD,0.32844018270136466,0.6576438499230018,0.012679242098542482,0.0010475892220014544,0.0001891360550894957
N4895HD,0.8720239491161695,0.12003195502668206,0.006363832683616105,0.001384772183911999,0.00019549098962038175
N4899HD,0.6374309344490859,0.3561579543835759,0.005107497781141578,0.0010998753780398045,0.00020373800815673052
N4898HD,0.30226466030445875,0.6585478970725973,0.03582852846864884,0.0028624267685158802,0.0004964873857792448
N4902HD,0.38342654954296096,0.537671876234387,0.06759373830663484,0.010607578216406807,0.0007002576996105633
N4904HD,0.25157396891901135,0.5189184385398946,0.19583280235910014,0.029991413467922837,0.00368337671407092
N4906HD,0.8342525749490299,0.15642436657222927,0.00731286305783433,0.0018077095642557127,0.00020248585665080248
N4909HD,0.6865123360528042,0.2788232529548678,0.030611451074145334,0.0037260872042293963,0.0003268727139533345
N4912HD,0.4523496727231086,0.5037013676524372,0.04039279894316386,0.00308673047833803,0.00046943020295226655
N4913HD,0.7986293095994438,0.19268425941295375,0.007172804144596016,0.0012596090668268215,0.00025401777617945615
N4914HD,0.026285852586053968,0.688172706172247,0.2838594349704849,0.0015079213813263184,0.000174084889887771
N4908HD,0.8307485002016823,0.1622912437786677,0.005933063637626588,0.0008578315700622317,0.00016936081196135426
N4937HD,0.7569016907428114,0.23276140471611897,0.008819669148095647,0.0012259640411222375,0.00029127135185181413
N4938HD,0.782382824080228,0.20445192738385912,0.011601870600116639,0.0013048490733571074,0.0002585288624389983
N4949HD,0.9387676639199928,0.051706348384169716,0.008272339927498039,0.0011048650203627378,0.00014878274797684642
N4952HD,0.784254313773208,0.20307008789416078,0.011062364745655138,0.0013072419740499637,0.00030599161292620966
N4954HD,0.5790097811942395,0.40284426980572535,0.015609433408603702,0.0019550926472890117,0.0005814229441424469
N7917HB,0.864165490207556,0.1276218285221163,0.00613572179938801,0.001892409655594981,0.0001845498153448307
N4951HD,0.6468032175351021,0.3430747140763249,0.007944040862066912,0.0019358288570304537,0.0002421986694757067
N0385HC,0.10407387052446213,0.5523602768891592,0.2568495642822645,0.055236696992423825,0.03147959131169035
N3920HD,0.5267792080873904,0.4170247598924777,0.05074393969481404,0.004426737932309077,0.0010253543930086309
N9498GW,0.5442535522614674,0.41532814018736447,0.037527544341805295,0.0024916626009773082,0.0003991006083854735
N4961HD,0.8532244315145806,0.14176327230294097,0.004046293525237632,0.0008108532447670962,0.0001551494124736456
N4965HD,0.5719636924160417,0.3835498916529227,0.0404557967899645,0.0036313417617664387,0.0003992773793046511
N4967HD,0.5624038200774311,0.36704721579812133,0.05744008157822224,0.01247229250975254,0.0006365900364726751
N4968HD,0.3104143564722894,0.5498766661550841,0.07899138301856728,0.05946355351461555,0.00125404083944367
N4973HD,0.7654294419596199,0.21567734964942792,0.013782910642838007,0.004729935538766073,0.00038036220934806197
N4976HD,0.012205509885067453,0.3691448535093053,0.6008100334131382,0.01755148742135722,0.0002881157711318962
N4977HD,0.8596900838922873,0.133077911115674,0.005788132936314227,0.0012339217523015824,0.00020995030342289717
N4978HD,0.6324342397011938,0.3338179375906909,0.02509388406645346,0.008166294265640668,0.0004876443760211885
N4982HD,0.17260903363524358,0.566994908163156,0.23668257107730575,0.02010576438956622,0.0036077227347282802
N4983HD,0.41038175328398446,0.4845644771626603,0.07259537206889255,0.03168413582215603,0.0007742616623066381
N4984HD,0.8376898577566552,0.14456928888643925,0.01619875513675653,0.0012050740172557086,0.0003370242028932212
N4992HD,0.029517015757801288,0.35908949205701457,0.18154051263467236,0.28558565456953916,0.14426732498097258
N5000HD,0.5357495760769276,0.39460764739130205,0.06293320510127334,0.0062546503001428425,0.00045492113035429035
N5006HD,0.4224461476441438,0.5280892681786747,0.04332278695681278,0.004639382216483457,0.001502415003885271
N5007HD,0.7511117826993885,0.23316109694764756,0.012646687292608214,0.002701941794742555,0.00037849126561320976
N5008HD,0.6060942797118598,0.35271117272616376,0.036215577356950704,0.004522818191402498,0.00045615201362342263
N5011HD,0.6971305616894824,0.28389113666855487,0.015812754303405074,0.002565743727270855,0.0005998036112867644
N5020HD,0.5402227985353609,0.40366947074327625,0.048809640343100834,0.0057925394356170895,0.001505550942645154
N5024HD,0.701119607899087,0.2764095174312687,0.019039637936546634,0.00305179851663712,0.0003794382164606652
N4826HD,0.8900482409080448,0.10571862221501226,0.003228863289510771,0.0008228959072803245,0.0001813776801519881
N5032HD,0.8102151616106315,0.17568260291250895,0.011119406788015764,0.0026848480355390527,0.00029798065330473956
N5041HD,0.8012583089192697,0.18236541468464612,0.012899287557869218,0.003221666837961215,0.0002553220002537433
N5043HD,0.9633562953226825,0.031950222563672595,0.002938242300654681,0.0013660069520581148,0.0003892328609322117
N5044HD,0.28384858004629016,0.504918181385778,0.18562237974444487,0.023321674583972492,0.002289184239514438
N5045HD,0.8012391896998858,0.18848509666539526,0.008739443898973928,0.0012628343230357225,0.00027343541270931636
N5004HD,0.8271174776595324,0.13506742504790428,0.03142694933015843,0.005935668125363033,0.0004524798370420674
N5055HD,0.5575118157804868,0.39662357066548287,0.038563364092592686,0.0059712363362491834,0.001330013125188528
N5056HD,0.24487135139131458,0.3975838345783429,0.3023092148748976,0.05184517641974206,0.003390422735702968
N5057HD,0.748734083138957,0.24145636360858863,0.008295928745484897,0.001020483174802271,0.0004931413321671947
N5059HD,0.5921257355289163,0.3411792753816623,0.05997776465946454,0.006146083293944842,0.0005711411360118781
N5061HD,0.5312117699563601,0.43424158235829713,0.03034013815842481,0.0035560234186126543,0.000650486108305221
N5018HD,0.8910013639862993,0.10041203363323907,0.0071454812758860575,0.0012611606074077603,0.0001799604971677456
N4896HD,0.6968274580415668,0.26485045397063217,0.03129319755091108,0.006488508836484923,0.0005403816004050892
N5064HD,0.7317112980680375,0.2476022672943976,0.017457841501116057,0.002828209275277138,0.0004003838611716581
N5065HD,0.5563774203929233,0.41427589474394616,0.025873157752936738,0.0031152921341283868,0.0003582349760654493
N5067HD,0.10282749991397638,0.497081663527298,0.35308807892036065,0.03627029730474977,0.010732460333615234
N5070HD,0.01746162363211032,0.43662383399496846,0.5343088170158296,0.011336291937882999,0.00026943341920869485
N5071HD,0.6958219657843182,0.29256930913267176,0.009907745340883374,0.0014306649922347864,0.00027031474989180237
N5072HD,0.6577708118740786,0.32909162581990853,0.011191572849330342,0.0016165721452313711,0.00032941731145107715
N5074HD,0.6917127950880404,0.2737774589250719,0.031108991190268383,0.003012187290969729,0.0003885675056497157
N5075HD,0.9695477375062769,0.026327102953672476,0.0032000514830093766,0.0008271286619195862,9.797939512165139e-05
N4923HD,0.7612238509889171,0.22250753764720274,0.010271746651891088,0.005630109570869907,0.00036675514111935857
N5076HD,0.7765851461402752,0.2126245945777879,0.009240333548990157,0.0012986645546964226,0.00025126117825019934
N5079HD,0.0838620289800686,0.4781103857345726,0.18580972010224486,0.23111240857073853,0.021105456612375388
N5080HD,0.404338771811771,0.5309634220935968,0.05110189990839377,0.01227729874161052,0.0013186074446278663
N5082HD,0.4309845191684432,0.5080325922969086,0.05198434247235212,0.007809855097933654,0.001188690964362354
N5083HD,0.7270534609975305,0.21738990363777674,0.05226269751053898,0.002889251510221544,0.0004046863439323549
N5085HD,0.665556300138847,0.2688028428341952,0.05816040447456166,0.006749444525202377,0.0007310080271937634
N5051HD,0.27256574688145363,0.7205548976099931,0.005864310610812277,0.0008635878480561216,0.00015145704968478056
N5039HD,0.12356327197537716,0.45793438356508404,0.31146103652731255,0.10481242276663005,0.0022288851655961183
N5088HD,0.9485097336241308,0.04372002559172333,0.006843471352968546,0.000790152505586062,0.00013661692559127324
N5091HD,0.09590671861567042,0.8970022477020477,0.005829904120067059,0.0009202993816937763,0.0003408301805212244
N5093HD,0.06099226757378911,0.16787546913934867,0.24744457290382504,0.5076230576477174,0.016064632735319898
N5100HD,0.021547626805368463,0.07714862212909318,0.08533801310830637,0.7955454667369356,0.020420271220296306
N5103HD,0.06735016425294808,0.3501478925327586,0.2729495671065668,0.30150466298892065,0.008047713118805913
N5104HD,0.986292773363951,0.01076703126088295,0.0024693041776967187,0.00040443189943555383,6.645929803357699e-05
N5105HD,0.8279611064523341,0.12205255513295736,0.045127376047523086,0.00450413791625642,0.0003548244509290515
N5106HD,0.7344342010255075,0.25127076858212605,0.01167257112801749,0.0021236693706611904,0.0004987898936879349
N5109HD,0.7421068173446651,0.2400415083195873,0.01615424449440568,0.0014117705021930887,0.00028565933914889724
N5112HD,0.21043940106098663,0.6630807130968992,0.11922793125530286,0.00612799293183714,0.001123961654974237
N5115HD,0.8851423630104632,0.1014368583628269,0.011826614172876835,0.0013861155546836886,0.00020804889914924568
N5120HD,0.17911225266835082,0.2875435234563551,0.2664220207055698,0.20779537538390666,0.05912682778581761
N5121HD,0.5636343153779544,0.38719594802624635,0.03476085275830159,0.013595989517954824,0.000812894319542837
N5122HD,0.38494090320223967,0.5469999591792625,0.046605020208727435,0.020879583532478797,0.0005745338772915981
N8305HB,0.7869231470011607,0.202464054958493,0.00894014591094707,0.0014703856788130893,0.0002022664505861079
N5126HD,0.152121475902542,0.5498210637420518,0.22787709185098773,0.0645584534521196,0.0056219150522989585
N5128HD,0.8036229595901768,0.18031504700253917,0.01389785099094229,0.0018887741758197814,0.0002753682405219641
N5133HD,0.11533550004907982,0.3458487749902543,0.35105821230322787,0.1623561776428287,0.02540133501460934
N5135HD,0.7694039174196644,0.2192029162951655,0.009184582511387962,0.0017474166124109428,0.00046116716137101856
N5143HD,0.8181443954113777,0.17232792858385745,0.008314867965575536,0.001007606821911118,0.00020520121727821134
N5144HD,0.3174473818960551,0.5963945386334496,0.07749844391237433,0.00791113662719749,0.0007484989309235338
N5149HD,0.23046539019569545,0.5868491602090827,0.15544112956690911,0.02184487268296333,0.0053994473453494035
N5152HD,0.5662837804026467,0.4100238678434484,0.02008580174711578,0.003215915295313681,0.0003906347114753486
N4394HD,0.299047636101649,0.5626557723344771,0.10321073086563208,0.03358872093359088,0.0014971397646509068
N5029HD,0.34021677202794587,0.5380023399786614,0.10095819139265003,0.018520773884806208,0.0023019227159364157
N4368HD,0.8837213923991379,0.1048359843258146,0.010073784485276264,0.0011731550086141857,0.00019568378115676657
N5013HD,0.1882318102973941,0.5421620268035443,0.10063370217681507,0.16635853593511066,0.002613924787135981
N5153HD,0.6282050420810901,0.33270176362799947,0.03330267779158873,0.004951804908670592,0.0008387115906510796
N5157HD,0.8604338005306107,0.13056389933492318,0.007863263483969934,0.0009354425084094716,0.0002035941420867261
N5170HD,0.6903253630087288,0.27217144494010237,0.031287752213612005,0.005632771928960297,0.0005826679085966078
N5172HD,0.6721795730401371,0.28325895825036934,0.03243809307573398,0.011537323151700717,0.0005860524820588926
N5173HD,0.7389395434040025,0.21660824074108073,0.03875193131602569,0.005182450707913592,0.0005178338309773654
N5147HD,0.3219601118371381,0.6179748321020555,0.04945087222002545,0.009534983616477295,0.0010792002243036314
N5178HD,0.8419421733933564,0.14670216148793067,0.009523209854207165,0.0015899796071971698,0.00024247565730870624
N5180HD,0.6299329934478597,0.3467184878316876,0.01962511041999628,0.002958179190429438,0.0007652291100270035
N5181HD,0.3393245220839372,0.544535683455299,0.10476322737911324,0.010198298056760386,0.0011782690248900614
N5182HD,0.8881965751958603,0.10249742424240138,0.008391781564823406,0.0007603157653180702,0.0001539032315969933
N5183HD,0.03199503189396466,0.9624139934567888,0.004991047461115936,0.0005056524312650029,9.427475686549915e-05
N5185HD,0.3010746506663662,0.5098878098967201,0.12179620476134238,0.0654716282531606,0.0017697064224106893
N5187HD,0.32316084027150566,0.47313059187254397,0.17448057652411125,0.021906498065107336,0.007321493266731818
N5188HD,0.1720907760585817,0.49909536046008907,0.2183750773418651,0.10427163477190596,0.006167151367558177
N5190HD,0.01463779414392825,0.04104512209663163,0.45400384686343165,0.480239553736369,0.010073683159639333
N5192HD,0.34805077788224675,0.6449627611458039,0.005611365028237896,0.0011821845812731355,0.000192911362438487
N5193HD,0.6134503392105956,0.35920403935080436,0.022792173990721313,0.0034027755525150643,0.0011506718953636342
N5197HD,0.8179709149883543,0.1666865893269389,0.01385086992763164,0.0011757892276937421,0.00031583652938149383
N5198HD,0.32953592145412286,0.5760924083537392,0.07915757226267403,0.01386517920653041,0.0013489187229335762
N5199HD,0.7459710352486547,0.2263725479979667,0.024830956556157892,0.0024918276102824954,0.000333632586938324
N5200HD,0.8010371046998296,0.17931274925347482,0.016559139578325655,0.0023800283733776163,0.0007109780949925042
N5203HD,0.03558403560553499,0.1816074755368337,0.2730486831047047,0.48289424190222385,0.026865563850702892
N5209HD,0.10223869986039623,0.30338821069378297,0.0586745831629339,0.532601715382055,0.003096790900831844
N5212HD,0.8033730294375356,0.18389247834778236,0.010909115036035363,0.0015310856951782391,0.000294291483468499
N5215HD,0.5438311616585022,0.40649428366589,0.043339842716150274,0.005604263942927868,0.0007304480165294453
N3574HD,0.639519940891894,0.34775863914404753,0.009817152807082284,0.0025687041339758927,0.00033556302300020757
N4760HD,0.12322342480138218,0.44310305203372424,0.330241658792454,0.10071699380453397,0.0027148705679055176
N5225HD,0.8537731828222328,0.13929658332535025,0.005527480255287061,0.0011922431350371366,0.00021051046209292164
N5226HD,0.6869937991666879,0.27830704277086377,0.02913593807271164,0.005262188965840072,0.0003010310238966927
N5227HD,0.7170556545527327,0.2516479959447706,0.026034567789925335,0.004823917512890479,0.0004378641996808373
N5233HD,0.02449335363905,0.10805365036911908,0.29037813784564864,0.5204506044177908,0.05662425372839138
N5238HD,0.8823484785953242,0.09583449903993185,0.015744595551272448,0.005538340879138803,0.0005340859343327356
N5241HD,0.8476981851994936,0.14048833024731844,0.009407105886557654,0.002098022153966448,0.00030835651266409783
N5243HD,0.040625068981777646,0.4602902779608307,0.11775794420246952,0.3595223265064195,0.02180438234850256
N5246HD,0.793282144282203,0.18746870663156107,0.015967451057624194,0.0029410110156299456,0.0003406870129819583
N5247HD,0.0061203653251059795,0.018804521782433872,0.1918470921651593,0.7805534268475779,0.002674593879722965
N5248HD,0.7673266428367138,0.20772391041272995,0.022822429889631426,0.001823726229743538,0.00030329063118146414
N5253HD,0.7488004949784951,0.19266176455266557,0.03777709034321712,0.01947354174538798,0.0012871083802343851
N5257HD,0.03558403560553499,0.1816074755368337,0.2730486831047047,0.48289424190222385,0.026865563850702892
N5259HD,0.13320115149037898,0.4507052388775521,0.2984514307852098,0.11065647660509577,0.006985702241763497
N5262HD,0.1516245298108777,0.5269351954822538,0.307100859810974,0.013998290687352487,0.00034112420854210605
N5266HD,0.6945016972995292,0.24608851071415294,0.05546124269553878,0.003436367022765247,0.0005121822680141011
N5270HD,0.6450288357833596,0.3423046460588882,0.010612380787481506,0.0018075133107508042,0.00024662405951989815
N5271HD,0.6411376791595175,0.3320827750938282,0.023871890899439047,0.002546058493568468,0.000361596353646947
N5273HD,0.5885017797956722,0.37215789725329995,0.02942961077429744,0.009356029471887002,0.0005546827048434565
N5274HD,0.7499661226921045,0.23396243776039258,0.01203331029425069,0.0033032491170599644,0.0007348801361921749
N5211HD,0.6831735553472764,0.2752318762691371,0.030178262591240443,0.010889692917400873,0.0005266128749450451
N4843HD,0.8072092268126454,0.16465016436946864,0.018854780469867403,0.008312343804912373,0.0009734845431060783
N5287HD,0.6608975142328622,0.3046123813121782,0.030251783973704642,0.0033735017760527313,0.0008648187052022132
N5286HD,0.12793361310674659,0.30364191156318154,0.4722343504525971,0.0913620780982691,0.0048280467792056305
N5292HD,0.03558403560553499,0.1816074755368337,0.2730486831047047,0.48289424190222385,0.026865563850702892
N5294HD,0.8642556657626355,0.12198550986425542,0.012157264133037533,0.0013588086912681727,0.00024275154880350083
N5296HD,0.28555614797823237,0.5332129786896967,0.15714934801388053,0.022045776066737816,0.0020357492514526286
N5298HD,0.7058995767140341,0.26428932212706696,0.02574430156342209,0.0037004477690277446,0.00036635182644897165
N5303HD,0.738281707072395,0.2408699208690471,0.01832293409709854,0.002204697141736941,0.00032074081972222475
N5305HD,0.4012248286448593,0.44822211188436073,0.0930867265740562,0.05490603320473524,0.0025602996919885023
N5306HD,0.8602680022364421,0.13115429487645003,0.006831142942672054,0.0014619148225106537,0.0002846451219252668
N5307HD,0.13438244349909448,0.45698703316260864,0.2903844445332771,0.11197959355521123,0.006266485249808446
N5311HD,0.7708624886572294,0.20029420212203639,0.02346886957658144,0.004919080165334054,0.0004553594788185366
N5314HD,0.7156614910339008,0.2553289406468361,0.022403457187978593,0.0058744848563231375,0.0007316262749613935
N5073HD,0.13914829315959976,0.4992122485190476,0.2197001478713385,0.12437224327523394,0.017567067174780134
N5277HD,0.10208582222662632,0.3421751229197042,0.3966738295674448,0.15126347175282728,0.007801753533397397
N4885HD,0.9622931870591349,0.028451684472214987,0.008273838645406147,0.0008676343239908196,0.0001136554992532635
N5318HD,0.07285671936391418,0.5583538450719037,0.32966294130539453,0.035641051450246736,0.003485442808540874
N5321HD,0.7711104809127306,0.21732006398627746,0.009912644321597032,0.0014138410577012523,0.0002429697216936156
N5323HD,0.9346397960881435,0.06101625401146691,0.0034821112094489833,0.0007293917137889907,0.00013244697715136838
N5324HD,0.6463864100731016,0.317319429844196,0.029336426845911347,0.006394514283857906,0.0005632189529329646
N5326HD,0.7147230148012114,0.25524724309043473,0.02442722331292889,0.005134135979343623,0.0004683828160813123
N5327HD,0.47889131008882996,0.4917430650462332,0.0254675752532423,0.0034335872385681436,0.0004644623731264047
N5329HD,0.26371010242590925,0.6153871447229159,0.11098206023134359,0.008793274111662216,0.0011274185081690043
N5331HD,0.7876210635949688,0.19667694099153962,0.01304326115998188,0.002168849745936919,0.0004898845075729995
N5332HD,0.8438555929405729,0.14381426511803203,0.00941798740903166,0.0026798360408572456,0.0002323184915062485
N5333HD,0.7163736876135578,0.27327923093044726,0.00877668736014515,0.0013263671707838263,0.00024402692506580382
N5334HD,0.025517370540193738,0.9694973397853368,0.004192914208141777,0.0006872178058939207,0.0001051576604338019
N5338HD,0.03647510614610335,0.19662236969322003,0.14483916158868335,0.32914495166454005,0.29291841090745313
N5339HD,0.02841141545550903,0.1394947851576852,0.7325011259666204,0.09876692666995558,0.0008257467502296614
N3820HD,0.009003893416630725,0.05161638444399346,0.09939218479658399,0.2491595265530734,0.5908280107897184
N5342HD,0.6564216096490312,0.31693053168937424,0.0223201915076763,0.004008878274308291,0.00031878887961010396
N5345HD,0.7941547554917318,0.1861511793317246,0.016689359620389543,0.0027770423000016034,0.0002276632561524446
N5346HD,0.6842114332934017,0.3034817161977672,0.010452358274639334,0.0015399877677475407,0.00031450446644407543
N5348HD,0.06222226600634014,0.23318552836149167,0.25917632411429764,0.43463453092803545,0.010781350589834992
N5351HD,0.6452481437790708,0.33378485556909016,0.015528990201404592,0.005036813776271089,0.00040119667416329104
N5354HD,0.0034544082176126483,0.013817760151448111,0.16994038590419216,0.8117884818238458,0.00099896390290135
N5355HD,0.3493303079052011,0.6107506460685562,0.035723676446327846,0.0032862019010217124,0.0009091676788931536
N5362HD,0.9295160682677552,0.06415244766014723,0.005218724568988721,0.0009343278916844657,0.0001784316114242414
N5364HD,0.8286212669299637,0.15467864961148645,0.010727125478418085,0.005697688233752922,0.00027526974637886173
N1264HD,0.008923308047932536,0.9495389717996456,0.037168588811413716,0.004280786281509753,8.834505949865925e-05
N4985HD,0.2359898715711309,0.6556640988625143,0.08757014876650546,0.017092190420322815,0.0036836903795264614
N5368HD,0.0742552702414921,0.20124213635022184,0.20733628192784753,0.5116792549450273,0.005487056535411156
N5371HD,0.7455240606189264,0.24185651699290822,0.010930226054047422,0.001436459671398524,0.0002527366627195218
N5372HD,0.7074006218474445,0.2723973543196845,0.01835171672360896,0.0015704849185254758,0.0002798221907366122
N5373HD,0.48556443685603023,0.5070228636242899,0.005710364093992968,0.0013682889503717319,0.00033404647531520734
N5374HD,0.8707607764006514,0.12052478372917387,0.0075394441175877834,0.0009785597685625376,0.00019643598402455152
N5377HD,0.8018593823410476,0.1884272617002407,0.008280774533172764,0.0012019123885947524,0.0002306690369442053
N5379HD,0.772861557167512,0.21424114771934494,0.01004794678090928,0.0025486114910028617,0.00030073684123066403
N5381HD,0.16399665517032092,0.4341142631521919,0.36093025977598936,0.03445501140850271,0.006503810492994954
N5383HD,0.25155160882112937,0.2782819013238288,0.3068587455276161,0.1617410829988935,0.0015666613285320583
N5385HD,0.7361223104110037,0.253868078111579,0.008363715443463801,0.001355919357570919,0.0002899766763825178
N5387HD,0.05319160573066181,0.3007872310050607,0.41061736844207924,0.2167342271114654,0.01866956771073287
N5388HD,0.11153506144209062,0.350192678595076,0.31906769231306276,0.1791522767591245,0.040052290890645964
N5389HD,0.02804239962840774,0.5168287468994933,0.4252617603092839,0.029391791109722912,0.0004753020530921324
N5391HD,0.7151160059032651,0.2595794203607257,0.018301520436539268,0.0064646602465816575,0.0005383930528882806
N5393HD,0.7671649516678137,0.2226394584077864,0.00831535461772589,0.0015047182605530934,0.00037551704612094226
N5395HD,0.7422979078506948,0.2212368604072061,0.03221003513047925,0.0038677508018385774,0.0003874458097812193
N5397HD,0.6705583363743661,0.28066265025666876,0.016666026711389875,0.03154654277238932,0.0005664438851858873
N5398HD,0.6515367012303943,0.2944519251252834,0.048924870602743184,0.004670016877933325,0.00041648616364578847
N5386HD,0.09466139740080963,0.42036375092241335,0.48278521281301917,0.0018967049418456565,0.0002929339219120575
N2483HD,0.7133747577373677,0.2698270931648154,0.013409035161893172,0.0026976383324057757,0.000691475603517792
N5402HD,0.7719264152204285,0.20940914876002384,0.01674782316549395,0.001675695787364066,0.0002409170666896049
N5404HD,0.5563224892716833,0.3868228061870619,0.04498932055728901,0.011037086802487536,0.0008282971814782142
N5405HD,0.8039811700491005,0.18340085635636424,0.010524268417582451,0.0016907153586863818,0.0004029898182664923
N5407HD,0.5050031256977826,0.42202191891426194,0.06093443902744411,0.010967289835349569,0.0010732265251617564
N5414HD,0.4338807520090259,0.5586609100917659,0.005765443816934833,0.001449650021588691,0.00024324406068484668
N5415HD,0.7770154439712669,0.2175096696446463,0.0037973955320912485,0.001475934828918049,0.00020155602307751378
N5416HD,0.7562014409204787,0.23522123230871514,0.007099436423558127,0.0012380455865175868,0.00023984476073043678
N5421HD,0.6508267090979263,0.31798991192744674,0.024645488845711196,0.005817469953443114,0.0007204201754727246
N5430HD,0.8419186284055408,0.14489727375278336,0.01040828221195494,0.0025469854845925756,0.00022883014512828443
N5431HD,0.024624492242418868,0.08966957652435832,0.7620985772535603,0.12349872728039951,0.00010862669926285168
N5432HD,0.7182530992985448,0.2652729849148449,0.01480620430974699,0.0013832815608976429,0.00028442991596567716
N5437HD,0.7870011433497611,0.19470427988997402,0.01607293316241153,0.0017986830589837642,0.0004229605388692575
N4225HD,0.2675110591722247,0.6073049315388845,0.1092005516961117,0.015228526640075301,0.0007549309527037028
N5123HD,0.39191166240494824,0.5138504474351654,0.07917848286735674,0.014338553488496771,0.0007208538040328725
