ncode,proba_0,proba_1,proba_2,proba_3,proba_4
N4541HD,0.34078299802474676,0.6008064993217143,0.054369433942919786,0.003365663126601771,0.0006754055840175938
N4397HD,0.031152632392086453,0.13755081227201832,0.27623417030999536,0.5180914791747262,0.0369709058511736
N4544HD,0.8570380562466142,0.13351780821970127,0.007249283187730212,0.001947631287176443,0.0002472210587779414
N4545HD,0.06282536827843542,0.2534508851074286,0.33619943713345324,0.32271022815872924,0.024814081321953445
N4546HD,0.7406409934856739,0.2486772275031436,0.008646877705069422,0.0016741294201738739,0.0003607718859391212
N4550HD,0.769180917716073,0.22017796347105814,0.009270827205703745,0.001085733018968867,0.00028455858819633037
N4551HD,0.7623415759283763,0.21699064071115368,0.018804313108307703,0.0014546909713201736,0.00040877928084211796
N4554HD,0.0564187320987686,0.1102999172301206,0.8297489681845629,0.002894382998203143,0.0006379994883448174
N4555HD,0.7328303847626596,0.13069608926382636,0.13496313517190975,0.0013236552415152073,0.00018673556008886382
N4556HD,0.4023857833236611,0.42706891419113724,0.10995111257278978,0.05796589175146915,0.0026282981609425716
N4563HD,0.4817727422827335,0.4045302924869944,0.10642577590840883,0.006538145395144359,0.0007330439267189746
N4567HD,0.7438439186419351,0.1913520968679824,0.05457217159153292,0.009577393516782044,0.0006544193817674455
N4561HD,0.7954359776025809,0.19816230786221867,0.0045203342392994405,0.001477470703127817,0.00040390959277328595
N4571HD,0.19267419460265361,0.6774619794619415,0.10465020907103163,0.022490185524777207,0.0027234313395961642
N4574HD,0.9817181827364265,0.016261712597522064,0.0016295531485989105,0.0003262157244570036,6.433579299541648e-05
N4575HD,0.5028517423661019,0.4735930380901729,0.021158182013870725,0.001619141083801075,0.0007778964460533292
N4579HD,0.18530074168802382,0.44171528634839546,0.3110109459259479,0.05782100189714218,0.004152024140490541
N4581HD,0.8382724592680211,0.14729103612218844,0.01293404418396571,0.001232869410195478,0.00026959101562911645
N4584HD,0.7541674271841963,0.23828984457640928,0.006025630354233804,0.001230354971190073,0.0002867429139705823
N4578HD,0.7344839330208456,0.24050959972133681,0.022924795356061803,0.001750640889545108,0.00033103101221084705
N4590HD,0.13126058551521994,0.8583531753922332,0.00907181319904743,0.0010932146407241113,0.00022121125277539322
N4593HD,0.019221606909053803,0.07292558093807489,0.04056516780454772,0.8601239133734347,0.007163730974888839
N4151HD,0.1353121357221013,0.5612143377444474,0.19262533680052432,0.10678007143137704,0.004068118301550044
N4594HD,0.7920005921656784,0.19932396627293572,0.007149507222631256,0.0012512302077387308,0.0002747041310158715
N4600HD,0.6742193347761214,0.1989040992354418,0.12525868623346575,0.0012435793255179916,0.00037430042945310875
N4605HD,0.12648031536780574,0.04953121820918723,0.8007234275879136,0.02313467071945314,0.00013036811564036174
N4612HD,0.40061779178447,0.5597221114558317,0.03246571160573959,0.006665833778002292,0.0005285513759563977
N1701HC,0.25033327684695217,0.5101317376995085,0.18550414591931438,0.03886431770246134,0.01516652183176357
N3705HD,0.01225652743705645,0.030623635236040725,0.21331332651527565,0.27115825429400864,0.4726482565176185
N4589HD,0.7194294806682078,0.260834330219434,0.01604991593369677,0.0032111673597003047,0.00047510581896109536
N4339HD,0.9261474756492677,0.06959796936441238,0.0034588402164487594,0.0006538281415746303,0.0001418866282966813
N4615HD,0.07660112934024677,0.29293717457730944,0.3596721250125536,0.21380765522922854,0.056981915840661534
N4618HD,0.8985725857386049,0.09246605208184919,0.007679883386466435,0.0010449205202252634,0.0002365582728542544
N4624HD,0.4552808548510482,0.5379685202268172,0.00498438106016298,0.0014004314128399956,0.00036581244913166976
N4626HD,0.643925306631755,0.3249605222572549,0.024634324691408548,0.006061400023227132,0.00041844639635439933
N4628HD,0.23133136629212364,0.6011199311114803,0.14215913259704077,0.01679609847185326,0.008593471527502032
N4638HD,0.051474025308172196,0.2727808668119697,0.1712075749687735,0.49858484705240386,0.005952685858680719
N4639HD,0.6418792343453915,0.31241034037037785,0.033261522135112694,0.01184340333634003,0.0006054998127779399
N4642HD,0.8807066238839711,0.11162396948389376,0.005755427791164817,0.0016610897341601029,0.00025288910681027103
N4646HD,0.9762830819498375,0.019393523131952674,0.00314851498677559,0.0010704478045505089,0.00010443212688394215
N4631HD,0.7974557128358959,0.1930418870807814,0.007586812955938601,0.0015612052222395074,0.0003543819051445839
N4656HD,0.05418742547843704,0.16718301577284148,0.666533714216978,0.0965874977407836,0.015508346790959889
N4658HD,0.7395815943612348,0.23915766920329523,0.016795064070268186,0.00411520705155657,0.0003504653136452486
N4661HD,0.6785288636607922,0.27846959613325395,0.038175534462494186,0.004436117942724663,0.00038988780073491723
N4665HD,0.7917207039419276,0.1957710248162905,0.010606740539391714,0.0016128290715592413,0.00028870163083100423
N4667HD,0.7856949351276772,0.20356674198129016,0.009521565098568687,0.0010371556845349085,0.00017960210792902613
N4669HD,0.6347210908091234,0.33945531181140304,0.022878737433994014,0.002332239413049528,0.0006126205324299253
N4673HD,0.1825064528072689,0.6510484746808419,0.13949560766305416,0.023260875267344498,0.003688589581490418
N0760HD,0.3171963728018736,0.568075501248331,0.10032242413117119,0.012491014815893485,0.0019146870027308158
N4672HD,0.6266855767136197,0.32150219988800455,0.032852773934969506,0.017986100055454594,0.0009733494079517226
N2593HD,0.8405291069157417,0.15392113410565011,0.004202800993290665,0.0011264104572801651,0.00022054752803742832
N4677HD,0.2838087996736664,0.6432886136419391,0.060225033752999674,0.011593370352000339,0.0010841825793945635
N4680HD,0.584368556970952,0.3611980164220668,0.04543602250227578,0.00754552927117882,0.0014518748335266064
N4688HD,0.043311780589723584,0.17383298358857033,0.21289453114657597,0.46003687753315653,0.10992382714197368
N4689HD,0.8353146191862432,0.15604385219777134,0.006953085338291878,0.0013898951899194482,0.00029854808777428604
N4691HD,0.1579849478508165,0.5147720826715969,0.23242099330089083,0.06326638623029439,0.031555589946401355
N4692HD,0.6854604800653692,0.2742107843221964,0.02959640268417168,0.008999507655119605,0.0017328252731431102
N4694HD,0.05396040672115657,0.16915607417071707,0.7544754724925465,0.021184255612383275,0.001223791003196642
N4695HD,0.3380948385125583,0.6101168624005946,0.047636317658003205,0.003618033387655837,0.0005339480411882619
N4699HD,0.6336578349717857,0.333395473025672,0.025711193341970903,0.006399745835339415,0.0008357528252319224
N4703HD,0.39994775076929157,0.33911363659318117,0.1637494344870923,0.09185716114242398,0.005332017008011114
N4704HD,0.00862474974238176,0.02995743277780387,0.4548110532400068,0.5034388587669454,0.0031679054728621803
N4708HD,0.9400954876072987,0.05479415365553039,0.00396829467785002,0.0009407321959595965,0.0002013318633611363
N4714HD,0.7099759922973641,0.2293043676370979,0.0500350867961935,0.008516495952345094,0.0021680573169994524
N4721HD,0.23169022970092532,0.71968496026513,0.042952812093105676,0.0042159670101648014,0.0014560309306743443
N4722HD,0.8905215164118085,0.09762962331302513,0.010523653215801596,0.0010562724523587425,0.0002689346070059933
N4724HD,0.710622583526476,0.2783108994136828,0.009400380430941681,0.0013772624204950873,0.00028887420840422964
N4726HD,0.06803431657514769,0.8403921936566054,0.08862778372131669,0.0026023102827281356,0.00034339576420200027
N4735HD,0.6313833403947006,0.3491757036460076,0.016274793248594908,0.002542742045604283,0.0006234206650927779
N4063HD,0.7975279178389301,0.1596574469624638,0.02776776364630226,0.013969352877800826,0.0010775186745029725
N4712HD,0.7766749996867949,0.20530433479109556,0.01336450200763955,0.004124902880895661,0.0005312606335743249
N4738HD,0.19529929502665164,0.6850974265957439,0.1017330090791696,0.016927315110582326,0.0009429541878524889
N4740HD,0.17944198706022904,0.22705018305802935,0.3482760252727931,0.23672548935514287,0.008506315253805642
N4742HD,0.04577175257920136,0.06410955175281302,0.29106102648819837,0.4852050558127125,0.11385261336707483
N4745HD,0.8613697179757673,0.12758144456858808,0.008127133018344529,0.0025875207328887855,0.00033418370441117717
N4747HD,0.8538831197819204,0.13150271043927378,0.010281669664528622,0.00358506880760677,0.000747431306670223
N4750HD,0.7434717880059871,0.21791042896768026,0.03161110926220126,0.006279443864474061,0.0007272298996572962
N4752HD,0.047524214851532076,0.18147940655408368,0.1961037390726607,0.43236868221430547,0.14252395730741796
N4754HD,0.7960561906031074,0.1957383691518741,0.0064744488827816506,0.0014228941329543058,0.000308097229282492
N4755HD,0.17248867733749884,0.5929983928666153,0.20047363684519573,0.030531596169034315,0.0035076967816558653
N4756HD,0.4541199418769726,0.5207769393431978,0.02165160591431102,0.002970512222232772,0.0004810006432858715
N4757HD,0.8839230828549625,0.10933402910820286,0.005569920915265059,0.0009592905690325505,0.00021367655253705506
N4759HD,0.2601168484814001,0.6778269713701439,0.05727819294344873,0.004077096176946878,0.0007008910280603392
N4762HD,0.6255458341975463,0.3442390463111034,0.026910617157486404,0.0025920911385554596,0.0007124111953084458
N4763HD,0.6946337218052222,0.24341945978965482,0.05124969118545244,0.009130892994450517,0.001566234225219961
N4767HD,0.7749596053713264,0.18183589787409513,0.03833503838226732,0.004346847143159979,0.0005226112291510334
N4769HD,0.05331307727944415,0.0744110978976246,0.8593873541367009,0.012505708805798882,0.0003827618804316238
N4770HD,0.8145617882748102,0.17344952587063447,0.009640493005382342,0.002055052935664107,0.00029313991350891086
N4676HD,0.6080905541202375,0.35454782756938286,0.030792749419007965,0.005541538055703209,0.0010273308356683968
N4614HD,0.5895594213736001,0.35173116569546714,0.04528054917213527,0.011613423067153687,0.001815440691643974
N4774HD,0.23866356088284474,0.6098259808045383,0.11398288579621042,0.018399548473761254,0.01912802404264525
N4778HD,0.07356801266321521,0.3084320990663225,0.24779376736961115,0.352363524071308,0.017842596829543166
N4780HD,0.031084874251586347,0.08057956319805157,0.4592198014029225,0.35092941656612403,0.07818634458131539
N4783HD,0.5421890343890317,0.4066849436289082,0.043736184973048924,0.004973247389294106,0.0024165896197172053
N4789HD,0.8664396789621274,0.12162454827515341,0.008437889874326946,0.002930349036295896,0.0005675338520962681
N4792HD,0.42237827549688955,0.5696272051861384,0.005960419513106859,0.0016532250731940872,0.0003808747306711397
N4793HD,0.05966677609095063,0.792525019872097,0.14442783611156776,0.002868873562755153,0.0005114943626294567
N4794HD,0.0044342154009708555,0.023739268444733893,0.021000966973054373,0.9503556196232552,0.0004699295579856587
N4799HD,0.5515210780741939,0.4311853519444027,0.014896559357286046,0.0019211617616989526,0.00047584886241829895
N4800HD,0.964123173618701,0.02965433797815767,0.005452887538190431,0.0006632910907319608,0.00010630977421889895
N4808HD,0.06821256280007815,0.9273889049176707,0.00363904852024074,0.0006264864370078864,0.00013299732500263596
N4809HD,0.7295024307748527,0.2038535943933919,0.05486625074185101,0.009837215721032806,0.0019405083688716462
N4634HD,0.4891354804296446,0.45247916985156506,0.051875991258862005,0.005898901512642337,0.0006104569472859864
N4784HD,0.9293058962781645,0.05872398053428537,0.010528121471995588,0.001257229234043964,0.00018477248151071816
N4815HD,0.8617689941994525,0.12826992879827223,0.007517093804803513,0.0021840456818598814,0.0002599375156118829
N4816HD,0.7178192617688594,0.2585065854182751,0.020726654522115036,0.0025727434130898663,0.0003747548776605965
N4817HD,0.3391583690096012,0.6285034967626043,0.028922189606039858,0.002907649412747611,0.000508295209007021
N4818HD,0.8380772329452135,0.1422471310763997,0.013845546673508536,0.005401853181955886,0.00042823612292217496
N4821HD,0.017170955492614024,0.9771265568563007,0.004891772693716411,0.0007262145942067457,8.45003631621242e-05
N4830HD,0.8656175250092433,0.12362207856593654,0.008847739378901532,0.001660507836180968,0.00025214920973771603
N4748HD,0.8009593276937225,0.1832064929418442,0.01242100487479759,0.0030133652924522044,0.00039980919718370333
N4684HD,0.6577839217724623,0.3291701212095177,0.011375136875724409,0.001373400873386828,0.00029741926890881475
N0389HD,0.011165122869898078,0.9280368771581019,0.059936189973220796,0.0007000645074946329,0.00016174549128469015
N4796HD,0.5390911555977272,0.37458627521633786,0.07850663052489368,0.0065821464669751206,0.001233792194066232
N4834HD,0.010227700346471712,0.038579036117304844,0.5281584400391655,0.41809165588726993,0.00494316760978813
N4835HD,0.17442334102518853,0.8167110265188615,0.007061609454233101,0.0015427870607088894,0.0002612359410077963
N4837HD,0.4366218720289234,0.5562087548434275,0.005682183426959149,0.0012234210850903047,0.0002637686155998313
N4838HD,0.0704271035584465,0.9252254735173749,0.003479458669641023,0.0006902834694763398,0.00017768078506131407
N4839HD,0.017683308834335294,0.4110896514979396,0.5585110127475059,0.012055965138238393,0.0006600617819807393
N4842HD,0.775133074060369,0.2048527227033498,0.01801118493873054,0.0016604201366145683,0.00034259816093595353
N4844HD,0.9321660905625349,0.058597612518811695,0.008306534817470568,0.0007625207288608409,0.00016724137232225226
N4846HD,0.09958741984243542,0.6836698649552139,0.16476821381727053,0.04861531038328153,0.0033591910017987743
N4847HD,0.7652001123686791,0.22027881995820037,0.011956746969021081,0.0021490885321944425,0.0004152321719049703
N4849HD,0.3256018234155679,0.5954792957892914,0.06643706662856178,0.010677271081875349,0.0018045430847034914
N4852HD,0.022363770008769872,0.3659104457991756,0.5789901166347416,0.032183930438829535,0.0005517371184831866
N4853HD,0.5284825754739819,0.4436664060017476,0.02532798572383126,0.0022046973241443626,0.0003183354762949003
N4856HD,0.7523454202320081,0.23719123475837997,0.008734621423754129,0.001435287883062208,0.0002934357027955281
N4858HD,0.8061470532009166,0.18087574371442142,0.01034708059723803,0.0023003541245431042,0.0003297683628808551
N4860HD,0.30083927092092644,0.6485072976843326,0.03940306800402172,0.009158281572768165,0.0020920818179510927
N4861HD,0.8458620307030633,0.14434819119129993,0.008330112246180665,0.0012093685507310677,0.0002502973087249533
N4863HD,0.5391289751085871,0.45484007596159115,0.004497344057654933,0.0012347703435490504,0.0002988345286178061
N4864HD,0.7337735645991106,0.25385420326504116,0.00985050444248185,0.0021986566550404076,0.0003230710383260024
N4866HD,0.8188129160212729,0.1643046469088032,0.01447884160684752,0.001964902910191587,0.0004386925528846756
N4012HD,0.7590672015471052,0.21973809907276085,0.019343966531396382,0.0014650445111320531,0.0003856883376055958
N4825HD,0.2904959973246519,0.5765052050772755,0.09389986108585684,0.036547038792184953,0.00255189772003088
N4875HD,0.10187341155920948,0.43379962167905545,0.4023796943043414,0.052994632032830974,0.008952640424562857
N4878HD,0.06294078139909416,0.16134700697980567,0.5148339438023459,0.22657879938157316,0.03429946843718124
N4883HD,0.01472153781709986,0.1879187437676739,0.7532739819219164,0.043618327442873875,0.0004674090504359112
N4884HD,0.6308358041049338,0.3366744295850525,0.03037945562641395,0.0016958755418140798,0.00041443514178567955
N4887HD,0.30028414860130964,0.6870431494896645,0.010211391938134482,0.0022145829357851283,0.00024672703510618545
N4891HD,0.5644604079801913,0.3982417257711084,0.03421728267551391,0.0026300256623750786,0.0004505579108114897
N4892HD,0.2920139073262113,0.6981297756016727,0.008133439435778801,0.0014825218047052001,0.00024035583163218988
N4895HD,0.8844055738572809,0.10532674528687626,0.008151690538285456,0.0018554075899666713,0.0002605827275907416
N4899HD,0.49201605630831097,0.5006481891785594,0.005446048464676709,0.001548945548856467,0.0003407604995965584
N4898HD,0.30815553510650306,0.6361276913887979,0.05155079724023221,0.003668426588109353,0.0004975496763575567
N4902HD,0.4308667231626066,0.4962747393826135,0.06400406611184094,0.007670700893616876,0.0011837704493218998
N4904HD,0.23551123685478023,0.6406903377034967,0.09353997213058857,0.025381527954021228,0.004876925357113265
N4906HD,0.8215652986095977,0.1695272153884853,0.007512271607219901,0.0011828368567550188,0.00021237753794204811
N4909HD,0.7430584930179712,0.23884333850617645,0.01422942994642042,0.0035029203411704114,0.0003658181882615229
N4912HD,0.4712638149120896,0.47816620460421483,0.046696918034891476,0.0033630354760630287,0.0005100269727413369
N4913HD,0.7439877639652286,0.24610465230685585,0.00802179789123062,0.001615462824929828,0.000270323011754936
N4914HD,0.0556447983733807,0.6144920867648687,0.32599674528255246,0.003476657961778054,0.00038971161742020177
N4908HD,0.7322869997417875,0.2585840778625753,0.007584466878899587,0.0012578694468008873,0.00028658606993677005
N4937HD,0.7736943551482588,0.21903588887803627,0.005879066973958461,0.0011391441294649296,0.00025154487028163016
N4938HD,0.7766351069046659,0.21259521536076445,0.009331511874673692,0.0011745891201476706,0.0002635767397483676
N4949HD,0.924606300053003,0.06578935669213427,0.007699943452830361,0.0016754444582825028,0.00022895534374987118
N4952HD,0.8391933707213421,0.1392254240045529,0.019586285466825015,0.0017226477574072085,0.0002722720498725526
N4954HD,0.5721693793149422,0.40781200489161357,0.016969320470020206,0.0025787683629746446,0.00047052696044938726
N7917HB,0.8802380706421027,0.11099193545775009,0.006493434092678834,0.0020166212144238325,0.00025993859304462917
N4951HD,0.6966356344017528,0.29543416775550585,0.00578876541160221,0.0019261918309357777,0.00021524060020345018
N0385HC,0.11629784977821536,0.4681395816939844,0.3045168697892465,0.07649579997010483,0.03454989876844907
N3920HD,0.5993351955164775,0.3501441153310814,0.04392825827077246,0.005412443666885047,0.0011799872147836262
N9498GW,0.6523147242142916,0.32743837650472934,0.01695605773245688,0.002939363631135406,0.0003514779173867776
N4961HD,0.8363172148860837,0.15980673913742174,0.002902127323012534,0.0008101019952837778,0.00016381665819803907
N4965HD,0.46892506592036226,0.4702071584951649,0.05577857425904879,0.004451243004131742,0.0006379583212921772
N4967HD,0.5441857690788565,0.3988361788063631,0.0484011147890774,0.007833563792515267,0.0007433735331878594
N4968HD,0.32676667063347614,0.5241124380750846,0.06928879864196244,0.07836519604987222,0.0014668965996045454
N4973HD,0.7743050587378231,0.2098039108314625,0.012082879009320681,0.0033833382238710546,0.00042481319752274974
N4976HD,0.00906643340593143,0.4174255758667516,0.5530875401809906,0.020127319379721845,0.0002931311666043944
N4977HD,0.8517148886646976,0.1413389239134101,0.005582752178690451,0.0011242038738181173,0.00023923136938386354
N4978HD,0.6304438654338184,0.33524850243594456,0.02388618209120897,0.009887261915069548,0.0005341881239585724
N4982HD,0.22800969946931868,0.6361740188564845,0.10291403210268707,0.03101798407641848,0.0018842654950912913
N4983HD,0.30539974489731847,0.5760301222130776,0.09156867340820424,0.02591287055343194,0.0010885889279677078
N4984HD,0.8105451821598675,0.17424010036191956,0.01342786870928598,0.0015025858547180195,0.00028426291420883214
N4992HD,0.022752119102481073,0.24766041060203256,0.12000413633141442,0.29429460397363855,0.3152887299904334
N5000HD,0.46978143113740756,0.47950369788562563,0.04441767920250673,0.005814764851547273,0.0004824269229129165
N5006HD,0.40916722714673504,0.5482718625712982,0.035231898897490885,0.005903123742793957,0.001425887641681845
N5007HD,0.8036017468255404,0.17844557319672727,0.013990013082315119,0.00332501364648792,0.0006376532489293011
N5008HD,0.6490394381068498,0.3095663637767254,0.03574110591898974,0.004893357753748781,0.0007597344436863376
N5011HD,0.655716848050585,0.32560952723879155,0.01545990842043514,0.0026699885718512095,0.0005437277183369969
N5020HD,0.5636297488341268,0.4083486386242412,0.021247250168430747,0.005484477420906904,0.0012898849522943604
N5024HD,0.7483294874153776,0.23849437161037504,0.010487933720022212,0.0023480474271823106,0.00034015982704273647
N4826HD,0.8947459518759663,0.10138567152433595,0.0030234426359686734,0.0006647185295131798,0.00018021543421591334
N5032HD,0.8218650040606789,0.16654129027455697,0.009066012497665062,0.0022627998714916516,0.00026489329560742535
N5041HD,0.7423184959164861,0.23844988837516856,0.01638764366273979,0.0025374955077878364,0.00030647653781780025
N5043HD,0.9572457144995706,0.039400462980789926,0.0025001498430533057,0.0007088897220977672,0.00014478295448829592
N5044HD,0.2310518680284949,0.5330740839887544,0.19114449977737274,0.02986083213685183,0.01486871606852604
N5045HD,0.7327660618743946,0.24971499267474898,0.015598226151294567,0.0016358649463666436,0.0002848543531951474
N5004HD,0.8785012241237945,0.0944017253432782,0.022517741196920345,0.004170350723121753,0.000408958612885222
N5055HD,0.4686655003397456,0.44729962934325873,0.07421633873945534,0.008802328054679889,0.0010162035228603223
N5056HD,0.1743852736223273,0.49869962714989546,0.26302800048537417,0.05907083978221591,0.004816258960187055
N5057HD,0.801300962644288,0.1918147970326051,0.005601531421482667,0.001089085527706387,0.00019362337391783157
N5059HD,0.47307245290879374,0.4537396547054469,0.061181191786708125,0.01142313035431694,0.000583570244734191
N5061HD,0.5487177605912971,0.42011519497967353,0.027904433409527876,0.0028189971820541905,0.00044361383744728186
N5018HD,0.9292093850096568,0.063989546331505,0.005691202809122832,0.0009342968280989544,0.00017556902161628294
N4896HD,0.6441098450391898,0.31173661470435365,0.03375115675237939,0.009342531663704811,0.0010598518403725204
N5064HD,0.7537347793650363,0.23129418001184385,0.011946967595654745,0.0025377955742171368,0.0004862774532481893
N5065HD,0.5385342180258341,0.4261589579556597,0.030171597662385835,0.004758752966387368,0.0003764733897329637
N5067HD,0.12485461384403715,0.5560053655533597,0.26486215584335426,0.04893934235124097,0.005338522408007959
N5070HD,0.022666988371673934,0.6114647027370085,0.3534336978617805,0.011997756376987193,0.0004368546525499859
N5071HD,0.7581610760445906,0.22779594187008242,0.012389174829953735,0.00123585292569944,0.0004179543296735247
N5072HD,0.7412929611652874,0.24558319011126764,0.01123266831063112,0.0015312507262560404,0.0003599296865578397
N5074HD,0.6815670695127735,0.2889545638051814,0.02571230572264218,0.002949400091352418,0.0008166608680505138
N5075HD,0.9781763572011362,0.018299596302532403,0.0027746180508223823,0.0006440461988989078,0.00010538224661009483
N4923HD,0.7060699415291447,0.2677089486864255,0.019966653681601186,0.005484505269609817,0.0007699508332188718
N5076HD,0.7986133559290975,0.18856536543138327,0.011397813868404723,0.0011635197250347627,0.00025994504607988424
N5079HD,0.018565864950439562,0.06327868503928065,0.14337593660390677,0.7598094691566185,0.014970044249754602
N5080HD,0.43956501507259393,0.4913928052929046,0.054037993147737516,0.010688897577330842,0.004315288909432867
N5082HD,0.37517768503746235,0.566164792191298,0.05015953902638262,0.007243931757180285,0.0012540519876765857
N5083HD,0.716079788599479,0.25845759765929743,0.02238021376063958,0.0024642692498115302,0.0006181307307725863
N5085HD,0.6412829998575253,0.31967660798432956,0.03233705326722114,0.0058701559776635,0.000833182913260548
N5051HD,0.3362071718488627,0.6547296853006679,0.007973641135982387,0.000872668766539262,0.00021683294794782172
N5039HD,0.06752020629169146,0.2850915052858855,0.4382753315317781,0.19550213826669952,0.01361081862394553
N5088HD,0.964407310980032,0.021586991500834034,0.013301098787468438,0.0005823449554978984,0.00012225377616782124
N5091HD,0.09988673167254356,0.8946824790659504,0.004261445986436351,0.0009567786110772188,0.00021256466399243468
N5093HD,0.022646297046143477,0.0856135869423424,0.22064362666502071,0.6596807970982774,0.011415692248215996
N5100HD,0.02202278100676219,0.05966038688980972,0.14525764808901115,0.7358650979858014,0.0371940860286157
N5103HD,0.06398224142328814,0.40457656092772964,0.3084295291465012,0.21037261137836943,0.012639057124111517
N5104HD,0.9886228493368732,0.008734341082105654,0.0023053187569027694,0.000268757439688971,6.873338442953511e-05
N5105HD,0.6924452131722781,0.2627266709614169,0.02653359225972392,0.0174807456997846,0.0008137779067965092
N5106HD,0.6545353903715162,0.3212591171461066,0.021074311179650695,0.0025140684892942834,0.000617112813432397
N5109HD,0.8081352797803548,0.18252286303332468,0.007708108238425333,0.0013649969844048392,0.0002687519634901962
N5112HD,0.2681446807127044,0.6240665010900845,0.09400587358163645,0.011993574115955877,0.001789370499618766
N5115HD,0.8073595434062938,0.18316156097216707,0.008116853784229688,0.001070986938955118,0.0002910548983544546
N5120HD,0.07230527915362904,0.39135816769828174,0.3736742075201766,0.1402171230861047,0.022445222541807815
N5121HD,0.5565930991911439,0.3948443909373591,0.03458006313705803,0.013379801033481502,0.0006026457009572864
N5122HD,0.5007652671233818,0.423879770181552,0.06666443501914032,0.008186607629670438,0.0005039200462554365
N8305HB,0.6694470553545033,0.3174647383543556,0.010424754368305892,0.002252108946884033,0.0004113429759512305
N5126HD,0.10774004530639471,0.6258846550742609,0.14345871547494227,0.11719002810964464,0.005726556034757519
N5128HD,0.7724568552884593,0.1971878733517076,0.02835795919261215,0.0017064236974223212,0.0002908884697987135
N5133HD,0.019344939228228115,0.07703218952937034,0.43618443518848654,0.46562701842823573,0.0018114176256795512
N5135HD,0.7716964669037424,0.22122137023973978,0.005751382382645606,0.0010820739246839336,0.00024870654918814213
N5143HD,0.8247604335575325,0.15978447287253705,0.014043822958204832,0.0011286341187136252,0.0002826364930120893
N5144HD,0.4039534435651187,0.4755094394529947,0.10410689894820851,0.014997578768075752,0.0014326392656022174
N5149HD,0.24893935072279916,0.6076654813386723,0.10667195635763314,0.033025720036293595,0.003697491544601965
N5152HD,0.6036394877960242,0.37387639935151246,0.019757334363588532,0.0021865491575120623,0.000540229331362881
N4394HD,0.3212923628348528,0.5122464467003353,0.1482432094540565,0.0165732232364202,0.001644757774335391
N5029HD,0.21729741070417513,0.596929144670012,0.12742811714513205,0.05467812291877891,0.003667204561901918
N4368HD,0.9337000495699835,0.05985525405083475,0.005278770269656894,0.0008944470029981152,0.0002714791065268127
N5013HD,0.30235135845558064,0.4182323246783225,0.2416084331081194,0.03423898915837177,0.0035688945996058797
N5153HD,0.5351594726245912,0.3971636803212119,0.05911015893926546,0.007332410627491408,0.0012342774874400878
N5157HD,0.8567374182855433,0.13454739520952863,0.007810123797428915,0.0007307761744324091,0.00017428653306664785
N5170HD,0.6769721905890618,0.2790408963542111,0.0372458883923286,0.005548713990450211,0.0011923106739483633
N5172HD,0.6923640896689552,0.2527959237146485,0.04801665666688571,0.00638505337794469,0.0004382765715658219
N5173HD,0.6629086955037852,0.2589075625391566,0.07440474539396551,0.003171968037685434,0.0006070285254073424
N5147HD,0.37452449370127466,0.5610728514993802,0.05342747361793968,0.008383376045554126,0.0025918051358512803
N5178HD,0.7987595914881078,0.18887424442468098,0.010285019799554722,0.0018437567853993293,0.0002373875022571412
N5180HD,0.4779251703886573,0.491001329908811,0.023637332680427416,0.006585347414434068,0.0008508196076700516
N5181HD,0.41493166351871436,0.48630963847596864,0.0896950184809064,0.008044259894665845,0.0010194196297446168
N5182HD,0.8672353931547105,0.11772805089094535,0.014011558858410201,0.0008139837025733425,0.00021101339336051256
N5183HD,0.03892201018128225,0.9564857190080858,0.003923564121859043,0.0005484426157016688,0.00012026407307119453
N5185HD,0.3403980180532379,0.5260341513116202,0.10077891384372847,0.030327191075992254,0.002461725715420996
N5187HD,0.22498715766383978,0.4251345839764701,0.303896871201509,0.04302030574868812,0.002961081409493163
N5188HD,0.19806487801719647,0.4862977823426132,0.20656946980417076,0.10600757534933815,0.003060294486681484
N5190HD,0.03252864899522695,0.1325437870087266,0.1436812555850529,0.6855732156400013,0.005673092770992393
N5192HD,0.3676730501871259,0.6266177583834129,0.004268121328511439,0.0011871712128031838,0.0002538988881464885
N5193HD,0.5374558741312968,0.4045467699850722,0.053397898384528304,0.0039026537917385053,0.0006968037073641213
N5197HD,0.8551946603409587,0.13665332261021834,0.0069198252248075425,0.0009794275502286321,0.0002527642737869195
N5198HD,0.3284243857984409,0.56465597953455,0.07059778761854972,0.03451006993301008,0.0018117771154492865
N5199HD,0.7852262011676816,0.18436625348456412,0.02829167519901948,0.0017519326637531675,0.00036393748498150314
N5200HD,0.7352321444422362,0.23640597342623926,0.023917621261104076,0.0037233756971117578,0.0007208851733086681
N5203HD,0.052551307967593414,0.17566785800933235,0.3555041998286661,0.3358050529767898,0.08047158121761831
N5209HD,0.1012781699183158,0.21986227302166178,0.0990419422583076,0.5783584607181758,0.0014591540835390913
N5212HD,0.7533513099589804,0.23429630253060602,0.010602951100783275,0.0014610195458489295,0.0002884168637815555
N5215HD,0.5361910442266552,0.4317930493333033,0.023701193118559595,0.0075519792853923195,0.0007627340360896514
N3574HD,0.8607176571553665,0.12499966146802119,0.011535493992919999,0.0024341541853901043,0.00031303319830211566
N4760HD,0.1681875888394664,0.4795770369312116,0.24717956643800348,0.08356603249296243,0.021489775298356176
N5225HD,0.8110002882848443,0.1788283748462079,0.008300693213313191,0.001549939985375008,0.00032070367025956284
N5226HD,0.6629542809225433,0.30719883921713587,0.026047677791710366,0.003308619691359358,0.000490582377251022
N5227HD,0.7000251779477941,0.2546644920123328,0.03941629821752976,0.005158544382295535,0.0007354874400478677
N5233HD,0.015034111720768167,0.07020877042279511,0.2685966341241878,0.625202455077335,0.020958028654913936
N5238HD,0.8690584375088907,0.11329494020532117,0.012765120202835671,0.004147117752338181,0.0007343843306144487
N5241HD,0.8209841832477324,0.17012678148556312,0.0074067857569291694,0.0012735868056795055,0.00020866270409576265
N5243HD,0.04302227217867374,0.39093840849783945,0.2321388231573112,0.26404821739917567,0.06985227876699994
N5246HD,0.7627581528029588,0.21790422444500687,0.01637931354973122,0.002650774951267448,0.00030753425103573537
N5247HD,0.003754964928650783,0.020979048667423558,0.16685828868646024,0.8068654560865091,0.00154224163095638
N5248HD,0.7595403763578131,0.22040102930767436,0.01689176361476652,0.00282238433740074,0.0003444463823452258
N5253HD,0.6881906383327459,0.22374821592409036,0.06715544460373167,0.0192103917400409,0.0016953093993913476
N5257HD,0.052551307967593414,0.17566785800933235,0.3555041998286661,0.3358050529767898,0.08047158121761831
N5259HD,0.09422243126024848,0.31878817416528116,0.27582631527660445,0.242458747239085,0.06870433205878074
N5262HD,0.15063226616748104,0.4364218351131722,0.4068820506168187,0.005721098253153804,0.0003427498493743579
N5266HD,0.651620362704673,0.30921713275238133,0.03481415925249894,0.003499055937980595,0.0008492893524662327
N5270HD,0.6992423069683359,0.2891945268201592,0.009314101569814454,0.002014753160029999,0.000234311481660606
N5271HD,0.5728168737678891,0.40423685503418993,0.020226583054840534,0.002210505424089302,0.0005091827189909323
N5273HD,0.5686057153922512,0.40404314997242785,0.023137209755542117,0.003782779891324577,0.0004311449884542069
N5274HD,0.777062281816909,0.2061545615568485,0.013503061099791424,0.0029966477343635616,0.00028344779208743957
N5211HD,0.708037119527618,0.23407962064453036,0.04651951817007868,0.010570368168952815,0.0007933734888202692
N4843HD,0.8068430586107996,0.15503876478681383,0.022042121733983115,0.01433521739305585,0.0017408374753473419
N5287HD,0.5697818243226543,0.39351866728057544,0.03330592866876964,0.002800308027276348,0.0005932717007241755
N5286HD,0.14228871390069997,0.3223171078552856,0.4447485411209325,0.08253913419159041,0.008106502931491502
N5292HD,0.052551307967593414,0.17566785800933235,0.3555041998286661,0.3358050529767898,0.08047158121761831
N5294HD,0.8701951212619523,0.11505107422094223,0.012907114347737957,0.0015656363466102327,0.00028105382275737066
N5296HD,0.31240503887422894,0.5038895887592596,0.16441140750449926,0.017185752104903928,0.0021082127571084236
N5298HD,0.5296322929905705,0.4288132233511113,0.034117229813792456,0.006904234318704667,0.0005330195258211342
N5303HD,0.7783988155514838,0.19800896824963726,0.021505599762944496,0.0017592066303057847,0.000327409805628573
N5305HD,0.2790194687790593,0.4374105284361451,0.105490108587149,0.03194004183451469,0.14613985236313184
N5306HD,0.8609369917783738,0.13089273087124284,0.006702446902916055,0.0011585090488767087,0.0003093213985905972
N5307HD,0.10148277689395802,0.39998041453842226,0.24361470874815666,0.24825947632665016,0.006662623492812952
N5311HD,0.7532800788533702,0.21615379991676179,0.024665997477276238,0.005410478218145001,0.0004896455344464848
N5314HD,0.743180102672882,0.2255307891094968,0.023077939508858027,0.0075085417720330404,0.0007026269367300468
N5073HD,0.1018199084081855,0.49172961817387806,0.3454358943434057,0.055079442442141885,0.005935136632389005
N5277HD,0.13546876056072676,0.45183217521319163,0.3001802126991701,0.09888327592071769,0.01363557560619361
N4885HD,0.9816190373399277,0.014296035536793992,0.003460587637837921,0.0005339007744951471,9.043871094536062e-05
N5318HD,0.10402785542567505,0.5225383118728637,0.3140389847181672,0.05450924028999811,0.00488560769329591
N5321HD,0.7700794146030759,0.2171728795030787,0.010632023472662983,0.0018217167048939222,0.0002939657162884918
N5323HD,0.9130358181116005,0.0832421211862273,0.002867744741246554,0.0007154960321743466,0.00013881992875127032
N5324HD,0.6078092045166539,0.32258267918930134,0.06106992793697638,0.007729632543429156,0.0008085558136391777
N5326HD,0.7497693811889743,0.2252370779325803,0.019130833851871927,0.005245782894795466,0.0006169241317780149
N5327HD,0.6508475881963082,0.3274622518469578,0.01874857165019972,0.002528813864722263,0.00041277444181221954
N5329HD,0.4433605563484841,0.4694231375589614,0.07903766335738702,0.006518183151144358,0.0016604595840230799
N5331HD,0.8065322665639663,0.17829471780429082,0.012629928607570139,0.0021012055878390982,0.00044188143633369653
N5332HD,0.8214771396671793,0.16733399624369516,0.008833137483166657,0.0019226798531121823,0.00043304675284666655
N5333HD,0.7559608864834605,0.23430116590268613,0.008111764173001986,0.0012296362330632448,0.0003965472077880182
N5334HD,0.024954825042137172,0.9715606190967887,0.002945156912871329,0.0004483663187055671,9.103262949728434e-05
N5338HD,0.1179744339825462,0.37214252910180406,0.26519418821732815,0.23091694137001587,0.013771907328305702
N5339HD,0.024687516284697338,0.10662811470326396,0.707942543056277,0.15884516770623955,0.0018966582495222486
N3820HD,0.04420039653070985,0.18342426277941615,0.44994705716887967,0.2939551275729872,0.028473155948007103
N5342HD,0.6586853445704912,0.31750484569610543,0.01985244100971031,0.003584444782229629,0.00037292394146336256
N5345HD,0.8032030861940695,0.17706101081220982,0.01603595171728226,0.0033937357792863474,0.00030621549715206114
N5346HD,0.6534852219195109,0.3331288607368083,0.011507108741999039,0.0014413344106415015,0.0004374741910402689
N5348HD,0.10523099492735548,0.4030092257967176,0.3285886416678262,0.13859660716505467,0.024574530443045958
N5351HD,0.6758937821379416,0.3036506124680283,0.01681427196129921,0.0031546619356186676,0.0004866714971123762
N5354HD,0.009011654938131818,0.023352274741710494,0.47217528418348825,0.49080667894036506,0.0046541071963041875
N5355HD,0.2585649369622069,0.716377376032917,0.021477588110377126,0.002952095973895455,0.0006280029206036747
N5362HD,0.9116015878589184,0.07926666326519483,0.00756417624474631,0.001333541320415906,0.0002340313107244273
N5364HD,0.814289966093739,0.17113576527869595,0.010997371899751219,0.003192743403967422,0.0003841533238462641
N1264HD,0.006202159288219106,0.9486017163880177,0.044495725211293156,0.0006067338713650189,9.366524110503401e-05
N4985HD,0.23142685271975927,0.6660834439573171,0.08502179782645866,0.015746891227709753,0.0017210142687553271
N5368HD,0.04610841619749077,0.14606394750470217,0.48695709015342636,0.12001318098993097,0.20085736515444982
N5371HD,0.6512896352191906,0.3301578944003516,0.016243490145573473,0.001909808982483535,0.00039917125240092495
N5372HD,0.7206583312499613,0.2622260847364219,0.01547646380661006,0.0013473027020055983,0.00029181750500121726
N5373HD,0.45758815455346713,0.5357980476617267,0.004916772891433507,0.0014313640100477867,0.0002656608833249208
N5374HD,0.8774343937504049,0.1129546137790627,0.008026294408507198,0.0012539029289165375,0.0003307951331087445
N5377HD,0.7831458190127464,0.20757038256250854,0.00792480769770148,0.0011072982545472217,0.00025169247249617736
N5379HD,0.7549117725329892,0.23407110785856947,0.009301469800473859,0.0014503268412136895,0.00026532296675367984
N5381HD,0.15240407720451163,0.7249301446442755,0.07853808739862203,0.039561410342796866,0.00456628040979392
N5383HD,0.4592071566997786,0.35842771075942625,0.13493329611382782,0.04366701941540038,0.0037648170115671576
N5385HD,0.7923888938332422,0.1866409224462139,0.01961712067655114,0.0010657468172727879,0.000287316226720128
N5387HD,0.04655160347900505,0.377033977547494,0.25861808998653363,0.29651051816356855,0.02128581082339872
N5388HD,0.11580708340154199,0.300788760614541,0.36303275298778137,0.1862969593686076,0.03407444362752796
N5389HD,0.006631020944174293,0.1467344987765563,0.8337639180400255,0.012716696728138632,0.00015386551110524907
N5391HD,0.7008170242680704,0.27264247741009945,0.02079949261374767,0.005135322704300773,0.0006056830037818241
N5393HD,0.7108796839431544,0.2791939501764923,0.008101205746913535,0.001429365243183768,0.00039579489025597445
N5395HD,0.801975025070394,0.16803885834985482,0.025105128078741403,0.004251227809957151,0.0006297606910526616
N5397HD,0.7726180751829756,0.20556975221395715,0.017145554752227024,0.004291818832757976,0.00037479901808215924
N5398HD,0.6800140181199961,0.2990289719567155,0.017171259189715567,0.0032261375931507694,0.0005596131404220319
N5386HD,0.06572821634158331,0.6752862736524529,0.2567124960759938,0.0019992030924746063,0.0002738108374955617
N2483HD,0.8032753286379307,0.18416963693220623,0.0103703674974719,0.0019177007949295953,0.00026696613746157884
N5402HD,0.7983076815226979,0.18280610763508795,0.01693479465142682,0.001674126679669104,0.0002772895111183463
N5404HD,0.43808175094418683,0.48340280346252473,0.06344486440125695,0.014072684516831285,0.0009978966752002961
N5405HD,0.8541341199386271,0.1368077686144276,0.006973094898469578,0.0017901556133265836,0.00029486093514896405
N5407HD,0.4625295046408116,0.4538228514779845,0.07009986409371272,0.0125707710145335,0.0009770087729577383
N5414HD,0.41494271312867825,0.579698196029829,0.004040085785297519,0.001087258473536067,0.00023174658265921204
N5415HD,0.7638045869989878,0.23059842666536584,0.0040172723194585825,0.0013075235764235598,0.00027219043976418607
N5416HD,0.6848005523595588,0.30136104861841484,0.012030024566229734,0.0015075583110081797,0.00030081614478844277
N5421HD,0.7087741269248193,0.26523321620220713,0.01984866514050049,0.005454192487521115,0.0006897992449520992
N5430HD,0.8811513548813246,0.11040911929971621,0.006409140796692163,0.0017957144252016223,0.00023467059706537015
N5431HD,0.046440523734689,0.14037240817951804,0.7859081140171778,0.02700106275283472,0.00027789131578058
N5432HD,0.6452384546571067,0.3423732475552284,0.010490466621434841,0.001517586900310262,0.0003802442659198924
N5437HD,0.7236118094521813,0.25973688966200537,0.01525958630566361,0.0010717542916133262,0.0003199602885363581
N4225HD,0.1919629935748568,0.6135018346559861,0.1617297367772527,0.030348036945964205,0.0024573980459403184
N5123HD,0.3319720976714436,0.6195585927640214,0.037320586636308335,0.010368433208509047,0.000780289719717782
