ncode,proba_0,proba_1,proba_2,proba_3,proba_4
N4541HD,0.4261284906787451,0.5413687064785513,0.029561289516236856,0.0027243877164639936,0.0002171256100029381
N4397HD,0.04214661934602056,0.18341097640036014,0.23445576131549686,0.5265416368357578,0.013445006102364569
N4544HD,0.8189646352094815,0.17532727609328408,0.005114216669649075,0.0005502685363024276,4.360349128281614e-05
N4545HD,0.045811673863785395,0.2228085292797072,0.23900265800145956,0.42772748856095216,0.06464965029409564
N4546HD,0.7343569309979222,0.2537806569154582,0.011453359910008986,0.0003374227375825095,7.162943902792221e-05
N4550HD,0.7248769164385441,0.2692131010190033,0.005377786170924934,0.0004948390516624339,3.73573198651678e-05
N4551HD,0.6874503232577172,0.2972508187182487,0.014209651602663475,0.001029583392184407,5.962302918629487e-05
N4554HD,0.02986697825956375,0.05555933363220297,0.9136947147669549,0.0006202215545107855,0.0002587517867675942
N4555HD,0.7780276209602616,0.1709180356731536,0.04991562413790946,0.0010944135509523252,4.4305677723124206e-05
N4556HD,0.5161025943265036,0.3814307432912657,0.08388147305345653,0.018374129738382657,0.0002110595903916163
N4563HD,0.2831412389185976,0.6214875183794971,0.09276140159262407,0.0025055492299785255,0.00010429187930269425
N4567HD,0.8525676320060793,0.12433288669997035,0.02101423838590124,0.001998372449512606,8.687045853632534e-05
N4561HD,0.7820774502823807,0.2155026744780838,0.0016567418784155055,0.0007278466173548674,3.528674376507648e-05
N4571HD,0.18715819123946695,0.6379690368816604,0.1699205511896076,0.004477222190441623,0.0004749984988233365
N4574HD,0.9863537377494914,0.012466249509699896,0.001030232268830555,0.00014064494063393055,9.135531344257043e-06
N4575HD,0.5255905749946861,0.4444795960358219,0.028419801070949713,0.0014293171875346385,8.071071100775435e-05
N4579HD,0.15316703813719593,0.4603176288371872,0.34913699625075967,0.03433425877642337,0.0030440779984338504
N4581HD,0.7767812344244606,0.19949620093691897,0.022803054898551185,0.0008608364148987789,5.8673325170621134e-05
N4584HD,0.6039120862067486,0.38430796345055024,0.010910960170561026,0.0008252245053032574,4.376566683681543e-05
N4578HD,0.8702544398303923,0.1183881974772075,0.010683277953577278,0.0006122995401432932,6.178519867950161e-05
N4590HD,0.20653624605947132,0.7838407567901758,0.009094191957767842,0.00044146875071557237,8.733644186947752e-05
N4593HD,0.01567741607041131,0.04774625186673737,0.21274749576580476,0.7209177035215641,0.0029111327754823267
N4151HD,0.15478466959681048,0.47003457275085575,0.23739522349045447,0.08561453268884131,0.05217100147303794
N4594HD,0.7973385972989327,0.19851871575040506,0.0035197286898195758,0.0005781300016057923,4.482825923694421e-05
N4600HD,0.74329656935243,0.2143691794443852,0.041933341054648465,0.0003576099504324311,4.330019810392475e-05
N4605HD,0.2670325754247044,0.06862122443389813,0.6557159631115198,0.008596233543349556,3.400348652804435e-05
N4612HD,0.38444123638607197,0.5802177457184379,0.031170184487149886,0.004084676551637966,8.615685670234743e-05
N1701HC,0.18668688314618742,0.6486078968089719,0.12362660383523415,0.020897683116347737,0.020180933093258725
N3705HD,0.013084515699485192,0.05983091706856141,0.21684158213182692,0.6632934189624239,0.0469495661377026
N4589HD,0.7206920230941076,0.26973310865474137,0.008424799631383416,0.0010553874420097657,9.468117775768364e-05
N4339HD,0.9176797917864807,0.08001688928532295,0.002066135937780721,0.0002164095208269738,2.077346958873812e-05
N4615HD,0.06739564031555564,0.36801136159444203,0.24966833758920107,0.30463578208785663,0.010288878412944662
N4618HD,0.8938816484737195,0.09858529013261157,0.006682203212435425,0.0008252550553519141,2.5603125881455926e-05
N4624HD,0.4404820626368114,0.5556152957540706,0.00306884257835071,0.0007840767240933684,4.972230667395062e-05
N4626HD,0.6303731702224606,0.34714835582701314,0.01699120269517009,0.005395648117376995,9.162313797907115e-05
N4628HD,0.0765199633348939,0.7881846551398405,0.11510380175408809,0.018955082870898178,0.0012364969002794607
N4638HD,0.04390246813409811,0.2656219205380112,0.1948755504611776,0.4888227785840885,0.006777282282624659
N4639HD,0.6120305870298788,0.30857934984717517,0.029886600714102665,0.04886679753629821,0.0006366648725451349
N4642HD,0.8892572678879982,0.10718858227024598,0.002706746677448383,0.0008202372031610279,2.7165961146663013e-05
N4646HD,0.9835855020606947,0.014854464206854661,0.00136499125372653,0.00018556008769516434,9.482391028709843e-06
N4631HD,0.7449597935115292,0.2502339710384514,0.004219286683729788,0.0005373063432784031,4.964242301137627e-05
N4656HD,0.03368134859074021,0.14154670046120094,0.6634899011731468,0.1431483237760165,0.01813372599889571
N4658HD,0.8617588410274485,0.12684707639909043,0.009628561314053813,0.0017312660791582932,3.425518024911694e-05
N4661HD,0.6701784610096282,0.3180089632351648,0.009029274225114204,0.0026676792304942084,0.00011562229959865543
N4665HD,0.806660684728775,0.1867694125942939,0.005889979091419613,0.0005998020903750788,8.012149513638976e-05
N4667HD,0.8514218786729542,0.13839716389784185,0.009682058059724385,0.0004578064618950311,4.109290758440129e-05
N4669HD,0.6034116111277352,0.3847100402518203,0.010768317770320647,0.0009763440447025331,0.00013368680542133362
N4673HD,0.23353833330366114,0.6459543304940464,0.1038989133978462,0.013507183928400307,0.003101238876046014
N0760HD,0.316075144684125,0.5979437783304417,0.07731139050361038,0.007235892778772718,0.001433793703050291
N4672HD,0.5737159311407005,0.3792650227842545,0.04411736301917231,0.0027515135108571688,0.00015016954501550543
N2593HD,0.8337079039496124,0.16197053836084033,0.003297381433036256,0.0009749311839411438,4.924507256974368e-05
N4677HD,0.2922350034505417,0.6470835790197208,0.053280626467962694,0.007066707046077912,0.0003340840156969045
N4680HD,0.4873582799543376,0.4559106546357966,0.05026942970061495,0.005465150559205933,0.0009964851500448202
N4688HD,0.03628817740009264,0.14525892179515823,0.17759378083006996,0.6108628065242863,0.02999631345039297
N4689HD,0.8900612235894214,0.10475089519074873,0.004834551533961401,0.0003142332230040564,3.909646286435132e-05
N4691HD,0.13805243048588361,0.6449392328828063,0.18798391948752807,0.026541176512677133,0.002483240631104782
N4692HD,0.8130735333532985,0.15198150345909914,0.02914807125441707,0.005302139317339161,0.0004947526158460513
N4694HD,0.14680570907976379,0.4313696461715081,0.3663466473559486,0.0547390474139396,0.0007389499788399258
N4695HD,0.37378658314720203,0.5170450939778976,0.10689224698721574,0.0022032679055270896,7.280798215749748e-05
N4699HD,0.7611864889368575,0.20914681008833996,0.025417457749399894,0.004040738068219738,0.00020850515718289089
N4703HD,0.245609865031285,0.24478115143016613,0.46342755865288165,0.04254855351720574,0.0036328713684614326
N4704HD,0.0052813500362590225,0.022758160754697363,0.5374900899141822,0.4336238168790515,0.0008465824158098637
N4708HD,0.9084963725997005,0.08642971463340592,0.004382127843812666,0.0006444223509622962,4.736257211857226e-05
N4714HD,0.7044021443970789,0.24137919478479786,0.04243702095325452,0.011402400186166305,0.00037923967870234646
N4721HD,0.26467091302483675,0.6660391024766059,0.06162322121566562,0.005435972735374608,0.0022307905475171903
N4722HD,0.8688288271609087,0.12275317216143167,0.007939919383309233,0.0004147017436783013,6.3379550672204e-05
N4724HD,0.712723697346281,0.27814772256600756,0.008598713504448395,0.00046680698316742345,6.305960009555877e-05
N4726HD,0.07401845857295637,0.8726607788078459,0.05257340475688113,0.0006536902909148445,9.366757140154516e-05
N4735HD,0.41559238653985264,0.5682924903467613,0.011033267028093397,0.004947411763689137,0.00013444432160345573
N4063HD,0.7061609010941688,0.26927942506167624,0.011573639288050724,0.012848884951138487,0.00013714960496583544
N4712HD,0.8472277096418034,0.14325384847371134,0.008265914345096869,0.0011987290673514208,5.379847203679071e-05
N4738HD,0.16627042255115562,0.7255115225984401,0.10273612302922946,0.005245427991889119,0.000236503829285669
N4740HD,0.08301297924407598,0.290934827178094,0.4400412924760267,0.18457392674481207,0.0014369743569914077
N4742HD,0.03067543452607655,0.034384269571480934,0.2747431755857881,0.5852264146966487,0.07497070562000578
N4745HD,0.7434349955756941,0.24311348304441155,0.011639817432490183,0.00171006290004716,0.00010164104735698603
N4747HD,0.8805239479701855,0.10571926327125855,0.009542177786563204,0.004086483818998092,0.00012812715299461311
N4750HD,0.7810507484947147,0.1966518642414046,0.020599322792725132,0.0015810801366022836,0.00011698433455325445
N4752HD,0.021048690604658613,0.1384927157634801,0.09034760130765543,0.7404856636894822,0.009625328634723616
N4754HD,0.8777204457248395,0.11953881246788262,0.0023830906175871026,0.0003302607988565801,2.7390390834139585e-05
N4755HD,0.1578904146995775,0.5649259964361237,0.26641537775914437,0.010298948453275605,0.00046926265187865785
N4756HD,0.44267205279794236,0.5310320156974265,0.025183582137395057,0.0009562057356782756,0.00015614363155772417
N4757HD,0.826218662616445,0.16881614758833097,0.004356151160820319,0.000577284971992504,3.175366241108026e-05
N4759HD,0.2716016421853701,0.6925155083782649,0.03336550089386955,0.0023749527426885227,0.0001423957998071009
N4762HD,0.6221871612159516,0.3216415577167138,0.05328541671543524,0.002633912509420508,0.00025195184247867714
N4763HD,0.5918239238435157,0.3589656384209219,0.03644645479183922,0.012274549017581758,0.0004894339261415008
N4767HD,0.7079063671205299,0.2710574089417555,0.01622214531278088,0.004564883727681244,0.00024919489725249897
N4769HD,0.050372996632384974,0.10721424080706762,0.8361844642382394,0.006132616151441281,9.568217086664852e-05
N4770HD,0.7550517510303529,0.2357432693426532,0.008000185189320667,0.0011562992026553525,4.849523501789017e-05
N4676HD,0.6275638349488957,0.34909659080920036,0.021095515246602654,0.0017981679091662562,0.0004458910861349932
N4614HD,0.6774620617006021,0.28417029332300636,0.027172027440224594,0.011023906662366075,0.00017171087380085553
N4774HD,0.26686308638417683,0.6091267447964348,0.10585281562322121,0.017468845018518874,0.0006885081776481577
N4778HD,0.07003001822543542,0.31770659906481863,0.32562693188083286,0.2703178188002758,0.016318632028637238
N4780HD,0.024552508781498558,0.09076197909244388,0.5426251221581386,0.22378997256041797,0.11827041740750081
N4783HD,0.615473442973687,0.3560850771887627,0.023776818672203416,0.004091969392819241,0.0005726917725276317
N4789HD,0.8568669046231712,0.13198656648460813,0.009429770709457963,0.0016392169781635525,7.754120459912389e-05
N4792HD,0.349039372109725,0.6471003897845622,0.003299158815407792,0.0005064308316844281,5.464845862039975e-05
N4793HD,0.020279600795708487,0.867286409983219,0.1100019389910175,0.002337253692723783,9.47965373311738e-05
N4794HD,0.006995253017823807,0.03518693720169736,0.0455650301705888,0.9095534456964557,0.002699333913434323
N4799HD,0.42027783429752624,0.5653017330289187,0.013714949468135586,0.000591188958373798,0.00011429424704559008
N4800HD,0.9644707675974884,0.030881735501492927,0.00410221159638271,0.0005245847387375681,2.0700565898490084e-05
N4808HD,0.09312054469428901,0.9021156152232322,0.004418604537138777,0.00031010554757432055,3.5129997765799766e-05
N4809HD,0.817617386846183,0.14369388922870496,0.028697095153008202,0.009656493126046783,0.0003351356460572794
N4634HD,0.4688117077629085,0.48970615159942965,0.03516763445483377,0.005883991126390735,0.00043051505643741764
N4784HD,0.9071752366689432,0.08867457407780217,0.0028244042524705427,0.0012949240210275248,3.086097975629127e-05
N4815HD,0.8583182975598262,0.1339834683328903,0.00665831723103276,0.0009955987920667404,4.4318084183996164e-05
N4816HD,0.7955941464399445,0.1946768470299471,0.008739593268569289,0.0009404302483742232,4.898301316509413e-05
N4817HD,0.46576898313714094,0.5090405194982774,0.023960201912338316,0.0010388505181031643,0.00019144493414015055
N4818HD,0.7819961933195647,0.19888652667435788,0.008486688323405805,0.010485064189702275,0.0001455274929693939
N4821HD,0.012465433938616311,0.9844030820055574,0.002859481299213875,0.00025881075861029627,1.3191998002114007e-05
N4830HD,0.8868134323045596,0.10728416116388016,0.005180324242361427,0.0006909062146234227,3.1176074575559616e-05
N4748HD,0.8340617332291321,0.15910739954939726,0.005795405938518467,0.0009852209993235145,5.0240283628536456e-05
N4684HD,0.6550694894942716,0.3381678115314372,0.006010683008031558,0.000675648313331332,7.636765292840646e-05
N0389HD,0.006896656646450333,0.9732479304647406,0.019638719058972173,0.00019668816783622122,2.0005662001068457e-05
N4796HD,0.6259842628095817,0.33425354803055274,0.03654398028655985,0.0031050531172986096,0.00011315575600702458
N4834HD,0.005329670117462582,0.019358194159556613,0.5754489744500005,0.3995305664344873,0.00033259483849290615
N4835HD,0.22745284845225336,0.765954736894644,0.006040464359583159,0.0005222620703066741,2.9688223212696903e-05
N4837HD,0.4199838271539441,0.5774038741052935,0.0021285198777824224,0.0004568486451430182,2.6930217837001253e-05
N4838HD,0.08858636521609645,0.9089788362929757,0.002145359600825576,0.00024291609560642103,4.652279449584476e-05
N4839HD,0.02520260823793161,0.572624980214368,0.3767930567474045,0.025279705604777648,9.96491955183194e-05
N4842HD,0.7890812474115753,0.1935115461638014,0.01670734725346257,0.0006092208749025903,9.063829625815947e-05
N4844HD,0.9344674604069024,0.06278652290734058,0.002467240632198194,0.0002635194595863585,1.5256593972486995e-05
N4846HD,0.10184327384727629,0.7311620194140993,0.14655710544862388,0.019726627013639805,0.0007109742763606648
N4847HD,0.7849863459690856,0.19943746146128769,0.014786802390107106,0.0007201188158898058,6.927136362978582e-05
N4849HD,0.24757975727898485,0.7105602298573339,0.035819498939549756,0.00521640326429692,0.0008241106598344987
N4852HD,0.02601720190247331,0.23686994846680928,0.6993223864267489,0.0376913805922127,9.908261175578889e-05
N4853HD,0.5906675717205826,0.3908789807222723,0.017678457153925582,0.0007047982555207529,7.019214769884612e-05
N4856HD,0.6874390341232858,0.3076332226454294,0.0044983840318625155,0.0003617125960259043,6.764660339641519e-05
N4858HD,0.8169053262469053,0.17726288710477842,0.005333894085634208,0.00043362396371163426,6.426859897041592e-05
N4860HD,0.6165035768428887,0.3375761605953793,0.028227209444009752,0.016821235906244826,0.0008718172114775759
N4861HD,0.8689567383412676,0.12750824988662515,0.0030260232784540255,0.0004788763865357977,3.0112107117246936e-05
N4863HD,0.4634932496335825,0.5344789426217447,0.0017021787117826068,0.00029646748255766887,2.9161550332516514e-05
N4864HD,0.4152972305053053,0.5784886605391926,0.005327078276224731,0.0008459733780410103,4.1057301236371314e-05
N4866HD,0.8620249182885109,0.12666912302564143,0.010513572693767409,0.0007357663318329399,5.661966024729014e-05
N4012HD,0.7172412323977191,0.2669161638079331,0.015349930656564037,0.0004263770247568233,6.629611302696546e-05
N4825HD,0.28799443971100136,0.5427739206873434,0.14603407966631646,0.021362498976196846,0.0018350609591419752
N4875HD,0.11263572318626881,0.6395172739775761,0.22205594538371454,0.023414342828796803,0.0023767146236439627
N4878HD,0.07056486533591043,0.23366067331272522,0.4136711985567672,0.24353508063444493,0.03856818216015232
N4883HD,0.02038385032647474,0.3901901440087576,0.5446662657574094,0.044647271887161756,0.00011246802019647114
N4884HD,0.6561366334107545,0.3289891977912666,0.014191366401821424,0.0006067634338670688,7.603896229057816e-05
N4887HD,0.1686950961425327,0.819900923653015,0.01024699525689415,0.0011162641721089515,4.072077544908858e-05
N4891HD,0.5960017422403097,0.3813308557416306,0.02154920081278923,0.001050215584257171,6.79856210133161e-05
N4892HD,0.29067141927266943,0.7015250626270702,0.007549490542014654,0.00022422234462166966,2.9805213624050568e-05
N4895HD,0.8741950287376575,0.12005667340060643,0.005008741060759031,0.0007178730029136765,2.1683798063581348e-05
N4899HD,0.6410031076139128,0.35402620380471256,0.0038518718150188525,0.0010627888524833318,5.6027913872373335e-05
N4898HD,0.2863480486363532,0.6786083369705824,0.03379897921282654,0.0011654458323853167,7.918934785258711e-05
N4902HD,0.4752615098039362,0.48442015606553956,0.03329835076449752,0.006718658981542518,0.0003013243844841063
N4904HD,0.16541566649193087,0.6094975036803174,0.2098313695336375,0.01322657178193505,0.0020288885121791745
N4906HD,0.8453405710395084,0.1508757098935658,0.0032608199739639003,0.0005003761117226678,2.2522981239298726e-05
N4909HD,0.7011121721877933,0.28199357673237957,0.01487388166111009,0.0018345542503060573,0.00018581516841091058
N4912HD,0.4140214377678208,0.5581057453093824,0.02635905001773909,0.0013658369564603877,0.00014792994859726564
N4913HD,0.8421769598490211,0.1542108527621658,0.0032260446572991543,0.00034434810503555384,4.1794626478367934e-05
N4914HD,0.03573433069888033,0.5920166333968311,0.37167230567018705,0.0005324611326190586,4.426910148244628e-05
N4908HD,0.807544851799019,0.18883762807942775,0.003292921070905276,0.000303553104787487,2.104594586045498e-05
N4937HD,0.7170326778373896,0.2800269155621614,0.0025843327472832903,0.000319821407425492,3.625244574030603e-05
N4938HD,0.822382790032042,0.1731091117516389,0.004017831603856845,0.00045536760738847776,3.4899005073823244e-05
N4949HD,0.9481030801195611,0.04689835748199783,0.004411550142127838,0.0005569976915594283,3.0014564753656036e-05
N4952HD,0.8487711409689828,0.14482376950871328,0.005900996828405208,0.0004249056398532385,7.91870540456557e-05
N4954HD,0.6137848188102965,0.3722945137965196,0.012763107295927889,0.0010392242589782209,0.0001183358382777731
N7917HB,0.8549665004919517,0.14072557960378046,0.0036569037803617244,0.0005849432693454829,6.607285456078113e-05
N4951HD,0.6478951085679863,0.34852575463512747,0.0030348451702324948,0.0005056284027036114,3.866322395005182e-05
N0385HC,0.09797411075810372,0.3643392186073615,0.44602200474919884,0.08593839769148574,0.005726268193850106
N3920HD,0.48701278174253243,0.47946928714583537,0.028816594068513654,0.00410662402282742,0.0005947130202913418
N9498GW,0.5653946941814533,0.41872050230852936,0.014151693333545195,0.0016579798682668746,7.513030820531238e-05
N4961HD,0.8467861380599223,0.15126985862276232,0.0014568353054326473,0.00046278811043766384,2.4379901445172327e-05
N4965HD,0.5322525187342038,0.43379113710140443,0.03147758024781029,0.0022546831412061917,0.0002240807753752262
N4967HD,0.5214068909132349,0.4453704095652311,0.026186076955017266,0.006905126770550973,0.0001314957959657567
N4968HD,0.29215430611526655,0.5703673201121777,0.08813154949914208,0.048752614723346306,0.0005942095500673048
N4973HD,0.8175802194811752,0.17388304232115093,0.007144915897731833,0.0013163677883744201,7.545451156758614e-05
N4976HD,0.007979710857703192,0.3577069108436151,0.622298972003319,0.011781838359297038,0.0002325679360657224
N4977HD,0.8539336491601413,0.14344058520635125,0.0023201242301932505,0.0002761041200710213,2.9537283243080566e-05
N4978HD,0.7755609397698071,0.21382800698892926,0.008050074240235237,0.002519415912920425,4.156308810793623e-05
N4982HD,0.1377199972073889,0.7608904209583986,0.08831367605245197,0.012556265813219662,0.000519639968540829
N4983HD,0.33325422995056625,0.5695728857097421,0.07993219451028404,0.016921091094323444,0.00031959873508426954
N4984HD,0.8579065780727453,0.13116966830167626,0.010548349610452968,0.00032525465473479554,5.01493603905561e-05
N4992HD,0.027794912057110165,0.287190872470266,0.11081481995881423,0.5614468513588565,0.012752544154953003
N5000HD,0.4360685451831663,0.5144514344009615,0.0466120074140895,0.0027721294230868537,9.588357869585597e-05
N5006HD,0.5695050123711822,0.39784575634359637,0.03110507612890896,0.0013401215087093217,0.0002040336476031116
N5007HD,0.7986641925870087,0.19286030305772053,0.007189969866862382,0.0012142104819054895,7.132400650273837e-05
N5008HD,0.6545263304863665,0.3218907159462895,0.01849237522526738,0.0047625963662058105,0.0003279819758706801
N5011HD,0.7539992361203909,0.23730558328804438,0.00774916414328445,0.000838656559208562,0.00010735988907165205
N5020HD,0.6399270998189691,0.33790026314107674,0.01855834380892154,0.003323198950664201,0.0002910942803683249
N5024HD,0.6767242425818162,0.3132418337351842,0.008404110185029104,0.001565017201680805,6.47962962897766e-05
N4826HD,0.8664275094805172,0.13151196426290274,0.001820415852499637,0.00021744286419566293,2.266753988469842e-05
N5032HD,0.8371796628663601,0.15619419983536154,0.005490494090601828,0.0010823112801704848,5.333192750598351e-05
N5041HD,0.832410834640164,0.159497874832489,0.006835842324965203,0.0012224364025112105,3.301179987046712e-05
N5043HD,0.9392303097256459,0.05832057491307338,0.0019180224282340987,0.000469443276673707,6.164965637277683e-05
N5044HD,0.1319388603641219,0.6963101563494483,0.151697827768534,0.018772285777757407,0.0012808697401383111
N5045HD,0.7469027975886275,0.24652062328226584,0.005890072685647447,0.0006346286787744123,5.1877764684689164e-05
N5004HD,0.8599574054857471,0.12434548419927882,0.010270218660559573,0.005225809567435008,0.00020108208697950194
N5055HD,0.6240256691367045,0.35111863162125007,0.02178765923264365,0.0028932492065347763,0.0001747908028668521
N5056HD,0.2776623537127061,0.4715291752494008,0.18514270782181153,0.06423838094201913,0.0014273822740624837
N5057HD,0.8618222628150038,0.13084675622083647,0.006958461806779298,0.0003405789021613673,3.1940255219064635e-05
N5059HD,0.4235200213760618,0.5047121687267314,0.06474118084192304,0.00676811572779721,0.0002585133274866005
N5061HD,0.5988212182951831,0.38059206558196773,0.01895978483239822,0.001347778885833603,0.00027915240461737315
N5018HD,0.8933377035947437,0.10314487042450997,0.0030103976057519128,0.0004602137809390049,4.6814594055313224e-05
N4896HD,0.5854742084703519,0.3645902446184796,0.03933137062416669,0.01038581725591693,0.00021835903108491516
N5064HD,0.7992667802390125,0.1892625884750394,0.01070302485482646,0.0007119345172807262,5.567191384086872e-05
N5065HD,0.5369229768090347,0.43593100715890815,0.025889343882145203,0.0011401342215065266,0.00011653792840536075
N5067HD,0.0922650801586834,0.4314305227593808,0.4208564175109917,0.0477936167729184,0.007654362798025827
N5070HD,0.016660079128448923,0.7264579569816874,0.25384629456854935,0.0029626049792982508,7.306434201608753e-05
N5071HD,0.7804732441537618,0.209066995836133,0.010045707042757625,0.0003748121517682626,3.924081557913005e-05
N5072HD,0.7439108398888215,0.24531731098077522,0.010273959531129138,0.0004665100399488743,3.137955932537946e-05
N5074HD,0.5995606394285586,0.38187531153695226,0.017240698398127755,0.001245488427954729,7.786220840655569e-05
N5075HD,0.9750585116640141,0.02321902305316905,0.0014625986941714678,0.00024844085618243853,1.1425732462883635e-05
N4923HD,0.8052803202980929,0.18709675691965388,0.004532488507524066,0.0029258953677582496,0.000164538906970926
N5076HD,0.816996223115719,0.1784597028460031,0.003742862932127423,0.0007636070791899527,3.760402696061495e-05
N5079HD,0.03669175005704092,0.17774937604049118,0.41740969697430086,0.36242673890261046,0.0057224380255565515
N5080HD,0.4369016118249468,0.5042573722010932,0.05200976613912668,0.005157900564462877,0.0016733492703704172
N5082HD,0.5032797032101105,0.46142399145124796,0.029214559506168625,0.005870748963242008,0.00021099686923084065
N5083HD,0.7497149073783376,0.2364133766466358,0.012027645915524932,0.0016247636206347435,0.00021930643886679607
N5085HD,0.6429139303660312,0.3155387389349639,0.03754344262718399,0.0039022241136037693,0.00010166395821697509
N5051HD,0.29581698465934864,0.696814717505673,0.006952103329754457,0.00038858418594310047,2.7610319280831776e-05
N5039HD,0.0937899984085674,0.30349135014216927,0.4728580498665116,0.12369874834982088,0.006161853232930885
N5088HD,0.9658103561052179,0.030737631040874465,0.003218349458170415,0.00021721789407698027,1.6445501660126935e-05
N5091HD,0.19920627625599713,0.7978915697897421,0.002562790570790375,0.0002846097817309177,5.4753601739459715e-05
N5093HD,0.05229756694358105,0.22814272574229574,0.3955970810149374,0.30351673218896025,0.020445894110225467
N5100HD,0.013338244560584035,0.05278055637174981,0.1633870709866851,0.7476419638021531,0.022852164278827934
N5103HD,0.08637459002603287,0.44399325028346265,0.3258072437428335,0.14059571050101685,0.003229205446653935
N5104HD,0.9885854346675427,0.009676592915725592,0.0015909758783853676,0.00013356093864022635,1.3435599706158388e-05
N5105HD,0.7717738428724901,0.207624568896167,0.016949333888716087,0.0035159489847481113,0.00013630535787862312
N5106HD,0.7156640362636194,0.270987409431832,0.012257826338427499,0.000980867932035597,0.00010986003408543102
N5109HD,0.5685987897217033,0.42491196027092487,0.005907792668129924,0.0005394340684223737,4.2023270819636906e-05
N5112HD,0.3585232584390837,0.5384068685022514,0.09318619229487458,0.009007446251596796,0.0008762345121934827
N5115HD,0.8518293892908402,0.14295902637464825,0.00491797465173607,0.00026430840582026985,2.93012769550291e-05
N5120HD,0.16128992495068528,0.3437061585144022,0.2981193342070005,0.17036135911873357,0.02652322320917849
N5121HD,0.5177570904280678,0.4491462468159308,0.025824874463736387,0.007099699833066558,0.00017208845919842192
N5122HD,0.4228953733698882,0.529485049549349,0.03672474348965456,0.010614858641061112,0.0002799749500472245
N8305HB,0.7923343706827566,0.2026977887876947,0.0043100247539963514,0.0006026311042260891,5.5184671326027184e-05
N5126HD,0.1447780906855835,0.5917688977605162,0.1638640720889109,0.09822098163198466,0.0013679578330046782
N5128HD,0.8129480252534931,0.18160626427949822,0.0049284310749798995,0.00047985281464866473,3.7426577380012904e-05
N5133HD,0.01804779679449348,0.08045670864162674,0.18219903086611855,0.7178893973032724,0.0014070663944888268
N5135HD,0.8695694224147222,0.12638661263788228,0.003679542117096284,0.0003289193665458785,3.5503463753368846e-05
N5143HD,0.8753263468138616,0.12055281505827313,0.003708836272619116,0.00038709784877154994,2.490400647462199e-05
N5144HD,0.24830356471281503,0.694950143958347,0.05425023035589916,0.0022749707072441745,0.00022109026569463457
N5149HD,0.20181119115036375,0.6271569918359112,0.11987637422229365,0.048968949982674086,0.0021864928087573414
N5152HD,0.6449345363420781,0.34122224872626705,0.01144991401681457,0.002321659259055834,7.164165578441599e-05
N4394HD,0.3126171453937482,0.5286698447834974,0.12003497753212883,0.03813463619763269,0.0005433960929928528
N5029HD,0.38796425089935643,0.48951636849168495,0.09962407416388473,0.022027540014581445,0.0008677664304923587
N4368HD,0.9388832117422298,0.05836302152214393,0.002498954768629199,0.0002367082262429506,1.810374075416703e-05
N5013HD,0.2356042979433908,0.6612416761353427,0.08397067557543945,0.01784365852250641,0.001339691823320637
N5153HD,0.6245867249595073,0.3373352724631681,0.03490336241160126,0.0029352994841247326,0.0002393406815987549
N5157HD,0.9067788037201984,0.08803778925483972,0.004820370238001292,0.00034330856962376966,1.972821733680872e-05
N5170HD,0.677073580530201,0.2950128012991861,0.020697043954263923,0.006956549727484958,0.00026002448886416776
N5172HD,0.6143709700311764,0.3436524235936533,0.037516714215114266,0.004236057920177066,0.00022383423987901844
N5173HD,0.619140623329603,0.33749530013359297,0.042000350124750396,0.0012962837731622,6.744263889143022e-05
N5147HD,0.40309528543557355,0.52018301895631,0.06753546756149587,0.00859025828019742,0.0005959697664231369
N5178HD,0.7956225296045973,0.1915913375161584,0.011978072191979118,0.0007450620521711821,6.299863509395777e-05
N5180HD,0.5755112441062696,0.41456559934309867,0.008611383928021929,0.001179879150999679,0.00013189347161003228
N5181HD,0.33053969346460427,0.5104287414376919,0.15194605351865773,0.006387092699794301,0.0006984188792518501
N5182HD,0.9019249884974953,0.08713792105528533,0.010528117708154382,0.0003878223040165031,2.1150435048383856e-05
N5183HD,0.040961113903305146,0.953901705961555,0.004941026180662935,0.00017797732721428706,1.817662726260022e-05
N5185HD,0.4582198489629722,0.4294970782550442,0.09493854275050434,0.01694210836225487,0.0004024216692246552
N5187HD,0.21675978519606628,0.3519552543487675,0.3954168789075813,0.03390071603320312,0.00196736551438177
N5188HD,0.16050989263092458,0.40088962194995187,0.33372087222263225,0.10216604064222674,0.0027135725542648073
N5190HD,0.006790487104036398,0.0449009229814115,0.3471248985559397,0.6006658847667814,0.0005178065918311605
N5192HD,0.3302889986939106,0.6672076592356124,0.0021644115740051366,0.000311527325752169,2.7403170719785725e-05
N5193HD,0.6082746876299565,0.3669260169213205,0.023367944578838975,0.0011990110991544644,0.0002323397707296408
N5197HD,0.8492874991677762,0.14677096395588785,0.0035081189274443216,0.00040475837359548063,2.8659575296226535e-05
N5198HD,0.25979989345470744,0.6355970214452107,0.09069804540023617,0.013515746340289977,0.0003892933595557226
N5199HD,0.670143831227488,0.31124780153964815,0.01798082617719675,0.0005911228487124103,3.6418206954743364e-05
N5200HD,0.7684645108230409,0.20404638780311743,0.026254804659021875,0.001063788610881099,0.0001705081039388719
N5203HD,0.04032151329157889,0.12096786934369197,0.25678183731138804,0.5719588609419611,0.009969919111379979
N5209HD,0.07811862454730713,0.2808066668761197,0.07599165380439792,0.5646461187074798,0.0004369360646953701
N5212HD,0.7411455202358922,0.25192612889334415,0.006404657299118817,0.00047224162258961586,5.145194905543885e-05
N5215HD,0.5511630222696811,0.42400248597306794,0.021399086537660744,0.0031478696568401883,0.00028753556274999336
N3574HD,0.886775631220276,0.10823448919025178,0.0039791869068115425,0.0009791372679571217,3.1555414703508985e-05
N4760HD,0.10502021611022183,0.5314203369643823,0.19222849699135913,0.16975659458560635,0.0015743553484303128
N5225HD,0.8717321511513473,0.12525634572006725,0.002664954450256311,0.00030622981200402444,4.031886632508268e-05
N5226HD,0.7804138902877479,0.20290559968036814,0.014667220740039056,0.001920617348054475,9.26719437903678e-05
N5227HD,0.6990901166835481,0.2720033513122494,0.02708289750194474,0.001669331175246018,0.00015430332701166441
N5233HD,0.025343723141225544,0.12744963641281082,0.364338435932694,0.4308777238011957,0.05199048071207386
N5238HD,0.844901254117156,0.13781275225294984,0.015187862047532173,0.0019579486671634457,0.00014018291519854773
N5241HD,0.8402749403279454,0.15393580996328432,0.005132425732131677,0.000622849046192982,3.3974930445730144e-05
N5243HD,0.023575179302073278,0.316412636430886,0.060018951221867636,0.592676014760429,0.007317218284744008
N5246HD,0.737305725841295,0.2427699658886165,0.01770337138746764,0.002149873462479217,7.106342014177808e-05
N5247HD,0.0010916819702502174,0.004294230192735008,0.1161531277283876,0.8783310341702207,0.00012992593840650102
N5248HD,0.8085304552939102,0.17903923090442925,0.011317752132059638,0.0010667018301934697,4.5859839407472746e-05
N5253HD,0.6813419109911425,0.2236144468448489,0.08770308270433715,0.006884724117902876,0.0004558353417687065
N5257HD,0.04032151329157889,0.12096786934369197,0.25678183731138804,0.5719588609419611,0.009969919111379979
N5259HD,0.08506696851601925,0.4519379234956801,0.3372699640624064,0.1036840630148299,0.022041080911064374
N5262HD,0.06452462624029097,0.33245862342030846,0.6015578500611102,0.001420618146597282,3.828213169299973e-05
N5266HD,0.4330427827530969,0.5274043063350464,0.03703451445201941,0.002313857155727199,0.00020453930411029717
N5270HD,0.6908258548463843,0.30062131676232223,0.007827751635127481,0.0006626455095025818,6.243124666358155e-05
N5271HD,0.660830719965508,0.31572945040179556,0.021342734926688905,0.0020041797773740484,9.291492863354762e-05
N5273HD,0.6246559674631303,0.3453355066911506,0.0274296430259043,0.0024570324971729266,0.00012185032264181472
N5274HD,0.6949586497317675,0.29000603495187227,0.011822698353977335,0.0030894946763628567,0.00012312228601996965
N5211HD,0.550483676649954,0.40953508356842483,0.026881364493545362,0.012949763387797804,0.00015011190027795757
N4843HD,0.6466141218042455,0.32288239060468427,0.022052353590538674,0.00826243282852404,0.00018870117200747193
N5287HD,0.6301171614760337,0.35003971616627083,0.01835372485996518,0.0013815567585621056,0.0001078407391681773
N5286HD,0.09311245518930228,0.32503407440022025,0.4822267887546815,0.09590765782189045,0.0037190238339056205
N5292HD,0.04032151329157889,0.12096786934369197,0.25678183731138804,0.5719588609419611,0.009969919111379979
N5294HD,0.885938723269524,0.1016358256040256,0.011461994039174982,0.0008724181716471467,9.10389156282434e-05
N5296HD,0.26784168598970876,0.6259257041196559,0.08874207998716167,0.017078092058992654,0.0004124378444811071
N5298HD,0.7223124575155868,0.2511716040443399,0.02451897298485242,0.0019070741289834267,8.989132623738843e-05
N5303HD,0.7259871683151954,0.25572321457332997,0.017051867689757968,0.001165236471230124,7.251295048669305e-05
N5305HD,0.310392113621815,0.5558743770794242,0.09247831392003318,0.040317983123213975,0.0009372122555134876
N5306HD,0.8628894028262841,0.13375428138862833,0.0028932518276151772,0.00041348235745351965,4.958160001872585e-05
N5307HD,0.09718491382621502,0.5470981079640662,0.253279128519738,0.09862392126663451,0.0038139284233463418
N5311HD,0.7879945962058723,0.1899821759081218,0.016511286267933457,0.005370473621422684,0.00014146799664990724
N5314HD,0.7941225892362987,0.19482979515560753,0.008797190726288125,0.0021887180762441287,6.170680556155036e-05
N5073HD,0.14795003291786707,0.5758919101060834,0.19273543927218337,0.05849401203388485,0.024928605669981244
N5277HD,0.12154766560228868,0.3522093773024348,0.4443796677224109,0.06975230581410133,0.012110983558764546
N4885HD,0.9745246081788185,0.022640618226284052,0.0025076204495888144,0.0003047743707721849,2.2378774536505135e-05
N5318HD,0.0856481413777462,0.6322397651859061,0.2527981693570751,0.028206670790936056,0.00110725328833654
N5321HD,0.7861897749207134,0.20640866691493207,0.006662323783142015,0.0006880089847202471,5.1225396492150627e-05
N5323HD,0.9757297878939724,0.022971874803621395,0.0011783247028420204,0.00010774342682259441,1.2269172741834863e-05
N5324HD,0.6721657782486736,0.2896184043051007,0.0339888820275451,0.004126935627037674,9.999979164284949e-05
N5326HD,0.6825226773346643,0.29094383607468804,0.02389221776110928,0.0025257580962040394,0.00011551073333429049
N5327HD,0.566285704837047,0.4181875367254402,0.0144023709943395,0.0010478653549408183,7.652208823254227e-05
N5329HD,0.28269936890654834,0.6235063268189527,0.09053398746417142,0.002771565837076512,0.0004887509732510536
N5331HD,0.8377522202792281,0.15554123701746966,0.005814683744918927,0.0008374934859587448,5.436547242455947e-05
N5332HD,0.8082557907934561,0.18333876445405625,0.006206066859690112,0.0021501944421842703,4.918345061329814e-05
N5333HD,0.6757409365171114,0.3149551565958476,0.008740843357480346,0.0005051875073279501,5.787602223258353e-05
N5334HD,0.018424366739691504,0.9802618596642559,0.001098615731004931,0.00020364642170465436,1.151144334291993e-05
N5338HD,0.08607085970944887,0.2392040422374029,0.4341347157360848,0.23122697153848487,0.009363410778578567
N5339HD,0.020958951691218135,0.13966731169592567,0.4048437707860217,0.4337628605716654,0.0007671052551691276
N3820HD,0.03703806252609452,0.16348578606226688,0.32822609171386175,0.38294348770082576,0.08830657199695117
N5342HD,0.6090027005180099,0.3761351303279852,0.010699608011356785,0.004027423566933054,0.00013513757571526226
N5345HD,0.76918459161373,0.21615608557407126,0.012334329192697994,0.0021940415134835615,0.0001309521060169267
N5346HD,0.6482064981448259,0.343013428145468,0.008256532412121546,0.0004759969798416775,4.75443177427592e-05
N5348HD,0.07743211768333039,0.4949528202848479,0.21693771234951625,0.19780799649868944,0.012869353183616001
N5351HD,0.7193039286939574,0.2553169803810571,0.023832296858339867,0.001464131046050338,8.26630205953672e-05
N5354HD,0.00563249518716647,0.015294436482432247,0.6466832390625694,0.3316758028252881,0.0007140264425439391
N5355HD,0.2639838262102859,0.6737400421423803,0.060353417777510486,0.0016838246561382798,0.0002388892136851619
N5362HD,0.9311950161155624,0.06571366256082631,0.0027610371594806215,0.00030686580900664295,2.3418355124129696e-05
N5364HD,0.8289329827332714,0.1610699852380488,0.00829404225519054,0.0015969368556696334,0.00010605291781946917
N1264HD,0.00816683270739989,0.9589469186906736,0.032612768345567346,0.00025423282070923073,1.924743565001649e-05
N4985HD,0.19723278672160138,0.6636461012194173,0.12955899811001906,0.008940824169371331,0.0006212897795910394
N5368HD,0.058539490738508435,0.20745976254369797,0.26575544733984025,0.33659778365301146,0.131647515724942
N5371HD,0.6717429621934905,0.31433042463800553,0.013425723707952048,0.0004152101414171781,8.567931913476763e-05
N5372HD,0.6532939935669854,0.3389567367257537,0.007105028454084227,0.0006063457340605157,3.7895519116081165e-05
N5373HD,0.544027426868024,0.4507145762373197,0.0047634877284938645,0.00038659485195776516,0.0001079143142045403
N5374HD,0.8764208747651347,0.12041516961052988,0.0028585153044516443,0.0002691531404509903,3.6287179432768794e-05
N5377HD,0.7739557073857485,0.22177386484229025,0.0038159085178046085,0.00042213052747423475,3.238872668246405e-05
N5379HD,0.8181571792414084,0.16782114905525014,0.013447598772268948,0.0005279708916078555,4.610203946450525e-05
N5381HD,0.17233251131213392,0.6635090067052705,0.11718403938527777,0.04598178725486377,0.000992655342454019
N5383HD,0.2017413502955883,0.5370303434365828,0.12686538753878937,0.12954633646496622,0.004816582264073309
N5385HD,0.7357254468005685,0.26005832834604803,0.0036586620133294582,0.0005085553503016892,4.900748975226983e-05
N5387HD,0.04567381517955528,0.35036827760627626,0.3365055817751019,0.2550213964935627,0.012430928945503761
N5388HD,0.09385185046605242,0.30128632806421934,0.2780320206900492,0.31100120396297526,0.015828596816703757
N5389HD,0.018741723034120892,0.3648422187362821,0.6024675850291656,0.013823893144802703,0.00012458005562863202
N5391HD,0.7361659756872729,0.246271081228992,0.013765264193709808,0.0037006490450032445,9.702984502202965e-05
N5393HD,0.7509858412001547,0.24376066230831553,0.0047405994975784505,0.00040389121880208547,0.0001090057751491455
N5395HD,0.8521557268079197,0.1400841567137355,0.00690841385620471,0.0007954114678612039,5.629115427867281e-05
N5397HD,0.7620414094900363,0.2248330348832183,0.009957973761546847,0.003109522930749085,5.805893444943283e-05
N5398HD,0.6836584521019223,0.2970751243472646,0.01306008657106459,0.006050384807447495,0.00015595217230093106
N5386HD,0.11267353675656787,0.19360301577104502,0.6925052007191561,0.0011629446617057975,5.5302091525338666e-05
N2483HD,0.6559647211959094,0.33271916501088533,0.009273003642609292,0.0018733713534049685,0.00016973879719094594
N5402HD,0.8395596429321666,0.14756404103452223,0.012297279602261542,0.0004959223561979134,8.311407485191154e-05
N5404HD,0.6081111154443639,0.3522938716741455,0.03324368964455461,0.006128757779626279,0.00022256545730979976
N5405HD,0.8467657432994334,0.14606425042258311,0.005451016940686739,0.00168604366591861,3.2945671378107436e-05
N5407HD,0.47159128882444123,0.45701203989921774,0.054975309470932286,0.016251408471952947,0.00016995333345585424
N5414HD,0.41740687371242885,0.5793577501307188,0.0026560172686022473,0.0005087566650770678,7.060222317299812e-05
N5415HD,0.79310805255999,0.2043905692783758,0.0017918191339035784,0.0006859798189187562,2.3579208811904365e-05
N5416HD,0.6473132667762892,0.3480132346817873,0.004116459452638951,0.0005056936451411587,5.134544414347697e-05
N5421HD,0.74177152719379,0.24573059068071135,0.01057792394023541,0.0016690270401059232,0.00025093114515721657
N5430HD,0.8691844204688834,0.12669153069844646,0.0029376227998005634,0.0011626492272719666,2.3776805597526077e-05
N5431HD,0.13171299536896025,0.2920074085876045,0.5069740434096571,0.0692368476888846,6.870494489348856e-05
N5432HD,0.6548692101811178,0.33651451869269877,0.008059969658904445,0.0004760559631531232,8.024550412565297e-05
N5437HD,0.7868625861778823,0.20709729137311664,0.005619847895305272,0.0003857550974227383,3.4519456273156945e-05
N4225HD,0.2645826288965503,0.6160330703898591,0.09927430089375154,0.019119277655226873,0.0009907221646123187
