ncode,proba_0,proba_1,proba_2,proba_3,proba_4
N4541HD,0.375267295566873,0.5609388764313887,0.059396743617544594,0.004033821552238201,0.0003632628319553897
N4397HD,0.028260700734980944,0.0988261993608458,0.3483851885211164,0.5150397117628958,0.009488199620161132
N4544HD,0.8269611998273984,0.1672115743318699,0.004445678042701464,0.0012972282797420011,8.431951828837945e-05
N4545HD,0.03887914900170816,0.11744235619348069,0.15076166042452682,0.08907489752137412,0.6038419368589102
N4546HD,0.7886615293272334,0.19949995309025584,0.010773376678211096,0.0009111416398277973,0.0001539992644717023
N4550HD,0.883540765493954,0.10936047905498518,0.006319168291312802,0.0006838028491295704,9.578431061824823e-05
N4551HD,0.7176067997497296,0.26841676954213806,0.012961817690383615,0.0008548438715649222,0.00015976914618377836
N4554HD,0.07246172437561858,0.0699776573842667,0.8550630332669457,0.002273257456765078,0.00022432751640399316
N4555HD,0.7426933106802459,0.09522373504225007,0.1607089056803643,0.0013004686480663568,7.357994907323377e-05
N4556HD,0.41486899954731493,0.3974408756743198,0.12127852966022261,0.0655405921379222,0.0008710029802203298
N4563HD,0.46438219941201614,0.3918951503580062,0.13545119965370128,0.007971268613620516,0.00030018196265595186
N4567HD,0.9101970280958278,0.0707737233485583,0.0163771397329406,0.002437459459572168,0.0002146493631011033
N4561HD,0.7623104072092918,0.23297224573346673,0.003054327925247204,0.0015862533903738827,7.676574162033013e-05
N4571HD,0.25501592116256677,0.5996627104229079,0.13618667050309255,0.008272035436226965,0.0008626624752057068
N4574HD,0.9795087222209374,0.01870947953820152,0.001560386193615808,0.0001875293089314092,3.388273831412078e-05
N4575HD,0.602716108185273,0.371401878767695,0.024159635484307104,0.0014644439374456332,0.0002579336252794382
N4579HD,0.15883287655494005,0.5417420685616579,0.26326336472053125,0.031299098683792895,0.004862591479077931
N4581HD,0.6607700885565793,0.3114629894943785,0.024903877524047643,0.0026500026155509737,0.00021304180944357323
N4584HD,0.7548033505843741,0.23637371341560887,0.007959336358475282,0.0007053172270464464,0.00015828241449517949
N4578HD,0.723579405655542,0.2549089802417416,0.020097220117326273,0.001200556017208022,0.0002138379681821188
N4590HD,0.16335369314553208,0.8265397603601085,0.008381281103471954,0.0016243051516783747,0.00010096023920908302
N4593HD,0.009923723187354724,0.03897915552576187,0.10694961983962871,0.8427290634864373,0.0014184379608174673
N4151HD,0.16479044928263853,0.44655286349216217,0.2999238256587396,0.08032894917853625,0.008403912387923297
N4594HD,0.6437381419305959,0.3504036940971283,0.005064397310667154,0.0006643191354945077,0.00012944752611420505
N4600HD,0.6417121420880306,0.2406784647385627,0.11668136254673206,0.0007820336920221757,0.00014599693465261896
N4605HD,0.21881874766560722,0.07408075622307352,0.6297765230157882,0.07723969915676726,8.427393876389572e-05
N4612HD,0.5205165898194418,0.4518487271772776,0.025098566978944158,0.002226273566653465,0.0003098424576830515
N1701HC,0.16869056295429913,0.6295090598371789,0.15814364067290504,0.03745126434257082,0.006205472193046248
N3705HD,0.007330076041277608,0.028818053123683633,0.15232350583541088,0.19798689392200033,0.6135414710776275
N4589HD,0.7584322572905554,0.22190446138325184,0.016972631249490375,0.0021808153137620823,0.0005098347629404339
N4339HD,0.8905206333676651,0.10564579163589685,0.0032833893174604957,0.0004668128940441629,8.337278493340147e-05
N4615HD,0.06292845062910135,0.24532590448090608,0.4454676046198552,0.2313463881232203,0.014931652146917138
N4618HD,0.9309563100190424,0.06076647776771125,0.007069751060209081,0.0011250510783614661,8.241007467576684e-05
N4624HD,0.4125180115946758,0.5818711714736021,0.004675046290154796,0.0007986678015074605,0.00013710284005981414
N4626HD,0.6717911805879077,0.303931438167466,0.0166846382474652,0.007432381810799859,0.00016036118636149896
N4628HD,0.23562834849289024,0.5748969622369963,0.1640020062837657,0.02072463557577924,0.00474804741056847
N4638HD,0.047122836758186466,0.2180906575966922,0.14234689464115302,0.5861490614530019,0.006290549550966391
N4639HD,0.6296174181066306,0.3188462697769136,0.04036864091568092,0.010817556241033302,0.0003501149597417968
N4642HD,0.8289466019843348,0.16432702150281775,0.005692286816855605,0.0009437003405227948,9.038935546900767e-05
N4646HD,0.9804249045279958,0.017038370485061717,0.0020455387405575592,0.00046220960139316605,2.8976644991808916e-05
N4631HD,0.7783763511668138,0.21495870764678313,0.005734208815004537,0.0007631253711259257,0.00016760700027255242
N4656HD,0.026609371739300513,0.07399309502647625,0.8128051156012429,0.07224196612561108,0.01435045150736926
N4658HD,0.7058479342787063,0.27450630288960365,0.01574189741172552,0.003741736799986012,0.00016212861997870774
N4661HD,0.7244086240028723,0.2541182328815255,0.015078081570992493,0.006190101137128056,0.0002049604074814626
N4665HD,0.8453878917995902,0.1475499492844664,0.006418567073416176,0.0005510361700848999,9.255567244209971e-05
N4667HD,0.7961837842428692,0.19280745623213957,0.010250412618296165,0.000647145441948643,0.0001112014647463902
N4669HD,0.6236004756487142,0.3536025173612507,0.020285454057924292,0.002278960141758057,0.00023259279035261771
N4673HD,0.24419815471444106,0.5253802455070734,0.21846068653461345,0.010953037994256617,0.001007875249615389
N0760HD,0.16907979217601893,0.6978837084400348,0.11971453554756677,0.012495370824971489,0.0008265930114080474
N4672HD,0.6366971337946705,0.3116463469448091,0.047999387739867165,0.0033495448173736344,0.0003075867032795613
N2593HD,0.8912773058610237,0.09653992548501684,0.010988146507603342,0.0011190788729430244,7.55432734129635e-05
N4677HD,0.6371330493509074,0.3208204325503264,0.03703389794506617,0.00471116966711316,0.0003014504865867789
N4680HD,0.4554905901328483,0.4615350131609972,0.07421695487027692,0.008032972800455195,0.0007244690354226189
N4688HD,0.08535245866639056,0.2926594375971174,0.2510604131896427,0.2171936594291046,0.15373403111774486
N4689HD,0.8316053546375992,0.16232960321297768,0.005282226131125845,0.0006603581709205147,0.0001224578473767157
N4691HD,0.14379840337826247,0.5313536181031271,0.27608194400495467,0.04529363479029391,0.0034723997233618306
N4692HD,0.7597939413882767,0.19920137983390274,0.03376924217693544,0.006330997405390797,0.0009044391954942963
N4694HD,0.10692176160857235,0.40781367771668237,0.4627927969263781,0.020448863342274692,0.0020229004060924364
N4695HD,0.3406386761473553,0.5804898369997009,0.07561308999096658,0.0029091638900639936,0.0003492329719132952
N4699HD,0.4908399934619264,0.4754857462414762,0.03051244388630603,0.002826780835807089,0.00033503557448414273
N4703HD,0.2557795312867094,0.2953648873348678,0.1819499601316924,0.2574015618692226,0.009504059377507697
N4704HD,0.008541195543748353,0.02667995351493285,0.5344399774609879,0.42872615109351425,0.0016127223868167573
N4708HD,0.9372933265844692,0.05695340843658641,0.003753889985575698,0.0019167390874665284,8.263590590211599e-05
N4714HD,0.7134916665877509,0.23889098456499508,0.041360177608384036,0.0050920541934151055,0.0011651170454547587
N4721HD,0.24427737681680473,0.6364628205521351,0.10593338684110047,0.010336519711667482,0.002989896078292237
N4722HD,0.8142079508595256,0.1653844528009784,0.019273889606501424,0.0010002072833800882,0.00013349944961444754
N4724HD,0.5937879310798942,0.3926462100439862,0.012374276117341845,0.0010723161365871012,0.00011926662219067384
N4726HD,0.03968364383900655,0.9366882028371087,0.022840737037611396,0.0007096504153186119,7.776587095480787e-05
N4735HD,0.6104038951616532,0.3701249269984605,0.01745530652932528,0.0014733180348799415,0.0005425532756813262
N4063HD,0.6252160407023528,0.33717605936646117,0.028823930529683975,0.008113675835406904,0.00067029356609515
N4712HD,0.8044667734841991,0.1822896724862976,0.010374004846017977,0.002703768200403372,0.0001657809830820654
N4738HD,0.18369916623528287,0.6928925171373693,0.10931910266840474,0.01366508872853354,0.0004241252304095515
N4740HD,0.1287684438972766,0.28335905777047954,0.45448270295582355,0.12853710537189228,0.0048526900045280895
N4742HD,0.01680751739127665,0.015049788210337192,0.09057998453460149,0.8704632686255114,0.007099441238273139
N4745HD,0.8291402810188385,0.1569377774931891,0.011539806862122581,0.002262907020107541,0.00011922760574209463
N4747HD,0.8481994988238715,0.1423682036828788,0.007057950906109424,0.0022148029779351587,0.00015954360920511065
N4750HD,0.7233385851216502,0.2343556253426746,0.03772536429608914,0.004236824974599105,0.000343600264987124
N4752HD,0.027096125863322152,0.1652783043534729,0.22479843111318437,0.5610981796699738,0.02172895900004688
N4754HD,0.8614788013823951,0.13256713062072686,0.0047052894671516824,0.001115157359495734,0.00013362117023088082
N4755HD,0.225304832451629,0.5130315716850792,0.20001142005802086,0.04959317209881386,0.012059003706456985
N4756HD,0.46192384853164964,0.516725381199509,0.018895251983339634,0.001980500371972641,0.0004750179135291238
N4757HD,0.886210483636372,0.10941964525674078,0.003819818199253595,0.0004460474782759659,0.00010400542935752682
N4759HD,0.2486168649637194,0.6927648482386385,0.05625953813642873,0.0020893074020668094,0.0002694412591465384
N4762HD,0.5408177696301607,0.43310908597785247,0.023423239947628748,0.0024096888155538255,0.00024021562880416426
N4763HD,0.7215673311484678,0.22009290024937628,0.05141100466223997,0.006237886570381424,0.0006908773695346342
N4767HD,0.7034060642448562,0.27668458320723965,0.016158626210986377,0.0034769368275052314,0.00027378950941264556
N4769HD,0.048732843136825764,0.06277578070960159,0.87789688960452,0.010404043846729053,0.00019044270232349643
N4770HD,0.8163971515213199,0.17540276760752985,0.006676601487310433,0.0013928951873980017,0.00013058419644184879
N4676HD,0.36748683539632077,0.5436176200307169,0.08363407561859035,0.004816088304584472,0.00044538064978754164
N4614HD,0.6089166410250104,0.3517120461827879,0.03350582002191421,0.005361695991172485,0.0005037967791148249
N4774HD,0.1867294389799318,0.7028278513539145,0.09497264845670894,0.013435330950150527,0.002034730259294276
N4778HD,0.07891417218050405,0.3164552344796736,0.2987745415089211,0.23775489716263687,0.06810115466826441
N4780HD,0.011933542607520442,0.08119689090353466,0.27133295548475134,0.3808744337858908,0.25466217721830275
N4783HD,0.6378492215938786,0.32848707975812996,0.02667227457660915,0.0061703053661317465,0.0008211187052506768
N4789HD,0.8589050325656552,0.13073438597241333,0.007888744793956431,0.002313123640277972,0.00015871302769711088
N4792HD,0.4458224688874326,0.5488118624359782,0.004698862512972473,0.0005637832640850381,0.00010302289953159669
N4793HD,0.03217273433393498,0.8127603126478526,0.15317666808925892,0.0016705331595124797,0.00021975176944073543
N4794HD,0.00364336132438653,0.024053045542771066,0.014495216068936154,0.957562363158176,0.0002460139057302455
N4799HD,0.5692964104459065,0.41281216771368,0.01638636481384947,0.0013058286661049928,0.00019922836045905038
N4800HD,0.9630252362795739,0.030911341490414093,0.004968755929732546,0.001018305224423567,7.636107585580696e-05
N4808HD,0.05790298279423654,0.9398556423236547,0.0018989815539358355,0.00028601854384889395,5.6374784324300825e-05
N4809HD,0.7143048833389716,0.22409986792575953,0.05778108925192505,0.0033527817937973703,0.0004613776895463488
N4634HD,0.41443253215242837,0.5416550549811029,0.036397074604014125,0.0070442093456166074,0.00047112891683807716
N4784HD,0.9104142038206943,0.08490856761142315,0.003518878579723568,0.0010412404877077164,0.00011710950045131455
N4815HD,0.7809254896303927,0.21072333463936246,0.006910779593218308,0.0012952171639431112,0.00014517897308345798
N4816HD,0.7799093016282326,0.2054729214988402,0.012720367047146087,0.0017426581723381158,0.00015475165344308185
N4817HD,0.515603428214527,0.43452562098094266,0.04755091496128091,0.0020556074352879286,0.00026442840796158995
N4818HD,0.8515584625829998,0.13478932188016018,0.010903963964920702,0.0025453400317402165,0.00020291154017915895
N4821HD,0.015149056639671775,0.9769565717315658,0.007055982044691626,0.0007744205207478403,6.396906332277828e-05
N4830HD,0.8526849503851847,0.1400628399154649,0.006481613063956734,0.0006803896014699733,9.020703392387816e-05
N4748HD,0.7756746493558131,0.21123186537098979,0.011050889561599497,0.0019090103655916184,0.00013358534600608417
N4684HD,0.7215402906186352,0.2716127221964519,0.005915628489420539,0.0007701570624613945,0.00016120163303095622
N0389HD,0.011636903482452594,0.9632356650751949,0.024702135060900847,0.00034149460121268957,8.380178023906694e-05
N4796HD,0.6271489057354199,0.3191393184004868,0.045055119527084464,0.008091591060500912,0.0005650652765079283
N4834HD,0.013165449791771072,0.024750302851616238,0.7606431392855535,0.19943682864602502,0.002004279425034157
N4835HD,0.173658856032854,0.8205744634743767,0.004317163894346342,0.0013635861065160906,8.593049190706998e-05
N4837HD,0.37422432537676037,0.6207647107504864,0.00439828673600541,0.0005468060095646954,6.58711271829246e-05
N4838HD,0.06164002075081314,0.9346196360517399,0.0031896770094974962,0.0004756264156466189,7.503977230287862e-05
N4839HD,0.0160027868487787,0.4068400354266567,0.5678382127324976,0.00916816034502081,0.00015080464704635805
N4842HD,0.7639891320793687,0.21714492967528448,0.016909018431776175,0.0017856159239608023,0.00017130388960988525
N4844HD,0.9670109628683743,0.025962697054598142,0.006508670168291657,0.0004467412896134301,7.09286191223509e-05
N4846HD,0.11472314602124373,0.5785351410416597,0.24712032938032194,0.05839667363529968,0.0012247099214750075
N4847HD,0.8057827348474771,0.18349609512213788,0.009444774455343618,0.0011269589562526968,0.0001494366187886934
N4849HD,0.27409661473907826,0.677133417715207,0.04374337518375392,0.004279984812385665,0.0007466075495753223
N4852HD,0.01891913639824445,0.26197140707537897,0.6431537162907811,0.0756719123190784,0.0002838279165169848
N4853HD,0.5112112366619657,0.4626813464506784,0.023727205212873526,0.0021945278178536094,0.0001856838566287682
N4856HD,0.6967377169882446,0.29471888580923744,0.00750206813918764,0.0008471831572161267,0.0001941459061141832
N4858HD,0.771249275388322,0.2177050496139359,0.009552172420783722,0.001328929121113373,0.00016457345584497908
N4860HD,0.4233460968972234,0.5251538082125055,0.043104739375261554,0.006892816301845727,0.001502539213163749
N4861HD,0.7885909711382068,0.20338501239210446,0.0073466224719284014,0.0005573885890690597,0.00012000540869122119
N4863HD,0.528242714339318,0.466747886788138,0.004024919124206933,0.0008099148959460982,0.0001745648523909112
N4864HD,0.650281828997467,0.3360898866089137,0.011559442947375514,0.0019140548884324553,0.00015478655781136794
N4866HD,0.9002463621260901,0.07999560036239187,0.018440285049915014,0.001194894953611315,0.00012285750799158885
N4012HD,0.5712034505056256,0.4178596340402734,0.00990729316654324,0.0008975012646500022,0.00013212102290776774
N4825HD,0.2713128464027476,0.5271234509077227,0.17694428593500713,0.02167212920001506,0.002947287554507447
N4875HD,0.09252725466633656,0.6701301068671203,0.2007450396467467,0.024125432328335014,0.012472166491461554
N4878HD,0.1006033032704226,0.34032844154281944,0.37972713325926355,0.14642046234350822,0.0329206595839862
N4883HD,0.018712310600358214,0.20954588027483295,0.7253961749318298,0.04610466305991607,0.000240971133062821
N4884HD,0.6668096309700704,0.3171557462010247,0.015101302161319538,0.0007938061937466882,0.0001395144738386894
N4887HD,0.2346623965376978,0.756682557823791,0.007853720951897878,0.0007211249627126626,8.019972390061845e-05
N4891HD,0.5498398314480553,0.4107914667718328,0.03627464925293492,0.0027755969682717067,0.0003184555589052089
N4892HD,0.1954746893483286,0.7985747620189368,0.005260299732434117,0.000556625482827259,0.00013362341747321293
N4895HD,0.8737913227501046,0.11902643069267702,0.006299411507704472,0.0007752639721303082,0.00010757107738337631
N4899HD,0.5147766209054107,0.48012554751604425,0.00426755184135364,0.0006978589593830666,0.00013242077780834416
N4898HD,0.3406968255428894,0.612235957191668,0.04503764607672194,0.001784492439362586,0.0002450787493580168
N4902HD,0.5231452594630768,0.4226006597445836,0.04654527891358566,0.007064961336185936,0.0006438405425681526
N4904HD,0.1538186784975013,0.657035407516534,0.15307276964532418,0.03469351969522429,0.001379624645416242
N4906HD,0.8528233072256313,0.14006907664503607,0.005751114897386333,0.0012533360772373685,0.00010316515470897617
N4909HD,0.7394170789901828,0.2388446594931873,0.018681838048272656,0.002859361225285538,0.00019706224307158634
N4912HD,0.3737333289693097,0.5798331891387629,0.043587899705384986,0.002514285610188043,0.0003312965763543446
N4913HD,0.7964780948763894,0.19505247676015575,0.007406873452050951,0.0009090355903492432,0.0001535193210546762
N4914HD,0.024768356900588744,0.35950533562430953,0.6145614334918152,0.001069095066815933,9.577891647071235e-05
N4908HD,0.8026894520304583,0.18975396854769552,0.006937124965291618,0.0005365711831328799,8.288327342159251e-05
N4937HD,0.8597108333361648,0.13617765746232638,0.0034838018764297425,0.0005052683556205711,0.00012243896945846893
N4938HD,0.8092188160509625,0.1851459925503469,0.004885213880031115,0.0006426295723542384,0.00010734794630529705
N4949HD,0.9378410927973896,0.05583393349354517,0.005611053028868831,0.0006229869115216306,9.09337686749759e-05
N4952HD,0.8261905132233617,0.16587546263711875,0.006316753490727526,0.0015002659524698935,0.00011700469632218426
N4954HD,0.632809654982267,0.35252771594663984,0.013082831652756033,0.001432108270041217,0.00014768914829608624
N7917HB,0.8001666646873657,0.19505195677913706,0.003857499601465216,0.000827207803839111,9.667112819292035e-05
N4951HD,0.7196661573238703,0.273772488260727,0.00538928852209012,0.0010594929595086058,0.00011257293380402623
N0385HC,0.2275097204619072,0.4611904751614604,0.2321083264644086,0.07205972291345919,0.007131754998764657
N3920HD,0.49424262216939996,0.42254133268848454,0.0747388571912716,0.0076955768805619384,0.0007816110702820296
N9498GW,0.5916119544496053,0.3920862232615463,0.014286962895777612,0.0018536210343492918,0.00016123835872151838
N4961HD,0.8296429403280491,0.16678970385426095,0.0028294545113054423,0.0006539423004031537,8.395900598146905e-05
N4965HD,0.45051515757387534,0.4954793518723945,0.04341770899168011,0.010269673751662645,0.0003181078103873752
N4967HD,0.5717951794291393,0.39532478582820035,0.02724308666290974,0.0051640063648565925,0.00047294171489415884
N4968HD,0.31467198067544666,0.586161927259784,0.08120971502232892,0.017059252495973593,0.0008971245464668172
N4973HD,0.7991341115594183,0.16513332346555545,0.032961361978126595,0.002601025671987531,0.00017017732491222487
N4976HD,0.01536075484016583,0.368831376717968,0.6034810270963411,0.011953467787333558,0.00037337355819163525
N4977HD,0.8878261467883095,0.10669185323682771,0.00490209758538645,0.0005007401700381463,7.916221943823628e-05
N4978HD,0.6547226686132285,0.3119769038496995,0.0248064515015745,0.008165624558252753,0.00032835147724468794
N4982HD,0.1915955029802208,0.6262159288569538,0.1633447703159248,0.01758114298403033,0.0012626548628702529
N4983HD,0.41040029878448425,0.4887151145327831,0.0809158822161865,0.01950085198340863,0.00046785248313767304
N4984HD,0.7755488215120894,0.20378807711997293,0.019092388668820202,0.0014567914470908585,0.00011392125202660149
N4992HD,0.03294416793204887,0.30896357248268175,0.17945809171939384,0.4720915241496636,0.00654264371621191
N5000HD,0.5904540421427925,0.37164185307928804,0.032915737030607725,0.004685062635536687,0.0003033051117749586
N5006HD,0.4296672685298561,0.5319897297089303,0.03295630669873189,0.004780312714664692,0.0006063823478170155
N5007HD,0.7928344433123887,0.19304604079213786,0.012223606695837351,0.0017244609496228904,0.00017144825001317988
N5008HD,0.6084690347823727,0.3580867676679132,0.028937491729497535,0.00410168095947879,0.00040502486073780956
N5011HD,0.6391658183169674,0.34618549299134355,0.01297018536725016,0.0014047009750315714,0.0002738023494071976
N5020HD,0.5453984709379741,0.42444128465607844,0.02390072817821517,0.005755614218432501,0.0005039020092997728
N5024HD,0.6624809453488717,0.3191055949847587,0.01544170059459543,0.0027771929171092067,0.00019456615466481619
N4826HD,0.8331170302243432,0.16203024744019426,0.003878641216255072,0.0008513709760792401,0.00012271014312839834
N5032HD,0.7618579917913191,0.22661474156296707,0.009240430545147395,0.0021539396689844678,0.0001328964315820589
N5041HD,0.7812829333123745,0.2077468293650252,0.009720559590467076,0.0011371290976026315,0.00011254863453059148
N5043HD,0.9562705777026,0.04027984448971751,0.00227261442660779,0.0010776387957014107,9.93245853732266e-05
N5044HD,0.2102377907556522,0.5620229846759177,0.18867612583069543,0.019133039570366488,0.019930059167368258
N5045HD,0.7349120867802834,0.25511430609989527,0.00917968840756625,0.0006971739573525692,9.674475490244612e-05
N5004HD,0.8083134771588811,0.14167757687188767,0.04643540410894713,0.003180486578615856,0.00039305528166803705
N5055HD,0.5334957809173654,0.36350219699117264,0.09315026899730741,0.009547697701688604,0.00030405539246600226
N5056HD,0.22838214689393524,0.4635158336311419,0.19730732049850788,0.09075422763832437,0.020040471338090695
N5057HD,0.8648580649831843,0.13021970030926794,0.004424469235800176,0.00042984760813258473,6.791786361487603e-05
N5059HD,0.505184682599584,0.4181826520724599,0.07129664112794529,0.00487924908452777,0.00045677511548299044
N5061HD,0.5003111089614513,0.4750115559117577,0.022818152938848802,0.0016229620647765354,0.00023622012316565675
N5018HD,0.8863518774154341,0.1082735181820959,0.004795757996400202,0.00048383957144191046,9.500683462784103e-05
N4896HD,0.5657309773297247,0.3856538559641886,0.039032154008707076,0.009245154287764153,0.0003378584096154619
N5064HD,0.7515291200371113,0.23576563583660312,0.010761614477145645,0.001793463644473698,0.00015016600466637468
N5065HD,0.4902305392101436,0.4740015005689816,0.03216305888363104,0.0032503211444876168,0.00035458019275616683
N5067HD,0.10299546425841066,0.5270441650802379,0.28696371732915615,0.08028374208009632,0.00271291125209891
N5070HD,0.014196963313354226,0.5591917393749801,0.41579170459973386,0.010559665559224623,0.00025992715270725273
N5071HD,0.7787396243655055,0.2055926083652871,0.014510689495505524,0.0010397075793197178,0.00011737019438227157
N5072HD,0.6982824627991691,0.2873970812987543,0.0131414378183963,0.000991254336623843,0.00018776374705660063
N5074HD,0.7670400599711477,0.20436747328177896,0.02565216082069125,0.0026204669909871163,0.00031983893539509056
N5075HD,0.9784553710344936,0.019202857388298657,0.0019191279209575915,0.00037589392197517175,4.6749734275054e-05
N4923HD,0.87600451010797,0.10436057108959287,0.01500903189627283,0.004363279252510654,0.0002626076536535186
N5076HD,0.752428586233849,0.24074218785297183,0.00594551236747889,0.000749323053012638,0.0001343904926876695
N5079HD,0.051221386306184086,0.15252581534683524,0.48795306804921934,0.3006066099531177,0.0076931203446437835
N5080HD,0.4145043014702138,0.5144426691488918,0.05719305326409555,0.012621406142563005,0.001238569974235963
N5082HD,0.5170937451999272,0.4420329376873065,0.03451530786098956,0.005896841906758661,0.0004611673450179506
N5083HD,0.7216269257037349,0.2594648216452584,0.0159955017844593,0.002661686703739383,0.00025106416280794964
N5085HD,0.5446711990618714,0.4130351033661585,0.036732462332714017,0.004938540080201044,0.0006226951590548837
N5051HD,0.4538831152682993,0.5203057955236916,0.023736626085012768,0.0018235773271987133,0.00025088579579753904
N5039HD,0.07571243748840056,0.3086323997145856,0.5481197710093657,0.06632531340511424,0.0012100783825339538
N5088HD,0.9777495205878949,0.01832634625696646,0.003624581604197836,0.0002580008914602325,4.155065948057185e-05
N5091HD,0.1320684699370153,0.8615557326943262,0.005656849191126164,0.0006192718630904372,9.967631444181247e-05
N5093HD,0.04599331002539798,0.22597136490725928,0.40732190027528803,0.30986352128898587,0.010849903503068838
N5100HD,0.0013738375144901767,0.00908983884583283,0.015059141759857274,0.9732029936999518,0.0012741881798680335
N5103HD,0.07623976448023327,0.4235499158706435,0.31969303498221574,0.17431799109284718,0.006199293574060196
N5104HD,0.9841830638852308,0.013900941810491823,0.001708418329415439,0.00015747429830049534,5.01016765612356e-05
N5105HD,0.7662516656384843,0.20545049644189045,0.020991524527653314,0.0070181117401930775,0.0002882016517787909
N5106HD,0.6787673394752649,0.3096880499750251,0.009637736208722913,0.0015248875307758932,0.00038198681021121486
N5109HD,0.6248638087562026,0.3649526282301737,0.0091130522895019,0.0009114827801275813,0.00015902794399426452
N5112HD,0.3189782860908303,0.5236097418925276,0.14676259615389212,0.009128181454013968,0.0015211944087359566
N5115HD,0.8617737942625504,0.13118392014638283,0.006004508009057037,0.0009566606619176137,8.111692009220073e-05
N5120HD,0.040603039007636885,0.16000900106508464,0.13689079990545136,0.6401414322384917,0.022355727783335402
N5121HD,0.543365564230822,0.3934643442529532,0.032442795882616005,0.030322116227186988,0.00040517940642170595
N5122HD,0.3787579648039777,0.5109533603987737,0.09551182469840758,0.014344878713658814,0.00043197138518210357
N8305HB,0.8108394233541854,0.18055442161419546,0.00748456822806127,0.0009807500890853826,0.00014083671447250729
N5126HD,0.13140282567031236,0.5346510076630311,0.2512134306028767,0.07938400569849735,0.0033487303652825085
N5128HD,0.7406363881514426,0.24886646546861937,0.00903272282264284,0.0013205287211121338,0.00014389483618295959
N5133HD,0.01918398002873816,0.0722523064311229,0.38132335880652474,0.5260625221848391,0.0011778325487750247
N5135HD,0.8677845639982115,0.12415812276522725,0.007206172544024626,0.0007138139975298447,0.00013732669500664886
N5143HD,0.7930846472611544,0.19900979339407154,0.00702729960800862,0.0007510864334924732,0.0001271733032732062
N5144HD,0.20268107660100507,0.7404209885482134,0.05143295195957015,0.0051015474753786545,0.00036343541583281686
N5149HD,0.32904739082898005,0.4919980987429257,0.15444781691645804,0.022974929946093813,0.0015317635655424046
N5152HD,0.6130992376891926,0.3693051610100941,0.01612585614508544,0.0013075702497837764,0.0001621749058439937
N4394HD,0.30428288306016454,0.5839991347450992,0.10010445276751385,0.01095577645422544,0.0006577529729968747
N5029HD,0.2967250362477072,0.5612150444074411,0.1155039912123837,0.025287810969301574,0.0012681171631663093
N4368HD,0.8878963657825757,0.10567032187493929,0.00566789077154758,0.0006721340384865714,9.328753245085477e-05
N5013HD,0.2215353962607462,0.5493665389569248,0.21498409730973078,0.012665243448165435,0.0014487240244325402
N5153HD,0.5534777781882325,0.3765836669392846,0.0662728488170492,0.003253536310340072,0.00041216974509374353
N5157HD,0.7473523919541446,0.24413401927912085,0.007462723949762,0.0009532820687453691,9.75827482271956e-05
N5170HD,0.6862385460378967,0.265732402111324,0.03971975640574828,0.007931150918622223,0.00037814452640860807
N5172HD,0.6080742142185238,0.3430090838581252,0.04019542120984144,0.008462329358004134,0.000258951355505494
N5173HD,0.5938378757339076,0.35253311044825414,0.04740288740749549,0.005926108910028931,0.0003000175003139229
N5147HD,0.4245691654884664,0.49563407465855386,0.07201627368645791,0.007105435555259291,0.0006750506112625992
N5178HD,0.762157939316176,0.22845607759090938,0.008323666726412509,0.00095379922578721,0.00010851714071473182
N5180HD,0.46512672897387297,0.5119221294342607,0.01950026054599598,0.0030701918359247937,0.0003806892099454786
N5181HD,0.34285103201775485,0.49757582906939896,0.15178614521415176,0.007196007968756781,0.0005909857299374275
N5182HD,0.8640968633612697,0.12382306230710621,0.011193721421151288,0.0007942050972928254,9.214781318006168e-05
N5183HD,0.039680605143887736,0.9570229133074462,0.002721092448863465,0.0004961422739181685,7.924682588463226e-05
N5185HD,0.4657432647601602,0.4162774447293829,0.06605583486868274,0.05104663453321589,0.0008768211085582318
N5187HD,0.15762074739126836,0.5290209802047102,0.2659920205139844,0.04553936865871734,0.00182688323131959
N5188HD,0.16438085707950653,0.49158288025386393,0.18958016908698883,0.15161964089725224,0.0028364526823885334
N5190HD,0.008636049911435734,0.04185026647661143,0.24786595131854477,0.700052729312047,0.0015950029813611077
N5192HD,0.30063173334450327,0.691377623654331,0.0072116705728206,0.0006897885540891061,8.918387425622995e-05
N5193HD,0.575499084953575,0.3876415144338408,0.03483122830949378,0.001752239765714438,0.00027593253737593867
N5197HD,0.8811617746974529,0.11391464539740055,0.004345383675532288,0.0005008986203297603,7.729760928444001e-05
N5198HD,0.23767371861209585,0.6100289296747423,0.10707669531141388,0.04462675730970786,0.0005938990920399988
N5199HD,0.7582696381237956,0.22547345806392022,0.014040614607680902,0.0020342785027833133,0.0001820107018201853
N5200HD,0.8326157439253237,0.15196275965070585,0.01383748152268831,0.0012433521760729699,0.00034066272520932563
N5203HD,0.04045808495484708,0.18435586715148158,0.30741075055048317,0.1422328272432745,0.32554247009991366
N5209HD,0.12657241621234813,0.3322651375655358,0.13967109762616112,0.399956053190629,0.0015352954053260055
N5212HD,0.8199494880588363,0.17067774734918933,0.008567753245116185,0.0006984967727937354,0.00010651457406466679
N5215HD,0.5218128671060768,0.43736704511184604,0.03582026998363459,0.00462356772253604,0.00037625007590652766
N3574HD,0.7928482355370939,0.19858466167343278,0.006925225297682226,0.0015054370545151694,0.00013644043727584608
N4760HD,0.10182963105019681,0.4848184561706937,0.27646227589620304,0.13527022557397791,0.0016194113089284482
N5225HD,0.8548029899812312,0.13980798980710138,0.004646905001511815,0.0006184483963724529,0.0001236668137831179
N5226HD,0.7063476203904343,0.2655575072727783,0.025763076779641764,0.00214316354954483,0.00018863200760067328
N5227HD,0.6020687010544487,0.36519621335163893,0.027010809288943328,0.005369026177641447,0.00035525012732770636
N5233HD,0.02074917236820231,0.10377181230655028,0.39089352411300726,0.44765167127202043,0.036933819940219784
N5238HD,0.8929069305232735,0.0997814830904856,0.006063207168840579,0.001137986079495019,0.00011039313790542116
N5241HD,0.8356354091725128,0.15447839631003416,0.008859361937942798,0.0009463051846242346,8.052739488603772e-05
N5243HD,0.03630387730093291,0.22556665316569913,0.20030300631368586,0.5075998035536878,0.030226659665994263
N5246HD,0.7694501731599164,0.21318460389502827,0.014573789015523348,0.0026563541163235737,0.00013507981320847896
N5247HD,0.007059899768346965,0.01597903373070059,0.3909575970158422,0.5853102440670264,0.0006932254180839479
N5248HD,0.7779018500619153,0.19900945323814503,0.02123072598042338,0.001746463262112916,0.00011150745740346804
N5253HD,0.7234867224935557,0.22941762479856218,0.03802462926906172,0.00845659830909115,0.0006144251297293611
N5257HD,0.04045808495484708,0.18435586715148158,0.30741075055048317,0.1422328272432745,0.32554247009991366
N5259HD,0.11955831434925358,0.36211935621431024,0.30711532526766916,0.13442302991774974,0.07678397425101728
N5262HD,0.09543846616966949,0.21474848347626663,0.6840009419912052,0.005739647013538162,7.246134932055804e-05
N5266HD,0.736066577537653,0.23244861209572742,0.02720779929432769,0.0038720737714818777,0.00040493730080995877
N5270HD,0.7087907308193961,0.27339855311842054,0.016710851006153295,0.0009496518314993607,0.00015021322453070786
N5271HD,0.4663947307692725,0.49481010166711525,0.03410396900486372,0.004435484484063593,0.0002557140746849174
N5273HD,0.5399213622677635,0.4203237122075429,0.037738481503965124,0.0018561321757675636,0.0001603118449607508
N5274HD,0.7300840500549348,0.2530544405721166,0.01173573273730645,0.004913655950338547,0.00021212068530368876
N5211HD,0.6884618803177232,0.27465172785102876,0.029212412642895678,0.006899495662146592,0.0007744835262060006
N4843HD,0.8555990102750202,0.11788660359715239,0.01772610412783392,0.008166892564386099,0.0006213894356073593
N5287HD,0.621717515988685,0.3447059320328404,0.028611402962010635,0.0046734796254618806,0.00029166939100212634
N5286HD,0.12904706383585626,0.4602728212480926,0.34347290759268206,0.0646405836995941,0.0025666236237748695
N5292HD,0.04045808495484708,0.18435586715148158,0.30741075055048317,0.1422328272432745,0.32554247009991366
N5294HD,0.8893442541219776,0.09909654219255777,0.010356335597374757,0.0010860579416784068,0.00011681014641149805
N5296HD,0.2751720971579198,0.4969240717298883,0.2073264153036413,0.0196490070513191,0.0009284087572316438
N5298HD,0.6993098488195674,0.2794885383191243,0.017175154723964286,0.0037633678974653704,0.0002630902398785247
N5303HD,0.6777591038797762,0.30442425764391146,0.01564342536050567,0.001972697938265495,0.0002005151775410359
N5305HD,0.31621655439302143,0.4963370994232319,0.09368759692229017,0.09222750175305482,0.001531247508401549
N5306HD,0.8554060006134482,0.13925780775204682,0.004709473748061617,0.000533894334423629,9.282355201981541e-05
N5307HD,0.12973663614663306,0.5022225584375475,0.24814806152515265,0.11432059390887125,0.005572149981795483
N5311HD,0.7541420877925116,0.22512113432670824,0.01540916819078834,0.005132171057242739,0.00019543863274909778
N5314HD,0.7121786570691668,0.25120289327307865,0.03257144104113447,0.003662222769087784,0.00038478584753230986
N5073HD,0.12074638943035723,0.45372648265925103,0.35511472709156916,0.0658579474169481,0.004554453401874499
N5277HD,0.06162963103851165,0.1539350741126552,0.15221670631010845,0.03062851010195856,0.6015900784367662
N4885HD,0.9715173492226119,0.02464597718942058,0.003485957909966451,0.0002918609838989166,5.8854694102152615e-05
N5318HD,0.09693137553989667,0.6029683158206592,0.22224188733137776,0.07548801979514469,0.0023704015129215276
N5321HD,0.7633320599777631,0.21897630978719063,0.01661199582871748,0.0009044972323180975,0.00017513717401076295
N5323HD,0.9774847829287976,0.019431837741840905,0.002829657224016275,0.00021661257917868353,3.71095261666604e-05
N5324HD,0.6377236863748393,0.305683084672304,0.05215416302644583,0.004087007325061569,0.0003520586013494077
N5326HD,0.7082706549776846,0.26451354460485993,0.02255171334311121,0.00447241744134871,0.0001916696329956774
N5327HD,0.5582174771235203,0.41430579194311823,0.025549790714230365,0.0016249864584546253,0.0003019537606763801
N5329HD,0.31301949406931856,0.5615872922396099,0.11634862895462982,0.008178566855453815,0.0008660178809878174
N5331HD,0.7945994676679763,0.1959260754262834,0.00801225117303423,0.001336423513651432,0.00012578221905462528
N5332HD,0.8214268480154213,0.16505955032730485,0.010415722430203661,0.002955743299040427,0.00014213592802972863
N5333HD,0.7604705996779474,0.23290806168703332,0.005852853102301888,0.0006646228733297882,0.0001038626593875223
N5334HD,0.02298209606238757,0.9735749605555185,0.003053801006725316,0.0003471368546091878,4.200552075950436e-05
N5338HD,0.09486048178641422,0.31730942497359493,0.30318215052404346,0.1934244526251236,0.09122349009082376
N5339HD,0.02865668110946784,0.14379200419137889,0.742133103412129,0.08413432984007957,0.0012838814469448212
N3820HD,0.061618876340671314,0.24798761196796126,0.413862872541732,0.24497326993246407,0.03155736921717143
N5342HD,0.5771523414855096,0.406014507132797,0.013660453475971392,0.0030272446867046386,0.00014545321901738195
N5345HD,0.7645815125001701,0.21527901285579917,0.015087236815141824,0.004901088336768302,0.00015114949212064743
N5346HD,0.63635923741966,0.35466695886346045,0.007441680120564513,0.0013732883454464747,0.00015883525086851015
N5348HD,0.1043401797938681,0.4934083339564938,0.29622835206423975,0.07433510014592999,0.03168803403946842
N5351HD,0.6252050114964793,0.3565374676993724,0.01667493326675612,0.001384212187016083,0.00019837535037605072
N5354HD,0.015836747745543143,0.029462740541094167,0.45898026373435785,0.4924035609543861,0.003316687024618855
N5355HD,0.3271448404814473,0.6388737228035504,0.03125044951448831,0.002404174086569694,0.00032681311394444325
N5362HD,0.9187433765249565,0.07491191668276742,0.005390964264487308,0.0008693689963206635,8.437353146790327e-05
N5364HD,0.8126273387882296,0.17214647854460555,0.012042228799243498,0.0030388699008945495,0.00014508396702683597
N1264HD,0.005566108641351609,0.966944481968675,0.027154397262201032,0.0003086956684144471,2.631645935772201e-05
N4985HD,0.24361147280311932,0.621004538705169,0.11550441842676779,0.018373040581709892,0.0015065294832339732
N5368HD,0.053329282417952484,0.1723987761253098,0.44658108886455816,0.2747121732715504,0.05297867932062898
N5371HD,0.6700005452947067,0.3192863288587639,0.009629547826327352,0.0009234158549645361,0.00016016216523750685
N5372HD,0.7258292460613269,0.26107601271324504,0.011886712734694688,0.0010721500974901137,0.00013587839324304853
N5373HD,0.5072599061131825,0.48334762035649464,0.008246195792841745,0.0009340809531381214,0.00021219678434306074
N5374HD,0.8874603120677973,0.1022873847400413,0.009377090545723528,0.000766039306344922,0.0001091733400929553
N5377HD,0.8054574780870662,0.18550097876083688,0.007890966936864427,0.0010335391481718814,0.00011703706706051756
N5379HD,0.7514469918409422,0.23971525243797234,0.00777444628958707,0.0009591568805599375,0.0001041525509383818
N5381HD,0.15090254177455245,0.6707872994973691,0.14652951750296378,0.030278132026455826,0.0015025091986588198
N5383HD,0.3563775978115041,0.40165833578008675,0.14891817037926414,0.0922456503517125,0.0008002456774325139
N5385HD,0.7446131043156252,0.24475893555561182,0.009530041139666984,0.00097110480674633,0.0001268141823496773
N5387HD,0.041896484906346336,0.36200413538550197,0.3865896473818972,0.19036909555411352,0.019140636772140902
N5388HD,0.08920507440543332,0.29433851736529115,0.3917229073947694,0.21436503957843633,0.010368461256069968
N5389HD,0.006551368961579246,0.15704530081870374,0.8292525017620511,0.0070628568035087345,8.797165415728635e-05
N5391HD,0.6626110245302869,0.3098176136097719,0.020799386234211525,0.006509042713487783,0.0002629329122418623
N5393HD,0.7373413863700095,0.25316936864935663,0.0077367295170811205,0.0014230855744867526,0.0003294298890660534
N5395HD,0.826742648463516,0.15457962890388557,0.015506310394910381,0.0029606064467524863,0.00021080579093550207
N5397HD,0.7524401944061889,0.23196982073318986,0.012301977812263947,0.003120930040569804,0.00016707700778746543
N5398HD,0.6981057109723373,0.2809875292632663,0.017982906348942482,0.0027023742198267107,0.00022147919562709193
N5386HD,0.057404378005055344,0.35051870418133296,0.5905916343560483,0.0013918149074278064,9.346855013557625e-05
N2483HD,0.7410667314829941,0.2319229373146212,0.024735697981300094,0.002106375377506832,0.00016825784357767088
N5402HD,0.7666599172504321,0.21957240636361067,0.01286554277088979,0.0007914659510425002,0.00011066766402497147
N5404HD,0.5910048231050029,0.3539982389992675,0.04504983701935616,0.009561679850145801,0.00038542102622757604
N5405HD,0.7683403664372666,0.22613688586462136,0.004085304261655078,0.0013323705143389898,0.00010507292211796822
N5407HD,0.48055349933660474,0.45185522433547026,0.055036974749924555,0.01185080937220707,0.0007034922057931709
N5414HD,0.32747374222143777,0.6677248791031478,0.004118747163081318,0.0005810888153587534,0.00010154269697422318
N5415HD,0.7687329359854591,0.22730611925955674,0.0027245881415470952,0.0011071193440193201,0.00012923726941777147
N5416HD,0.6875971154207569,0.3052585625189778,0.006122834706511525,0.000815714293741265,0.00020577306001255788
N5421HD,0.7462433513569744,0.2282835097497521,0.02027441938336116,0.004914436895141068,0.00028428261477122943
N5430HD,0.8502052806354651,0.14356010770849872,0.004921313899614142,0.0011937930981091994,0.00011950465831271707
N5431HD,0.09415253242031839,0.32112777177043783,0.5298065195411571,0.05467270696029433,0.00024046930779233772
N5432HD,0.7722871014916447,0.2165296520656546,0.01017208551609842,0.0008246366552961113,0.00018652427130592928
N5437HD,0.7738996305732184,0.21601861269852213,0.0090711142940459,0.0008976195725871507,0.00011302286162632975
N4225HD,0.19018212479690555,0.6664027209367795,0.1304384200401706,0.010944457509325104,0.0020322767168193135
