ncode,proba_0,proba_1,proba_2,proba_3,proba_4
N4541HD,0.30149186746400086,0.6362445246425721,0.05819620119568918,0.0037281484519209648,0.0003392582458170657
N4397HD,0.0385494636370873,0.32352744982312964,0.4363085797349727,0.19599643898624106,0.005618067818569274
N4544HD,0.8197249658130549,0.1714843299792613,0.006728210664917521,0.0017211179135288054,0.00034137562923749955
N4545HD,0.06782261828369984,0.39781706080210966,0.44520640500364206,0.08302044585488716,0.0061334700556612285
N4546HD,0.7770918491012344,0.21088753348504105,0.011221654252875761,0.0006839313647388293,0.00011503179611013106
N4550HD,0.8241454093026132,0.16997931234603145,0.0051304886163122424,0.0006722057207912547,7.258401425179725e-05
N4551HD,0.6309449569172986,0.35930903013235,0.007876019068083454,0.0016671375264288742,0.00020285635583911472
N4554HD,0.07761163814054346,0.08466558433572677,0.8367565007931552,0.0008095594929623179,0.0001567172376123045
N4555HD,0.577045398011296,0.2688353638463,0.15151074444602686,0.002321574138657348,0.0002869195577197961
N4556HD,0.6473433588990177,0.2742810157229413,0.05094626546144893,0.02711111292318535,0.0003182469934067358
N4563HD,0.23094514430590127,0.6831046386245337,0.07915112448561201,0.006438209738856118,0.00036088284509692644
N4567HD,0.917862374270984,0.07347799889389438,0.006228516293239608,0.002274931119908087,0.00015617942197382472
N4561HD,0.6506058639565998,0.34455171412731034,0.003233377545919307,0.0013979441658927485,0.00021110020427784015
N4571HD,0.22900207683174617,0.72281381993544,0.03607038413604644,0.011739269611509055,0.00037444948525820624
N4574HD,0.9878946951207316,0.011230740619895208,0.0007307342919526497,0.00011888707783932907,2.4942889581517e-05
N4575HD,0.6364628786831421,0.3477340255971199,0.013941576883992652,0.001659423942069351,0.00020209489367602884
N4579HD,0.22440332743946853,0.566583654102328,0.19680303852216197,0.011127358596122947,0.00108262133991851
N4581HD,0.7079331911086826,0.283170652247906,0.007533787848285396,0.0012708140292085896,9.155476591762405e-05
N4584HD,0.851580693994397,0.14020638930436854,0.007400798922415598,0.0006844393492053095,0.00012767842961373328
N4578HD,0.7464262642434553,0.23786266825843996,0.014379234670717554,0.0011796925159220722,0.00015214031146503154
N4590HD,0.1829753260907857,0.8084449306705976,0.007132336812730419,0.001232586463738516,0.0002148199621476902
N4593HD,0.0033346618811794654,0.010405810840883517,0.04671116597261383,0.9394478971222971,0.00010046418302589841
N4151HD,0.11625496508486335,0.37132516613695865,0.2727601745396382,0.23648038364393334,0.0031793105946065557
N4594HD,0.7638145699387348,0.22888944897524918,0.006154449060208103,0.0010329507327965126,0.00010858129301174404
N4600HD,0.5922664941101473,0.39459269403925773,0.01163291682277614,0.0013490809217888257,0.00015881410603010935
N4605HD,0.12828904191594856,0.050675636415539814,0.8155139974664017,0.005459442991571782,6.188121053814163e-05
N4612HD,0.3646650676682432,0.6078565118538081,0.019575660793027614,0.007611574706138605,0.00029118497878260043
N1701HC,0.24907768073784797,0.6038549111323713,0.1335738576872217,0.011777394970522612,0.0017161554720364516
N3705HD,0.0005964767282640556,0.0027778585058197665,0.01740609781349573,0.009852927639676339,0.969366639312744
N4589HD,0.6988505793119494,0.2733817821451472,0.02485371921010746,0.0026798000227260814,0.00023411931006972998
N4339HD,0.9002216009336669,0.09664919333781284,0.0025701654957009774,0.0004867408397969658,7.229939302235172e-05
N4615HD,0.03863859878724987,0.21593568434256513,0.2643150244789434,0.47647839557624433,0.004632296814997394
N4618HD,0.8827615949141425,0.11269684574420069,0.0034581070923188273,0.0009958768852808097,8.757536405737412e-05
N4624HD,0.4098384337463432,0.5871785234588581,0.0023724051750746732,0.0005154061445888133,9.523147513510709e-05
N4626HD,0.8191438103973089,0.16948738185418297,0.009141715267653222,0.002053632492610606,0.00017345998824446805
N4628HD,0.1871942619347339,0.6763763915083899,0.12237547381462209,0.012615250494941069,0.0014386222473129987
N4638HD,0.08419673234480984,0.39718833052673513,0.18636973857931285,0.3299978570919289,0.0022473414572132177
N4639HD,0.6021631137494494,0.36075137035222177,0.028558732933512996,0.008103053157481005,0.0004237298073349116
N4642HD,0.9364269171869081,0.05882330318466537,0.003655535226437501,0.0010169436004260053,7.730080156286072e-05
N4646HD,0.978118299039028,0.019862939554577665,0.0015671099648965636,0.00041444508874991653,3.7206352747800936e-05
N4631HD,0.8130170780915325,0.1822232567574927,0.003893167123986483,0.0007568927946027794,0.00010960523238554901
N4656HD,0.11212457528060407,0.15373835427696544,0.6501645766254947,0.0704971867632988,0.013475307053636983
N4658HD,0.9095709864863551,0.08465818683592681,0.003963374139177438,0.0017073471223498415,0.00010010541619083908
N4661HD,0.5544881137350304,0.3966135874347749,0.042350064739489955,0.0062991406866524016,0.00024909340405252834
N4665HD,0.8424851842815958,0.14942404115081365,0.007324679061407765,0.0006660775881602943,0.00010001791802243245
N4667HD,0.8668893830580546,0.12339143432056962,0.008554486680484532,0.0010297088658112502,0.00013498707508013532
N4669HD,0.4845749614499516,0.5041238751234486,0.009444046318634937,0.0017211942221864232,0.00013592288577853612
N4673HD,0.20288814852869477,0.6338000853045426,0.1527286813100384,0.00725716568339798,0.0033259191733262957
N0760HD,0.19763487160104684,0.669626789528294,0.12746917760896528,0.004262424788075778,0.0010067364736179802
N4672HD,0.5945462242253498,0.31436794319858796,0.06087214851968686,0.029794673798338073,0.0004190102580372498
N2593HD,0.8330359454227522,0.16263350457990408,0.003177339392953261,0.0009823753548420368,0.00017083524954835901
N4677HD,0.43995213582919457,0.513048516927918,0.04062763406928799,0.005588050716933428,0.0007836624566660785
N4680HD,0.3400567341180455,0.6164066524948324,0.03209675050802414,0.01078118664271346,0.0006586762363847004
N4688HD,0.06327480413455303,0.26979632379319535,0.46804409627212756,0.18821434021154845,0.010670435588575469
N4689HD,0.8154930098982452,0.1769891717937031,0.006561388647719918,0.0007242977926907617,0.00023213186764084012
N4691HD,0.165324335541953,0.6269433114515145,0.13869453542685703,0.06746978260308464,0.0015680349765906647
N4692HD,0.7632713054991964,0.19393857872989903,0.033559745825478215,0.007926706210825765,0.0013036637346004933
N4694HD,0.03713220684966099,0.26368688240633276,0.6622136920553217,0.03618110188333874,0.0007861168053457391
N4695HD,0.3157802713065497,0.6500541922107049,0.030423317257666716,0.0034047080122593136,0.0003375112128194149
N4699HD,0.4604924530852618,0.4840361660965845,0.04500052906301164,0.009440024567167764,0.001030827187974447
N4703HD,0.20169951787029186,0.4939761456823821,0.24869667765199446,0.05400801317956388,0.0016196456157677468
N4704HD,0.002683722859731524,0.007090977892649899,0.12669247900905414,0.8634307707554106,0.00010204948315375721
N4708HD,0.9509721447172811,0.04585746239425845,0.0023523677804195317,0.0007519164603873106,6.610864765358418e-05
N4714HD,0.785878411403492,0.1725766285337766,0.02523629779198468,0.014938132627994906,0.0013705296427517272
N4721HD,0.3873306553207714,0.5274255842535073,0.06996353080629059,0.012913553200307744,0.002366676419122869
N4722HD,0.8116912849808228,0.1813342735851498,0.005974220581733181,0.0008039442484278806,0.00019627660386606
N4724HD,0.6451966759723576,0.3410875191510843,0.012499000966015587,0.001038154568679332,0.00017864934186317556
N4726HD,0.040203181923323644,0.9151387242618498,0.04377542864445911,0.0007769621318081048,0.00010570303855948255
N4735HD,0.6562209076568999,0.33109254855499787,0.010660599084319947,0.0016629673747997685,0.00036297732898248357
N4063HD,0.7893785150290251,0.15777718436529736,0.045632536243938836,0.006623860872698621,0.0005879034890400655
N4712HD,0.540917877599859,0.4456180594251219,0.009442502254728573,0.0037449659795287128,0.0002765947407618125
N4738HD,0.3121705458989244,0.6227420958666497,0.044153017681301455,0.0205120738031587,0.00042226674996562294
N4740HD,0.08803180939997185,0.29394673545272454,0.4552650991571025,0.16066031956117616,0.00209603642902494
N4742HD,0.027667673661204525,0.0424174892723499,0.30904260823587903,0.5783440216826599,0.042528207147906685
N4745HD,0.8426768413056789,0.14921792492868355,0.006613607886274325,0.0013342172054595,0.0001574086739037908
N4747HD,0.9089119433300463,0.07244983153705241,0.01636680301028375,0.0019625314567751767,0.0003088906658423679
N4750HD,0.7756735439394354,0.20610831999724727,0.016120092467267647,0.001933337849517339,0.0001647057465322133
N4752HD,0.055892735449132425,0.2872715472939135,0.2625976938292114,0.38470932342778286,0.009528699999959771
N4754HD,0.7728957602865612,0.22042389125342327,0.005820832527333846,0.0007247549924012455,0.0001347609402805168
N4755HD,0.24001831158257195,0.5554780109952551,0.18319538294290522,0.020098407431546058,0.001209887047721717
N4756HD,0.5100869176260133,0.47360881684958367,0.013378638085620332,0.0026829663474933468,0.00024266109128930524
N4757HD,0.8986901329562061,0.09779515777987077,0.002959802626748253,0.00048148723987228534,7.341939730279965e-05
N4759HD,0.2153924539299346,0.7286061758266081,0.05237786458126819,0.003351525866135571,0.0002719797960532042
N4762HD,0.7095101330324193,0.2420100883943981,0.04573216784744727,0.0022230042935294757,0.0005246064322055826
N4763HD,0.8091811494136685,0.15828197032774297,0.026693246013841026,0.005391812896784042,0.00045182134796360366
N4767HD,0.9191548369208332,0.07489158041730677,0.005007418300170684,0.0008568517966134647,8.93125650756952e-05
N4769HD,0.02306533204786002,0.04427883454561494,0.9293843378598005,0.00317760665930595,9.388888741860691e-05
N4770HD,0.7576171199272963,0.23354104100530387,0.007220446374219138,0.0015186347314753584,0.00010275796170540481
N4676HD,0.21872702541200317,0.7265094387951334,0.03961392556510804,0.01477641356434128,0.0003731966634140301
N4614HD,0.6883200415536729,0.28041828551863585,0.021381520697633095,0.009386658547285893,0.0004934936827722637
N4774HD,0.2626623086113111,0.6401486389489526,0.07302438369756979,0.0231427103210578,0.0010219584211087766
N4778HD,0.051345859856363245,0.31977052721195603,0.3000209276422605,0.31949008443666604,0.009372600852754149
N4780HD,0.005780391266588843,0.02563682241498558,0.19145651664877286,0.7663228289698213,0.010803440699831314
N4783HD,0.689271663819577,0.28723752093641214,0.020739685515334345,0.0022283564001335226,0.0005227733285428856
N4789HD,0.8891789234561043,0.09792912652036469,0.009882869494331285,0.002661958965090027,0.00034712156410968305
N4792HD,0.3936231388173982,0.6026472098609262,0.0028889214496226594,0.0007382873403075768,0.00010244253174543838
N4793HD,0.04682055392907321,0.7837837577381037,0.16719481129600886,0.001756420210898083,0.000444456825915786
N4794HD,0.006737201492152151,0.044543908086131644,0.031334610253444486,0.9169964249891779,0.0003878551790938617
N4799HD,0.6749681201990185,0.3144248057694107,0.009309846183943177,0.0011261769125024425,0.00017105093512513196
N4800HD,0.9356411555341856,0.06122589729942329,0.0024258813729132315,0.0006410841781149293,6.598161536299078e-05
N4808HD,0.07255246826526277,0.9243184168194364,0.00255906800510895,0.0005009516480766988,6.909526211528987e-05
N4809HD,0.8391467049791485,0.11336212330053733,0.04195329892584916,0.004900550032320307,0.0006373227621447611
N4634HD,0.7217543455471144,0.26678142477152944,0.009443998129353235,0.0018962725569076635,0.0001239589950953621
N4784HD,0.9190117436396713,0.0770959491218452,0.0029950691600821385,0.0007392204201166275,0.00015801765828463287
N4815HD,0.6451089963193575,0.34631382578192643,0.00664145846845495,0.0017765210398381997,0.0001591983904227876
N4816HD,0.7520313774483041,0.22602885333597322,0.01868707633110231,0.0030645119056686276,0.00018818097895159576
N4817HD,0.29235862501069826,0.6501025622441851,0.05522163676477918,0.0020271174227222363,0.0002900585576153791
N4818HD,0.8540865235247923,0.13618496139889336,0.007652408419177825,0.001887878781553443,0.00018822787558294175
N4821HD,0.015089466287812244,0.9821338199425418,0.0023210341820037103,0.00041986653334552277,3.5813054297015225e-05
N4830HD,0.8797361914918786,0.11378525936299955,0.005835480456807199,0.0005635928567046002,7.947583161004911e-05
N4748HD,0.7715033887894576,0.2202243533120641,0.006599281738584354,0.0015651291265913708,0.00010784703330253422
N4684HD,0.7615294700232197,0.23242572809784304,0.004778117665961824,0.0011431636329053028,0.0001235205800699693
N0389HD,0.005185825534751735,0.9861398370744678,0.008377115112311545,0.0002652865073871125,3.193577108175587e-05
N4796HD,0.5987490389689896,0.37464855612128783,0.020363597998523206,0.005989070342865,0.0002497365683341493
N4834HD,0.01753027203452128,0.052273507915238736,0.7334016766560968,0.19600685210885246,0.0007876912852905547
N4835HD,0.1780806472903555,0.817636635480883,0.003442572067332011,0.0006977369166454213,0.00014240824478404078
N4837HD,0.4838074731293187,0.5127510283082981,0.0028762361848181147,0.0004956846605426665,6.95777170224331e-05
N4838HD,0.029108624605614673,0.967734409381912,0.0022533571232781716,0.0008436465251100255,5.996236408511814e-05
N4839HD,0.013989889218469952,0.2512839410059316,0.7287453019068804,0.0057922197150807484,0.00018864815363715495
N4842HD,0.8408708625995396,0.15109730879481562,0.006024999608688802,0.0018899797549579904,0.00011684924199796091
N4844HD,0.9371932729053208,0.059121634997552644,0.00303982376004133,0.0005776483489644841,6.761998812069335e-05
N4846HD,0.1738492997313677,0.5762283624980726,0.220846387630251,0.0287277379753499,0.0003482121649588273
N4847HD,0.8322961812194989,0.16091114340988455,0.0055766827215617655,0.001110551776548081,0.00010544087250683401
N4849HD,0.24722230459720082,0.6792933712027243,0.057470887387705276,0.014791472149579047,0.001221964662790619
N4852HD,0.026238095273821656,0.189977120962574,0.7651173994654071,0.018545977225211275,0.0001214070729858526
N4853HD,0.5803904204464255,0.40169696362480634,0.016044627275431603,0.001619452755186963,0.0002485358981495651
N4856HD,0.5365523264495178,0.45400472345141,0.008316779247917735,0.0009672717064385067,0.0001588991447160238
N4858HD,0.5566398350444623,0.4314696344620519,0.009709499363177571,0.002017269872245601,0.00016376125806251402
N4860HD,0.4693633331761378,0.4974522847478959,0.01874727327290379,0.011958417818838085,0.002478690984224399
N4861HD,0.8978989614715196,0.09742873488650308,0.003923023234273085,0.0006561912510019257,9.308915670202751e-05
N4863HD,0.5193764045043685,0.4760667450366986,0.003256054112603582,0.0011460859403244856,0.00015471040600488226
N4864HD,0.5676356515760479,0.425524527051834,0.005730455869850613,0.0009934481170538198,0.00011591738521366321
N4866HD,0.8416797698228409,0.1417263744640566,0.013933282363110379,0.0024746095105942154,0.00018596383939776883
N4012HD,0.829690273578032,0.15726578237099315,0.012129092293050928,0.0008063589171717709,0.00010849284075213298
N4825HD,0.3210718262295627,0.59098896928332,0.06574344407854993,0.0216559088860771,0.0005398515224902339
N4875HD,0.05985499387746489,0.8333148918636721,0.057856074981639895,0.047773041730373784,0.0012009975468493998
N4878HD,0.036283984311907616,0.15850472933563758,0.3629474157201643,0.43764288156453884,0.004620989067751453
N4883HD,0.015934123747880488,0.21100252619686063,0.7124988245379295,0.0604756461282616,8.88793890678704e-05
N4884HD,0.5854793035561091,0.3961445512558379,0.016023805748159183,0.0019769182453628084,0.00037542119453100575
N4887HD,0.19892653162061316,0.7905117473138054,0.009804216875584517,0.0006636378232728336,9.386636672425114e-05
N4891HD,0.6510761445104274,0.32638201615538637,0.02016962285349774,0.0022210543318386096,0.00015116214884989212
N4892HD,0.2238849555895406,0.7695925709852721,0.005717088529697473,0.0007315244501380291,7.386044535179751e-05
N4895HD,0.8064849512793679,0.18812975265775206,0.0042127810644547545,0.001077426097237133,9.508890118806054e-05
N4899HD,0.658678864896896,0.3370340295504049,0.0033318865014729977,0.0008341654058675037,0.00012105364535860139
N4898HD,0.45906646541776946,0.5181561820804115,0.02109554090037737,0.001463542323946842,0.000218269277495024
N4902HD,0.5311005813911043,0.4295844878960033,0.03437709200598798,0.004431133821494075,0.0005067048854105078
N4904HD,0.3234859811053416,0.47058859209518084,0.1892933602631485,0.01451342960994664,0.0021186369263824327
N4906HD,0.7126456775820269,0.28039650639247526,0.005397505849412929,0.001437305964242126,0.0001230042118427582
N4909HD,0.7614549479047537,0.21395654846076967,0.01949442856396656,0.004618703449999833,0.00047537162051013594
N4912HD,0.6386659208876824,0.3443740653581316,0.015604258457891079,0.0012178811217729332,0.0001378741745221173
N4913HD,0.6670372184785764,0.3249951296068066,0.006566768469581974,0.0012905650605629399,0.0001103183844721071
N4914HD,0.24503772117501663,0.5932947010928348,0.142884300434369,0.01853909312458057,0.00024418417319904776
N4908HD,0.8207048439325781,0.174359908425644,0.00413544142701316,0.0006857753058826935,0.00011403090888187545
N4937HD,0.8228198434964168,0.17193094637923315,0.004453152819556832,0.0006840484617346827,0.00011200884305853015
N4938HD,0.8846562068074812,0.1110760127622779,0.0036777816147306893,0.0005086812608621,8.131755464816107e-05
N4949HD,0.9072265069678165,0.08251325470122095,0.007031014306245513,0.0030859513437175123,0.00014327268099966078
N4952HD,0.8531168371109196,0.14037714667081064,0.005549556598551596,0.0007863121177070805,0.00017014750201100852
N4954HD,0.5990335575294835,0.39041796022159025,0.008556269230678554,0.0017163200341528315,0.00027589298409489663
N7917HB,0.8384377616730103,0.14471643368831755,0.014748176369822258,0.0019030016375852928,0.0001946266312647091
N4951HD,0.6573823732634315,0.33695314379612046,0.004747197074769042,0.0007974256986926414,0.00011986016698650222
N0385HC,0.10204779736007823,0.665350347649957,0.19202596439642636,0.03674706443696278,0.0038288261565756192
N3920HD,0.3973166349054383,0.5572537093974139,0.03833959971426645,0.006829607491388118,0.00026044849149335864
N9498GW,0.7118997088170734,0.27801155726087023,0.008914784275722211,0.0009978222212242878,0.0001761274251098117
N4961HD,0.7705936919590228,0.22619397236233368,0.002622198510402377,0.0005114883066698688,7.864886157134494e-05
N4965HD,0.34571880068948757,0.6222263528512386,0.028207526158517862,0.0033985450036129036,0.0004487752971429119
N4967HD,0.5959256820913714,0.3811096908870487,0.018772884678417,0.0038762067489012467,0.0003155355942615998
N4968HD,0.21651577445380474,0.5189323468580997,0.17622131834294874,0.08793552719658061,0.00039503314856604015
N4973HD,0.8072963010318603,0.16867067731851756,0.02077651545855508,0.00316201741267902,9.44887783880795e-05
N4976HD,0.008859870653106807,0.34009349720053994,0.6462779316639891,0.004684790117945065,8.391036441915932e-05
N4977HD,0.7214532478702578,0.2726808993252262,0.004610456177816316,0.0011137683043795886,0.00014162832232028126
N4978HD,0.6882900053542942,0.2949413561605875,0.012632950750075886,0.003957951616314223,0.00017773611872813432
N4982HD,0.3628551457956303,0.5784038423958193,0.046768030845364114,0.010528349395890868,0.0014446315672954223
N4983HD,0.26759087037449225,0.6538572298242833,0.05178815050733374,0.026346962279257757,0.00041678701463294455
N4984HD,0.8523629695035804,0.139821622478637,0.006934357669595883,0.0007789700301842483,0.00010208031800234012
N4992HD,0.0342835046530675,0.30810634153339284,0.1344693058868958,0.5213077826139555,0.00183306531268826
N5000HD,0.6683413703898587,0.3079627197085059,0.020238963774747955,0.003274943025067451,0.00018200310181990393
N5006HD,0.42338228285769186,0.5416855500796967,0.03188855969743335,0.002692238964456867,0.00035136840072130554
N5007HD,0.7466834705068565,0.2142933859929716,0.03545838978068493,0.0033543659380937613,0.0002103877813934298
N5008HD,0.36277040748553924,0.6049117510542985,0.026740822591481066,0.0052566042522398096,0.0003204146164414801
N5011HD,0.5838275353553307,0.3897984252491616,0.023898848971281274,0.002229676348798083,0.00024551407542820373
N5020HD,0.7936902413628998,0.1920974857764812,0.010178485483907339,0.0033663337785824854,0.0006674535981291696
N5024HD,0.7816025273663377,0.19809103898923036,0.01838713240732395,0.0017768188263982121,0.00014248241070959224
N4826HD,0.7797572436590492,0.2167591894311261,0.002607799743230027,0.0007776668822421069,9.81002843525063e-05
N5032HD,0.864419322750957,0.12773538413027288,0.005957343600616182,0.0017671213498708753,0.00012082816828295519
N5041HD,0.794495170028027,0.1954870730894629,0.008285904895999526,0.001524836532203812,0.0002070154543068356
N5043HD,0.9758898594764218,0.022479172075170372,0.0011730757234517087,0.0003977278815769401,6.016484337926188e-05
N5044HD,0.3778196290079209,0.4478087776716594,0.15377826226749125,0.01988286960530522,0.0007104614476231009
N5045HD,0.8376112616979607,0.15800679114905367,0.0036958616453753113,0.0005849578131977185,0.00010112769441242015
N5004HD,0.8924532619972733,0.09449941284482638,0.009687482578740947,0.003071409230750552,0.00028843334840891293
N5055HD,0.5763686761626834,0.393237897739295,0.02676847457234589,0.003157254320854317,0.00046769720482124904
N5056HD,0.1375009153137419,0.4168255511846441,0.34660442118832807,0.0316679681553988,0.0674011441578872
N5057HD,0.7374169821408514,0.25691246402786627,0.0047825663083409155,0.0007629057346940797,0.00012508178824722547
N5059HD,0.7156996368664647,0.2572944381155494,0.022246756181969193,0.004450248812894096,0.0003089200231225091
N5061HD,0.5697178593141414,0.3898879473396714,0.03571614586771328,0.004328632261683779,0.00034941521679002273
N5018HD,0.9051586786896217,0.09006564549577674,0.003798077146204933,0.0008619324482219422,0.00011566622017468373
N4896HD,0.5701178330724661,0.37755444146456035,0.045226000597145974,0.006746259266815029,0.00035546559901262353
N5064HD,0.756359799067186,0.23105864278801905,0.008828236138378891,0.0036428252980461166,0.00011049670836989298
N5065HD,0.5564353462803713,0.425341859370364,0.01556333036471847,0.0024079310292968274,0.0002515329552495422
N5067HD,0.16566882999954827,0.6069724588931148,0.1794000801152009,0.043131028995633966,0.004827601996502037
N5070HD,0.018208691257478878,0.5165042650824819,0.44517456007953077,0.019971250762731665,0.00014123281777670525
N5071HD,0.7677050828271428,0.21895421332402767,0.012530466133148614,0.0007123451202711363,9.789259540984944e-05
N5072HD,0.8714427437127116,0.12263592655430658,0.005406035105038728,0.0004527673665622844,6.25272613806253e-05
N5074HD,0.6852239843176865,0.2826151568217304,0.029237361214678403,0.002702474074914608,0.00022102357099013954
N5075HD,0.9704250695682006,0.02724966918698773,0.001928055601069233,0.00035836366919578076,3.884197454649661e-05
N4923HD,0.8216075316940632,0.16184394596587942,0.006315996026010388,0.009931181534957543,0.0003013447790894071
N5076HD,0.7493656032658257,0.23991324840640998,0.009352561494319423,0.001235005715977705,0.000133581117467106
N5079HD,0.054616981315703354,0.2197726269217138,0.10854373624832023,0.6162061543505,0.0008605011637626029
N5080HD,0.2818814470696731,0.6947328736983669,0.01606055978927385,0.006593437937620191,0.0007316815050660113
N5082HD,0.6658708594753512,0.3036880602169583,0.026114344185640178,0.003706786256098358,0.000619949865951805
N5083HD,0.7149153167438468,0.2661809713822465,0.016389994224228516,0.0020771655685685635,0.0004365520811096595
N5085HD,0.5349472434577629,0.3443767844105791,0.11260263070304027,0.006082471175750273,0.0019908702528674345
N5051HD,0.35272029066630006,0.6429101583704971,0.0036694729962192685,0.0006284586785854391,7.161928839814293e-05
N5039HD,0.058350976369412,0.5051759929179627,0.3376471490136324,0.09661924275937295,0.002206638939620034
N5088HD,0.9620190271712095,0.033580586678420725,0.003938011438103679,0.00040672793320562097,5.564677906038439e-05
N5091HD,0.1388340382690051,0.8586498942568055,0.0020134732826926818,0.0004347264519487139,6.786773954804412e-05
N5093HD,0.04869484306566518,0.20978746837927997,0.42838367946430483,0.3068723520535135,0.006261657037236422
N5100HD,0.01993904523741328,0.052440131706142874,0.1515121636430612,0.7758047116113662,0.0003039478020164606
N5103HD,0.03629104558126443,0.3553400426280822,0.541760655358725,0.06232383174376211,0.004284424688166312
N5104HD,0.9815074458809083,0.017379998705198532,0.0009000735404476461,0.0001861296463548565,2.635222709061167e-05
N5105HD,0.7605828271811578,0.22576066546022347,0.008427985315011806,0.005124773945766248,0.00010374809784072738
N5106HD,0.7081824722276404,0.28226508694696056,0.00839168036261707,0.0009484827600341557,0.00021227770274766678
N5109HD,0.7645596203623971,0.22577831390975933,0.008570974657327517,0.0009481028564014486,0.000142988214114657
N5112HD,0.4696688143563545,0.4917868398907642,0.032442105427331606,0.005607888597762097,0.0004943517277874221
N5115HD,0.8880676467401111,0.10637370882121165,0.004833952388965841,0.000604800318209215,0.00011989173150230161
N5120HD,0.032234290411469364,0.21566620718982707,0.1387622412578499,0.6025215999001725,0.010815661240681163
N5121HD,0.40601389264628907,0.5660736458670701,0.019347243110012773,0.008313870997866705,0.0002513473787613435
N5122HD,0.5133928163827577,0.45198291394063156,0.02676958493383705,0.006562910861662465,0.0012917738811112662
N8305HB,0.7428344267281669,0.24985801113905837,0.006090263285209763,0.0010599158427728776,0.00015738300479201873
N5126HD,0.13876363945233136,0.5254790342736674,0.17215786557357662,0.1598416726752313,0.0037577880251932825
N5128HD,0.8911501167318977,0.10437200732506827,0.0035344594880725934,0.0008505322077327389,9.288424722870023e-05
N5133HD,0.04149542662964924,0.3414407602416269,0.2703153538617397,0.3437214456384429,0.003027013628541284
N5135HD,0.8106194912332341,0.18253302113515055,0.005603270694654845,0.0010987128082672847,0.00014550412869333504
N5143HD,0.8581465693252394,0.13477390126814598,0.006353399831064499,0.0006092583772348159,0.00011687119831542365
N5144HD,0.33901013375047756,0.5934970749187757,0.04923897781237685,0.01766004374950883,0.0005937697688611308
N5149HD,0.2606971610516624,0.6165981769506187,0.08967797758738853,0.029158680485107547,0.0038680039252228827
N5152HD,0.5263670691313521,0.4428661356155654,0.02508385695844568,0.005405941018461616,0.00027699727617505593
N4394HD,0.3781720348987021,0.495156408191411,0.0931613178538214,0.0329454027707705,0.0005648362852949003
N5029HD,0.3464627723225525,0.5450150086513783,0.09682299270318342,0.010571227537455792,0.0011279987854298473
N4368HD,0.9527560506534707,0.04475383792430865,0.001901770833936712,0.0005271101048004692,6.123048348339025e-05
N5013HD,0.35041286316747594,0.5888941612934605,0.05259546911384036,0.006703550709047227,0.0013939557161760405
N5153HD,0.6047678078699628,0.3609582093651352,0.028275628753284807,0.005390478972948924,0.0006078750386684553
N5157HD,0.8417912878035453,0.14933884581832535,0.00775589173847415,0.0009569438108320402,0.00015703082882324035
N5170HD,0.5653189030624215,0.3877482382667486,0.0409781278961635,0.005423513482455419,0.0005312172922109921
N5172HD,0.8297335923331267,0.1417435495764465,0.02619331171780277,0.002094117759071133,0.00023542861355280859
N5173HD,0.748295810311714,0.23477950245449744,0.014414762805805798,0.0022425021409133274,0.0002674222870694727
N5147HD,0.42900475654613957,0.5395300847808309,0.027154989639194892,0.003328776962085715,0.0009813920717489108
N5178HD,0.707453586156863,0.27832213470865247,0.012251743962143062,0.0017777174778638592,0.00019481769447746546
N5180HD,0.6299648929016737,0.3470558025750344,0.01866565360300889,0.0038625238624830837,0.00045112705779990116
N5181HD,0.41031137276083224,0.5166978175046417,0.06462701808410495,0.007895230035196236,0.00046856161522479156
N5182HD,0.8339463898141958,0.15907642922150483,0.006107817120164967,0.0007666321765564103,0.00010273166757806684
N5183HD,0.029286926185332476,0.9646796756212659,0.005636997183708267,0.000342654046289554,5.374696340391753e-05
N5185HD,0.4763361902428342,0.4425608126400477,0.06528734740694266,0.013745279967869664,0.0020703697423059375
N5187HD,0.2160893389150639,0.5065680806451262,0.2474722443132894,0.02759501784245315,0.0022753182840674407
N5188HD,0.1565619233070626,0.49219689189727506,0.18260570251417055,0.1666126697926194,0.002022812488872595
N5190HD,0.0020575761359239494,0.015425616976077878,0.19459015394543672,0.7877531677066476,0.0001734852359138174
N5192HD,0.28510803088697917,0.71165204053945,0.0026582410794851745,0.0004831606336024144,9.85268604834242e-05
N5193HD,0.5975524968612287,0.3695700118504147,0.031540536901454065,0.0010915164999521119,0.00024543788695045654
N5197HD,0.914616166775151,0.08160726079645271,0.0032639628315470582,0.00044794077549045904,6.4668821358856e-05
N5198HD,0.20824105710099014,0.6830736330020823,0.08916133846164437,0.018947518792616313,0.0005764526426668008
N5199HD,0.5751669926905395,0.34977186114404046,0.06962828918043179,0.005071867945131095,0.00036098903985719294
N5200HD,0.649229586908963,0.3222993981413498,0.026350250456169785,0.0019434739669987528,0.00017729052651874804
N5203HD,0.05100915882421979,0.19259830476862289,0.5160172022370563,0.23753883306268347,0.0028365011074175453
N5209HD,0.07055662034706031,0.4425787249668233,0.16353123422901444,0.32127235764234785,0.0020610628147540943
N5212HD,0.8948559783616981,0.0999071588251667,0.004403199995766519,0.0007356536257288979,9.800919163966062e-05
N5215HD,0.41878015091398496,0.5462206433118267,0.03139333677524614,0.0032547231976675817,0.0003511458012745504
N3574HD,0.850432443788095,0.14324373650278793,0.0040849761841630266,0.0021065171796559624,0.00013232634529812006
N4760HD,0.06387879464716538,0.4445066886522423,0.426116064959717,0.06427480146565598,0.0012236502752193796
N5225HD,0.8170420976483467,0.17753675864318877,0.0045565010554986796,0.0007584350480684247,0.00010620760489751262
N5226HD,0.6466694360413842,0.31905528557287177,0.02574570482853497,0.008266990879271017,0.00026258267793808027
N5227HD,0.7568983045030986,0.23411427745321509,0.00804721010406441,0.0008297668576245955,0.0001104410819973224
N5233HD,0.019958555279172677,0.07312843910526667,0.35590375003660646,0.43068836778357245,0.1203208877953818
N5238HD,0.9052802432828624,0.08118854984868912,0.01106000295933473,0.0022401831784568953,0.00023102073065670194
N5241HD,0.8289112336092528,0.16315663388752266,0.005502234379507955,0.0023060345348455903,0.0001238635888709684
N5243HD,0.019697023815795116,0.23547325890387183,0.2245169313141738,0.5183978183154913,0.0019149676506680265
N5246HD,0.7681245718764887,0.22174102355555375,0.006878107023024598,0.0031281323162400385,0.00012816522869284262
N5247HD,0.021919029993672987,0.047193611745196644,0.4167742522488762,0.5127315643212141,0.0013815416910401316
N5248HD,0.7344942034827187,0.24818440786689422,0.014959696257903991,0.0021594803172017055,0.0002022120752814956
N5253HD,0.810831067439807,0.1466037938423178,0.03513817743078306,0.005376797632038338,0.0020501636550536956
N5257HD,0.04862749726324431,0.16613427167212064,0.5310114252057573,0.2521081494055699,0.0021186564533079316
N5259HD,0.0769192675899614,0.27767440702019,0.42951994873985444,0.14791313898370667,0.0679732376662875
N5262HD,0.4208474661241396,0.3569923039386007,0.21954865803369888,0.002407485957204839,0.00020408594635601458
N5266HD,0.7105346258395172,0.25451645154541086,0.032434640222139474,0.0021450313731112016,0.00036925101982098206
N5270HD,0.7547535831534521,0.23445449358390166,0.009637882852169844,0.0009430671640927228,0.00021097324638379966
N5271HD,0.6289108322482587,0.3357672528647523,0.031006305374496293,0.004008705643188663,0.00030690386930403373
N5273HD,0.6481512635439849,0.31849030554847396,0.03059292603869617,0.0025819760840880353,0.0001835287847568224
N5274HD,0.8851701094773718,0.10908514664228398,0.004722328627260929,0.0009065507139323954,0.00011586453915083972
N5211HD,0.5810209811770933,0.37719766720395503,0.026496292591242584,0.014338481465562115,0.0009465775621470853
N4843HD,0.7856863898984509,0.18693872475811224,0.015605846812637289,0.01117840375979614,0.0005906347710034973
N5287HD,0.6675980542001625,0.31176840631066344,0.016878273581967307,0.0035356025604175775,0.00021966334678924534
N5286HD,0.07688369171587509,0.5050741521679036,0.37583853950902774,0.039544011916064215,0.002659604691129288
N5292HD,0.04607367287686563,0.2122146450241881,0.517591941362903,0.2222401480202423,0.0018795927158010593
N5294HD,0.8763438680701866,0.11785500206643049,0.004979430319334268,0.000667731687758552,0.00015396785628993205
N5296HD,0.24099599699494775,0.5901428942825228,0.12702782492578318,0.04047051313184073,0.0013627706649056313
N5298HD,0.7916234854294312,0.1926449623245355,0.013990418132376808,0.0015685373294954614,0.00017259678416107617
N5303HD,0.7977878850215424,0.17590954375798407,0.02419895618490851,0.001943374443654327,0.00016024059191055879
N5305HD,0.3320416694392118,0.5656277889749081,0.08775423861753388,0.01262781228368903,0.0019484906846570845
N5306HD,0.8487720449443393,0.14332053707756653,0.006774141491477145,0.0010483572073372153,8.49192792797613e-05
N5307HD,0.07476778157052333,0.6102935800544477,0.24868855390695627,0.06214932944445793,0.004100755023614769
N5311HD,0.7382157330709364,0.2115578135834047,0.042965325084071374,0.0070224263007399555,0.00023870196084770814
N5314HD,0.7083054354849443,0.2797855265531638,0.0087587993697177,0.0029582429454481605,0.00019199564672592526
N5073HD,0.09105502969416754,0.3928486146463949,0.4794354266036301,0.02712038698976056,0.009540542066046738
N5277HD,0.0643199731462324,0.40509911059676723,0.4038652630121968,0.11810700385686057,0.008608649387943023
N4885HD,0.9763195134644289,0.02083590395548445,0.0023156140390911315,0.00045593682736774516,7.303171362770546e-05
N5318HD,0.0827791833115902,0.47061422030232053,0.4161937521012038,0.02970090041208208,0.0007119438728035665
N5321HD,0.7660882955982983,0.22716175590377108,0.005293562286917604,0.001253333450157826,0.00020305276085537548
N5323HD,0.9497089811645766,0.04808150115384906,0.0017796358265049776,0.00037035215683672254,5.9529698232597654e-05
N5324HD,0.7040906165141172,0.26312451322764857,0.029342781871234198,0.0032399832901310417,0.00020210509686897186
N5326HD,0.6498510626505561,0.3383351847035904,0.008613701084352906,0.002974500632720514,0.00022555092878010267
N5327HD,0.6778299045952005,0.2965825738024923,0.022741869532849467,0.002456594709734667,0.000389057359723023
N5329HD,0.20333902888069033,0.7470603790983709,0.04224069539767227,0.0062871337779666905,0.0010727628452997721
N5331HD,0.7862279859870493,0.2056122595174713,0.007118650487863762,0.0008866369452429344,0.0001544670623725362
N5332HD,0.8737482429871833,0.1167684764109303,0.00794794035017643,0.0014321094024176402,0.00010323084929229192
N5333HD,0.7158161782891901,0.27380271226634645,0.006892814033737282,0.0032636615793950074,0.00022463383133134734
N5334HD,0.0212098775055994,0.9763352154275848,0.0021066334992072733,0.00030638790504697446,4.188566256135897e-05
N5338HD,0.05071029993102466,0.2771961565405597,0.30226770309481205,0.3673230255923909,0.0025028148412127764
N5339HD,0.17608746824823965,0.5970573512076809,0.17693515001436788,0.049329290811899754,0.0005907397178118681
N3820HD,0.04499539012718879,0.21415910143282296,0.4656766147797376,0.23871288275524,0.036456010905010626
N5342HD,0.8172131532566933,0.1676331823321284,0.012520987448852643,0.0024763297450956646,0.00015634721723004202
N5345HD,0.6644383683401852,0.30992282629645296,0.022521523933471607,0.002781715609722225,0.000335565820168228
N5346HD,0.6324759139628501,0.3605511082033285,0.005830588502410269,0.0009841997974553058,0.00015818953395604115
N5348HD,0.06580032374247896,0.40558836486930605,0.16932000879928644,0.3525048110941518,0.006786491494776605
N5351HD,0.7775498357518218,0.20290538083011184,0.017731376560977043,0.0016835481974189494,0.00012985865967054372
N5354HD,0.002153336802676662,0.00619868780771148,0.05994980205777387,0.931606285482299,9.188784953897981e-05
N5355HD,0.5225770501288709,0.45115042288011986,0.021318133045665908,0.00406382277097252,0.0008905711743707412
N5362HD,0.8997918870660921,0.0970970710760616,0.002562287183797013,0.0004782868614910042,7.046781255829269e-05
N5364HD,0.84438059883176,0.1482909502050444,0.005826889369086136,0.0014115779724284375,8.99836216812052e-05
N1264HD,0.011709763699041736,0.8893921136549267,0.0981457420550577,0.0006952598733080431,5.71207176657527e-05
N4985HD,0.236468007673553,0.6897594237677611,0.06010314856922165,0.012201216950367287,0.0014682030390968921
N5368HD,0.049804096188537525,0.2837080763809536,0.40084965910597586,0.17902549447089913,0.0866126738536339
N5371HD,0.5925469576978284,0.4007993072023254,0.0054198509463239805,0.0011093549270872235,0.00012452922643496479
N5372HD,0.7663215454114641,0.22635465071531924,0.006485737481686488,0.0007416145515600945,9.64518399701259e-05
N5373HD,0.6344708301624189,0.36009406453050175,0.0037052771723316107,0.0015799774992067486,0.0001498506355411269
N5374HD,0.8692087473992579,0.12590223629828737,0.003888748008925393,0.0008990477149300485,0.00010122057859909669
N5377HD,0.7606724639662139,0.22667061233854122,0.011571722572882975,0.0009464621443788936,0.00013873897798310404
N5379HD,0.7258444584520665,0.2663488497644988,0.0058514407524361475,0.0018440538328705217,0.00011119719812801585
N5381HD,0.1768394075092586,0.6317822270392099,0.13407466396861617,0.05506005124056012,0.0022436502423550148
N5383HD,0.3354267975021558,0.45448649986582756,0.1410785515661372,0.06789474785860784,0.001113403207271644
N5385HD,0.7404454594912447,0.25445387579083395,0.00416313738799707,0.0008198924880124101,0.00011763484191191217
N5387HD,0.04154290291416724,0.26426818098487287,0.4221748342935111,0.2583374763263871,0.013676605481061626
N5388HD,0.09195173106410126,0.44979603554575476,0.22134527402135143,0.23188866912373945,0.005018290245053088
N5389HD,0.026678224659999458,0.5378155417173044,0.42577080251171945,0.009540259238111835,0.00019517187286488045
N5391HD,0.6402554068439805,0.34390029091970364,0.012947502955101014,0.002660043220141285,0.00023675606107359084
N5393HD,0.7097315652001712,0.2826987918948498,0.006281123779419199,0.0011344609428713098,0.0001540581826883178
N5395HD,0.5571592705805177,0.4094171624609067,0.029197298028039862,0.003801634109538859,0.0004246348209967276
N5397HD,0.757846117678269,0.22834016740071006,0.01093462495546892,0.0026760197634850646,0.0002030702020667673
N5398HD,0.7215395280882673,0.2670523389319786,0.009684106019879379,0.00151571343699636,0.00020831352287831455
N5386HD,0.07352852341067201,0.25664622687974353,0.6690209802410262,0.0007127359767086688,9.153349184974197e-05
N2483HD,0.6736134831856901,0.3055673878089709,0.017035815831483208,0.003471345777830855,0.0003119673960247819
N5402HD,0.7891901701271411,0.1915275226198788,0.01783519948280822,0.0012851908813975648,0.00016191688877433203
N5404HD,0.5334186555734404,0.4110118898636964,0.037839297123065205,0.017384144459860074,0.0003460129799378285
N5405HD,0.8840286144526691,0.10888800139643445,0.005623491548895628,0.0013022570839787734,0.00015763551802216262
N5407HD,0.6507157991763115,0.30176003926065714,0.03788053607165063,0.009025678101558467,0.0006179473898222219
N5414HD,0.4212864606328347,0.5754493907917332,0.0025509255026774954,0.0005867888111137647,0.0001264342616409704
N5415HD,0.7187191054494039,0.27695440131343063,0.00284395567427339,0.0013752989189902182,0.00010723864390181753
N5416HD,0.39521817058984365,0.5911905822611515,0.010877020168056585,0.0023790522412167813,0.00033517473973147165
N5421HD,0.688670186475749,0.28700954698286457,0.020518326841687837,0.003419345785676645,0.0003825939140220418
N5430HD,0.916409406194451,0.07977863843971411,0.002689147841024789,0.0010314082189140997,9.139930589592213e-05
N5431HD,0.01955341352595818,0.11278334741400778,0.8565726166789221,0.011021943878051776,6.867850305999894e-05
N5432HD,0.7077939306156773,0.28122251906910034,0.009191863508740827,0.0016179912564849453,0.00017369554999678588
N5437HD,0.8204588704678589,0.1693857162142072,0.009431305581474482,0.0006188887194373079,0.00010521901702196441
N4225HD,0.33847324197310724,0.5290614501200013,0.11801801593133457,0.013798399657824487,0.0006488923177324471
