ncode,proba_0,proba_1,proba_2,proba_3,proba_4
N4541HD,0.3614091952192882,0.5611148297636674,0.07061618897271459,0.006143008114066219,0.0007167779302635021
N4397HD,0.024456543705798407,0.1795367202853359,0.27718884168912516,0.5147579459740341,0.004059948345706372
N4544HD,0.7758073265061454,0.21598672302813984,0.006191872029806817,0.001718551315852796,0.00029552712005503017
N4545HD,0.06761367981005811,0.30163536750899284,0.4276587120823508,0.19831989411992737,0.0047723464786708575
N4546HD,0.8140719997186187,0.16440719636449186,0.018783928925665928,0.0023380858824559756,0.00039878910876763794
N4550HD,0.8028445325960508,0.17145926151520183,0.02365903522533756,0.0017312442768966745,0.00030592638651311897
N4551HD,0.6271895336180762,0.36253683739316656,0.00796823764095592,0.0019392505903590993,0.00036614075744225224
N4554HD,0.059929353471580495,0.07182789874454029,0.8667672750947082,0.0011540717388633412,0.00032140095030767793
N4555HD,0.7701587927028866,0.15893852268740682,0.06749102353239582,0.0030476993031845877,0.000363961774126257
N4556HD,0.679519493777334,0.2355113635495893,0.06673385291246912,0.01733964088651878,0.0008956488740887124
N4563HD,0.2811078904595992,0.643007095680326,0.06581326836183642,0.00824544597527275,0.0018262995229657512
N4567HD,0.8742245861213659,0.10679811643691525,0.014443625104634986,0.004003995545128252,0.0005296767919557429
N4561HD,0.6453008485887763,0.34747540395460647,0.0051270417647244606,0.0017787588941052734,0.00031794679778735646
N4571HD,0.3223903718894222,0.5796218475626148,0.0815334191877271,0.01387062845461545,0.0025837329056204797
N4574HD,0.987081282013396,0.01122102572124164,0.0013045445394951143,0.00033440146844546304,5.874625742200745e-05
N4575HD,0.5319156938930344,0.4401053476746298,0.02435492781526089,0.003072114660261635,0.0005519159568135525
N4579HD,0.20005522944945411,0.5510623641103062,0.2311332748116529,0.015024446420340374,0.0027246852082465248
N4581HD,0.7203397933468081,0.23463500325530415,0.03692617836967877,0.0075314151844412865,0.0005676098437677884
N4584HD,0.743129926840979,0.23584194268568184,0.01765380454898943,0.0028249907344045765,0.000549335189945067
N4578HD,0.8410437907942389,0.14356778032646553,0.01340319446434522,0.001674840483315957,0.0003103939316345258
N4590HD,0.15953194724787276,0.8311064991837316,0.006985358911432081,0.001965177094682251,0.00041101756228114966
N4593HD,0.018394239394302323,0.06893094438058958,0.19341474814629428,0.7172583459131391,0.002001722165674742
N4151HD,0.08709096644373279,0.36355636698201305,0.2923553664989207,0.24929153072287774,0.007705769352455635
N4594HD,0.7834605266639043,0.20609146902174189,0.008783162685773931,0.0014096802184048569,0.0002551614101748963
N4600HD,0.44180052225341343,0.5362475081093522,0.017747246321196303,0.003398889166725686,0.0008058341493123326
N4605HD,0.2350681416919066,0.11597821325352976,0.6387313794251843,0.009931937135009507,0.0002903284943696972
N4612HD,0.4945560212302049,0.44126572140622294,0.05594248279149992,0.00740255561676903,0.0008332189553031601
N1701HC,0.26403140014636034,0.6229859271668049,0.08645394826482197,0.021049800250960062,0.005478924171052672
N3705HD,0.019023861161416987,0.06199578848612117,0.26506988486131133,0.3043159970951892,0.3495944683959613
N4589HD,0.708458198893437,0.2683950861642952,0.020507941093428628,0.002244450700617585,0.00039432314822168766
N4339HD,0.9323246079704385,0.0633410987161471,0.0029548226569797303,0.0012102635306632226,0.00016920712577148404
N4615HD,0.044801020483932835,0.17579945359272495,0.3517303966131046,0.4121774017469487,0.015491727563288855
N4618HD,0.8577027940686847,0.1323784059754098,0.007018056605987463,0.0024490448357588346,0.0004516985141590611
N4624HD,0.47462672597427474,0.5186188930835544,0.004605976152908514,0.0017265521117598107,0.0004218526775026828
N4626HD,0.8001077960742251,0.18537810588621206,0.009439211319243914,0.004769634684342812,0.000305252035976312
N4628HD,0.25149796303449196,0.6517877031735296,0.08420680849287124,0.010930129302413818,0.0015773959966933727
N4638HD,0.06739768591461302,0.28719786959909627,0.2845844996222209,0.3548139629808219,0.0060059818832478105
N4639HD,0.5668471769508593,0.3616580304296957,0.05245117698140566,0.01349980280559547,0.0055438128324437974
N4642HD,0.9131014815410098,0.08090489578842182,0.0043113747581150505,0.001466956803474133,0.00021529110897919784
N4646HD,0.9706457935119865,0.025900827226960438,0.0023146307495406537,0.0010099478169385923,0.00012880069457356895
N4631HD,0.8422458966546555,0.15083473069970932,0.004459237015187031,0.0021867514867271332,0.00027338414372086333
N4656HD,0.05165348662985287,0.12301416209510163,0.3326084522209708,0.0501937451096151,0.44253015394445966
N4658HD,0.8638349227851644,0.12526398589801324,0.007233092166951329,0.0033378563391114266,0.0003301428107594766
N4661HD,0.6517576169598864,0.312492977055124,0.02838005615953622,0.0069249087539751,0.0004444410714781918
N4665HD,0.8473674259490683,0.14330583917576875,0.007344342540181153,0.0016581529469153885,0.0003242393880663104
N4667HD,0.6441789726308534,0.3445479453247305,0.008654155930282303,0.0021344609410604955,0.0004844651730732105
N4669HD,0.4086152317959449,0.5748259322750682,0.012703515332528146,0.0034067122655193826,0.0004486083309393519
N4673HD,0.17327081806789188,0.6192322768243577,0.1818230655700412,0.019420434213512455,0.006253405324196845
N0760HD,0.25832040645303067,0.5780869920192143,0.15754170369670664,0.005086983239169583,0.0009639145918788382
N4672HD,0.5918084886627876,0.2886354619313422,0.09458567934094309,0.02442892124981099,0.0005414488151161383
N2593HD,0.8457253932211208,0.14927396717567962,0.003480510622214845,0.0012987377986990228,0.00022139118228592933
N4677HD,0.33822316038937383,0.5957512985876372,0.04022210466757772,0.025093858301001977,0.0007095780544093279
N4680HD,0.3596253546102662,0.4919509747992819,0.1272395971100594,0.020077292466705834,0.0011067810136865211
N4688HD,0.07204743720735335,0.17917056492914524,0.4364550106866135,0.2981217662165951,0.014205220960292714
N4689HD,0.8015924338979492,0.18642689325428993,0.009970779836336392,0.0017163888387899708,0.00029350417263468377
N4691HD,0.22492720296875723,0.3854717008569732,0.2705487362424725,0.1164176479801136,0.002634711951683389
N4692HD,0.694532885359834,0.26239703262813285,0.031236655714911892,0.009072224207431945,0.0027612020896892243
N4694HD,0.05862697100238692,0.35865536762532785,0.5345318369384551,0.045816488223114536,0.0023693362107155566
N4695HD,0.38651788176041724,0.565054628139986,0.04271337794022553,0.005057101549420278,0.0006570106099508006
N4699HD,0.4472361833780937,0.5049112935114461,0.04033484562448667,0.006690664105511368,0.0008270133804620899
N4703HD,0.19964911893651266,0.4192662168339343,0.16727389455172265,0.19966872994403773,0.014142039733792652
N4704HD,0.011213570040785962,0.024797245850573683,0.40537004121457243,0.5571124865077913,0.0015066563862766412
N4708HD,0.900734041747958,0.09079483810017892,0.005940019925048536,0.002241691901406227,0.0002894083254082371
N4714HD,0.653457984165403,0.30682081887196905,0.027655350112323895,0.00929570892413622,0.0027701379261677646
N4721HD,0.375846899051041,0.5163634881965735,0.0904119123495351,0.008576636490442446,0.008801063912407968
N4722HD,0.8103435412684201,0.17988278839120128,0.007739702108813239,0.001714851454662003,0.0003191167769034491
N4724HD,0.6680843053671122,0.31784617557705197,0.011363175420284694,0.0022542599102134144,0.0004520837253377179
N4726HD,0.08301726813654667,0.8837335011342993,0.03111217523408933,0.0018123393279680224,0.0003247161670965631
N4735HD,0.6228669059032707,0.36269556008550435,0.010621139660305763,0.0030713713475605618,0.0007450230033586395
N4063HD,0.7541566783412691,0.1889370774184445,0.042830056843183036,0.013364780722549745,0.0007114066745536766
N4712HD,0.558066041430503,0.4224689324046828,0.014748120254240653,0.004130220983195362,0.0005866849273782468
N4738HD,0.23768956847189973,0.6510947880851136,0.07929920456617333,0.030820816263989474,0.0010956226128238278
N4740HD,0.07856728548854795,0.27412878029561916,0.4102769438263406,0.23167537486983708,0.005351615519655214
N4742HD,0.035484605690070704,0.05962937671896933,0.16199439564641124,0.7315929120121913,0.011298709932357326
N4745HD,0.85734784905337,0.13159771031605214,0.00822692614845643,0.0023987365363992274,0.00042877794572218
N4747HD,0.8359167595547127,0.14350180119105796,0.015887451888611986,0.004240266730709249,0.0004537206349081562
N4750HD,0.7918558652938167,0.18554263104990928,0.01872610811990826,0.0035296807918308503,0.0003457147445349024
N4752HD,0.05106514746418965,0.30208134587693436,0.33699670310913366,0.3027491436519153,0.007107659897827093
N4754HD,0.7485366868272794,0.24485514597863628,0.0049211485534681465,0.0014084170887706784,0.00027860155184563067
N4755HD,0.2480780781968582,0.6121803325857827,0.11583810213573538,0.02190463656464505,0.001998850516978679
N4756HD,0.42447062846376143,0.5445145541106612,0.025876304446164032,0.00416214701098697,0.0009763659684264135
N4757HD,0.8251768809582821,0.16937123160439493,0.004121952891278735,0.0011116614002967284,0.00021827314574736085
N4759HD,0.20034593963534927,0.7215285388223003,0.07273744497984552,0.004435663791911084,0.0009524127705940135
N4762HD,0.6686127076196314,0.2688013472792521,0.053919714558750824,0.006983770683498534,0.0016824598588669995
N4763HD,0.7081128708068933,0.2647154036980746,0.01937183981130644,0.005537132905320652,0.002262752778404929
N4767HD,0.8441551510563344,0.14533337099469112,0.007328171204712586,0.002861867684605209,0.00032143905965669465
N4769HD,0.0537230810188698,0.09411005497751163,0.8437728137140338,0.007952061893860083,0.00044198839572466846
N4770HD,0.7401980609570491,0.2495396180951253,0.007672380631525975,0.002177594925127684,0.0004123453911720447
N4676HD,0.21299414967777616,0.6730078798863597,0.08677203210075839,0.025405871497562894,0.0018200668375429109
N4614HD,0.7206247050505498,0.2500868541553501,0.024067682982739633,0.004673985113222472,0.0005467726981378635
N4774HD,0.21173970768407863,0.6419812883228444,0.12622467596523276,0.01680552801999066,0.0032488000078536804
N4778HD,0.054655659410157105,0.23724700993467576,0.4325021505553006,0.22806043751283228,0.04753474258703425
N4780HD,0.02159651737595045,0.07809071690368834,0.42135396740616127,0.36692070215356265,0.1120380961606373
N4783HD,0.5595918778479265,0.4152090416451537,0.019915134195741816,0.0045088086751211495,0.00077513763605673
N4789HD,0.8688891710469944,0.11656627882324175,0.01029682230191516,0.0031813512015145184,0.0010663766263342433
N4792HD,0.48611274881011585,0.505855637290729,0.005668281780495409,0.001986569396876043,0.0003767627217836489
N4793HD,0.03947743571002616,0.8479247129129635,0.10881121771235436,0.002842463780906148,0.000944169883749944
N4794HD,0.00577819054204843,0.02531849942264922,0.024633513117204874,0.9436370874700771,0.0006327094480203961
N4799HD,0.6018404351072166,0.3787113553038687,0.01652578086779072,0.002486247994620122,0.00043618072650378767
N4800HD,0.9797893615828396,0.01793900317061305,0.0017071286834175665,0.00045451203436926635,0.00010999452876057347
N4808HD,0.062286804071024764,0.9326764933397138,0.0036242055932031374,0.0011173613972424977,0.0002951355988156474
N4809HD,0.661609501494999,0.2865218171603059,0.03818197881161158,0.011060352526427331,0.0026263500066562766
N4634HD,0.8204908126374288,0.16375659545226617,0.01240402104492415,0.002981009226116943,0.00036756163926372363
N4784HD,0.9081793482237508,0.0844831963285398,0.005312987975097502,0.0017394629409281423,0.0002850045316837787
N4815HD,0.7411132727005991,0.24542834061848814,0.009921531431664373,0.0030499029186510478,0.0004869523305974826
N4816HD,0.6681214873440058,0.3063943152838148,0.021173010162589982,0.0037807408970988946,0.0005304463124905798
N4817HD,0.3642553147518611,0.5768645231851229,0.05192211823271228,0.005034607107734653,0.0019234367225689252
N4818HD,0.8266624130273125,0.1519270688558675,0.018047383813755525,0.002967725512522362,0.0003954087905422156
N4821HD,0.017393222306688452,0.9784433361301657,0.0029107481353080797,0.001053293302680957,0.00019940012515670571
N4830HD,0.8704017184436141,0.12217492303149492,0.006195629055520419,0.0010294964739929237,0.00019823299537758454
N4748HD,0.7456493896336989,0.2420478360172898,0.009351605676833548,0.002633985921464025,0.00031718275071381885
N4684HD,0.6841799256495746,0.3074792241093389,0.0066349830542844716,0.0014286510077101693,0.00027721617909170354
N0389HD,0.007103915333070078,0.9698219200152367,0.022254064908429464,0.0006915768544392537,0.00012852288882458866
N4796HD,0.6729662674600295,0.26713437182144295,0.04754935185763486,0.011509058085621594,0.0008409507752711452
N4834HD,0.017085166085247544,0.0391006432565176,0.5008815351083604,0.4418124444628716,0.001120211087002841
N4835HD,0.13937168731238803,0.8529949611079856,0.0053703728071251315,0.001997797760637771,0.0002651810118633955
N4837HD,0.5620984570713135,0.4298075499927277,0.0062012262399989615,0.0015961695913815244,0.00029659710457824787
N4838HD,0.04457631718781971,0.9509481041708016,0.003256095342424908,0.0009606840465924474,0.0002587992523615054
N4839HD,0.005240297817702362,0.18293071306019293,0.8083196783092602,0.0033566717137944115,0.00015263909905004067
N4842HD,0.8469695167255122,0.1377235859339794,0.012064967199886572,0.00279821734233579,0.000443712798286001
N4844HD,0.9579755152477057,0.03742376101722615,0.003531225467735324,0.000904725502887438,0.0001647727644452688
N4846HD,0.11597042265269526,0.5927768156372215,0.271424001412783,0.01821409634744866,0.0016146639498515799
N4847HD,0.7907700462171667,0.19802366407217595,0.008741105327234756,0.0020888792247882757,0.0003763051586343811
N4849HD,0.26971646488367734,0.6330073130605943,0.07802864960292907,0.016707435814247325,0.0025401366385519163
N4852HD,0.02768739779431502,0.2510614888099844,0.7109521486558877,0.009856308658083074,0.0004426560817299016
N4853HD,0.5004565430998178,0.479624116581982,0.016259111813411213,0.003259203519981809,0.00040102498480724984
N4856HD,0.4474001287696163,0.542435195435612,0.007612126978040501,0.0020577618902235415,0.000494786926507438
N4858HD,0.5713677351039672,0.3998414830144057,0.02414892558081208,0.004118884547941781,0.0005229717528730478
N4860HD,0.4978602051335966,0.4447164998029436,0.03903601958458844,0.01666344907271726,0.0017238264061539997
N4861HD,0.8982158839253553,0.09536844003725807,0.004957787757055578,0.001225440886696606,0.0002324473936344114
N4863HD,0.48819459146448146,0.5031047787134456,0.006007225084486457,0.0021745069116107384,0.0005188978259755653
N4864HD,0.5708275640223425,0.41366535722670417,0.011878887521823164,0.002913848078061923,0.0007143431510681662
N4866HD,0.7719366343614139,0.21131061752091265,0.01266361408758405,0.003554468138011721,0.0005346658920776127
N4012HD,0.7282266883065664,0.2604970600381201,0.009509370616707792,0.001497443111494694,0.00026943792711085193
N4825HD,0.37656306271071666,0.5009631517920438,0.10473301505002451,0.013377836422793917,0.004362934024421062
N4875HD,0.09563997279919782,0.6386037292072396,0.20351733685131948,0.059610669550237944,0.0026282915920050466
N4878HD,0.04824978123715989,0.2030740363696332,0.3537472025156616,0.36001601235623043,0.03491296752131491
N4883HD,0.019917877474887394,0.23278281291602704,0.6994430584303932,0.0475159138391961,0.00034033733949610757
N4884HD,0.5338222932184286,0.43526477917387607,0.025906738720496623,0.004424652568313268,0.000581536318885457
N4887HD,0.25093559083870826,0.7405715061405388,0.007057619269435635,0.0011883332888347382,0.00024695046248252646
N4891HD,0.6586313759185807,0.3069415748619978,0.028837397389670467,0.005123483870171288,0.00046616795957982236
N4892HD,0.2502763306368444,0.7370287365594284,0.010249155689101189,0.002081102089445556,0.0003646750251804111
N4895HD,0.8341597043804092,0.15480278500511205,0.008647560287019889,0.002097111571608971,0.0002928387558499839
N4899HD,0.7351066233475724,0.25587822411360794,0.0063618939223701095,0.0022587942355587836,0.00039446438089087594
N4898HD,0.33678872151231887,0.6318024013695742,0.02734012766336226,0.0035187024411533,0.0005500470135915142
N4902HD,0.5424700165108097,0.4224505107113389,0.026909890540637346,0.00725726720853506,0.0009123150286790507
N4904HD,0.20242727254125983,0.5979192055012627,0.1548811465618295,0.04018077449024933,0.0045916009053987615
N4906HD,0.6761685972807099,0.3092848157440569,0.01091789799890609,0.0031968572605885386,0.00043183171573872884
N4909HD,0.5801760081591257,0.3773315184242418,0.035581758577249635,0.006158143507644199,0.0007525713317385538
N4912HD,0.6063132448633808,0.37393309720485013,0.016492584237356073,0.002799652312255319,0.0004614213821577085
N4913HD,0.6018063215141822,0.38386044152641546,0.011101241321348279,0.002782277194029386,0.0004497184440245393
N4914HD,0.25390452931620633,0.6659767034290958,0.0758085431430308,0.003908014323209287,0.000402209788457738
N4908HD,0.8218447810029375,0.17110952707825577,0.005145449200428173,0.001588368756567738,0.0003118739618109634
N4937HD,0.7068907620021531,0.2818547599746944,0.008605964624377105,0.002182846160399058,0.0004656672383763597
N4938HD,0.8805902471467698,0.11231401539664625,0.005399794621818031,0.0014423183128839253,0.0002536245218819306
N4949HD,0.9319888584096185,0.05975273800236913,0.005994301127450047,0.0020090221360518764,0.00025508032451053853
N4952HD,0.8784818443116932,0.11302055357958843,0.006984463989823763,0.001161978990394847,0.0003511591284997563
N4954HD,0.5534366092322602,0.4227296698733355,0.019859352341613713,0.003517541701714453,0.00045682685107609016
N7917HB,0.7837919292169123,0.20614918651384734,0.007310704397256441,0.002364134212044572,0.0003840456599394221
N4951HD,0.5897196232359391,0.3993823619677023,0.008567434028817683,0.002000856908658605,0.00032972385888222047
N0385HC,0.15464502486584727,0.65807088350673,0.1646584137057807,0.016296710145382007,0.006328967776259975
N3920HD,0.403347041157087,0.5283173845611829,0.060454563697519025,0.00713001791308575,0.0007509926711252336
N9498GW,0.6790195395409627,0.30459383546839935,0.013667845136192404,0.00220872140607952,0.0005100584483661423
N4961HD,0.837910582912638,0.15577747326032795,0.0046896815642313685,0.0013560113496412253,0.00026625091316142716
N4965HD,0.4293695428169127,0.506397067076215,0.058684213758429755,0.004679428858636185,0.0008697474898063504
N4967HD,0.6027314929530497,0.3558944670691943,0.024301933497594436,0.016345626650624296,0.0007264798295372915
N4968HD,0.24755909281758592,0.6024618744439574,0.11213624776194725,0.034432465600436356,0.00341031937607313
N4973HD,0.8068501703093431,0.18150060439802781,0.008778999788814757,0.0025409559821349334,0.0003292695216794495
N4976HD,0.02045207370890596,0.40655254557078396,0.5462118429691112,0.02640032008183784,0.00038321766936111746
N4977HD,0.7194331519879844,0.26958351165024197,0.008188739039259459,0.0023396410778001916,0.0004549562447140349
N4978HD,0.7446806774851525,0.22003614285546133,0.03025802302911136,0.0045248024110352905,0.0005003542192393983
N4982HD,0.2928856228133335,0.6142027939182332,0.06798508119922168,0.021784711279802776,0.0031417907894087426
N4983HD,0.28411839448689674,0.5794630445264832,0.07818606130537357,0.055589776107540574,0.0026427235737058173
N4984HD,0.8761644339996644,0.11493401466616189,0.007327176498082341,0.0012593499813597668,0.00031502485473167716
N4992HD,0.0742936723424729,0.32600178614445907,0.23786975109782343,0.35958898870836437,0.0022458017068801885
N5000HD,0.5277735144221435,0.40521842242903017,0.05761970240525661,0.008556838298401113,0.0008315224451687337
N5006HD,0.5173153909781387,0.45082395147544474,0.026312124043157973,0.004806460300401597,0.0007420732028569659
N5007HD,0.7398093478284827,0.19803666019820224,0.05656362690899944,0.005216540407416846,0.0003738246568987494
N5008HD,0.3804878258732051,0.5913269884955457,0.02141139677800167,0.005911928065662004,0.0008618607875855674
N5011HD,0.5891444119268427,0.39070613472451926,0.015312078671861016,0.004342268173939129,0.000495106502837953
N5020HD,0.7204845493932843,0.2660563799329279,0.01031286411769599,0.0026206732816448476,0.0005255332744469953
N5024HD,0.8066613033065205,0.18383177253081984,0.0068366854490783426,0.002423421810743393,0.00024681690283780844
N4826HD,0.8419526598390971,0.15083281419812516,0.005184410894583903,0.0016724862277644943,0.0003576288404290834
N5032HD,0.8864993698820932,0.1035503139159326,0.007370079671604306,0.0023323631696392493,0.00024787336073073745
N5041HD,0.8553082656196113,0.13100176352979412,0.0105806009704325,0.0027173293316010683,0.0003920405485610365
N5043HD,0.9673853838817434,0.02887940269081403,0.0025554356508222134,0.0009908552751776965,0.00018892250144248536
N5044HD,0.2446485759155748,0.5956197330840919,0.14657807092631356,0.011574976537115297,0.0015786435369044307
N5045HD,0.8325097654263119,0.1599300310500032,0.0060462006388471,0.0012645581703050657,0.00024944471453266105
N5004HD,0.90733940624855,0.0778321703223353,0.011145503411814946,0.0032713907561578008,0.0004115292611417604
N5055HD,0.5928787437875755,0.3581476845461733,0.023609866181543853,0.024552974030788884,0.0008107314539184903
N5056HD,0.26577281936307995,0.46889490120766664,0.1452811730530941,0.061790625953840106,0.05826048042231902
N5057HD,0.6380091783131164,0.35035728718001097,0.008497837589967657,0.0026797816256487984,0.0004559152912560164
N5059HD,0.5673277976044669,0.35808719134322314,0.06477138704192052,0.009004522023579795,0.000809101986809684
N5061HD,0.6067126545896552,0.35907295838505054,0.03021574941743995,0.0035471858157546,0.0004514517920998057
N5018HD,0.9162967480810892,0.076875727837386,0.005324644068016454,0.0011484252042502573,0.0003544548092581962
N4896HD,0.5271838009954589,0.4011566709531184,0.0634843467486189,0.007409914323743422,0.0007652669790604012
N5064HD,0.7951090626080572,0.1889954352339117,0.012817720775144155,0.002745398380036641,0.0003323830028501668
N5065HD,0.3517304793382441,0.6125484479360269,0.030522082635812135,0.004569537103980018,0.0006294529859368351
N5067HD,0.19493533068158336,0.6098874763595489,0.14515877868801233,0.04561779952461307,0.00440061474624256
N5070HD,0.018896579695780492,0.4245243832427321,0.5338020751178787,0.02238655695224384,0.0003904049913648998
N5071HD,0.7565045029868339,0.22845034277922047,0.012083977695706122,0.0021151290338940346,0.0008460475043453981
N5072HD,0.8010554391734072,0.18546281455857774,0.01115816496090071,0.0019424100106133553,0.00038117129650096037
N5074HD,0.7292152027252083,0.25241386994707427,0.01413470144979322,0.0037496753421716227,0.00048655053575249346
N5075HD,0.9770559916985876,0.019999840497658194,0.0020108504947091224,0.0008045957366894597,0.0001287215723556921
N4923HD,0.7475109717358672,0.23184013447676743,0.013581449185932805,0.006376758534456557,0.0006906860669759638
N5076HD,0.7310747951593848,0.2608179887758509,0.006311336280987595,0.0015097562837002988,0.00028612350007642574
N5079HD,0.05158704524933464,0.3397950255283156,0.31641378297304157,0.2899879201353806,0.0022162261139277027
N5080HD,0.2922148035442866,0.6650749797445416,0.029190799605217962,0.01254599687243038,0.0009734202335234574
N5082HD,0.5487653759667763,0.4014243425751125,0.03953813790400346,0.008529729298146632,0.0017424142559609183
N5083HD,0.7213341831602722,0.2599907308890854,0.014517340441848246,0.0029522629126422367,0.0012054825961517366
N5085HD,0.4213046476070788,0.4334202367006085,0.1320236746760578,0.012219830827012747,0.001031610189242272
N5051HD,0.2935541164937155,0.6998787131827041,0.005344530002336593,0.0010035210008767993,0.00021911932036688302
N5039HD,0.07702588789993331,0.4893290075604265,0.3193221851228115,0.10613474569279253,0.008188173724036147
N5088HD,0.9663671365388805,0.02831024497590306,0.004394189275359202,0.0007850935134950485,0.00014333569636243226
N5091HD,0.16897682722962187,0.8246199227797892,0.004516594626442692,0.0015404815873834709,0.00034617377676255745
N5093HD,0.02872764293265005,0.08604575959605891,0.23630500903700077,0.6393385379504974,0.00958305048379287
N5100HD,0.03453980209142154,0.12083025251487155,0.17713964534727059,0.6661761520788726,0.0013141479675637454
N5103HD,0.0555621146949654,0.477628490163799,0.27487014380838476,0.13936297666197897,0.05257627467087205
N5104HD,0.9862832042726549,0.012133554806713152,0.0012176379517352212,0.00030580470380702336,5.9798265089752706e-05
N5105HD,0.8205160341884827,0.1576536000620472,0.01273743513603207,0.008687643554081078,0.0004052870593567701
N5106HD,0.7561151156387707,0.2298278430919033,0.011246871344504394,0.0024575926272804916,0.00035257729754105947
N5109HD,0.7459658845685379,0.2433215636762063,0.008112944706839275,0.0021703332186729773,0.0004292738297435643
N5112HD,0.5078217601379132,0.4476042200964067,0.030666096441847864,0.011919234945115277,0.0019886883787169725
N5115HD,0.8925950071976629,0.09838797443167961,0.007133292731509957,0.001609396239934988,0.0002743293992125153
N5120HD,0.03698142269992427,0.21362485063257777,0.26910466638902397,0.4502891827448621,0.02999987753361184
N5121HD,0.28533492667018995,0.6753988804541159,0.027022152488376375,0.011643056744168557,0.0006009836431492633
N5122HD,0.4881933889733617,0.4460751317192138,0.04752308266675732,0.015301905626780785,0.002906491013886398
N8305HB,0.775536454338138,0.21275409993204994,0.009729356584645972,0.0016539213670209941,0.00032616777814514693
N5126HD,0.09327031833896826,0.5321576595278527,0.24904006545553808,0.08451177479410171,0.04102018188353928
N5128HD,0.848238331759172,0.13869650195875036,0.009145434230681064,0.0035304047225178676,0.0003893273288788608
N5133HD,0.04247381017583135,0.18406123765607726,0.36964958323021224,0.39977654640315236,0.004038822534726915
N5135HD,0.8392166145669123,0.15117364993879107,0.0073494659268014,0.0016465163113408314,0.0006137532561543745
N5143HD,0.8626552792063398,0.13048108861088542,0.0053006092646263655,0.0012827074330285342,0.00028031548511981504
N5144HD,0.30827393322300733,0.5991519531279462,0.07774153879528904,0.013347695965505805,0.0014848788882515784
N5149HD,0.2228641795248964,0.6738619333591855,0.06392597877196417,0.035975817625780296,0.0033720907181737864
N5152HD,0.6126455458847293,0.3514393501939548,0.03105438237186419,0.004087833650601656,0.0007728878988500828
N4394HD,0.1707409948639848,0.6135231260285208,0.19689404416522072,0.01735131129859728,0.001490523643676527
N5029HD,0.38128409387277307,0.5073512607971818,0.08711549288598378,0.020769194861776048,0.003479957582285332
N4368HD,0.9544319775557931,0.04091886353496768,0.0028861170519390573,0.0015924162990518626,0.0001706255582484803
N5013HD,0.3565312574131244,0.545439396839539,0.074087324700704,0.020514113135909798,0.003427907910722789
N5153HD,0.44609226449645956,0.48927925034365094,0.055086156726099594,0.007780318653775018,0.0017620097800148324
N5157HD,0.7775425820282877,0.21275948180579268,0.007643606634755479,0.0016076190966507074,0.000446710434513402
N5170HD,0.5665486114980642,0.40162376606241607,0.025639507739038867,0.005506113259037298,0.000682001441443657
N5172HD,0.8023170165762538,0.17391460748514934,0.019770486004298798,0.003533245155834223,0.00046464477846383734
N5173HD,0.7025493278518684,0.26950222543886215,0.022941149378104167,0.004265168799367751,0.0007421285317974326
N5147HD,0.4719875732038213,0.48062506067292626,0.03701878142653312,0.008826496419404299,0.0015420882773149996
N5178HD,0.7830661063764836,0.19182076866853842,0.021537779926425516,0.0029776567868078268,0.0005976882417446348
N5180HD,0.6737607024546817,0.30911996844538625,0.013400855536831891,0.0032352408464693923,0.0004832327166309778
N5181HD,0.4207906693186293,0.47755988481960254,0.08915880985358676,0.010430158234846278,0.002060477773335166
N5182HD,0.7810124894909568,0.21017957496568554,0.006939898402371399,0.0015782988100076609,0.0002897383309786337
N5183HD,0.02683423598640479,0.9643520347472706,0.007927850276403766,0.0007412372360896996,0.00014464175383111915
N5185HD,0.4742198670693776,0.43725738496838656,0.057299685813748634,0.02848889765213652,0.0027341644963506787
N5187HD,0.1793759221805843,0.5103553545703645,0.2813860527291314,0.02351343882033721,0.005369231699582719
N5188HD,0.12604086757805255,0.5131757573100885,0.18112890150328542,0.17589339325890102,0.003761080349672539
N5190HD,0.00534990089594902,0.013906299302029258,0.13122525290780004,0.8490018936933009,0.0005166532009207265
N5192HD,0.4257397286945928,0.565639075775927,0.006448440327027186,0.0018263285999280756,0.0003464266025247848
N5193HD,0.6810408526585866,0.28921549542358327,0.025363081081322444,0.00385606700095778,0.0005245038355497667
N5197HD,0.8978536132837704,0.09640034149137959,0.004360685640149881,0.0011644762501849327,0.00022088333451507792
N5198HD,0.18291894672546724,0.5380553765995947,0.18446136302690685,0.09148276457944636,0.0030815490685848863
N5199HD,0.7790263432877748,0.20089020360658355,0.0154314157503906,0.004229447734511505,0.0004225896207393341
N5200HD,0.6666367602568651,0.30528653416324864,0.023745287116754586,0.0038456981472299806,0.00048572031590165854
N5203HD,0.04577085963638017,0.1885849038797884,0.4424983636995169,0.31667406937131803,0.00647180341299652
N5209HD,0.044866355110004544,0.3900565575388439,0.23154150843350274,0.32710781581300646,0.00642776310464237
N5212HD,0.8151168764675725,0.1760986454529794,0.007147731793177811,0.001375474870560086,0.0002612714157101667
N5215HD,0.5012500427113591,0.4577552856188902,0.03460118498498009,0.005696345758592375,0.0006971409261781773
N3574HD,0.785600994242553,0.2032300468786681,0.007524975653047667,0.003324320019839455,0.00031966320589164095
N4760HD,0.06647242761244686,0.4567601612390429,0.39489515134609066,0.0647577649959127,0.017114494806506873
N5225HD,0.8225442115113014,0.16871199233444809,0.006715559915905914,0.0016789818698799313,0.0003492543684647082
N5226HD,0.7132771900844866,0.2539347153025627,0.024546628990925128,0.007673484222478437,0.0005679813995470235
N5227HD,0.7596170746824297,0.22133286626727813,0.014615341041217393,0.0038450213718975866,0.0005896966371772838
N5233HD,0.012043031248931526,0.0443847671858861,0.16915183759874575,0.3806918782359169,0.39372848573051983
N5238HD,0.8769681787547641,0.10995466028224689,0.010082550247804963,0.002536432498646671,0.00045817821653720267
N5241HD,0.750861161051189,0.23487808584718214,0.011045360012201777,0.002883133313668668,0.00033225977575837096
N5243HD,0.03076710766063045,0.35892562548085355,0.31488867252536146,0.2923781702142477,0.0030404241189068482
N5246HD,0.7672261677474257,0.21406591236635467,0.012929993597745677,0.005199088313741472,0.0005788379747324776
N5247HD,0.020720755671956612,0.05682258948511762,0.5071743643264209,0.4139448727711382,0.001337417745366599
N5248HD,0.8176878867091074,0.16798266054209365,0.008317280088635784,0.005542503124774384,0.00046966953538885134
N5253HD,0.7035801055486739,0.2555059423663214,0.031453975460581735,0.008036949710808768,0.0014230269136141936
N5257HD,0.03929419049720287,0.1785853758529561,0.52432978322419,0.2489972897383883,0.008793360687262754
N5259HD,0.05599722324273219,0.25786665305169104,0.282549376619491,0.15593403048932644,0.24765271659675933
N5262HD,0.20633819441885265,0.3610612860460506,0.43044622548209044,0.0017588294977879556,0.0003954645552183341
N5266HD,0.6821585676631216,0.28059967411489384,0.028342870747778456,0.008200363136875447,0.0006985243373306896
N5270HD,0.7788560504130794,0.20875728228800217,0.010062349502703844,0.0019763016235772824,0.0003480161726373453
N5271HD,0.6446453720943164,0.28232738887652786,0.06698979905932755,0.005386619926986436,0.0006508200428418028
N5273HD,0.6455635095217412,0.3294434941673059,0.020615123262420317,0.0038006528669873533,0.0005772201815451177
N5274HD,0.8934662772722488,0.09789608506078461,0.006468655661840096,0.0018980008443690445,0.0002709811607573151
N5211HD,0.4768495372957286,0.41539149968649297,0.09443061223309585,0.012560371002065794,0.0007679797826168732
N4843HD,0.8107415532814879,0.14154264945549402,0.03310660254754953,0.013928740508120745,0.0006804542073476749
N5287HD,0.6622490441293215,0.32065022642715263,0.013598839122596277,0.0030697737634442827,0.00043211655748526
N5286HD,0.07853359966146696,0.3553659391447438,0.299802776806715,0.25707239020692557,0.009225294180148709
N5292HD,0.02436754489030467,0.12463996049326949,0.2796419117718931,0.5644099354643834,0.006940647380149274
N5294HD,0.804955278033114,0.1814941623974175,0.010989624106860154,0.002065292820999039,0.000495642641609259
N5296HD,0.3515354498122662,0.5010136792337833,0.1181064863896417,0.025891476819016802,0.0034529077452920835
N5298HD,0.7297983607064773,0.24893209184940338,0.01781954535901703,0.003038857242910127,0.0004111448421922081
N5303HD,0.6571815874061123,0.3086524174916897,0.02981048956554943,0.0037705195152618765,0.0005849860213865838
N5305HD,0.36600684403644185,0.4756275857574754,0.14104428701655888,0.01551041827075207,0.001810864918771712
N5306HD,0.8185350853501699,0.16844854369909884,0.010727095042847481,0.0020221292158180966,0.00026714669206566764
N5307HD,0.08233352992547956,0.6022397165314463,0.15101868626224327,0.1609529631522633,0.0034551041285677884
N5311HD,0.771816396843478,0.17468487333245808,0.038347223241169376,0.01474828412318818,0.00040322245970626346
N5314HD,0.6929032621273105,0.2875033131311396,0.01470164425926853,0.004346015747119557,0.0005457647351620483
N5073HD,0.10415976709151194,0.470552621916818,0.37088691207353197,0.04056114853928998,0.013839550378848115
N5277HD,0.07191049298930066,0.33344818330809556,0.3441031432334451,0.23305590998148076,0.01748227048767798
N4885HD,0.9802762260267056,0.016221097929031494,0.002878005626218107,0.0005378409585320144,8.682945951285099e-05
N5318HD,0.09909585737439879,0.5210645673382643,0.34943116637032073,0.02830670330928996,0.0021017056077262063
N5321HD,0.7995064168369993,0.19151092556913707,0.006416541218974586,0.002237073620438111,0.0003290427544509627
N5323HD,0.9512243315607807,0.04552219283178729,0.0023795279936493427,0.0007305125135768572,0.00014343510020557585
N5324HD,0.6679008711538675,0.30128143709463007,0.024093923879665576,0.006035537300056339,0.0006882305717806197
N5326HD,0.7286876678517459,0.24996861531552161,0.016424542177229922,0.004488895802657942,0.00043027885284472423
N5327HD,0.5893488699997299,0.38592031564278995,0.019821702719984187,0.004046786859692942,0.0008623247778030758
N5329HD,0.24904134858918808,0.61075925630267,0.12955839815923403,0.008596243396700594,0.002044753552207354
N5331HD,0.8732458469629016,0.11591451470688778,0.008475552680331259,0.002029038310851272,0.00033504733902789256
N5332HD,0.8644412407535579,0.12453255967542512,0.008446287066675828,0.0022211956419942083,0.00035871686234696643
N5333HD,0.7441979953910852,0.2466165170196895,0.007099717945232163,0.0017498721670441354,0.00033589747694906546
N5334HD,0.021618929751112553,0.9744628581766364,0.0028246272117135275,0.0009509359174697587,0.0001426489430678397
N5338HD,0.08333099223636303,0.2838575210032501,0.42095133145182045,0.20348849614998032,0.008371659158586071
N5339HD,0.15758046420779614,0.6656111632012481,0.1425187290505258,0.030695621404286208,0.003594022136143762
N3820HD,0.04227703153873589,0.11929640860235505,0.4099557423151946,0.41799926033211965,0.010471557211594857
N5342HD,0.8256282557126859,0.16131375641900603,0.00954081282730787,0.003213885475913501,0.00030328956508664234
N5345HD,0.7483915069682497,0.21644235478772442,0.030048476757651484,0.004553676341098124,0.0005639851452762585
N5346HD,0.6590444488854416,0.33094884186097523,0.0074346245232924015,0.0022362389186591893,0.00033584581163165526
N5348HD,0.06980813747847625,0.2838771716474847,0.25212650873989995,0.34624911994807916,0.047939062186059846
N5351HD,0.6782887172269708,0.2951572172773063,0.01803729796155373,0.007940586839536077,0.0005761806946329303
N5354HD,0.002384626393145751,0.005937231319106637,0.0753738902678225,0.9157598789579864,0.000544373061938794
N5355HD,0.4452523858163849,0.5223463829434325,0.026431190813182775,0.005371219771181385,0.0005988206558184625
N5362HD,0.8807426886794012,0.11295820096597686,0.004740695288259492,0.001303519660180747,0.0002548954061817885
N5364HD,0.7947631964119746,0.18007108247576628,0.01836524190613382,0.006473347507824338,0.0003271316983009105
N1264HD,0.007280745645630533,0.9017403018766582,0.09027823915714134,0.0005460547138753641,0.00015465860669451067
N4985HD,0.23933173018863726,0.628759740239079,0.11806509269426967,0.011811974713958753,0.00203146216405539
N5368HD,0.028761522507033295,0.11359342721456255,0.24078961218814032,0.483591526646984,0.13326391144327987
N5371HD,0.630167464643323,0.3610166025050381,0.0064967851417880905,0.0019634871519651842,0.000355660557885744
N5372HD,0.8433685876349273,0.1488828554562283,0.005550094583380005,0.0019501328017270474,0.0002483295237373295
N5373HD,0.5326085242092018,0.45955811059007556,0.0055548501315301245,0.0019211939444833308,0.000357321124709242
N5374HD,0.8680946750089491,0.12332462549643751,0.006466530419389587,0.0017222046076607242,0.0003919644675630587
N5377HD,0.8384990595769374,0.15363789623968394,0.006149874507482284,0.0014427759217270388,0.0002703937541693062
N5379HD,0.7721210012812871,0.21014179923627474,0.012518598702821066,0.004611551209309006,0.0006070495703080677
N5381HD,0.15406063345647,0.42341047437031404,0.2393449157036814,0.17631873323407554,0.0068652432354591505
N5383HD,0.26649234881414613,0.41565900282711987,0.265462430060796,0.050188814198220966,0.0021974040997168767
N5385HD,0.6541860944721578,0.33423219035786356,0.008902361194870279,0.0021877315503275856,0.000491622424780714
N5387HD,0.040468145546575816,0.32868161720754724,0.470756998052232,0.11463067884846746,0.04546256034517765
N5388HD,0.045521312409131494,0.18198495137511966,0.14617786927533086,0.6098258643274972,0.01649000261292076
N5389HD,0.030424584490654303,0.34869037826866844,0.6022656413818037,0.018107953425620053,0.0005114424332536483
N5391HD,0.7451359558935274,0.22650858555964398,0.021013587502424727,0.006621454329305547,0.0007204167150983112
N5393HD,0.7007018394862471,0.28881367955993426,0.008743430384470976,0.0014542974597268566,0.0002867531096207919
N5395HD,0.7656187253315289,0.20083685938997506,0.028911958487340707,0.003822349417045429,0.0008101073741098805
N5397HD,0.8105855522550756,0.16996216009857806,0.015794484631884924,0.00319713673417517,0.00046066628028632874
N5398HD,0.8358284016535394,0.14454664917697319,0.016005846683626333,0.0031611316108733287,0.00045797087498798325
N5386HD,0.11666295626565804,0.2224034559031866,0.6584163039222827,0.0022572755929353913,0.00026000831593717236
N2483HD,0.7369936412507642,0.23399137918767918,0.021158506096991703,0.0071139962486013175,0.0007424772159635688
N5402HD,0.6073395780143801,0.3436742067725671,0.045727013472593434,0.002735046256931131,0.0005241554835282119
N5404HD,0.6816122003473144,0.27212234383802963,0.04011713277137573,0.005497422563906461,0.0006509004793737305
N5405HD,0.8445029607430129,0.1399821077312609,0.008653161229244205,0.006379359236617809,0.0004824110598643179
N5407HD,0.5991502491283964,0.32660772136933197,0.062061617347369646,0.01057000012108498,0.0016104120338169877
N5414HD,0.375682911996489,0.6166855024397333,0.00522944487196038,0.002051916383368723,0.00035022430844868695
N5415HD,0.6668694568842366,0.32645247496607505,0.004751675380381971,0.0016513068565469577,0.00027508591275930146
N5416HD,0.5621700587688888,0.4239892364646581,0.011019843219393446,0.0023715109495875243,0.0004493505974720836
N5421HD,0.8043568150719883,0.17598970191472446,0.014851788588932527,0.004306205666432811,0.0004954887579217276
N5430HD,0.8318391256543437,0.15876070651456303,0.006501782342575683,0.0025246360849828626,0.0003737494035348723
N5431HD,0.05334297661400232,0.1981814467227382,0.7365122545375784,0.011620664187505536,0.0003426579381756336
N5432HD,0.6344565575136699,0.344984215893611,0.01714413209363817,0.002798832871000902,0.0006162616280801172
N5437HD,0.7912988042396638,0.19778711460217155,0.008289327135472794,0.0023336197671684667,0.0002911342555234739
N4225HD,0.24201269161234853,0.5660392584266101,0.17384320445926876,0.016765768844352078,0.0013390766574205909
N5123HD,0.4757361571259671,0.47862161821706206,0.03544697203242727,0.00906518611065269,0.001130066513890954
