ncode,proba_0,proba_1,proba_2,proba_3,proba_4
N4541HD,0.4377972750587218,0.45346476120327855,0.10356944807581203,0.004690771090168689,0.00047774457201895423
N4397HD,0.07849581455207323,0.3249852435208436,0.37447844284451,0.2187255238227249,0.0033149752598484196
N4544HD,0.8094336129273302,0.18019739560985232,0.007856433387565172,0.0021783097395413195,0.00033424833571091484
N4545HD,0.06958308865864841,0.4189363345203261,0.41888153570411174,0.07570792532547123,0.016891115791442545
N4546HD,0.7370068734405679,0.24995811936277693,0.01075865200462214,0.001890620618566316,0.00038573457346677395
N4550HD,0.8441990090702164,0.14702986626910203,0.007390140383480931,0.0011592298287616183,0.00022175444843906657
N4551HD,0.5598162574794053,0.4251842613113554,0.012678506616337392,0.0019678464320021546,0.0003531281608998107
N4554HD,0.03592640031454453,0.055497533558694336,0.9070266632913628,0.0013548616958235491,0.00019454113957483528
N4555HD,0.7485994788181484,0.1871810510720118,0.06064560724425738,0.003129420527752346,0.000444442337830302
N4556HD,0.500185670455817,0.3036491290128008,0.16286354977966794,0.03225087149400437,0.0010507792577098226
N4563HD,0.327002224479308,0.5469357513096932,0.1186066475973235,0.006714966797651808,0.0007404098160234959
N4567HD,0.9139863476571983,0.07427280717567955,0.007814767832808172,0.00365824345160746,0.0002678338827066827
N4561HD,0.746270419598889,0.24789704995832762,0.00367733759641698,0.0019047391732581872,0.000250453673108009
N4571HD,0.3345033209500277,0.5909053602119696,0.0668125778375274,0.00680966855363919,0.0009690724468359806
N4574HD,0.9896597338835292,0.00925409903778842,0.000816279514049082,0.0002350006965154871,3.488686811799163e-05
N4575HD,0.684237443954994,0.29313328861936694,0.019664261498197843,0.00270462739299112,0.00026037853445014594
N4579HD,0.1542215505674667,0.6000208907053082,0.22992640384304577,0.01179770893893189,0.004033445945247519
N4581HD,0.6749995546581181,0.2982622391970923,0.022837937145369483,0.0034648071386230383,0.0004354618607970183
N4584HD,0.7651473466707743,0.21746150518395696,0.015195834741684315,0.001867915341162297,0.0003273980624221605
N4578HD,0.8193183835667908,0.17008952867398394,0.008903408398942943,0.0014153215124284243,0.0002733578478538193
N4590HD,0.12683744078411313,0.8634387413120586,0.008897420429330064,0.000715671747917002,0.00011072572658091869
N4593HD,0.0016719673196307944,0.007735861238159217,0.02638840567448504,0.9640796186785763,0.00012414708914872807
N4151HD,0.1116204218141001,0.3855649088289092,0.25887316041563263,0.23413303549011133,0.009808473451246812
N4594HD,0.656395833756747,0.3318863775258758,0.010357253407584994,0.0011908044446732322,0.00016973086511882363
N4600HD,0.5981251932850095,0.3808631368664948,0.018995799018215017,0.0017459946683573751,0.000269876161923275
N4605HD,0.1875918742023736,0.06733094280066397,0.7354560596435944,0.009432418701141594,0.00018870465222640945
N4612HD,0.5127500308166397,0.45123216478185063,0.029768112494514415,0.005290302144633234,0.0009593897623620665
N1701HC,0.19508990308388488,0.6990509139085173,0.08579548723237533,0.013481933364975248,0.006581762410247414
N3705HD,0.008814994083523355,0.0407855644640912,0.16270050596211413,0.2454398014583826,0.5422591340318886
N4589HD,0.6846363958640889,0.2877583724771587,0.023677253854298225,0.003539828276273643,0.00038814952818074254
N4339HD,0.9166340068053953,0.07932645179324549,0.0032158707002358632,0.0007095012128153918,0.0001141694883080759
N4615HD,0.05016088475426829,0.17672761032484668,0.45552771291214933,0.30584149573833264,0.01174229627040309
N4618HD,0.9197105350119756,0.07500304619238707,0.0035890572594789423,0.0015367458119436286,0.00016061572421484306
N4624HD,0.4015460789127768,0.5919764105321333,0.004694166385943526,0.0015666150415604453,0.00021672912758579979
N4626HD,0.7162756536628169,0.2702561947343601,0.009769088496686949,0.00347725507189236,0.00022180803424371354
N4628HD,0.23481409602256953,0.624466424613507,0.11943300212392804,0.020255978280557925,0.0010304989594374634
N4638HD,0.08881730603657646,0.4421714342301069,0.2325104085363421,0.23144338104631643,0.005057470150658104
N4639HD,0.5648734943062493,0.3796708609931499,0.031339573041033755,0.02291526421855384,0.0012008074410131907
N4642HD,0.907682226337643,0.08693693654803086,0.0038916462319805766,0.0013341078649678605,0.0001550830173777951
N4646HD,0.9768555092296746,0.020835714293588242,0.0016821178074812573,0.0005464303783976659,8.022829085805513e-05
N4631HD,0.8596333915974311,0.13470097698920944,0.00428678712983127,0.0011136541923769299,0.0002651900911511362
N4656HD,0.1555348409528803,0.18702101024507223,0.5498420824127479,0.08249684840221845,0.025105217987081062
N4658HD,0.910472113614717,0.08123973283893647,0.005511663273528858,0.002611679019473295,0.0001648112533442403
N4661HD,0.627127157333723,0.3330036847102853,0.031801613509822246,0.00756952745008813,0.0004980169960813306
N4665HD,0.8591156628392432,0.13185212800961416,0.007309324111486701,0.0015802514166171977,0.00014263362303863322
N4667HD,0.7932690895174878,0.19365671815909669,0.011116849555967583,0.0017726859704039243,0.00018465679704406305
N4669HD,0.5565200093258184,0.42845718201823685,0.01166954425598771,0.00293518797130637,0.0004180764286505939
N4673HD,0.19127789877014792,0.6727526850310258,0.11929310570062172,0.013962887922116559,0.0027134225760878255
N0760HD,0.28338020767426086,0.6126295317942771,0.09689423415135237,0.005637106564541396,0.001458919815568197
N4672HD,0.5662264440742195,0.35596328938908056,0.0646640141498799,0.012683049542389566,0.00046320284443056184
N2593HD,0.8358509336281197,0.15769170951607095,0.004106044221311692,0.0021852133063541036,0.00016609932814372696
N4677HD,0.381331046954299,0.5789269883588258,0.033093314451362786,0.0061542675163528265,0.0004943827191595315
N4680HD,0.481950444123268,0.43849324346233226,0.06602043881401663,0.012398934805941094,0.0011369387944420025
N4688HD,0.09947688768733781,0.26043296297644153,0.4361089572879224,0.1811287762319115,0.022852415816386806
N4689HD,0.825559756632235,0.16860620590639555,0.004740950512665098,0.0009269263037014694,0.0001661606450028341
N4691HD,0.24811554373083886,0.5085386786776812,0.1912903773369722,0.04786068187808435,0.004194718376423309
N4692HD,0.7265423241581068,0.2200507659400645,0.038371768251326606,0.009260293247965732,0.005774848402536615
N4694HD,0.04203929842441785,0.2502838013229283,0.6548951957277549,0.05228534267229392,0.0004963618526048713
N4695HD,0.30831083874428117,0.6579309244178351,0.02725452094648728,0.00588197001245384,0.0006217458789425756
N4699HD,0.5013872156165347,0.4527478487683801,0.03446911847098338,0.009966509855727048,0.0014293072883746593
N4703HD,0.33601854894437483,0.4811470312022168,0.0963924950430727,0.08331639744634103,0.0031255273639946013
N4704HD,0.006075884496773379,0.01577328636010579,0.12703351917129202,0.8492253966008856,0.0018919133709431601
N4708HD,0.9455497106397163,0.04904652484181723,0.0037519192570723715,0.001470671768174137,0.00018117349322013075
N4714HD,0.7518740681262256,0.20174970096890005,0.03455469660275519,0.009416573767801676,0.0024049605343175514
N4721HD,0.20981879378955737,0.6233931077928675,0.1475974367767219,0.017882728308869392,0.0013079333319838194
N4722HD,0.7783752555922373,0.21196162302826796,0.00762148643618,0.001736378363308903,0.0003052565800058945
N4724HD,0.6174473491188579,0.37143304708692954,0.009504201176207296,0.0014040555389245677,0.00021134707908072273
N4726HD,0.08173919333711768,0.784105700673002,0.1314505622349163,0.0023913529105093483,0.0003131908444548275
N4735HD,0.6980101521238176,0.28774589824804797,0.011926371090686722,0.0018775184573384856,0.0004400600801091912
N4063HD,0.7623866750148517,0.1904684018454658,0.03659515291400352,0.009680170632030327,0.0008695995936485284
N4712HD,0.6732798503932731,0.3140086299832345,0.008775474807984457,0.0035297165477427947,0.00040632826776527145
N4738HD,0.35005217107274056,0.60515420033657,0.03525167746899976,0.008771496238006209,0.0007704548836835526
N4740HD,0.07534458723130275,0.24073184529658273,0.505454159135127,0.08144283428636696,0.09702657405062054
N4742HD,0.017540408894526214,0.019105497000827955,0.06098090753333621,0.898308497167686,0.004064689403623715
N4745HD,0.825664785022394,0.16217923850604682,0.008531551947963624,0.0034324696449373948,0.0001919548786582282
N4747HD,0.890550136989967,0.09182740394353726,0.014931158735482526,0.002370745429108178,0.0003205549019049896
N4750HD,0.7901942444712519,0.18564958729729575,0.015260298284632127,0.008386760959528512,0.000509108987291855
N4752HD,0.043736121663645586,0.3011014301726742,0.21743625421321874,0.4290607440087384,0.00866544994172318
N4754HD,0.776971275935066,0.21679598752567877,0.0050055998177557706,0.0010324728736670074,0.00019466384783272005
N4755HD,0.13186104779563854,0.6764601793628346,0.1641316013748535,0.027143656867674306,0.0004035145989991809
N4756HD,0.3915667630778229,0.5829992012457441,0.022269556363878028,0.0025838361669108,0.0005806431456442033
N4757HD,0.8835121408867234,0.11188474394984409,0.0036891466488250682,0.0007857859967437894,0.00012818251786352367
N4759HD,0.35121235659120376,0.5855013437155231,0.057436861551746106,0.005381059064986291,0.00046837907654059195
N4762HD,0.6651618185623553,0.19915182147401206,0.13166499114433716,0.0034601342440592825,0.0005612345752362261
N4763HD,0.8107543422182235,0.16947148144169755,0.01360152405311975,0.004442279411339871,0.0017303728756193667
N4767HD,0.8738061089204786,0.11632226145414536,0.007367530495463323,0.0023123628369268534,0.00019173629298582914
N4769HD,0.03201674290407642,0.061087971855238045,0.9029071211239018,0.0037788095693381016,0.0002093545474457521
N4770HD,0.7749510496609866,0.20873258634781675,0.008776140762889139,0.007299040798269105,0.00024118243003856766
N4676HD,0.17617967888573008,0.7487830968112966,0.05761027687835957,0.016770646727949853,0.0006563006966640267
N4614HD,0.715514368063819,0.25596999296931117,0.022086087591958695,0.006082838365907411,0.00034671300900385827
N4774HD,0.3123062924782427,0.546928659297813,0.10165310224670673,0.03702363990320783,0.002088306074029619
N4778HD,0.04866224300886458,0.2571662025749007,0.4330745295213261,0.18730065917089664,0.07379636572401209
N4780HD,0.026620047324580752,0.13662521328385832,0.4180787271515127,0.3748329277497922,0.04384308449025616
N4783HD,0.6107046804668659,0.3721126166603636,0.014253634524730378,0.002578915076996429,0.000350153271043726
N4789HD,0.9085600989551278,0.08008518521311268,0.008733012215810165,0.0022489110022228223,0.00037279261372654966
N4792HD,0.33981387444373023,0.6543973285265315,0.004306624367988493,0.0012965185021981517,0.00018565415955150135
N4793HD,0.036188492713195596,0.8555782113523769,0.10564629697749366,0.0023083811251544952,0.00027861783177947455
N4794HD,0.0026958453260358824,0.011885949179131482,0.011777780241266324,0.9734990493728828,0.00014137588068353473
N4799HD,0.6660139400462041,0.31582298231024797,0.01469833987001784,0.003266702063128996,0.00019803571040102414
N4800HD,0.9712818243998055,0.02564755435228073,0.002339837268349774,0.0006324922420172997,9.829173754672946e-05
N4808HD,0.048227264627263774,0.9483189624672916,0.00264017997840509,0.0006926528695582612,0.00012094005748108758
N4809HD,0.7395465824957707,0.2228241836152783,0.02800394817753636,0.006871691386479472,0.00275359432493524
N4634HD,0.7822139660661157,0.20786325797637706,0.006282849126762266,0.003419967381752502,0.00021995944899246337
N4784HD,0.9160270551514329,0.07878998625369171,0.0037887511589379916,0.0012248030520954792,0.00016940438384195324
N4815HD,0.7531033944825987,0.23044801847575938,0.013181071153471694,0.0028712717148422465,0.0003962441733279231
N4816HD,0.6215122034088627,0.3466557279096522,0.025325136514906577,0.005952886479640071,0.0005540456869385494
N4817HD,0.2617935820715999,0.6998153199392967,0.03502903122101277,0.003034643519733343,0.0003274232483572815
N4818HD,0.8566138557974555,0.13247353794496644,0.008171806088800124,0.0025305035646174625,0.00021029660416018882
N4821HD,0.012006710396674076,0.9841597842893683,0.0030960278981202144,0.0006537354074300499,8.374200840746046e-05
N4830HD,0.8927224224264635,0.1002812630944787,0.005781687705709583,0.0010489254076033354,0.00016570136574492673
N4748HD,0.6912155691433535,0.29591571268723843,0.010271929139308782,0.0023615569082144376,0.000235232121884986
N4684HD,0.654842669462263,0.3368685856401876,0.006587747265466028,0.0014493772537279158,0.0002516203783554839
N0389HD,0.010878104181223846,0.965396661545327,0.022939952508530023,0.0006900424154863962,9.523934943283297e-05
N4796HD,0.5624241039650225,0.395485859360771,0.03512050324172965,0.006108776189940231,0.0008607572425366585
N4834HD,0.02422503869819043,0.06506596724793187,0.6358262786438553,0.273639128074348,0.001243587335674388
N4835HD,0.21166599964278715,0.7812911016290344,0.005237462435590791,0.0015773248230546546,0.00022811146953314362
N4837HD,0.42100179183081265,0.5741251041447046,0.0036196868044288725,0.0010815701625009923,0.00017184705755303318
N4838HD,0.03349144203185353,0.9630389663702786,0.002682393151754089,0.0006644413772912285,0.00012275706882234488
N4839HD,0.02673135328474506,0.6383249563988359,0.3244106689443923,0.01014046529380276,0.00039255607822409323
N4842HD,0.8314559616762572,0.1458904170011329,0.020779069358245677,0.0016720212899808064,0.0002025306743831889
N4844HD,0.9560747102698225,0.03933921399251676,0.003476357524902655,0.0009919979463744156,0.00011772026638379305
N4846HD,0.10695588087288233,0.5927639750908043,0.2825830214203179,0.01631239930578093,0.0013847233102144846
N4847HD,0.8779514937558694,0.11392304354154655,0.006602800979250751,0.001248556945406828,0.0002741047779265368
N4849HD,0.24615063766527828,0.6549582149033724,0.08478386552705033,0.0127469226336015,0.0013603592706975336
N4852HD,0.030664946673299727,0.2744979002077453,0.6592069282309595,0.035437777253534614,0.00019244763446106184
N4853HD,0.5052214093995739,0.4778175101379071,0.0143976047248014,0.0021813375606816524,0.0003821381770359268
N4856HD,0.5782747523541327,0.41098979883999526,0.008894484995662543,0.001585922621350723,0.0002550411888588327
N4858HD,0.5136550483341645,0.472462160097202,0.011167423847717338,0.0024254416489480667,0.0002899260719681321
N4860HD,0.5036224716533456,0.4625139397335767,0.019112193712193953,0.0138866038526483,0.000864791048235401
N4861HD,0.9028148661077716,0.09190007247965051,0.004051013194598195,0.0010743816286875496,0.00015966658929203738
N4863HD,0.5739516598552877,0.41875111092512696,0.00519886560863251,0.001709882030809679,0.00038848158014307804
N4864HD,0.6756399834980563,0.3148003499956431,0.007486566044938596,0.0018308242109366531,0.0002422762504254191
N4866HD,0.8594375604791624,0.12123729034146437,0.015926309267099453,0.003030868174464825,0.0003679717378088603
N4012HD,0.7304039251329012,0.26091455690671966,0.007209422167125243,0.001259347819202768,0.0002127479740510963
N4825HD,0.22450971435698497,0.6922887894721846,0.07035098496794212,0.010295563074219825,0.002554948128668192
N4875HD,0.1190944315499309,0.6839100412228767,0.160377342064979,0.03485330539472753,0.0017648797674858446
N4878HD,0.04712006605350633,0.19933158616537594,0.5540731825817761,0.19094677855852307,0.008528386640818496
N4883HD,0.010689460685439455,0.22975626765524756,0.6521418516301521,0.10727227476174708,0.00014014526741388479
N4884HD,0.5748507567091417,0.4101717716739168,0.012854619765174248,0.0017820362913925632,0.0003408155603747234
N4887HD,0.13890701505139488,0.8584523556157033,0.0021189601653606475,0.0004073160320142506,0.0001143531355268621
N4891HD,0.6103243178036715,0.3577838102067835,0.026603607499404772,0.0048914352466944665,0.0003968292434457413
N4892HD,0.5638320180157802,0.4208601023506683,0.012981805319006886,0.0020038300201015344,0.0003222442944431123
N4895HD,0.752474955680485,0.23584695596162322,0.008627982864533599,0.002830763470667054,0.00021934202269119235
N4899HD,0.6791677733604027,0.313984487091461,0.004992011876758316,0.0016093260661038744,0.0002464016052740696
N4898HD,0.3868847365677861,0.5841747776913457,0.025554037130707367,0.002820260404564962,0.000566188205595932
N4902HD,0.5851142814237182,0.3862051669597938,0.02130328095277854,0.006754566936473311,0.0006227037272360631
N4904HD,0.20923212019926227,0.6438930183771792,0.1057652125672034,0.037865390546259786,0.003244258310095431
N4906HD,0.6598164783650401,0.32343598808382157,0.0118024613434041,0.004593263672390086,0.00035180853534415036
N4909HD,0.8484656821396493,0.1395573535842485,0.009299882974928652,0.0022647073617396143,0.00041237393943393
N4912HD,0.6612019437318377,0.31659079220801584,0.020030249459092035,0.0018106497610827247,0.0003663648399716437
N4913HD,0.6710011686928148,0.31547699642553234,0.011234816703320966,0.001963970208135286,0.0003230479701966398
N4914HD,0.19845480412668332,0.5908704805683465,0.20702675673301613,0.003368167200639508,0.00027979137131465165
N4908HD,0.8031041072275668,0.19067137250486804,0.004899490512849118,0.0011098825678785122,0.00021514718683764958
N4937HD,0.7950482214834026,0.19778221609757907,0.005675206039348353,0.0012611442793210715,0.00023321210034893663
N4938HD,0.8535485882905384,0.1415055632114122,0.003935425339095216,0.0008664975505703034,0.0001439256083839423
N4949HD,0.9316229475566445,0.05921787173262179,0.007478992113308762,0.0015599377705715284,0.00012025082685328581
N4952HD,0.8874193698004278,0.10498761640177694,0.006102819667969352,0.0010561035061374458,0.00043409062368844614
N4954HD,0.5445933252831913,0.43625382541334906,0.016554306929041827,0.0021986067198006007,0.0003999356546172418
N7917HB,0.854468394797613,0.13407582681155658,0.008880579136678644,0.0022921337413458714,0.0002830655128058374
N4951HD,0.698851452505251,0.29205710837901316,0.006912839440406044,0.001953767884669931,0.00022483179065964476
N0385HC,0.14075586997422662,0.532728453559254,0.29107483735946116,0.032858360754415186,0.0025824783526429765
N3920HD,0.4276263291213525,0.5209976813688197,0.04720585502216269,0.0037441560370124103,0.00042597845065261053
N9498GW,0.71335433956058,0.2711755410599263,0.013594411609874115,0.0016277142184175338,0.00024799355120196987
N4961HD,0.7871246126394403,0.20816954798541978,0.0037557800893758208,0.0008078966970231611,0.00014216258874090456
N4965HD,0.4010869932961585,0.5517850723673837,0.04288770365733575,0.003770137738259721,0.00047009294086229186
N4967HD,0.6869565969484578,0.27658748401571914,0.02300962412856136,0.013049145639615902,0.00039714926764596774
N4968HD,0.26090158722126117,0.5503315445563424,0.10755151181663447,0.08029420530278858,0.0009211511029733185
N4973HD,0.7806089490445226,0.20614060451914146,0.010599380320021402,0.002415517305824827,0.00023554881048990262
N4976HD,0.020994909950835604,0.49076661434016194,0.4767532766855888,0.011198578984465201,0.0002866200389483333
N4977HD,0.6338573923967825,0.3566574789981751,0.00742683886300921,0.0017437241044168938,0.0003145656376161389
N4978HD,0.7713856814712062,0.2077454086350465,0.017115030898812736,0.0033687099813294284,0.00038516901360509913
N4982HD,0.30198667525820705,0.6297283610813015,0.05020921397945313,0.014775394670368147,0.0033003550106701705
N4983HD,0.2692472384404612,0.6225475080847773,0.052002235129555915,0.055051788804883546,0.0011512295403218905
N4984HD,0.8126444887318088,0.17453279348815995,0.011390500631056729,0.0012520188921239924,0.0001801982568502966
N4992HD,0.030216698270183473,0.46316425292101066,0.11703516400297656,0.3885357089857237,0.0010481758201054553
N5000HD,0.5228122158966281,0.4333255108926505,0.037534856268149945,0.005487169137757919,0.0008402478048138187
N5006HD,0.6245145938513122,0.3540149898758664,0.018448453776563015,0.0027521541723556386,0.0002698083239026398
N5007HD,0.7685993715220065,0.21038917165959256,0.017773024965930435,0.002858662432372691,0.0003797694200977608
N5008HD,0.508166463581803,0.4666515767521752,0.01984682953415843,0.004482582428631774,0.0008525477032316605
N5011HD,0.4927201065536299,0.47657822233336206,0.024348873291790328,0.005771847261728178,0.0005809505594894514
N5020HD,0.715263668942778,0.2677883128293641,0.012088815386417491,0.004286963885133231,0.0005722389563071995
N5024HD,0.8741721375296483,0.11544071434558542,0.007079579776924026,0.003133180875271196,0.00017438747257107442
N4826HD,0.7904076273832941,0.20416998576841391,0.004111894729987014,0.001105894864839331,0.0002045972534656575
N5032HD,0.8627651516247089,0.12569183820022461,0.008346471824988265,0.0030217884772721585,0.0001747498728060759
N5041HD,0.7808241263639255,0.20742081487637914,0.00968940826729178,0.001783066730261209,0.0002825837621423229
N5043HD,0.9660362823622268,0.031142319479827422,0.0020375429408399253,0.0006483311454909819,0.00013552407161495042
N5044HD,0.24586036004436285,0.6601914125088149,0.08108263667789936,0.012315889852308476,0.0005497009166143508
N5045HD,0.7738615821535484,0.21670868515940478,0.007629156608707051,0.001499229496725499,0.00030134658161435533
N5004HD,0.9261556122234978,0.061865494386872735,0.008592212639328628,0.003065193153604154,0.00032148759669679627
N5055HD,0.5207436719303995,0.4437952577755523,0.025949362283052953,0.009116924202908041,0.00039478380808727624
N5056HD,0.17759710548933802,0.48593571970688304,0.23086297921711638,0.06443078842298769,0.041173407163674895
N5057HD,0.7097191957875314,0.2842483449348591,0.004491280426538471,0.0013481566424291744,0.00019302220864181763
N5059HD,0.7311217261613707,0.23573131410564663,0.028066354057577337,0.004812191118739523,0.0002684145566657223
N5061HD,0.45114915085522833,0.5257670866666804,0.019658122648750297,0.00307429208540802,0.00035134774393313456
N5018HD,0.9263855175187276,0.06820187785289555,0.004335094047245737,0.0009423345783252663,0.00013517600280572308
N4896HD,0.53526958695088,0.42430731569738767,0.03450071123501916,0.005476307756741017,0.00044607835997225527
N5064HD,0.8166625259903085,0.16559689199965308,0.01439593360975352,0.003167153005007842,0.00017749539527706204
N5065HD,0.4629869162168435,0.5151417931516505,0.01856217631041088,0.0028790749445646545,0.00043003937653028607
N5067HD,0.1362521074937847,0.5565574531140144,0.24774562411527942,0.04263235058055622,0.016812464696365274
N5070HD,0.030499795035145723,0.5810644765549259,0.34796226221439014,0.040214148233555104,0.0002593179619830137
N5071HD,0.734784095290974,0.2445132237602517,0.01836691459621754,0.001924397202398776,0.0004113691501581522
N5072HD,0.6457499192679299,0.33511445652112193,0.01653909453298926,0.002316640974450188,0.0002798887035087171
N5074HD,0.6977222267121825,0.27937709525636434,0.01855023211819769,0.003483502315464006,0.00086694359779148
N5075HD,0.9762736530979153,0.021543674163154256,0.0015386223420121728,0.0005696778473236768,7.437254959459534e-05
N4923HD,0.7436040842142142,0.2363557518153622,0.01424177163137632,0.00536000436134437,0.00043838797770301
N5076HD,0.8240347347094875,0.16727019754039862,0.007343208179433213,0.0011538611044697514,0.00019799846621082145
N5079HD,0.04831366029610236,0.2296706110530976,0.5156920079383858,0.20475064928335107,0.0015730714290633112
N5080HD,0.2912572968559417,0.6679613147920745,0.025636918201326922,0.013143327384047759,0.0020011427666091794
N5082HD,0.6129881694923561,0.3481922321792063,0.03123321770637125,0.00636921859792435,0.0012171620241419395
N5083HD,0.7172632057997682,0.262895770318953,0.013990976732398025,0.004462564296024067,0.0013874828528564543
N5085HD,0.4293135158287552,0.5015364510731322,0.059738748792444445,0.008714551357548183,0.0006967329481198648
N5051HD,0.4330131978796921,0.5603523475005224,0.005207842490572879,0.0012614582171275568,0.00016515391208508988
N5039HD,0.07366568611232122,0.4329176810195883,0.33189435604794687,0.15914646885128747,0.0023758079688560997
N5088HD,0.9682130661129891,0.028495862599966264,0.002665374576239061,0.0005425629520225192,8.313375878310643e-05
N5091HD,0.21524135707523076,0.7781162451299345,0.004894073567351525,0.001445086760265214,0.0003032374672180371
N5093HD,0.03544342276037737,0.20038070208040193,0.6049416277925754,0.1529099203723378,0.006324326994307433
N5100HD,0.08869930867672064,0.1941064680375753,0.07120944056863736,0.6441422525781509,0.0018425301389157222
N5103HD,0.04700960996564413,0.42514770695294435,0.27764449107383204,0.24113312273622647,0.009065069271352925
N5104HD,0.9891953874863034,0.009657855830138453,0.0009067727017771271,0.0002005617179861524,3.9422263794831e-05
N5105HD,0.8486259418294753,0.13872909115066723,0.006016495013729788,0.006289113526797913,0.00033935847932969014
N5106HD,0.7559972974678051,0.23309392643874843,0.007639171625545688,0.0030093313314813754,0.0002602731364192695
N5109HD,0.7905216201644358,0.20155627300190684,0.006499533288217902,0.001207346966155978,0.00021522657928361308
N5112HD,0.525122609352914,0.4467156128193655,0.022460253741837143,0.004982340558303964,0.0007191835275794259
N5115HD,0.9050334995669861,0.0883329495732646,0.004393287599080801,0.0021170024060175466,0.00012326085465094331
N5120HD,0.08141103144727689,0.30351703739474567,0.2628318287786868,0.3281346093170072,0.024105493062283257
N5121HD,0.3119372185099922,0.6579015646277232,0.018763994996079274,0.010882381579745826,0.0005148402864596114
N5122HD,0.5400310459369863,0.3917228196765337,0.05346280932904624,0.013511213690629421,0.0012721113668045319
N8305HB,0.649506859633467,0.34131805312478786,0.006955492960820685,0.0019243818018671464,0.00029521247905711103
N5126HD,0.07172895842671627,0.6798638489308811,0.08781628201878948,0.10378080890140114,0.05681010172221215
N5128HD,0.8476217000948313,0.14514867146846874,0.005611853204847935,0.0013605426996773152,0.0002572325321747085
N5133HD,0.02415465245215145,0.14726191792718937,0.536942449372684,0.2897779016575019,0.0018630785904734642
N5135HD,0.8212844622671619,0.17153159545083294,0.005997912259016128,0.001000707933954965,0.00018532208903401475
N5143HD,0.8123438423631765,0.18160327598388448,0.004979010177593428,0.0009170927763292353,0.00015677869901659983
N5144HD,0.3123788870698987,0.6539412565612988,0.02377278574323434,0.009562495603441317,0.0003445750221268424
N5149HD,0.12342413221983196,0.7636126413971406,0.07830154342123662,0.030794693068550708,0.0038669898932400257
N5152HD,0.6607459823103817,0.3092123680115089,0.025542856427453815,0.004110276887797891,0.00038851636285769267
N4394HD,0.40712789130136817,0.42627800990468284,0.14442015963142973,0.0198485910659807,0.0023253480965385745
N5029HD,0.22457026086560064,0.6593738432799957,0.08775900643972669,0.02664339447484199,0.0016534949398349242
N4368HD,0.9263710696017806,0.07003246606543481,0.002685025351958487,0.0007828255534141264,0.00012861342741169186
N5013HD,0.38100966604617986,0.5477676514357809,0.06311907745391754,0.005699389992182817,0.002404215071939014
N5153HD,0.6234249663911623,0.3392828306637517,0.029326132125107165,0.006290211138512194,0.001675859681466659
N5157HD,0.8403172137738667,0.14905531428272986,0.008285001634512935,0.0019013588306126912,0.00044111147827791955
N5170HD,0.49498830494093743,0.4387949278529047,0.05852477377113962,0.006668665339520355,0.0010233280954978412
N5172HD,0.8388682080079718,0.1391332866356979,0.018664251424835375,0.0030311615915409474,0.00030309233995370937
N5173HD,0.8065815458082177,0.16913929026006277,0.01996153913626396,0.003906120854234082,0.00041150394122153124
N5147HD,0.6721264657113659,0.3049814923412902,0.0184278354923515,0.004045323687755248,0.00041888276723724713
N5178HD,0.6843477902962457,0.29086810601369933,0.02202308228582866,0.002497367534709382,0.0002636538695168471
N5180HD,0.6120104004434826,0.37008787990428105,0.015032481408477183,0.0025710543637927088,0.00029818387996653734
N5181HD,0.39134773751903174,0.49150595907905037,0.11171760423072566,0.0047528440877011545,0.0006758550834911136
N5182HD,0.7922992023911577,0.19893009506411063,0.007194249392786623,0.0013780897431900439,0.00019836340875514067
N5183HD,0.024106703605295796,0.9732550072587868,0.0021152218415840633,0.00044899193975021665,7.407535458319112e-05
N5185HD,0.47349902393962257,0.4164427315278626,0.07206242946677383,0.03636640031361673,0.0016294147521244483
N5187HD,0.18013333826842715,0.5699480125317078,0.19519353372751289,0.051045136865811816,0.0036799786065403626
N5188HD,0.20975858103791553,0.4465454199017506,0.2516158696656777,0.08794334215202179,0.004136787242634382
N5190HD,0.006513885069800281,0.02993633184460986,0.3822283908916195,0.5806719447765516,0.0006494474174186844
N5192HD,0.3225799288622881,0.6717819029007032,0.004190712530826044,0.0012396883105627702,0.00020776739562006186
N5193HD,0.65908534252374,0.2963719359359887,0.04185267242414704,0.00226643986680234,0.0004236092493220137
N5197HD,0.9367219563816572,0.05933959419784079,0.0031788403957956467,0.0006531184499166038,0.0001064905747896368
N5198HD,0.18444711634458733,0.5950536720503548,0.18677833507140587,0.03286334930387722,0.0008575272297747913
N5199HD,0.7248046521203504,0.2452281805498011,0.022979257213519386,0.006527185633084356,0.00046072448324480276
N5200HD,0.6561876834984177,0.32349356318432715,0.017192844391951945,0.002803338981894775,0.0003225699434084219
N5203HD,0.029161647125849805,0.1380581310240545,0.4350605004931054,0.39500356091575506,0.002716160441235273
N5209HD,0.039226949912319856,0.14246293707191,0.17278912207161945,0.6424285020910726,0.003092488853078091
N5212HD,0.8244143011507262,0.1686767789880142,0.005604065783808115,0.0011146494335106023,0.00019020464394067452
N5215HD,0.484276661681633,0.46925657621707545,0.041129728544347405,0.004612155048035863,0.0007248785089081217
N3574HD,0.7954384439861208,0.19562108744966983,0.005808909890339352,0.0028854760931660574,0.0002460825807041043
N4760HD,0.06993473578269062,0.5110725010523995,0.3233744616109283,0.09213459641138948,0.0034837051425920386
N5225HD,0.8260409577256502,0.16743722181873588,0.005158083797730788,0.0011850997494589136,0.00017863690842427342
N5226HD,0.6870316966211876,0.2880850531769553,0.019217201007587562,0.00527399771945333,0.00039205147481626744
N5227HD,0.7171601685944309,0.27018557731772674,0.01053572894367885,0.001892027341047046,0.0002264978031166808
N5233HD,0.02201135000451157,0.11403995513362661,0.5793987615829053,0.23788557053880863,0.04666436274014794
N5238HD,0.8699919852065869,0.1107275818692341,0.01569314875406922,0.003148989860376332,0.00043829430973345263
N5241HD,0.7829502378595953,0.20556379217351878,0.008694524969122973,0.0025556092415299314,0.00023583575623304395
N5243HD,0.013893410755660465,0.2319446973549459,0.04841884255359597,0.704870977178537,0.0008720721572607536
N5246HD,0.7165117683827713,0.2608056794726933,0.015016371015468802,0.007327868590526628,0.0003383125385398964
N5247HD,0.021161825228360194,0.04863665122031494,0.6297838148032576,0.2993733802796679,0.0010443284683992456
N5248HD,0.8190750708653639,0.1661113265459514,0.012003681659479829,0.002529434390290214,0.00028048653891467264
N5253HD,0.7915466676563652,0.17114312279033994,0.028261054790793223,0.007733965369836296,0.0013151893926654085
N5257HD,0.03696714225868176,0.1497565095118236,0.5659386622887757,0.24038627852187303,0.006951407418845893
N5259HD,0.05006368185388521,0.22029992928544925,0.4596583493266284,0.2635895245935307,0.006388514940506488
N5262HD,0.37008885657190216,0.3001667687752622,0.32731226297087623,0.0021270640980409453,0.0003050475839185167
N5266HD,0.7400922510042406,0.22268847825690502,0.03333618028452706,0.0034912828183025395,0.00039180763602480675
N5270HD,0.6867752944930647,0.29968337665896294,0.010138687406144833,0.0029822599464161565,0.0004203814954112415
N5271HD,0.5531571445456241,0.3959465837034222,0.046518880620350825,0.0038873608388867264,0.0004900302917162206
N5273HD,0.5635010738771352,0.41013701817804993,0.022099962315349813,0.0037446740116067554,0.0005172716178582972
N5274HD,0.8753715730940478,0.11564681474223903,0.006829836501653708,0.0019683983325861827,0.0001833773294733379
N5211HD,0.5370867204528572,0.38151780880390457,0.06152146708508444,0.01915021218180594,0.0007237914763479205
N4843HD,0.766540240560488,0.2021941488374684,0.017663502525476667,0.011825946446799447,0.0017761616297676528
N5287HD,0.7152219103118358,0.2694572909548794,0.01181550313106955,0.0031130628997176678,0.0003922327024975577
N5286HD,0.1047676585913936,0.2876308545057302,0.4823686588584227,0.11782327327061777,0.007409554773835683
N5292HD,0.0351699533004107,0.14102579995816267,0.46379636719533657,0.35498378878055414,0.0050240907655358805
N5294HD,0.892203442111686,0.09822136427780162,0.008457992066262453,0.0009306638093557609,0.00018653773489421934
N5296HD,0.2959798776019795,0.5633314709491826,0.10810072333106992,0.028926294223698797,0.0036616338940691426
N5298HD,0.752566182255111,0.22568280742190935,0.018712053835904796,0.002785259408735347,0.0002536970783396117
N5303HD,0.6810538556454673,0.29112242643917485,0.024180032849870668,0.003350859455892217,0.0002928256095951978
N5305HD,0.32920293269399775,0.5541622393055354,0.08731183310209752,0.027658897496371772,0.0016640974019973358
N5306HD,0.8661121284722938,0.12138698624508802,0.011452981899478487,0.0009056087957214522,0.00014229458741826974
N5307HD,0.1187485488084162,0.5778663320924174,0.23931492396108364,0.059489472215334925,0.004580722922747753
N5311HD,0.6405512830154021,0.3253306662484016,0.02768445872490922,0.00616789336238719,0.00026569864889964466
N5314HD,0.7229730930362931,0.26065344939505275,0.012162134188386088,0.003819082722193458,0.00039224065807457825
N5073HD,0.09625470495911115,0.4151568998171834,0.4318057630303085,0.05326891486865047,0.00351371732474652
N5277HD,0.08246767133511822,0.3857535645655846,0.29044405632937853,0.2321827724560259,0.009151935313892634
N4885HD,0.9736681938792278,0.022299863521758025,0.0033383010278952904,0.000628348038874678,6.529353224434258e-05
N5318HD,0.11663375441476435,0.6413888628680171,0.22183246824241892,0.018846233434563462,0.0012986810402361541
N5321HD,0.8392187016997685,0.1544494948074065,0.004686301856938426,0.0013833854592115683,0.0002621161766750195
N5323HD,0.9547930347418409,0.042799359030091154,0.001857897242525883,0.0004743497936848283,7.535919185731922e-05
N5324HD,0.6280241504014825,0.3396868163006325,0.026852898053701113,0.004959399449836096,0.0004767357943478103
N5326HD,0.6627656464491055,0.31769846809475916,0.014787795910051482,0.004340600820356696,0.0004074887257271358
N5327HD,0.6053256773947018,0.36187249233534613,0.025900740192992926,0.006342936571216575,0.0005581535057426275
N5329HD,0.1624595591106746,0.7531302304245541,0.0770671814280359,0.006416965108465509,0.0009260639282699607
N5331HD,0.8618234102665723,0.1267922271225876,0.00996188154304793,0.0012446706148816515,0.00017781045291049693
N5332HD,0.789629081316225,0.1970552410446037,0.009199619621522975,0.0038922101006887066,0.0002238479169594619
N5333HD,0.749559970473599,0.23801669927409838,0.010705293935070557,0.0014626540566563156,0.0002553822605757802
N5334HD,0.01510136125212725,0.9813853100952821,0.002865604930508407,0.0005499830497040478,9.774067237818218e-05
N5338HD,0.04912533845100414,0.2562200019027237,0.3913296513267488,0.28874648231723593,0.014578526002287366
N5339HD,0.16389204639540664,0.6895950865158772,0.11444087952758646,0.029843284466144523,0.002228703094985238
N3820HD,0.0450149950213453,0.1695384355648689,0.37586205239594406,0.3697906161428275,0.039793900875014276
N5342HD,0.8113641407344471,0.16826274725466778,0.016809895688427275,0.0033022133743554976,0.00026100294810251575
N5345HD,0.6846357954851375,0.2692499688400051,0.03034893562397322,0.01551047284133784,0.00025482720954624256
N5346HD,0.7236532503556026,0.2681401473343909,0.006310167914080321,0.0016571007627721895,0.00023933363315429128
N5348HD,0.07756054944436201,0.34783650831193913,0.21846979490821034,0.3355280344507,0.02060511288478835
N5351HD,0.6585565864510958,0.27695850341742445,0.05731350594483679,0.0067829815740267215,0.0003884226126161565
N5354HD,0.006465766201896157,0.018916835462409663,0.17619879126987806,0.7980647212205727,0.0003538858452433317
N5355HD,0.26863767817382445,0.7069418366406127,0.020543410869283154,0.0033209398755665704,0.0005561344407131735
N5362HD,0.9019536818338764,0.09250594037216202,0.00447521896544151,0.0008894568741085187,0.0001757019544117125
N5364HD,0.7250715443276202,0.25624435414346475,0.014479544686734425,0.0038350141353872126,0.0003695427067934891
N1264HD,0.009380815448297476,0.9145443726129596,0.07533022382436146,0.0006426261580203209,0.0001019619563610886
N4985HD,0.23664564056300183,0.6762430175089347,0.06448174333232753,0.01995537414152698,0.0026742244542089988
N5368HD,0.02478735947988749,0.15100039274473578,0.4018797114289104,0.10176724789911379,0.32056528844735266
N5371HD,0.5632336775983381,0.4274000607654959,0.007880891738556274,0.001305438671784484,0.00017993122582528616
N5372HD,0.7786076695227184,0.21265530642142577,0.007243348780704124,0.0013171257707166877,0.00017654950443500672
N5373HD,0.6670182803668587,0.32633670429412404,0.004744335714098684,0.0015809235490588118,0.0003197560758596476
N5374HD,0.8178333380254401,0.17252708625886454,0.007501307174590725,0.0017898483972184358,0.00034842014388622797
N5377HD,0.786149711227346,0.20522248871510418,0.007230740466253493,0.0011961732021268457,0.00020088638916931732
N5379HD,0.7950200655164507,0.19209248697952036,0.009303801367725375,0.0032695268697753945,0.00031411926652825267
N5381HD,0.16015311700211696,0.5811594146812855,0.14237485810594652,0.10484562548350916,0.011466984727141857
N5383HD,0.1148311553922158,0.24308991103158248,0.11146764278695459,0.500563881296682,0.030047409492565305
N5385HD,0.6453220718106747,0.3446579884528703,0.008271885017649928,0.001505504190698547,0.00024255052810635296
N5387HD,0.0375221039175191,0.31553942460949813,0.33696163570556886,0.23153696354396036,0.07843987222345367
N5388HD,0.049737814423175056,0.19415911746914893,0.15076833463241832,0.5927445009602128,0.01259023251504491
N5389HD,0.01413470296618056,0.4822150012650288,0.45919221447657493,0.044210238137894396,0.00024784315432129303
N5391HD,0.6892925685735051,0.2928036936040541,0.01365212634265323,0.003873330162487233,0.00037828131730035364
N5393HD,0.7577711021645681,0.23421056991935968,0.0066779941849152,0.0011777020149795832,0.00016263171617742677
N5395HD,0.7059362412303511,0.24641243888484024,0.04282434906735561,0.0044370101033440485,0.00038996071410897563
N5397HD,0.7757897974267796,0.20822044690021851,0.011723786926105638,0.0037354847409777217,0.0005304840059184595
N5398HD,0.7212612614866681,0.25880096787162266,0.016125422829438504,0.003337044242641389,0.0004753035696294066
N5386HD,0.07519201298146547,0.37059414709737554,0.552591461930687,0.0013610463140631553,0.00026133167640879704
N2483HD,0.8089075565181132,0.17081583534542744,0.016852852334658573,0.002999447378192997,0.0004243084236077522
N5402HD,0.6552517040016366,0.32337879112519474,0.019316686545718866,0.0017659935469054211,0.00028682478054438713
N5404HD,0.6043354687590976,0.35659208635547884,0.028608221502160146,0.009730361972008324,0.0007338614112549815
N5405HD,0.8982988518315185,0.09302288281732739,0.006866384047566605,0.0015954964308995268,0.00021638487268819842
N5407HD,0.44636567147630957,0.4406783796227502,0.09755332090417998,0.013633731480203876,0.0017688965165563789
N5414HD,0.4102924810954267,0.5836252343321345,0.0043686762760406965,0.0014729261774108263,0.0002406821189873004
N5415HD,0.7988976197324638,0.19663833483158155,0.002819227256625241,0.0014296111583437547,0.00021520702098584682
N5416HD,0.5607826508576828,0.4220082971679458,0.011492732471603888,0.005285394833091828,0.00043092466967557233
N5421HD,0.5955882260215172,0.3694124699492711,0.029392567270025132,0.005109262529567467,0.0004974742296190758
N5430HD,0.8407409923740953,0.15215348164601714,0.0056700013175861675,0.0012617554473022265,0.00017376921499905921
N5431HD,0.03954534835748122,0.22335982627777726,0.719766102637728,0.017136315921841457,0.00019240680517198063
N5432HD,0.746142216682657,0.23847711887162085,0.01268921046269103,0.0024267962638711924,0.0002646577191599118
N5437HD,0.7522759109643988,0.23822311061464263,0.008075799296329384,0.001210029949585642,0.00021514917504348335
N4225HD,0.25987319843933565,0.5967971107153545,0.12514568171459203,0.016197254278476913,0.0019867548522410393
N5123HD,0.4280375415512218,0.5135023978717349,0.04708073094911801,0.010441093425663028,0.0009382362022623129
