ncode,proba_0,proba_1,proba_2,proba_3,proba_4
N4541HD,0.39380000554862304,0.5318086417685768,0.06363500992004947,0.010161549644907838,0.0005947931178429665
N4397HD,0.06555134911671823,0.2517548633436482,0.2072524596292612,0.47231003191925897,0.003131295991113321
N4544HD,0.8199999610149693,0.16782381320480827,0.010213120967880948,0.0017195920326502244,0.0002435127796913549
N4545HD,0.07465956660834475,0.3494742259440841,0.46322586232115814,0.10397425117814145,0.008666093948271584
N4546HD,0.7561999795206166,0.22592128891607732,0.01662045165868216,0.0010700482744713338,0.00018823163015252794
N4550HD,0.7918509463419887,0.20011931182945655,0.006814335933890901,0.0010656136954681078,0.00014979219919575708
N4551HD,0.59229142426024,0.39554538850029825,0.01015349953398118,0.0016998367753438938,0.0003098509301366316
N4554HD,0.09644634336874994,0.15544156607636844,0.7462746762440282,0.001625019972392425,0.00021239433846110729
N4555HD,0.778108714128637,0.16066616505954764,0.059632205855804754,0.0013040433676074794,0.0002888715884030434
N4556HD,0.5688019052590768,0.28741196355688786,0.10068470186010009,0.0426017536819996,0.000499675641935685
N4563HD,0.23248346617211166,0.7081757885215308,0.05276918984762554,0.006146601260948775,0.00042495419778315705
N4567HD,0.8709227181158963,0.11574409835238214,0.011165576008024047,0.0019035400617282495,0.000264067461969315
N4561HD,0.8232214059478781,0.16920526924271212,0.00542440005649704,0.0019171368484192752,0.00023178790449350641
N4571HD,0.2851701690955724,0.6346656756876128,0.061823589990733105,0.017275316369603718,0.0010652488564778144
N4574HD,0.9883976652169432,0.01034086956386238,0.0010665532414605812,0.00015986547548771496,3.5046502246105426e-05
N4575HD,0.6829697239724288,0.2955232948841906,0.01937537528289751,0.001908147756843249,0.00022345810363994407
N4579HD,0.2896909055994626,0.47549103067023246,0.22057660695519857,0.012731030277861169,0.0015104264972452407
N4581HD,0.7917602078808266,0.18746448039627822,0.018791454964921968,0.0017322635401331458,0.00025159321783996464
N4584HD,0.6466649478134265,0.3287628597433177,0.022511310203614625,0.001807012204661079,0.0002538700349798408
N4578HD,0.825907363493257,0.15425727803171932,0.01802966414467711,0.001599672547458465,0.00020602178288803928
N4590HD,0.21238076765693334,0.780269511263623,0.006494981878448552,0.0007108063256322006,0.00014393287536288061
N4593HD,0.006484006634378336,0.01833568992238068,0.042225003287904635,0.930500580332821,0.0024547198225155363
N4151HD,0.08542323518488737,0.5010099310834893,0.27614901401354763,0.13301298414957993,0.0044048355684956604
N4594HD,0.7654827828465242,0.22609763709913003,0.006882984327649658,0.0013073661572809338,0.00022922956941520586
N4600HD,0.5887798571939851,0.3646151877172102,0.0450285629634592,0.001333273046089263,0.000243119079256273
N4605HD,0.10971430718948255,0.04738294701784759,0.8358023147633556,0.006992082848366507,0.00010834818094764363
N4612HD,0.5051636863238531,0.4638483479992894,0.022830965382286263,0.007315957499792083,0.0008410427947791767
N1701HC,0.16080061518185618,0.7587708753816048,0.06175792611526352,0.015914181073727027,0.0027564022475484785
N3705HD,0.011409910888387519,0.05184281661104711,0.15320610042295066,0.5207836346062332,0.26275753747138153
N4589HD,0.7663969592778231,0.21985529225849085,0.010590833709792373,0.0028311340960365844,0.00032578065785708534
N4339HD,0.9398115605826239,0.056044152892370504,0.00342616307354295,0.0006167036837124309,0.0001014197677501246
N4615HD,0.06339305419737819,0.24860217171608395,0.39539670593077436,0.2839025161954464,0.008705551960317012
N4618HD,0.9239942638415308,0.07055025436903076,0.003820037910496271,0.0013451594166256843,0.0002902844623163788
N4624HD,0.40991037213908726,0.5856838956623707,0.0031744577267533427,0.0010645234307789357,0.00016675104100984353
N4626HD,0.7377433867468108,0.24567174544996961,0.011980722375561723,0.0044395932828471705,0.00016455214481071937
N4628HD,0.2131736104811623,0.6897772366347684,0.08742472004169513,0.008668779886219252,0.0009556529561548783
N4638HD,0.10065078641651061,0.36250695980321246,0.17993135519767714,0.32106848059680293,0.035842417985797
N4639HD,0.6932579839993933,0.2634151527297133,0.03158713225027997,0.010145680772900702,0.0015940502477127627
N4642HD,0.8882629512390181,0.10644428896286819,0.003707887227760252,0.00146621153028145,0.00011866104007207899
N4646HD,0.9777846688896642,0.019834685634893053,0.0017245170309401752,0.0006040947278583279,5.2033716644285955e-05
N4631HD,0.8286955384331472,0.16568816672995673,0.004292296963146153,0.001152641772695433,0.0001713561010546153
N4656HD,0.12517701428201344,0.1533482481806611,0.5515643609914117,0.16587720420074537,0.004033172345168398
N4658HD,0.8469882474020921,0.1433629926558754,0.006290546765982998,0.0032162019238052087,0.000142011252244262
N4661HD,0.6631274561951886,0.3130112910049574,0.017610950463976656,0.0059483665266282385,0.0003019358092489868
N4665HD,0.8659344783534528,0.12788506363976493,0.005088987137238628,0.0008880794559630033,0.00020339141358072013
N4667HD,0.8766631910171712,0.11066665826597982,0.011143385071157698,0.0013149308096473938,0.00021183483604403182
N4669HD,0.4688066544753075,0.5092814238957057,0.019564059987766846,0.0020256581868762875,0.00032220345434356317
N4673HD,0.20172415148739747,0.5352878099820008,0.25251160247940707,0.009007292337657341,0.0014691437135374377
N0760HD,0.20506598174902965,0.5813795384200089,0.20926815092472212,0.0036396168302220418,0.0006467120760172638
N4672HD,0.680047693636796,0.25309043461007763,0.045227584489745495,0.0211916846430086,0.00044260262037209126
N2593HD,0.8420819270654866,0.15351169054316585,0.00334065624329687,0.0009586002988515184,0.00010712584919924012
N4677HD,0.29880516864190554,0.6596957424491953,0.03761011133602882,0.0033239405082256305,0.0005650370646449142
N4680HD,0.38739934734669246,0.5389351335008274,0.03756771962496282,0.0354898461248032,0.0006079534027140785
N4688HD,0.07412743368000248,0.31923681753148286,0.36085568581167576,0.2241077303130236,0.021672332663815127
N4689HD,0.8372166921442158,0.1540650929400065,0.007466459985798484,0.0010184172707891298,0.00023333765918994386
N4691HD,0.22200529313980338,0.5307411502994888,0.18867203605719446,0.05630451724172734,0.002277003261786002
N4692HD,0.7538256549423288,0.20740467606873025,0.03223512570771513,0.005548904731346128,0.000985638549879814
N4694HD,0.041069685804561246,0.36557714370780675,0.49625444547294145,0.09609400274028286,0.001004722274407642
N4695HD,0.26476734211346165,0.690766933587634,0.04148774580654006,0.002636117671070532,0.0003418608212938413
N4699HD,0.40817615973008153,0.5438570861018268,0.03628265657274527,0.009417863780356125,0.0022662338149903923
N4703HD,0.27912711093312936,0.5044071056259758,0.09934748101387554,0.11127158711641036,0.005846715310608955
N4704HD,0.007307749211425662,0.01693053657194968,0.21104637434441625,0.7641185120751801,0.0005968277970283952
N4708HD,0.9252992810636415,0.0694989533712558,0.003866809761142837,0.001213060704089846,0.00012189509987000307
N4714HD,0.7272122467185894,0.23353687916548466,0.03077949304698099,0.007612340908891776,0.0008590401600531386
N4721HD,0.29045055631786554,0.5473276738401628,0.14854124022209697,0.011499051521078088,0.002181478098796642
N4722HD,0.8560821218313005,0.138007198678016,0.004916795603104501,0.0008283398217475294,0.00016554406583138984
N4724HD,0.666974284337576,0.3200061845025831,0.011146169070576886,0.0016331251417133427,0.00024023694755061076
N4726HD,0.04270074926885356,0.867740715756138,0.08763374729689798,0.0017546483605414686,0.00017013931756913587
N4735HD,0.5361103573744683,0.44039549016137386,0.020484495206637674,0.0024498661204090614,0.000559791137110991
N4063HD,0.7916986760563752,0.12489499108500296,0.07734690056886934,0.0055891956296770275,0.000470236660075543
N4712HD,0.6865124122061935,0.2975361640828033,0.012115052290228441,0.0035950305284362795,0.0002413408923385427
N4738HD,0.3536933613533382,0.5948250651759048,0.03918340164033502,0.011650364324333137,0.0006478075060888657
N4740HD,0.0757957915834316,0.28170598584199763,0.4704132448086722,0.1687116362103617,0.0033733415555369634
N4742HD,0.025389749058431606,0.04071679165131446,0.14105221363366366,0.5409051569354992,0.2519360887210911
N4745HD,0.8509380895643368,0.14037348852335874,0.006564040244275359,0.00198031685189318,0.00014406481613592258
N4747HD,0.8538287596510743,0.123094627197458,0.019700946825350254,0.0030985316422535484,0.0002771346838641804
N4750HD,0.794049916646739,0.18120706081064003,0.021384703106019188,0.003068639361003157,0.00028968007559868476
N4752HD,0.02091836094999216,0.16633654068613576,0.057489416695799385,0.7334503964502889,0.021805285217783712
N4754HD,0.8262486660907598,0.168097414793992,0.004572096851856462,0.0008527745600726559,0.00022904770331926504
N4755HD,0.20986378785613866,0.6203174801929425,0.15234531326059408,0.014302784000421481,0.003170634689903203
N4756HD,0.30891621072555436,0.6767347046923431,0.012017379712921675,0.0019810705703937424,0.0003506342987871311
N4757HD,0.8755368150626829,0.12050076762522202,0.003216828564087496,0.0006440010275962666,0.0001015877204114082
N4759HD,0.2392657815223854,0.6955271130940883,0.060751371154322595,0.0037623973703166244,0.0006933368588869708
N4762HD,0.7234583150407982,0.23756929478776595,0.035214809682066146,0.0031398248782063586,0.0006177556111632286
N4763HD,0.776301571406538,0.19922545124758115,0.019462844766188557,0.003845968964463466,0.001164163615228781
N4767HD,0.85009697022564,0.1418978354056361,0.005699494928353964,0.002139343311148114,0.00016635612922193062
N4769HD,0.03720888666346467,0.07161469895829785,0.8863634271742072,0.004617203815665282,0.00019578338836482185
N4770HD,0.7547445201686073,0.2369287670925626,0.006108277467770793,0.001988900600516556,0.00022953467054291594
N4676HD,0.2686383137011458,0.6592458802838865,0.0324231112114664,0.03893065848407173,0.0007620363194295909
N4614HD,0.6111264750840626,0.3432606064881494,0.026752628866114504,0.018131388082555065,0.0007289014791184503
N4774HD,0.3064901577608565,0.6033096304128399,0.06344620441020042,0.02503727550749631,0.001716731908606757
N4778HD,0.07214780481320225,0.34073479782471,0.3752533231446152,0.17628592327296522,0.035578150944507364
N4780HD,0.018012012375899916,0.07435098936627026,0.3110782557836684,0.5694904358273409,0.027068306646820424
N4783HD,0.5726401564485573,0.40525889958418804,0.018721690631405156,0.0024828745255702843,0.0008963788102793412
N4789HD,0.8033846006271758,0.16319354665493127,0.019708938371702154,0.013199655605180383,0.0005132587410106098
N4792HD,0.4071099845745847,0.5873207138248836,0.004262669727949933,0.0011167716642152031,0.00018986020836648355
N4793HD,0.021540472982430475,0.841453678348832,0.13557257883834697,0.0012915056955932812,0.00014176413479732684
N4794HD,0.0037908366926390916,0.013227553919425294,0.012986167701207382,0.969861346904841,0.00013409478188702495
N4799HD,0.6836580220627123,0.3040941861047553,0.009854788770857532,0.002070129356942679,0.00032287370473217897
N4800HD,0.9483927296780199,0.045927539686478606,0.00457236771201121,0.0009482595199969664,0.0001591034034934676
N4808HD,0.053230437461086924,0.9440495331778332,0.002097856631491497,0.0005451681939394285,7.700453564904519e-05
N4809HD,0.7551278173069705,0.21306925346228522,0.025582894248372953,0.0044058111897732795,0.0018142237925979346
N4634HD,0.7033916549565287,0.2798132838980013,0.00781715374230363,0.00879066650576246,0.00018724089740401002
N4784HD,0.9342523467851431,0.05956949386818034,0.004952285548994214,0.0010326269697648268,0.00019324682791766395
N4815HD,0.7881078680412166,0.20255355855288135,0.007076246209722547,0.001946387303024538,0.0003159398931549069
N4816HD,0.7328667803351439,0.2400220759656989,0.024081325652666973,0.002810982388440954,0.00021883565804936808
N4817HD,0.22755430880102542,0.6598802045465478,0.10854967284327477,0.0036425742027109548,0.0003732396064410032
N4818HD,0.8199685417138599,0.16936070004134973,0.007217651240369668,0.0031467946826128543,0.00030631232180780983
N4821HD,0.015759676671704557,0.9811021939568007,0.0026191772217312058,0.0004510715292452126,6.788062051843834e-05
N4830HD,0.8981463055013644,0.09566484396709676,0.0051293602432304014,0.0008520407449799357,0.0002074495433285841
N4748HD,0.7310447271108028,0.2616794449569535,0.005191188091716336,0.0018824199550412518,0.0002022198854861805
N4684HD,0.7205744583260709,0.2717037163316259,0.006481998482544801,0.0010128205583059282,0.0002270063014525096
N0389HD,0.010743899360391246,0.9697738483995739,0.01871864484719058,0.0006900847412159995,7.352265162830556e-05
N4796HD,0.6121826131821362,0.3328884966159938,0.035925105705503675,0.01861295074679593,0.0003908337495704098
N4834HD,0.015229639603759167,0.04440973845312649,0.6973254401783027,0.24070148700442842,0.0023336947603831157
N4835HD,0.13475951042993783,0.8592846986610791,0.004494744269671482,0.0012837004218494443,0.0001773462174620603
N4837HD,0.5659573089017413,0.4296171361313026,0.0034919348180306032,0.00079869100532272,0.00013492914360269752
N4838HD,0.03870779375691919,0.9574676418264925,0.0032299201705550886,0.0005044986904490533,9.014555558436424e-05
N4839HD,0.024402453184037217,0.6769446237748388,0.2904898655441612,0.007695879847285385,0.00046717764967754363
N4842HD,0.8333093350991244,0.15586507528740737,0.008760852254030624,0.0018676320363898045,0.00019710532304771563
N4844HD,0.962566852406109,0.03433914592911054,0.00262595057805112,0.0004052025622905253,6.284852443903227e-05
N4846HD,0.1717780935289621,0.5789653170325748,0.2188619959883735,0.029190571687760552,0.001204021762329055
N4847HD,0.8352475158911208,0.15532734882083024,0.00766646069595181,0.0015177927334050236,0.0002408818586921856
N4849HD,0.29277883398670657,0.6134642478779629,0.08641520937977559,0.006286555799218883,0.0010551529563360305
N4852HD,0.0242892728912882,0.2768010015062157,0.6721270419296486,0.026528372612779866,0.00025431106006747645
N4853HD,0.5461085476492527,0.4401831079237212,0.011837238304573235,0.0016586092865557322,0.00021249683589711076
N4856HD,0.37505896758695106,0.6138925339788096,0.009204184373210736,0.0016151782303737152,0.00022913583065483096
N4858HD,0.41830935840958755,0.5690073117065924,0.010763371663974999,0.0017305175869139692,0.00018944063293122482
N4860HD,0.5178760443107475,0.44894807098339856,0.020740376361544924,0.00998268021921213,0.002452828125096888
N4861HD,0.8915730962881387,0.1036675110166563,0.0038465442919758813,0.0007771275484724337,0.00013572085475664088
N4863HD,0.5188398077788513,0.47506028284493107,0.004260583762645976,0.0015596928811012105,0.0002796327324705763
N4864HD,0.6960921477292511,0.2940851801169311,0.007238183375433089,0.0023154640982392936,0.0002690246801452531
N4866HD,0.7657584417887934,0.2233302464375163,0.008840202962746064,0.0017442839159404668,0.00032682489500372074
N4012HD,0.7206108444818865,0.26701989034795676,0.010743783351408487,0.0013405353310033006,0.0002849464877449823
N4825HD,0.388834225382301,0.536916513949192,0.06021952057201255,0.012737536829512038,0.001292203266982434
N4875HD,0.0809305393153996,0.4199735350623943,0.16229407732649148,0.3353379781042453,0.001463870191469318
N4878HD,0.05017482435837624,0.26246756088117584,0.403282789884353,0.2725399549210158,0.01153486995507905
N4883HD,0.018319572906230354,0.2501064688989548,0.5949877320937954,0.13634428915579247,0.00024193694522687027
N4884HD,0.6673368585393112,0.318544358563413,0.012455112327349317,0.0014213993819209968,0.00024227118800545827
N4887HD,0.10932109610985709,0.8861079595640464,0.0038627832778270216,0.0005385422802898011,0.00016961876797985464
N4891HD,0.5723633552348663,0.41197370043730697,0.013516401923808182,0.0019397895665730484,0.00020675283744545314
N4892HD,0.1926476545796793,0.8010100778731093,0.005115153804173858,0.0010084359414581998,0.00021867780157938533
N4895HD,0.8142279981583526,0.1744069682932333,0.009625329256128872,0.0015505498985220194,0.00018915439376337268
N4899HD,0.7172855372771443,0.27795514415549455,0.0037159259255271568,0.0008854341671844651,0.00015795847464957258
N4898HD,0.4456479061381394,0.5358708400773065,0.01591645274552137,0.0023083935506119533,0.00025640748842090566
N4902HD,0.6725347896322809,0.2824322457893615,0.03318992315427008,0.010891479717961897,0.0009515617061257866
N4904HD,0.24014566044765973,0.6364463457592497,0.10863277644255567,0.01279024137728278,0.001984975973251957
N4906HD,0.5392218966901929,0.4519885149832296,0.006832719262625547,0.001719395113022889,0.00023747395092883186
N4909HD,0.7783244618647517,0.20445667045092422,0.014104766388359564,0.0027074778246969746,0.0004066234712673859
N4912HD,0.6798188525546346,0.29295304435930036,0.025306551948535948,0.0016405491120887752,0.0002810020254404496
N4913HD,0.6246488479221678,0.36423998313333156,0.009286009159593017,0.0016184711184172786,0.00020668866649044726
N4914HD,0.32802029776402414,0.5209237236570985,0.14530131700152285,0.005316952452185944,0.00043770912516851265
N4908HD,0.8136462596005465,0.18096885149062938,0.0042979810273978646,0.0009212912782265172,0.00016561660319975197
N4937HD,0.750692363844123,0.24160386629847386,0.006213803142372416,0.00125740673337621,0.00023255998165462862
N4938HD,0.8043545310092365,0.1862286679860355,0.007989105744149386,0.0012052996263110373,0.00022239563426748336
N4949HD,0.9212202714883947,0.07171471780707284,0.005058446391471491,0.001876699473712414,0.00012986483934859298
N4952HD,0.9150990948721507,0.08012715786125514,0.00361438268548548,0.0009876910505214216,0.0001716735305872993
N4954HD,0.6364016257871545,0.346108308448927,0.015094120472820625,0.002017706700420715,0.00037823859067712075
N7917HB,0.7812955566860197,0.20008496757667235,0.016333248911029358,0.0020415204922070596,0.0002447063340715025
N4951HD,0.5290515995649288,0.4649956020037984,0.0047344478762499816,0.0010620274523131677,0.00015632310270972442
N0385HC,0.10167941754501658,0.5464010188355931,0.29394566277580436,0.052655511286693414,0.005318389556892545
N3920HD,0.5014858849412518,0.44782520694345257,0.03841725310526851,0.011837468340099681,0.000434186669927426
N9498GW,0.709828657175872,0.27741345239536075,0.010736767100941017,0.0017615899693892794,0.0002595333584369645
N4961HD,0.7422815942779005,0.2521028370570699,0.004693946675942084,0.0007733674441841782,0.00014825454490330188
N4965HD,0.4235610279387434,0.5204008372411629,0.052991380089205946,0.0027217500109173176,0.0003250047199702216
N4967HD,0.5677499918030752,0.4054468706422168,0.019530049907832924,0.0067126422915667824,0.0005604453553084229
N4968HD,0.23392461413514748,0.6181880997063032,0.10871045282892235,0.038038042989191174,0.0011387903404357633
N4973HD,0.8391268715789691,0.1444762086764281,0.013873134020175633,0.002359999794472995,0.00016378592995416126
N4976HD,0.0130230690052798,0.43214863236173495,0.550303976000813,0.004271219987580281,0.00025310264459177254
N4977HD,0.6860383018317507,0.29679373627318517,0.008809431184196729,0.008050203850842999,0.0003083268600241317
N4978HD,0.7238521822749621,0.25446027445910374,0.013769848048483496,0.007679806923942404,0.00023788829350824043
N4982HD,0.3424561916263711,0.6046967562490553,0.041550450173094666,0.010707696591851298,0.0005889053596276613
N4983HD,0.2973659978572625,0.548457048400307,0.08184370440835181,0.07184363057161171,0.0004896187624669526
N4984HD,0.8548300817295648,0.13744867253146756,0.006848181453657662,0.0007147566892262059,0.00015830759608367905
N4992HD,0.029425932465497056,0.35086792852937243,0.12533089990987195,0.48837477729504297,0.006000461800215752
N5000HD,0.5343156163469353,0.4209303165581724,0.03946973460468494,0.004343951914423861,0.0009403805757834943
N5006HD,0.6072389705381935,0.37115861646409437,0.01779083063588184,0.0033980992430462965,0.00041348311878387274
N5007HD,0.7950754450472108,0.18158073250779275,0.01888648942244783,0.004224109556894984,0.0002332234656535547
N5008HD,0.36162545261485146,0.6043404624921805,0.028957496551103856,0.004666993420189875,0.00040959492167417426
N5011HD,0.5514778492428073,0.42716655057329844,0.018511829857565425,0.002400554628297952,0.0004432156980309213
N5020HD,0.6687006204587629,0.30928411072787776,0.015035731120499343,0.006519715288457654,0.0004598224044023023
N5024HD,0.7836845064807128,0.20232172302752882,0.010796312053657251,0.003030292011131666,0.00016716642696944619
N4826HD,0.7379802987004987,0.2557471916465117,0.00477452407844252,0.001236857330312446,0.00026112824423437053
N5032HD,0.8635720016456762,0.127864850363973,0.0065278436440802095,0.0018879700566790123,0.00014733428959178322
N5041HD,0.8045694171137248,0.18370111927277272,0.010157288576060557,0.0013969327989387804,0.0001752422385031969
N5043HD,0.9698250312157587,0.026651881764517275,0.0024196815706241416,0.0008864962960572617,0.00021690915304266333
N5044HD,0.1925284688391978,0.7146598259294251,0.08134720102591114,0.010739881581999662,0.0007246226234662459
N5045HD,0.8081457342206991,0.18485433703746326,0.006037017188537499,0.0008253911763945752,0.00013752037690543758
N5004HD,0.8817384119248451,0.10573495292484592,0.008062578142412893,0.004164442835419344,0.0002996141724764645
N5055HD,0.5527050994505843,0.42268022584594805,0.019279826773138296,0.004931756799156071,0.0004030911311732807
N5056HD,0.13623596327890342,0.4700585727026219,0.3307563916095835,0.05372929307669317,0.009219779332198192
N5057HD,0.7821550223379067,0.21338640837946504,0.0034023107343367867,0.0009143574737732893,0.00014190107451815073
N5059HD,0.5836349578666331,0.38935120211951885,0.023764594547346675,0.002964220552489336,0.00028502491401197406
N5061HD,0.644095476109389,0.3161168578772387,0.03620063628180682,0.0033333130545565217,0.00025371667700883053
N5018HD,0.9209177806715424,0.07392142585842239,0.004230558819293535,0.0007482608742127173,0.00018197377652887575
N4896HD,0.5834493767571832,0.3891219482634468,0.01911637521493728,0.007865805315841546,0.00044649444859121026
N5064HD,0.7492630963191246,0.24059410186008423,0.0073476328697891155,0.0026532686516578296,0.00014190029934414846
N5065HD,0.5533546599660768,0.4231369457951767,0.019927883178399587,0.0032922507991107698,0.00028826026123613367
N5067HD,0.14110664723838182,0.5913531568818651,0.20514051390766083,0.05808215965633385,0.004317522315758347
N5070HD,0.019736081988302113,0.5355674964694995,0.44225560630079913,0.002130477691483218,0.0003103375499159851
N5071HD,0.7637773068215956,0.2192574977402894,0.015731824908363532,0.0009632183505773243,0.00027015217917403527
N5072HD,0.7201494430135119,0.2589734908766809,0.01958699236628575,0.0010600804388492396,0.00022999330467212139
N5074HD,0.5647399308845958,0.40605917846562517,0.025867743665160797,0.0029140116787033316,0.0004191353059148852
N5075HD,0.9838505234132191,0.014462032158068277,0.001223843899264338,0.00041020424543216673,5.3396284016054404e-05
N4923HD,0.7703899067929274,0.22016850946923458,0.006128653921993866,0.0030719467947780453,0.0002409830210660637
N5076HD,0.7875031724120484,0.20457933545375895,0.0066620654013451654,0.0010931404450233533,0.00016228628782408099
N5079HD,0.06924252601069099,0.47937218845007756,0.15647565109790137,0.27790926640324276,0.017000368038087185
N5080HD,0.34222417643911845,0.5966707592367134,0.04802755013421999,0.011961226435352775,0.0011162877545954333
N5082HD,0.5935679030931775,0.3571935718350514,0.0415225511560645,0.007030499355325929,0.0006854745603808199
N5083HD,0.730708584288526,0.255509599508773,0.011258567965621342,0.002220254235495179,0.000302994001584488
N5085HD,0.5301023255405484,0.3524496885633233,0.11183482486819939,0.005073257626838824,0.0005399034010901385
N5051HD,0.31545214477976324,0.6758827598054911,0.007866820654513692,0.0006747492224054323,0.00012352553782649285
N5039HD,0.04225295185148423,0.40595568626780343,0.471460601447298,0.07791194847925603,0.0024188119541582397
N5088HD,0.9584888679246132,0.03733767544675696,0.0035118571484466297,0.0005473158479834281,0.00011428363219977914
N5091HD,0.1746647546499922,0.82131798135786,0.003166211945485556,0.0007021378094182734,0.00014891423724399042
N5093HD,0.05007488262612406,0.14685730985187023,0.6486602731689355,0.13460263116673568,0.01980490318633453
N5100HD,0.011101229184261296,0.02910500692375627,0.05564165213093407,0.9038818121553722,0.00027029960567619534
N5103HD,0.058741782719494054,0.5049407228480136,0.31386146237201745,0.11229270595429117,0.0101633261061837
N5104HD,0.9875725846500114,0.011127941775052849,0.0010973631984037284,0.00016812703472877396,3.398334180326399e-05
N5105HD,0.8130561554936863,0.16901858584970572,0.0074048734210392835,0.010189497801924092,0.00033088743364469343
N5106HD,0.7202708517800465,0.27018681198026634,0.007749677202211721,0.0015697426585334902,0.00022291637894186135
N5109HD,0.787579580461562,0.20398319695400877,0.007140761160387665,0.0010128278137781495,0.0002836336102635313
N5112HD,0.42496760163898983,0.5456434054021849,0.023893249566302843,0.0050214511199435175,0.0004742922725787935
N5115HD,0.9202964723508839,0.07469803147377185,0.0032881032539551977,0.001601649105680565,0.00011574381570867536
N5120HD,0.02537223304311108,0.25036546550225125,0.210846821978872,0.5104187301566233,0.0029967493191424147
N5121HD,0.49210160262226826,0.47410720005140417,0.02176975642621532,0.011278690879075362,0.000742750021036767
N5122HD,0.4823285043391621,0.46666895859179114,0.04246540798341516,0.008141372518805437,0.000395756566826072
N8305HB,0.5412426713321137,0.45010374509627404,0.007016750203347415,0.0014084862239054782,0.00022834714435933186
N5126HD,0.1327209244138924,0.5578370849681928,0.21073771563273241,0.08405488289172186,0.014649392093460434
N5128HD,0.8775031561289003,0.1159905981195295,0.005431585299870875,0.0008666157318373512,0.00020804471986188912
N5133HD,0.034079046308988795,0.1403081451194461,0.25699239529925694,0.5658854588129809,0.0027349544593273235
N5135HD,0.8285573862290359,0.16393153210714873,0.006056157903934281,0.001216563319308366,0.00023836044057276427
N5143HD,0.7963621206141104,0.1961182689032162,0.0064616707483787,0.0008846154574995062,0.0001733242767952037
N5144HD,0.3440026955847203,0.582163180503416,0.058817575374943504,0.013828822583648495,0.001187725953271649
N5149HD,0.38809146652796367,0.5106504663367596,0.08190533305855992,0.015710909891630483,0.003641824185086415
N5152HD,0.569508409629167,0.4099813416602173,0.016379144821408047,0.003814571070074057,0.0003165328191335048
N4394HD,0.3205511973765365,0.4990898038045424,0.15440871593932542,0.024377805829691034,0.001572477049904767
N5029HD,0.31290951688582463,0.6018503275355767,0.04806684270369096,0.035689123226472906,0.001484189648434975
N4368HD,0.8976327549862181,0.09818091963106836,0.0032735845934753214,0.0007652654042009491,0.00014747538503732122
N5013HD,0.3527136675555799,0.5763851683276605,0.06102322278557649,0.007681854526386007,0.002196086804797076
N5153HD,0.5743241313206107,0.3793354181602857,0.04248307696251674,0.0034486949369614806,0.0004086786196252527
N5157HD,0.8866744359612878,0.10176283697941703,0.010049110907126783,0.001319979713422184,0.00019363643874612785
N5170HD,0.3242202060953115,0.6504648477025516,0.020000786840998284,0.004868819742474097,0.00044533961866439575
N5172HD,0.7687263738280365,0.2066106057714178,0.02068445960408589,0.003668766620217624,0.0003097941762422658
N5173HD,0.7526178708851333,0.21191746480202706,0.0316124845498316,0.0035481221887433637,0.0003040575742647836
N5147HD,0.5113701030035568,0.43803418292171903,0.04260508509329363,0.007477039217083739,0.0005135897643469085
N5178HD,0.722465670924132,0.2585678562416827,0.01492808082223169,0.003646547463536101,0.00039184454841755965
N5180HD,0.589989369136304,0.3914420482856267,0.014361538207476862,0.0036807777145868564,0.0005262666560057577
N5181HD,0.3852760006842012,0.5082245800234017,0.10128336223051693,0.004377392726887379,0.0008386643349927101
N5182HD,0.9111224724376459,0.08109244618857198,0.006892976096101538,0.0007806338604420031,0.00011147141723853671
N5183HD,0.02593719087227962,0.9666597182206224,0.006812713710448707,0.0004968643350891723,9.351286156024944e-05
N5185HD,0.48517653510432796,0.40380073730623145,0.07597589992272902,0.034033905400010084,0.0010129222667012961
N5187HD,0.2493490345958117,0.5100997955575186,0.21782702834112294,0.021331112255349085,0.00139302925019767
N5188HD,0.12352717431352248,0.3957628255568284,0.3006015823958402,0.17439955070864718,0.005708867025161665
N5190HD,0.012048552568730081,0.05827566062860938,0.32141315418086014,0.6057405224173514,0.0025221102044489948
N5192HD,0.3110275963176702,0.685284396087017,0.0028467302555490737,0.0007194129636278886,0.00012186437613574588
N5193HD,0.578130854893238,0.39878555179492386,0.02080621859268826,0.0017077628937630495,0.0005696118253869448
N5197HD,0.9080213758947869,0.08589434235175106,0.005210547734026987,0.0007610463695662213,0.00011268764986879117
N5198HD,0.14790813384508972,0.6558828020404348,0.14589216403710994,0.049661007842129956,0.0006558922352354751
N5199HD,0.6983352768072191,0.2715874656162134,0.026438262282599993,0.0033121522400978228,0.0003268430538698083
N5200HD,0.6992630232829231,0.2647655963110846,0.03334628725974682,0.002199079052445193,0.00042601409380027045
N5203HD,0.05079753912977914,0.17592009907547074,0.6512112103894223,0.11691604525999932,0.005155106145328607
N5209HD,0.04608704718716236,0.24851490700504578,0.11405488844912855,0.5865361180687281,0.004807039289935156
N5212HD,0.8531014835309321,0.13575895616295747,0.009961887067738527,0.0010194799079277042,0.00015819333044410865
N5215HD,0.45751399192300946,0.5140006895674841,0.023349324511430503,0.004726891751144543,0.00040910224693124954
N3574HD,0.7663958597784793,0.224687287193927,0.005858961737648698,0.0028305191311967085,0.00022737215874825756
N4760HD,0.08391729706183308,0.3821575229871114,0.43886930966447707,0.08978275312351382,0.005273117163064466
N5225HD,0.818882528307327,0.17443820454763406,0.004858077206750995,0.0016262280503379484,0.00019496188794991093
N5226HD,0.7087712001286286,0.26496529551622944,0.020270701155010257,0.005634573203359217,0.00035822999677251116
N5227HD,0.8018426252937052,0.18607942573168526,0.009609900101987638,0.0021716606090660382,0.0002963882635557224
N5233HD,0.01883041943711266,0.09217045545518181,0.5795232623104607,0.2691147021354282,0.04036116066181669
N5238HD,0.8751655754395322,0.11370543958336761,0.008744790872846174,0.0020556190834281826,0.0003285750208258897
N5241HD,0.7336360263106567,0.2578488507914504,0.006327824557957101,0.0020052250492147887,0.0001820732907208896
N5243HD,0.02537840796497943,0.40572191118919987,0.27034582847699823,0.29736950523061856,0.0011843471382038306
N5246HD,0.7368069347062797,0.24469588670020256,0.014540275056534683,0.0037013281708574482,0.00025557536612554066
N5247HD,0.011600660184379259,0.028563472338667704,0.46026853698938824,0.49851153050140723,0.0010557999861577308
N5248HD,0.7664744135522987,0.21680765672675648,0.011217400334454047,0.0052947753063884466,0.000205754080102191
N5253HD,0.7415034003740064,0.22055780184685034,0.03229738987763185,0.003894121598671962,0.00174728630283944
N5257HD,0.054227037168103974,0.19143294493925675,0.586819174097803,0.1639486491862216,0.003572194608614521
N5259HD,0.05039881017215799,0.17365392471377278,0.4703213719296543,0.3012255321492541,0.0044003610351609785
N5262HD,0.38123829637057327,0.3810192961816632,0.23449967793964172,0.002935503122059736,0.00030722638606217514
N5266HD,0.6962302486788303,0.27212460995092963,0.02863923330526347,0.0027174646841257566,0.0002884433808510601
N5270HD,0.6669409966794216,0.32340105868027075,0.007466378547203346,0.001905270589545365,0.0002862955035588123
N5271HD,0.6552317068413949,0.30645890686467325,0.033007304172411205,0.004958981598135735,0.00034310052338495
N5273HD,0.6236145862690128,0.34972080645506365,0.02343766405580462,0.00288875240388657,0.00033819081623247553
N5274HD,0.8916962962536786,0.10239063945104628,0.004330756632999569,0.0014539688153546522,0.00012833884692108223
N5211HD,0.5199267009972085,0.40867064579271,0.06354849432985243,0.007181374856170522,0.0006727840240585945
N4843HD,0.761158538212279,0.19797917191503897,0.026442706876854207,0.012969852755148352,0.0014497302406796054
N5287HD,0.6923622261868897,0.2911029840844056,0.0131078628983702,0.003131985863930803,0.0002949409664038277
N5286HD,0.10805007820648391,0.4015299214608214,0.39292020004591366,0.0941526101978493,0.003347190088931752
N5292HD,0.055432764995500296,0.1839890369839761,0.6190342363326509,0.1347681575642059,0.00677580412366679
N5294HD,0.8418403436479968,0.14923269740459674,0.007558927176240355,0.0010808544451413951,0.00028717732602474746
N5296HD,0.29929048496148325,0.48382416115847465,0.16332572406534532,0.05100932552473836,0.0025503042899585097
N5298HD,0.740557461052027,0.24612865909614481,0.009738191595017608,0.0033200894875717534,0.0002555987692388089
N5303HD,0.7553872178602291,0.21793238792088537,0.021269470408832265,0.005076764196786083,0.00033415961326709785
N5305HD,0.4202624379869076,0.4833878310519853,0.08002134836225192,0.01448984165741821,0.0018385409414368805
N5306HD,0.8254660235635052,0.15947617772466252,0.013628358013342268,0.0012452164360298693,0.00018422426246009844
N5307HD,0.14503850465574933,0.5630235246803763,0.2043673310906968,0.08304813695834568,0.0045225026148319565
N5311HD,0.7649295293875992,0.21151562097324966,0.017913244011261036,0.005418127899856494,0.00022347772803379186
N5314HD,0.7527487678819771,0.23521605841780022,0.008302033960848316,0.003396429999564052,0.00033670973981035017
N5073HD,0.09009442322523464,0.45206278805069006,0.41248445687532914,0.040423380786517846,0.004934951062228182
N5277HD,0.06842024794973015,0.2961750667303403,0.3455921192183863,0.23435585035023065,0.05545671575131278
N4885HD,0.9716369072711178,0.02517684797316029,0.002390475282537852,0.0007014045676373182,9.436490554689475e-05
N5318HD,0.1135948101172588,0.6320903590683248,0.2241998357453101,0.028294737976247247,0.0018202570928590536
N5321HD,0.736503365665468,0.255883160756715,0.005381911394224191,0.0018788255242212825,0.00035273665937132163
N5323HD,0.9712020171919337,0.0264664943271867,0.0019417345351037502,0.00032478343846220126,6.497050731359446e-05
N5324HD,0.6575138936716043,0.3086567663473618,0.028375801778776747,0.0051683724252183484,0.0002851657770386364
N5326HD,0.7276476782532795,0.2542142600955519,0.014511005360719566,0.0033969196676107336,0.00023013662283839827
N5327HD,0.8332385468061758,0.13938381197461558,0.02412466588720217,0.002871683095935446,0.00038129223607078524
N5329HD,0.18777909795544329,0.7437886568604904,0.06016692076103446,0.00658452642006624,0.0016807980029657308
N5331HD,0.8417343405571207,0.14707905232255178,0.009685352175930674,0.0011505383300704599,0.00035071661432658504
N5332HD,0.8451533698350923,0.14187397799398763,0.009993617601214524,0.002787419905670086,0.0001916146640356514
N5333HD,0.7860006556788266,0.2075016948651388,0.005445121972303772,0.0008467466963645498,0.00020578078736632706
N5334HD,0.016845999810068672,0.9806557617536855,0.0020832898582417644,0.0003497756646748366,6.517291332936723e-05
N5338HD,0.050655182610930605,0.36629469848649954,0.2644825092002222,0.31495168183702255,0.0036159278653250704
N5339HD,0.14822450427217743,0.6132375150818763,0.16673903982150087,0.06982333518257045,0.001975605641874892
N3820HD,0.03272491024871033,0.12964133662206734,0.38279462212206017,0.44929036730187116,0.005548763705290892
N5342HD,0.8020905177444051,0.1815253642074036,0.013728817110713767,0.0024462227943346368,0.0002090781431428849
N5345HD,0.7705942372514721,0.20420892175560013,0.019849159023980465,0.005127231426335291,0.00022045054261197544
N5346HD,0.6564263558147312,0.3360364957298659,0.005909983171425149,0.0014468679662431511,0.00018029731773456652
N5348HD,0.03291311038893505,0.221737721879284,0.25400952848672115,0.4878280644518938,0.0035115747931658307
N5351HD,0.7413325307170255,0.2356563140187068,0.019973953995576037,0.0026523323683440196,0.00038486890034765864
N5354HD,0.005008700063838958,0.013489151362331487,0.16317728857281968,0.8179133827680793,0.0004114772329304622
N5355HD,0.3328516165361154,0.6363715296975795,0.027071058450411245,0.0030677756775989483,0.0006380196382949241
N5362HD,0.9049520573405831,0.09101759534689882,0.0032974502326099456,0.0005962838294538556,0.00013661325045430394
N5364HD,0.8658697683982332,0.12581173970444254,0.004748622960075395,0.003446877915733484,0.00012299102151550585
N1264HD,0.005869125555958281,0.9611206373690315,0.03261075818786809,0.0003613488763808644,3.813001076133601e-05
N4985HD,0.23474603312700648,0.6785568995104734,0.07358261354378927,0.010934570292825652,0.002179883525905296
N5368HD,0.015474123218908757,0.05519760059085586,0.12530044481244415,0.04345184381399399,0.7605759875637973
N5371HD,0.7479670424050366,0.2418796953040481,0.00803649964477537,0.0018724462225172018,0.0002443164236228343
N5372HD,0.6789075819472521,0.31172596462234614,0.007815310558965519,0.0013703135607852836,0.00018082931065097085
N5373HD,0.5766855228335612,0.41813162773706425,0.0038220544457927895,0.0011456948982185176,0.00021510008536325932
N5374HD,0.821768020124981,0.17138553486487307,0.005326210467094888,0.0012820666049257602,0.00023816793812539267
N5377HD,0.8275097778159732,0.15765885271230243,0.013754065313746922,0.0009315602715613724,0.00014574388641602195
N5379HD,0.6874605388663076,0.29895711419262005,0.009415330837418022,0.0038365159995966476,0.0003305001040576974
N5381HD,0.12447199011676449,0.5033746084457966,0.22761901836431123,0.13695248825594855,0.007581894817179168
N5383HD,0.4749800247330631,0.3504466794747846,0.08130259181939524,0.09189135561307203,0.0013793483596849104
N5385HD,0.7218538234800193,0.2691400401269114,0.007459648306268756,0.001305106022713342,0.00024138206408725308
N5387HD,0.05109136512043792,0.28879848375919626,0.3879284573268176,0.2190894877185389,0.053092206075009536
N5388HD,0.1039921331921201,0.49371918909000856,0.1897327100069013,0.17441105920962732,0.038144908501342834
N5389HD,0.023157319243887826,0.48918487173488373,0.42675472620077587,0.06061644912717131,0.00028663369328127414
N5391HD,0.7003046608175819,0.2830623820298938,0.013396148454001968,0.002823429633824235,0.00041337906469809206
N5393HD,0.6395354928847342,0.3539188010350145,0.004913567016031502,0.0014153393342124729,0.0002167997300073074
N5395HD,0.7037948636888315,0.2625051207088667,0.029489716565220894,0.003774031289619784,0.00043626774746122725
N5397HD,0.7291988836057718,0.2540418660745774,0.013622577787003758,0.002781150449153204,0.0003555220834937487
N5398HD,0.7534019763683882,0.23324454066042558,0.010191826885315884,0.002470600953873891,0.0006910551319964464
N5386HD,0.13998568694950064,0.21325648000800082,0.6447933266004381,0.0017274948155234394,0.0002370116265370988
N2483HD,0.6571226112733274,0.3146202016644735,0.02436744649871834,0.003546392153022657,0.000343348410458106
N5402HD,0.8172696455706092,0.16568233051718242,0.01567521010270089,0.0011899177296696892,0.00018289607983779113
N5404HD,0.5898359025438944,0.3598399254890079,0.030156543984917013,0.019546925164987915,0.0006207028171929551
N5405HD,0.8653434082129094,0.1254466689943778,0.005625964386312896,0.003421824301532513,0.00016213410486738436
N5407HD,0.607973999256462,0.34534121321139755,0.03908975810425909,0.007003150078178701,0.0005918793497024573
N5414HD,0.40075432376149656,0.5952910121839697,0.002948727724623017,0.0008554115337107005,0.00015052479619997604
N5415HD,0.806986558734736,0.1881044131911704,0.0033929753795158024,0.0013525662263847308,0.00016348646819300939
N5416HD,0.42176844278585407,0.5578300316964931,0.014133959545972031,0.005883925526242151,0.00038364044543860617
N5421HD,0.708957623365506,0.2716962339606481,0.015500319322312365,0.003339214232429788,0.0005066091191035926
N5430HD,0.878560508311085,0.116494884366749,0.0035556481771290165,0.001258956753635314,0.00013000239140151658
N5431HD,0.026369907243102987,0.08010123071974865,0.8793706797417323,0.014035112659074383,0.00012306963634170154
N5432HD,0.6679824531078141,0.30902813213737634,0.01962586080130328,0.0029612427607835262,0.00040231119272260283
N5437HD,0.7839175470296368,0.20899236058470147,0.006178164905558659,0.000792240844590202,0.00011968663551301086
N4225HD,0.23378487606598525,0.5571337423608459,0.19765299511692686,0.01081138897003506,0.0006169974862068158
