ncode,proba_0,proba_1,proba_2,proba_3,proba_4
N4541HD,0.24534029865637175,0.6791072546006374,0.06798569563202134,0.007008669168046696,0.0005580819429227458
N4397HD,0.028373528675295336,0.12440048876135096,0.40443181193325517,0.4017226268246042,0.04107154380549431
N4544HD,0.8645717231513994,0.12525437838016018,0.00872183921859132,0.0012919761591964677,0.000160083090652468
N4545HD,0.11306880517495843,0.42964759562086763,0.30306552636357775,0.1425881800643112,0.011629892776284864
N4546HD,0.6412820982001781,0.3449945309028433,0.010928290043324669,0.002447723745385749,0.00034735710826803724
N4550HD,0.8369435010621046,0.15219276304631077,0.008976598879252345,0.001686203171997027,0.00020093384033518692
N4551HD,0.6969056494320155,0.2914594399304105,0.010554287976413093,0.000877497056327538,0.00020312560483334998
N4554HD,0.07277510440073028,0.08429984141838842,0.8411847500216143,0.0013633160934941558,0.0003769880657728114
N4555HD,0.6354086448215504,0.3130124544630498,0.04681775217992027,0.004421388091704555,0.00033976044377492516
N4556HD,0.30710225696332266,0.511978205729243,0.13043251202520303,0.04862485675016739,0.0018621685320639114
N4563HD,0.5456757399701598,0.3597405412366185,0.060340245658889825,0.03383156725507651,0.0004119058792553066
N4567HD,0.8373599987458502,0.12793114899730323,0.030637386988800062,0.0034181001179383647,0.0006533651501081076
N4561HD,0.8392857098075777,0.15579086914413756,0.003653186389788826,0.001109544342920741,0.00016069031557494222
N4571HD,0.17528831948544035,0.596262099633103,0.21367967427565088,0.013752588056247362,0.0010173185495584134
N4574HD,0.9831788623129222,0.01495107622278425,0.001582711770967917,0.0002440514160126551,4.329827731291816e-05
N4575HD,0.6444856439932366,0.3401393465638175,0.013915689897639598,0.0012138287925934207,0.00024549075271295025
N4579HD,0.17625601279399838,0.35871677517383777,0.4304486051723853,0.032255995567342384,0.0023226112924363274
N4581HD,0.7762059690184847,0.21218476059255476,0.009295252941914696,0.0020651916285157447,0.00024882581853016595
N4584HD,0.7459540980942705,0.24542261403348772,0.007419031120567107,0.0009949708756444647,0.00020928587603013832
N4578HD,0.7126298680458304,0.27379902301595127,0.011833536968521238,0.0015330918321224045,0.0002044801375747736
N4590HD,0.17847559330488885,0.8122502524704804,0.008452773018715682,0.0007314405353141434,8.994067060077263e-05
N4593HD,0.02779913126937525,0.15331786146802504,0.2740085841418743,0.5433492922090327,0.0015251309116926918
N4151HD,0.2747753734482126,0.5747766610867979,0.0897595082976067,0.05899786204201796,0.001690595125364591
N4594HD,0.6185094972746581,0.3665853313609822,0.01350774705487231,0.0011652592512463873,0.0002321650582410284
N4600HD,0.6781277788000645,0.22324967479116228,0.0972896326530281,0.0011088467099763535,0.00022406704576870504
N4605HD,0.1663202569443755,0.11783478757723949,0.6727192676014351,0.04283106183133752,0.000294626045612315
N4612HD,0.558383897450472,0.37787084947752936,0.05759713768670335,0.005531919134449528,0.0006161962508458542
N1701HC,0.26821909198760324,0.5580620398574018,0.1585894034871143,0.011518255064677062,0.0036112096032035025
N3705HD,0.02451929835581273,0.09202570025252367,0.22465269560593004,0.606130291209486,0.05267201457624762
N4589HD,0.6725058312903461,0.2792756040775178,0.04152095804642097,0.005987571141053789,0.0007100354446613627
N4339HD,0.9328959807127823,0.06320545922225293,0.0032538927104230997,0.0005420490528516944,0.00010261830168998561
N4615HD,0.02633151158173288,0.13514649034612355,0.2347686646727057,0.5584546816158361,0.04529865178360179
N4618HD,0.8279424410037302,0.15543096292363873,0.0154114043619617,0.001067894789422087,0.0001472969212474093
N4624HD,0.4039216421137453,0.5906772262152785,0.0044082081302248294,0.0008353461876295386,0.00015757735312168516
N4626HD,0.6331579943362136,0.3191008028458105,0.04186085474540645,0.005421018341192537,0.0004593297313770668
N4628HD,0.12583416001041284,0.7196496116054713,0.10541543159553529,0.04784193528161434,0.0012588615069662277
N4638HD,0.044186257234753,0.23726420840789186,0.37854943514014583,0.33322304328313473,0.006777055934074622
N4639HD,0.6677340136403382,0.27892434348348294,0.03976122819994968,0.012281982237263763,0.0012984324389653896
N4642HD,0.8326639101244335,0.16068467586556093,0.004104572107701952,0.0023062210871467015,0.00024062081515701896
N4646HD,0.9676876312024318,0.02736983698901568,0.004265252525205664,0.0006055815627846769,7.169772056211047e-05
N4631HD,0.780664982165817,0.2124233177048534,0.005723027489147215,0.0009971119319626051,0.000191560708219739
N4656HD,0.06950976599574794,0.21269177307418805,0.53063462231659,0.17567523487844253,0.011488603735031494
N4658HD,0.7863700575329909,0.20012075788561226,0.011159906113903377,0.0021488487333178657,0.00020042973417553085
N4661HD,0.7798701220449054,0.2054473343468554,0.012006683834643393,0.0021845400262926313,0.0004913197473032933
N4665HD,0.8456577540088899,0.1468745327272616,0.006482449751045839,0.0007923307766705489,0.00019293273613202726
N4667HD,0.8087857158842389,0.18172476834659917,0.008249575350337277,0.0010253498023794828,0.0002145906164450991
N4669HD,0.6082696679599723,0.36997532481890244,0.019486145343223307,0.0017521492376500157,0.0005167126402518706
N4673HD,0.27303159410042765,0.6221612153619787,0.07550330454710276,0.02392651393058745,0.005377372059903558
N0760HD,0.4338310979562656,0.46572495472953424,0.09243631271973576,0.005869416775676003,0.002138217818788449
N4672HD,0.545919954751465,0.34008977227067544,0.09432255058867198,0.019239833440928646,0.0004278889482589531
N2593HD,0.8150467714651736,0.17914725854021296,0.004346873741198564,0.0012901944944454793,0.0001689017589693142
N4677HD,0.40925463676260826,0.5418557132256199,0.031075161382222834,0.01727391581915199,0.0005405728103971696
N4680HD,0.48117271715478316,0.47610174532292304,0.02802499090368408,0.013660928458281396,0.0010396181603283185
N4688HD,0.05901950026403605,0.31995582275399637,0.38015037366244475,0.2246761785067436,0.01619812481277921
N4689HD,0.882211383607888,0.11176475480886927,0.00503008845749903,0.0007692509642149827,0.00022452216152865712
N4691HD,0.16244957754371528,0.6513759958577214,0.15127011564631496,0.02260491330094065,0.0122993976513078
N4692HD,0.6871742667786271,0.2571958612660437,0.04356120504968683,0.009999899822620676,0.002068767083021708
N4694HD,0.09366920859049607,0.2521697632146318,0.6282551985085234,0.023638244472042436,0.0022675852143061877
N4695HD,0.4558350061967752,0.5104101216445183,0.030613848684504154,0.0029083858358533417,0.00023263763834894087
N4699HD,0.5460732719337943,0.38001533821951744,0.06618559245583382,0.0064710495157931655,0.0012547478750613331
N4703HD,0.5794493367284859,0.27952357553614593,0.10642814310831167,0.030234307807864475,0.004364636819192116
N4704HD,0.004283457038522865,0.012855100456143086,0.5223782792142706,0.4582248554984045,0.0022583077926590046
N4708HD,0.8079152065787263,0.18350418974265684,0.006572857178235949,0.0018290585255710636,0.00017868797480980687
N4714HD,0.6567547395476107,0.27502629316076616,0.04271500942987206,0.02355449630330864,0.0019494615584424305
N4721HD,0.20750454786279787,0.6016949033019058,0.18091401522373868,0.007979433648467869,0.0019070999630897872
N4722HD,0.8665785332723315,0.1192828523431349,0.012302986997455231,0.0015920363895833298,0.00024359099749500022
N4724HD,0.566942196499055,0.4075243524367511,0.024081098529852102,0.0011947039661584582,0.0002576485681833952
N4726HD,0.04740148395299804,0.9298410214219962,0.022134968354032655,0.0005253789964231167,9.714727454977621e-05
N4735HD,0.6577903943609896,0.31803248141474627,0.020829027223330517,0.0030656138253061156,0.00028248317562743245
N4063HD,0.6407636579081408,0.2675630533882275,0.04676789734289381,0.039122014121316995,0.005783377239420711
N4712HD,0.8456492665245314,0.14384871969420224,0.008041333777226219,0.002113316261581446,0.00034736374245880017
N4738HD,0.11669321606764418,0.7775741507158785,0.08801303064756053,0.01713698028584698,0.0005826222830697639
N4740HD,0.096106715220636,0.3711894274070791,0.25390422423179193,0.27707974399656776,0.0017198891439251039
N4742HD,0.0436677414327202,0.07441339665091647,0.17678214302429135,0.6975654468101935,0.0075712720818784905
N4745HD,0.8296093277507117,0.14814167495244793,0.019802676086912822,0.0021746781172127805,0.00027164309271472616
N4747HD,0.7382455024567022,0.2414877615906226,0.0121941867171773,0.0066285232105013,0.0014440260249965872
N4750HD,0.6758247492879782,0.30083219047221765,0.016729497119822766,0.006062604557905437,0.00055095856207593
N4752HD,0.03838116858623899,0.19987914715892197,0.3304415051833767,0.4241609683993057,0.007137210672156628
N4754HD,0.8134606229898371,0.17775175900188894,0.007624965675441107,0.0009270041467141424,0.00023564818611857444
N4755HD,0.3032976033838208,0.5266358080446563,0.14975832780909382,0.019451078906931443,0.0008571818554976871
N4756HD,0.48573707224951895,0.4858630869302577,0.024553032760470113,0.003453534705111286,0.00039327335464183573
N4757HD,0.8898353527109998,0.10286489021361123,0.006464215422464784,0.0007162047458389195,0.00011933690708519307
N4759HD,0.2617363734022781,0.6819411292318707,0.05121505360115326,0.004724136101533976,0.00038330766316378256
N4762HD,0.6635874860835691,0.27753127954740503,0.05606962679594852,0.0017979780349259298,0.0010136295381513454
N4763HD,0.6086353731526848,0.2947005694827201,0.08464027569962837,0.010511283863348635,0.001512497801618084
N4767HD,0.804648114759509,0.16679370934442478,0.02270247562406866,0.005414311226959696,0.0004413890450378906
N4769HD,0.03950807182782262,0.08595914106669564,0.8686092801541178,0.005737072799669711,0.00018643415169418388
N4770HD,0.8229630054297032,0.1657570227118544,0.009280405529524603,0.0017476996447363777,0.0002518666841813045
N4676HD,0.26777407346473897,0.6340033480824736,0.0837955158538652,0.013442551568471264,0.0009845110304509805
N4614HD,0.6102172681518327,0.34988683373780394,0.03526463756350772,0.003932079259150159,0.0006991812877053876
N4774HD,0.2126311818415549,0.6262573088394986,0.1122975517884271,0.047966710788588635,0.0008472467419309065
N4778HD,0.12293045996402091,0.4633989434579376,0.2851078438687186,0.11884556094893337,0.00971719176038969
N4780HD,0.00968750494044687,0.048293733251967216,0.4743133033553913,0.3560112719030978,0.11169418654909687
N4783HD,0.49549260052024213,0.4649035368499025,0.03287427296438198,0.005561898564732076,0.0011676911007413996
N4789HD,0.8444526946012002,0.14043834702795638,0.011357136228606705,0.0031983474056644,0.0005534747365722322
N4792HD,0.518520379285996,0.4753776921425338,0.004933084706533644,0.0009823648164725485,0.0001864790484640709
N4793HD,0.0477513476922465,0.8745417100944456,0.07597414208523462,0.0014770971130904358,0.0002557030149829234
N4794HD,0.0054643456578538025,0.026454958641161118,0.022166765481539594,0.9449306601776359,0.000983270041809542
N4799HD,0.554769325441608,0.4208203330294915,0.022130608654266463,0.0020110711404115245,0.00026866173422234683
N4800HD,0.9726080647528771,0.02439235292924307,0.002549328998231742,0.0003780907521141755,7.216256753388972e-05
N4808HD,0.07686495258473403,0.9178262254796744,0.004544096371071972,0.0006122470928684648,0.00015247847165104024
N4809HD,0.60277372002402,0.30038146252574555,0.07947286104293837,0.015117107293059512,0.0022548491142366095
N4634HD,0.6031789407879209,0.35184772850286355,0.03764166871248283,0.006983655381668419,0.00034800661506446327
N4784HD,0.9424022544091013,0.05233495450108024,0.00414665160164078,0.0009527762006345282,0.00016336328754272656
N4815HD,0.8216708676934715,0.16698502763675704,0.009538740579664485,0.00152947237084419,0.0002758917192626125
N4816HD,0.8154339102641579,0.17224504044552127,0.010070679297478196,0.0020348859041883945,0.0002154840886541817
N4817HD,0.48869577074907805,0.4809338393955197,0.026859854441152593,0.0031187932343983483,0.00039174217985137467
N4818HD,0.7895964008709403,0.19608599384612993,0.009931930064487896,0.004000733762201333,0.0003849414562403712
N4821HD,0.010524904197740138,0.9859385376152885,0.0029959978694430052,0.00048013054114351596,6.04297763849119e-05
N4830HD,0.8183582475973316,0.168349981431394,0.011614104501657785,0.0014705059131523758,0.00020716055646430258
N4748HD,0.7967945595326806,0.19036422877284898,0.009917628219208708,0.0027135679094968963,0.00021001556576473698
N4684HD,0.5721943155736228,0.4130924931843121,0.01295199550786715,0.0014993458435004594,0.00026184989069741776
N0389HD,0.004413234354225678,0.9689724850253539,0.02638726307409803,0.00018771310422033036,3.930444210217855e-05
N4796HD,0.6602734510458419,0.29169937170356985,0.04255360034048795,0.00500307457627598,0.00047050233382437204
N4834HD,0.00748899209977393,0.023656003495591958,0.7733148916155156,0.1941789597945789,0.001361152994539561
N4835HD,0.18488093205606304,0.8076900346227721,0.006166270348802665,0.001083849171274343,0.00017891380108775201
N4837HD,0.5927400180610221,0.39904703726310214,0.006392578322335121,0.0016082521488210231,0.00021211420471959206
N4838HD,0.09153324183183803,0.9021965622019504,0.005399812799113084,0.000684606600611402,0.000185776566487139
N4839HD,0.016519785620398048,0.557756570307638,0.41048423975832593,0.014752464084815802,0.0004869402288221068
N4842HD,0.7040637976999521,0.26957896104848017,0.024442237122590128,0.0017004187875417091,0.0002145853414361198
N4844HD,0.9617294697931937,0.03437770591941312,0.003324060877284564,0.0004568561996667737,0.00011190721044168124
N4846HD,0.16049600844807305,0.5353239504732032,0.28468402346455496,0.018630818023171326,0.0008651995909974012
N4847HD,0.7014851595334026,0.27900796980313153,0.017500101328771764,0.0014726199433522254,0.0005341493913419179
N4849HD,0.32086547589953274,0.5804672325301435,0.08054145480311803,0.016815242781064978,0.0013105939861408683
N4852HD,0.028737238585626917,0.2536708488552035,0.7021235416661034,0.01512042646039346,0.0003479444326727997
N4853HD,0.6073087687141545,0.36728367476251594,0.022756014983835945,0.002358732826812609,0.000292808712681137
N4856HD,0.7273218873527382,0.26309874235903713,0.00798333942100486,0.0012891266985438998,0.0003069041686759625
N4858HD,0.6886425928295017,0.290721948317915,0.018706755051484638,0.0017117453834857653,0.00021695841761274856
N4860HD,0.40469055824872024,0.5235599153510672,0.063232893007959,0.007151017675626787,0.001365615716626952
N4861HD,0.8610436207660355,0.1291693801256945,0.008864339449293298,0.0007742782517246288,0.00014838140725205982
N4863HD,0.5395089398237635,0.45453274664455723,0.004579221320563902,0.001138706679968739,0.00024038553114666067
N4864HD,0.7565497989806493,0.2300645636686568,0.011498377667672852,0.001690848774675782,0.00019641090834541985
N4866HD,0.8527710868148458,0.13383418762476978,0.011929590123700729,0.0013117704802375904,0.0001533649564463716
N4012HD,0.5119686125095696,0.47107105724450377,0.015495383684372884,0.0010699099494625476,0.00039503661209105387
N4825HD,0.3495065938935922,0.5013843662155627,0.12067716369641193,0.026964060946342662,0.0014678152480906267
N4875HD,0.1666073654227789,0.4675492508866755,0.23071380764579452,0.11494142986560899,0.020188146179142115
N4878HD,0.0509326650676836,0.18388130634393454,0.251263331563687,0.507689632700601,0.006233064324093902
N4883HD,0.014927161105019723,0.16318866894490688,0.8013697860926899,0.020319364335131394,0.00019501952225202832
N4884HD,0.7098642608340064,0.2718029114717003,0.016328051136989624,0.0017173062147246092,0.0002874703425791142
N4887HD,0.5951438081751523,0.3991961918785614,0.004637918951516526,0.0008065660867335152,0.0002155149080362649
N4891HD,0.6197297236801789,0.34701980028966983,0.027720227767873466,0.005010677456229862,0.0005195708060479646
N4892HD,0.54360605983919,0.44179990750257203,0.01324505159710448,0.0010602248266368501,0.0002887562344966466
N4895HD,0.8406813398275734,0.14939472655394984,0.008411171681634175,0.0013037816578541379,0.00020898027898859887
N4899HD,0.7114840198758313,0.2815804526906827,0.005523089760196875,0.0012022342171830731,0.0002102034561058633
N4898HD,0.31804742276056447,0.6467892071733016,0.03228133230297202,0.002482951450217577,0.00039908631294432437
N4902HD,0.6296534261910398,0.3192987706010774,0.04607292506469693,0.0043703249989409205,0.0006045531442447139
N4904HD,0.16764005711679003,0.7583864948644522,0.04554803437590084,0.027144994716142314,0.001280418926714591
N4906HD,0.6206294092348043,0.3648467232414884,0.012988524675139975,0.0013654935902726315,0.00016984925829477066
N4909HD,0.6872640591087203,0.2790718409903699,0.030094014238994323,0.0032622527342786476,0.0003078329276366944
N4912HD,0.5344001294703193,0.4229951164489266,0.039674321771450395,0.002432718855816618,0.0004977134534869583
N4913HD,0.8042616233714763,0.18880378602180412,0.005609107749402633,0.0009185236398915861,0.0004069592174253152
N4914HD,0.06608404279889664,0.2779700152836458,0.6546313538648805,0.0010862475478057975,0.0002283405047714262
N4908HD,0.7901081244354473,0.20339405855761064,0.005493088100469205,0.0008427133048212094,0.00016201560165177145
N4937HD,0.7616096614482846,0.23056341763436675,0.006435146600392098,0.0011925274353939963,0.00019924688156251432
N4938HD,0.8353065782735951,0.1572731474354293,0.006282380029144909,0.0009001408603499368,0.00023775340148076584
N4949HD,0.8650662221193526,0.11945794661315055,0.013042103245332155,0.0020766060775182196,0.0003571219446465041
N4952HD,0.7697815532696004,0.21286936343178264,0.01524368959027473,0.001755375951783916,0.0003500177565582311
N4954HD,0.5758912939977223,0.3977028897145485,0.024046744651449323,0.002032755866620256,0.0003263157696596071
N7917HB,0.8480586509414835,0.14521834792679247,0.005493409441669727,0.001086058334329476,0.00014353335572477868
N4951HD,0.5006479348150041,0.49272841345659835,0.003982832959650838,0.0025092707554190464,0.0001315480133275572
N0385HC,0.16627058403140196,0.43290011771279946,0.31856796429892903,0.05088420328517099,0.0313771306716987
N3920HD,0.7087059088454798,0.2547856135853623,0.032389079391810766,0.0035685290339156762,0.000550869143431465
N9498GW,0.6032553254521034,0.3749743841430447,0.020146799797617552,0.0012703673868759095,0.00035312322035840714
N4961HD,0.87623528208808,0.12046116797331821,0.002638801765727884,0.0005684878962983929,9.626027657578452e-05
N4965HD,0.596620070569829,0.3707281698044708,0.027834804271169154,0.004247447875332745,0.0005695074791981345
N4967HD,0.5729147470969502,0.38339385715838614,0.030540635711170477,0.01247163730717379,0.0006791227263193402
N4968HD,0.29030024686976574,0.505559859194312,0.16332370255309764,0.03800145031930145,0.002814741063523128
N4973HD,0.7284737385571283,0.2562809203580595,0.011708610378120073,0.002982686800479128,0.0005540439062130257
N4976HD,0.005980347823798496,0.20235188230561085,0.7755594799394087,0.015919925733393986,0.00018836419778793856
N4977HD,0.8234306573342597,0.166249421588757,0.008854863631047294,0.0012494250894724806,0.00021563235646357515
N4978HD,0.5670660036786199,0.406962382250812,0.01942324092350633,0.005913524353013143,0.0006348487940487672
N4982HD,0.16169528243456519,0.61656383896498,0.17645721700157405,0.042733609942274875,0.002550051656605763
N4983HD,0.22878188025455715,0.48201894262031747,0.23784223016165715,0.048381841226319715,0.002975105737148431
N4984HD,0.8214272822264272,0.16385367735092107,0.013432450782881076,0.001069975929068642,0.00021661371070211496
N4992HD,0.02668794967844836,0.15379238425922934,0.16564807666791298,0.6506247433961273,0.0032468459982820286
N5000HD,0.5910408323134014,0.36821090072879414,0.03778790762584258,0.0025680518516192127,0.00039230748034257913
N5006HD,0.2541683280850975,0.6635089050954099,0.06454873795690672,0.016734765188683984,0.0010392636739016952
N5007HD,0.7931377419194493,0.18821432590547285,0.01600798113917068,0.0023490523647768957,0.0002908986711302834
N5008HD,0.7014729911254649,0.264491958741629,0.03037900777301649,0.0031629141059582194,0.0004931282539314367
N5011HD,0.6929646300761552,0.2857197536218745,0.01883986281974182,0.0017774676748845363,0.0006982858073439685
N5020HD,0.5922490135299091,0.37029396722272206,0.030402995627685118,0.006493929657964401,0.0005600939617193641
N5024HD,0.7630200659559114,0.2253348446244428,0.0082817523781361,0.0031384587918078717,0.0002248782497019336
N4826HD,0.889949757183194,0.10590571723003388,0.003349340269983583,0.0006760867014454538,0.00011909861534312986
N5032HD,0.837093049211388,0.1556625854041907,0.005473059741304661,0.001609828196096908,0.000161477447019782
N5041HD,0.8012423372591918,0.18649659783147218,0.010247185690144362,0.0017878437498656285,0.00022603546932588659
N5043HD,0.9539118308328371,0.042535444280073324,0.002721383559809843,0.0007195724330151636,0.00011176889426472952
N5044HD,0.21667955940244463,0.5373501686120269,0.21795781925864555,0.02652653001192973,0.0014859227149530653
N5045HD,0.7525805289026061,0.2366562940329191,0.009098823186947753,0.0014656709608622614,0.00019868291666478904
N5004HD,0.6950163796358461,0.27718491987037686,0.021799676936585896,0.005542344770943222,0.0004566787862480651
N5055HD,0.5228427456526893,0.42483611035707275,0.04125404562511376,0.010548661162460086,0.0005184372026640015
N5056HD,0.306940031985254,0.4286067039525375,0.20510450366125463,0.04476218329719473,0.014586577103759192
N5057HD,0.6542668792019369,0.32335843204435816,0.020379902880059753,0.0017585011615592154,0.00023628471208613503
N5059HD,0.6166141290646903,0.3508666413407693,0.029908966246214516,0.0020799132166966607,0.0005303501316294124
N5061HD,0.6059411892084845,0.36560924226322267,0.02416097615796428,0.0033957763101894693,0.0008928160601392208
N5018HD,0.9056059514618582,0.08784007868117859,0.005484655672746033,0.000899487581006135,0.00016982660321095865
N4896HD,0.670789627797708,0.309287898635117,0.0154333162070112,0.004151388252705723,0.000337769107458176
N5064HD,0.7203054990984061,0.2646126793275348,0.012957810801799072,0.0017141054625381311,0.0004099053097219873
N5065HD,0.45174091689803175,0.49862296072875617,0.046479479029896055,0.0027919937970753124,0.00036464954624058243
N5067HD,0.10602773458942603,0.581627722926875,0.2745823599380092,0.03434570788065202,0.0034164746650376518
N5070HD,0.014548615671765002,0.5587968443214615,0.4155830599090773,0.010802667799272773,0.00026881229842339353
N5071HD,0.7109242899340514,0.281541881834885,0.006244095836414397,0.001003327521941039,0.0002864048727082797
N5072HD,0.776329881903075,0.21414303536244472,0.00828407086617006,0.0010194327338787646,0.00022357913443138278
N5074HD,0.693023689633567,0.2517441369287136,0.050611187519846564,0.004179141717179521,0.0004418442006931461
N5075HD,0.9750488457670642,0.020948640922212835,0.0032814041926142253,0.000639818327738752,8.129079036983782e-05
N4923HD,0.7350456150696199,0.24369257667380054,0.009454310201197401,0.01143576097364472,0.00037173708173748204
N5076HD,0.8027612189080299,0.1888562804044715,0.007337981585473041,0.0008572424763248787,0.00018727662570066966
N5079HD,0.058018357311741105,0.17083521702972104,0.4503807359873729,0.3194724090328336,0.0012932806383314155
N5080HD,0.526248243947566,0.42718509617855427,0.03946115948353288,0.005561872745505305,0.00154362764484146
N5082HD,0.6779266230010109,0.2729494889350759,0.04174043678860014,0.0068057219060720575,0.0005777293692410828
N5083HD,0.7001120106329958,0.269681722972348,0.027836407911731646,0.0017817919366905125,0.0005880665462340726
N5085HD,0.759427494492344,0.21697071182525435,0.01900455246528065,0.004145039813362014,0.0004522014037587785
N5051HD,0.30260983463341,0.688270719610537,0.00838860840786239,0.000611956739520449,0.00011888060867014507
N5039HD,0.046745311955884404,0.3301019296901455,0.5537608898386286,0.05679014025641048,0.012601728258931166
N5088HD,0.9648678311591945,0.028957382208004038,0.0056243043932369275,0.0004790052587398251,7.14769808246193e-05
N5091HD,0.12353943752153547,0.8695310667341389,0.0055818988300988205,0.0012190179579098842,0.00012857895631682932
N5093HD,0.034885024927668894,0.14443321442940102,0.4107086469204654,0.4064161658370368,0.003556947885427891
N5100HD,0.024301811620499655,0.07327916624739143,0.22103462616094163,0.6761384860808388,0.005245909890328347
N5103HD,0.05468330801338773,0.3550545234739391,0.2386191476386306,0.3430017491166476,0.00864127175739496
N5104HD,0.9879763614226431,0.009720486655790325,0.00191875707375831,0.0003420345418756915,4.2360305932651094e-05
N5105HD,0.7961069860043436,0.17292780700978463,0.02471306919954955,0.0057384924260516735,0.0005136453602704387
N5106HD,0.5531023824449534,0.42376447393520256,0.02133395464279702,0.0014139943899211136,0.000385194587125971
N5109HD,0.6488481654115713,0.33106532972135655,0.0178670486435996,0.0019282013349781627,0.000291254888494353
N5112HD,0.2955048246903816,0.6038693824761007,0.08596192423649057,0.013414214486568049,0.0012496541104592281
N5115HD,0.8617095243979583,0.13239859966146642,0.004900505027329283,0.0008372461364345791,0.0001541247768113116
N5120HD,0.04355286744413895,0.3071271779090449,0.5790063688136914,0.06630615966252751,0.004007426170597116
N5121HD,0.5800968445693672,0.3788940299974393,0.03473737705544056,0.004526752617169064,0.0017449957605837904
N5122HD,0.5279007736614583,0.41789032213742733,0.04377162371144043,0.009957141845513549,0.0004801386441603805
N8305HB,0.8541803484640424,0.13624552556392008,0.008185272862475175,0.001225992921255474,0.00016286018830695938
N5126HD,0.12310286565553158,0.4122874027694434,0.35811613694144867,0.10261651617830722,0.0038770784552691236
N5128HD,0.8394741813086966,0.14607125345094957,0.013282302796419522,0.0009530815583519642,0.00021918088558232131
N5133HD,0.05818462667527614,0.2771955623942159,0.37057483292954824,0.2928321707326393,0.0012128072683205025
N5135HD,0.795098265111067,0.19594339815634454,0.007057216977632554,0.0013136294518821985,0.000587490303073843
N5143HD,0.8033987573395779,0.1875043166066008,0.007840701394337133,0.0010236473724372895,0.0002325772870470099
N5144HD,0.3694511260966277,0.5937845000712311,0.031190878033252076,0.004885169577187862,0.0006883262217012912
N5149HD,0.21824838867117294,0.5660807226888694,0.1483292780967753,0.06561538329608103,0.001726227247101169
N5152HD,0.5966794717114317,0.37412954707679863,0.023173288501041354,0.005442166457773552,0.0005755262529549406
N4394HD,0.3150034136970887,0.5643110373745007,0.112357869398981,0.007707854200769512,0.0006198253286600549
N5029HD,0.2599131300448909,0.6156184378859421,0.10397329537338311,0.01920897301112196,0.0012861636846618993
N4368HD,0.9281245915417593,0.06886749688297872,0.002288580056967691,0.000634867523042375,8.446399525196857e-05
N5013HD,0.14885457682055522,0.7495560588467037,0.0719933521226158,0.02601360068911867,0.0035824115210063984
N5153HD,0.4108989484537839,0.45241855647214135,0.12667883479531136,0.009215006172057257,0.0007886541067062456
N5157HD,0.8450314877419055,0.14692144903419121,0.007120071472446628,0.0007856062408947778,0.00014138551056192352
N5170HD,0.7038020852293911,0.27549192034820436,0.016760274889534223,0.0027699922380043725,0.00117572729486594
N5172HD,0.7207180741772456,0.2559947151575779,0.019392315270547036,0.0035702936359960653,0.00032460175863334304
N5173HD,0.7088841136028892,0.26111091371584316,0.0225638834170481,0.007107736790129942,0.00033335247408959113
N5147HD,0.29635193418327316,0.6049711228540643,0.08279056607017486,0.014865252777901275,0.001021124114586177
N5178HD,0.8480696225293037,0.14371324654006726,0.007116992681675413,0.0009245436730585745,0.00017559457589496504
N5180HD,0.629719641479905,0.35272021265635195,0.014056373239282192,0.0029224710506672758,0.0005813015737934695
N5181HD,0.21013558591987688,0.5613586487536706,0.1634746441520943,0.06406963015051115,0.0009614910238471305
N5182HD,0.784108106606277,0.20689552346787535,0.008036483054736811,0.0007765961277908019,0.00018329074331998078
N5183HD,0.043073575391828815,0.9536490470601465,0.0027267550849789783,0.00044875470510056175,0.00010186775794532485
N5185HD,0.4265942375320685,0.4788196559489564,0.07172627758825248,0.02176208658143618,0.001097742349286595
N5187HD,0.25096164232594453,0.40029902022793795,0.33046172853390504,0.0158915974129659,0.002386011499246457
N5188HD,0.09151331481794225,0.6220682050980801,0.222735238423703,0.061112946943452734,0.002570294716821949
N5190HD,0.01052662439038317,0.049835126631366064,0.18910008556029642,0.7462739737557815,0.00426418966217271
N5192HD,0.381226710489523,0.6130617716994902,0.0044580177459405184,0.0010360706992100638,0.00021742936583640617
N5193HD,0.5317678363665252,0.4148558171246863,0.04913744520993139,0.0029706426491950253,0.0012682586496620938
N5197HD,0.8813293480478528,0.11331091941820862,0.004435400002312897,0.0007813794439570725,0.00014295308766877938
N5198HD,0.32849650073259573,0.5473361100463392,0.07079312522334943,0.05152529260065841,0.0018489713970572172
N5199HD,0.7563544969876304,0.22311804906665159,0.018821952138831113,0.0014604838316608917,0.00024501797522600004
N5200HD,0.7101810278491878,0.26835635516145834,0.018280727635333074,0.002779836384312783,0.0004020529697080785
N5203HD,0.060241611373212524,0.28830335521751393,0.32748244158318485,0.31882164463493934,0.005150947191149318
N5209HD,0.13503951182462248,0.27518405853655653,0.1826142652927476,0.4028493129821901,0.004312851363883298
N5212HD,0.7085250858524657,0.2798307190231196,0.010119066146154475,0.001258828462226991,0.0002663005160330819
N5215HD,0.5463022837211339,0.4104611236006353,0.03769565869475486,0.004959980682500022,0.0005809533009759125
N3574HD,0.7683909113303121,0.22135844809977398,0.007415036556547597,0.002496097931051095,0.0003395060823150284
N4760HD,0.12119164094144685,0.4837031390724122,0.1463041727088576,0.24726940486076893,0.0015316424165144873
N5225HD,0.8314412818777501,0.15393318440674675,0.013198087687910328,0.0012160179479461229,0.00021142807964675943
N5226HD,0.6329133069162178,0.3455800549748334,0.01881801457278149,0.002359857624755333,0.0003287659114119763
N5227HD,0.6765296407001499,0.27473302464516747,0.04551966985247529,0.0028325557073749863,0.0003851090948324777
N5233HD,0.019386509274005453,0.12579954241846825,0.3985586857331177,0.43812881149130395,0.01812645108310453
N5238HD,0.9006641730995714,0.08949514348133294,0.005466843507852012,0.0041764834885173185,0.00019735642272620385
N5241HD,0.8466755648936696,0.14614592671852217,0.005778193969393093,0.0012390716529092024,0.00016124276550600356
N5243HD,0.04470962820609017,0.425517700349402,0.2196145598608265,0.30629220721989275,0.003865904363788735
N5246HD,0.645293252940141,0.2882026688976706,0.06123370322045493,0.0047713067120353225,0.0004990682296982531
N5247HD,0.004027303384672578,0.014547364154402869,0.28965299282692863,0.6904930248213288,0.0012793148126671757
N5248HD,0.6901905571730628,0.2896181594741539,0.017348355106414755,0.0026228974417698498,0.00022003080459860865
N5253HD,0.6552503512044612,0.271544452620569,0.05982992542201432,0.012003918488482597,0.0013713522644729257
N5257HD,0.060241611373212524,0.28830335521751393,0.32748244158318485,0.31882164463493934,0.005150947191149318
N5259HD,0.14540926428503181,0.4528507476155108,0.267549723617262,0.10696805935310194,0.027222205129093444
N5262HD,0.11864206257744737,0.3540689439196462,0.5251502171271762,0.002012079329969127,0.00012669704576093196
N5266HD,0.742124888789818,0.23201247358557237,0.020567643340668212,0.004957344986183218,0.00033764929775826415
N5270HD,0.6811768899150982,0.30453286862840884,0.011566451792688483,0.002328668998779286,0.00039512066502503764
N5271HD,0.5206116094979024,0.4041903580663347,0.07041634416848881,0.004455999773321795,0.0003256884939523129
N5273HD,0.6500127683806349,0.3091656433590446,0.037377137574570764,0.002800802799479581,0.0006436478862700982
N5274HD,0.7161669170784508,0.26793395986893453,0.01237300132077658,0.0031422908190336355,0.00038383091280445457
N5211HD,0.3333530577189824,0.5916173098964583,0.06472077671619153,0.009743723733288688,0.0005651319350791307
N4843HD,0.5896950446610352,0.23285504467710372,0.10341254568892294,0.07182013011335313,0.0022172348595850756
N5287HD,0.6018138193494683,0.37260708652527286,0.02246120300010084,0.002548228989233492,0.0005696621359243656
N5286HD,0.20338582591972904,0.47729015839015887,0.28082110424005075,0.036181137698949005,0.0023217737511122332
N5292HD,0.060241611373212524,0.28830335521751393,0.32748244158318485,0.31882164463493934,0.005150947191149318
N5294HD,0.8938957047333125,0.09553299058277027,0.009656902024183612,0.0008149281357140739,9.947452401960455e-05
N5296HD,0.23297282380120593,0.6468857302583755,0.10716537341824398,0.011606859171337077,0.0013692133508375896
N5298HD,0.7311955469352166,0.24479184696055484,0.020880249329998372,0.0028170126148609562,0.00031534415936926047
N5303HD,0.7351510218093721,0.24687192791639712,0.016755097436262235,0.0010269052795453205,0.00019504755842307542
N5305HD,0.2507165869502819,0.5999733904409652,0.13225512804150708,0.014442562561400746,0.0026123320058452303
N5306HD,0.8370970089742329,0.1527278711135325,0.008202214095777491,0.0017002438132848285,0.0002726620031721678
N5307HD,0.07429675769202206,0.5416358735067603,0.3438246554013568,0.03477190606841154,0.005470807331449261
N5311HD,0.7163068618332721,0.23274695125362285,0.04415122293250269,0.006281352948959885,0.000513611031642474
N5314HD,0.7497260292266821,0.20103241431563018,0.043921912596493404,0.004992601877652177,0.0003270419835421385
N5073HD,0.12994907023261237,0.45522393720570853,0.3184228674634639,0.07933813547408017,0.017065989624135098
N5277HD,0.1086608071752567,0.4745479102326735,0.18709411804276915,0.18025804580967325,0.04943911873962738
N4885HD,0.9577378586523565,0.03308215835504344,0.008445464777932689,0.0006286587214455972,0.00010585949322172376
N5318HD,0.061156861528165816,0.7263677197005457,0.1624641580354157,0.04665149888304835,0.003359761852824254
N5321HD,0.8002954628971733,0.18322355653266986,0.014962304372547548,0.0013099101290066923,0.00020876606860271155
N5323HD,0.9518616431357159,0.03816965974962552,0.009480423454098968,0.000413355842635513,7.491781792408743e-05
N5324HD,0.7161289491662556,0.25515742387612667,0.02428950720895734,0.003899534224126831,0.0005245855245334699
N5326HD,0.6459017858712783,0.3247450241246894,0.02442716524209493,0.004457715021213839,0.0004683097407234536
N5327HD,0.4185006270484692,0.5198791491693239,0.05792408564868335,0.0032160285607054084,0.00048010957281823706
N5329HD,0.3956044426549762,0.5096027539236965,0.08258387734287656,0.009617015038285584,0.002591911040165188
N5331HD,0.7596715709491336,0.22813197120250006,0.010195769344300313,0.0017500745321821643,0.00025061397188370075
N5332HD,0.8080487894136222,0.1774434990215969,0.011896489529208737,0.00231065959592903,0.00030056243964304835
N5333HD,0.7031141389221349,0.28471735239097823,0.010163879550602342,0.001441560740626242,0.0005630683956581064
N5334HD,0.01936301949654644,0.9769237564865383,0.0033062981953793365,0.0003257870171008067,8.11388044350638e-05
N5338HD,0.029892559387798317,0.24061112001165794,0.3087033367410599,0.3282040791575912,0.09258890470189267
N5339HD,0.07739321080177704,0.42046779218093105,0.3568971053919174,0.13962197494426573,0.005619916681108836
N3820HD,0.05974369828343842,0.3084351034338104,0.34027703890416094,0.11154407530729764,0.18000008407129256
N5342HD,0.7586482756580266,0.2290990012292373,0.010176429631740678,0.001878056947602483,0.00019823653339294498
N5345HD,0.6846873952952758,0.2819745023759976,0.027468934297943993,0.005452385283534382,0.00041678274724823874
N5346HD,0.7316094021032148,0.25750256866372784,0.009250794934914082,0.0014056362062453917,0.00023159809189807402
N5348HD,0.10432162795651079,0.498348088888955,0.3007027177279755,0.09205692453690427,0.004570640889654475
N5351HD,0.5898411310663996,0.38174442364204414,0.026250094631931183,0.0019147371860918207,0.00024961347353319213
N5354HD,0.005110986545103115,0.017253295995499452,0.4799692508301711,0.4956461268980306,0.002020339731195901
N5355HD,0.3418073867214133,0.5576447490805356,0.09524929579191095,0.004329911905553537,0.0009686565005866825
N5362HD,0.8611166730500944,0.13117438266381615,0.006657529322007514,0.0009196899620967397,0.00013172500198510475
N5364HD,0.8348475581570151,0.15214250642085952,0.011043414753288284,0.001801390494697318,0.000165130174139895
N1264HD,0.012141676491925924,0.9458680594291146,0.041204547511791804,0.0006770845470483426,0.00010863202011929517
N4985HD,0.34917713453581845,0.5478771773618433,0.08899080771586912,0.012777921957409196,0.0011769584290600976
N5368HD,0.07731750226881355,0.2606988409941472,0.2167055405732324,0.3908978751548198,0.05438024100898718
N5371HD,0.6664416075743967,0.32505065894869967,0.007233617956486669,0.0010347524693492453,0.00023936305106769245
N5372HD,0.6955782432117383,0.29383866053534335,0.009359546191197795,0.001033660988093342,0.00018988907362721188
N5373HD,0.49228759983258197,0.5021259180030412,0.004466321507599376,0.0009552595400688578,0.00016490111670871947
N5374HD,0.8431659236422896,0.14815666364041832,0.007564204558690206,0.000934644591453471,0.0001785635671482218
N5377HD,0.8855364338145024,0.10926348310029745,0.004499853775237063,0.0005587598196951933,0.00014146949026773038
N5379HD,0.7197300651460149,0.2717125399456799,0.007372596879790187,0.000920309029069528,0.00026448899944539277
N5381HD,0.10977005828327244,0.5762583254163323,0.16721516125889874,0.1123637218281723,0.03439273321332426
N5383HD,0.23917223082422145,0.44920652364904473,0.24238608003722967,0.06817102202528127,0.0010641434642227829
N5385HD,0.76835648310182,0.22338967830506867,0.007218746031307812,0.0008524931607522059,0.00018259940105123677
N5387HD,0.07061206448812953,0.5275843834780396,0.26405140745835953,0.1324944675934025,0.005257676982068903
N5388HD,0.07145257417715842,0.42159271919691654,0.19711371286253193,0.2962684614706795,0.01357253229271362
N5389HD,0.021754850767327593,0.6245156949666653,0.3305006986738149,0.02291255992071046,0.0003161956714819931
N5391HD,0.6378663365551336,0.3408421754453216,0.017539829233862936,0.0032999573593433464,0.00045170140633846325
N5393HD,0.7346784767120098,0.2563586932850921,0.006339040034340636,0.0023923819897898706,0.00023140797876773674
N5395HD,0.6809253539319204,0.2927465128734899,0.02107048201469595,0.004877703447633473,0.00037994773226018245
N5397HD,0.6796187562249819,0.2900061964390622,0.024178134071864157,0.005595292574159082,0.0006016206899327945
N5398HD,0.4571804973344502,0.4812964089710925,0.05314910704141892,0.007304964495956281,0.0010690221570821329
N5386HD,0.1495815369005152,0.5066124566603101,0.3421406514841786,0.001277650320535325,0.00038770463446086785
N2483HD,0.8215242423862261,0.1649295531759751,0.011235606246015438,0.002010135314284244,0.00030046287749920273
N5402HD,0.7585095923834358,0.22911864116442762,0.011124773523260892,0.001070131456983689,0.00017686147189203126
N5404HD,0.43664482098819124,0.48241430369287697,0.06602391883098209,0.01317181789375915,0.0017451385941904423
N5405HD,0.836336883123154,0.15033662003724516,0.011865894489122593,0.001299952849463871,0.00016064950101425126
N5407HD,0.2702144542427231,0.571863070295464,0.11803174961319188,0.03854378718161602,0.0013469386670049946
N5414HD,0.42810730658454216,0.5674605424180095,0.0035273137427916036,0.0007776358305476834,0.00012720142410907126
N5415HD,0.8958330296825382,0.10062763750016218,0.0024764649857598217,0.0009134184291774494,0.00014944940236232096
N5416HD,0.7420831494840907,0.24190362405997157,0.014085147046032845,0.0013236112618098203,0.000604468148095054
N5421HD,0.7167069468086523,0.2619248052869042,0.018085714545669623,0.0028565307573866806,0.00042600260138724266
N5430HD,0.8658397945169324,0.12653445434131225,0.005935118749443855,0.0014889149943491434,0.00020171739796253046
N5431HD,0.07362050312521692,0.30285168184714134,0.5874322852792697,0.03581212508949533,0.0002834046588766413
N5432HD,0.7538298393105649,0.23431815432482242,0.009700639131631415,0.0018320443888165281,0.0003193228441647233
N5437HD,0.8088562776791829,0.17877652176499823,0.010631383616729977,0.001121049728747989,0.0006147672103409336
N4225HD,0.40409153074049914,0.47898878708232234,0.09830287202365717,0.017624290834745676,0.0009925193187756423
N5123HD,0.5538412273223541,0.4140595764158391,0.026907553318477263,0.004771063781428292,0.00042057916190122287
